#!ascii label  , from subject 4107 vox2ras=TkReg
817
85495  -23.730  -17.505  -3.245 0.5555555820
85496  -24.249  -17.301  -3.808 0.6666666865
86474  -24.537  -15.985  -4.430 0.7777777910
85519  -25.234  -16.794  -5.276 0.7777777910
87466  -25.053  -15.145  -5.336 0.8888888955
87491  -26.998  -15.240  -6.749 0.8888888955
84418  -23.655  -18.486  -3.031 0.5555555820
86465  -23.733  -16.555  -3.465 0.6666666865
87447  -24.146  -15.558  -4.163 0.8888888955
86487  -25.448  -16.038  -5.595 0.8888888955
87467  -25.635  -15.159  -5.940 0.8888888955
88466  -25.954  -14.248  -6.274 1.0000000000
88482  -26.697  -14.295  -6.715 0.8888888955
89461  -27.156  -13.384  -7.017 1.0000000000
87436  -23.151  -15.655  -2.915 0.7777777910
88445  -23.540  -14.303  -3.983 1.0000000000
89424  -23.245  -13.433  -3.615 1.0000000000
88453  -24.036  -14.208  -4.545 1.0000000000
89446  -24.891  -13.197  -5.430 1.0000000000
89433  -23.665  -13.333  -4.245 1.0000000000
89447  -25.627  -13.240  -6.022 1.0000000000
90477  -24.407  -12.053  -5.158 1.0000000000
90478  -25.195  -12.189  -5.813 1.0000000000
90491  -26.055  -12.227  -6.350 1.0000000000
90493  -27.437  -12.777  -7.311 1.0000000000
90510  -27.778  -12.105  -7.521 1.0000000000
91556  -26.961  -10.666  -7.105 1.0000000000
91572  -27.508  -10.869  -7.546 0.7777777910
90451  -23.069  -12.562  -3.137 0.8888888955
90462  -23.424  -12.489  -3.781 1.0000000000
91518  -23.439  -11.453  -3.895 1.0000000000
91537  -24.780  -11.155  -5.638 1.0000000000
91554  -25.578  -11.191  -6.113 1.0000000000
91555  -26.459  -11.132  -6.688 1.0000000000
92585  -28.174  -10.164  -7.750 0.8888888955
92586  -28.921  -10.389  -7.564 0.7777777910
93552  -29.824  -9.734  -6.906 0.7777777910
92505  -22.090  -10.631  -2.422 0.5555555820
93500  -23.556  -9.422  -4.412 0.7777777910
92539  -23.428  -10.379  -4.113 0.8888888955
92558  -24.446  -10.221  -5.368 1.0000000000
93501  -24.127  -9.359  -4.977 0.8888888955
93517  -24.780  -9.315  -5.456 1.0000000000
92572  -25.877  -10.174  -6.333 1.0000000000
93534  -26.809  -9.085  -6.954 1.0000000000
93549  -27.983  -9.207  -7.699 0.8888888955
93535  -27.401  -9.066  -7.426 1.0000000000
94503  -29.454  -8.773  -6.809 0.7777777910
94504  -29.976  -8.876  -6.678 0.6666666865
94428  -21.876  -8.883  -1.841 0.4444444478
93474  -22.730  -9.491  -3.089 0.7777777910
95426  -23.109  -7.912  -3.342 0.6666666865
94487  -24.482  -8.447  -4.991 0.7777777910
94488  -25.092  -8.375  -5.543 0.8888888955
93533  -26.088  -9.180  -6.539 1.0000000000
94500  -25.680  -8.304  -6.143 1.0000000000
94501  -26.398  -8.227  -6.594 1.0000000000
94502  -27.180  -8.068  -7.032 1.0000000000
95488  -28.171  -7.551  -7.627 0.8888888955
95489  -28.792  -7.650  -7.214 0.7777777910
95477  -29.385  -8.168  -6.703 0.7777777910
94505  -30.914  -8.715  -6.208 0.5555555820
96347  -29.401  -7.053  -6.766 0.7777777910
95478  -30.142  -7.841  -6.352 0.6666666865
96291  -22.972  -6.854  -3.208 0.6666666865
95425  -22.593  -7.732  -2.651 0.6666666865
95445  -24.255  -7.622  -4.383 0.7777777910
96308  -23.869  -6.773  -3.845 0.7777777910
95461  -24.762  -7.505  -5.039 0.8888888955
95462  -25.334  -7.417  -5.666 0.8888888955
95474  -25.996  -7.401  -6.191 1.0000000000
95475  -26.653  -7.311  -6.612 1.0000000000
96358  -27.945  -6.834  -7.611 0.8888888955
96360  -28.954  -6.867  -7.279 0.8888888955
96346  -28.125  -6.280  -7.315 0.8888888955
97223  -28.826  -6.484  -7.278 0.7777777910
97224  -29.129  -6.423  -7.104 0.7777777910
96348  -30.247  -6.699  -6.271 0.7777777910
96330  -31.627  -6.669  -5.764 0.6666666865
96290  -22.204  -6.606  -2.200 0.5555555820
97176  -24.002  -6.158  -4.081 0.7777777910
96309  -24.416  -6.683  -4.449 0.8888888955
96327  -24.944  -6.517  -5.097 0.8888888955
96328  -25.698  -6.439  -5.747 1.0000000000
96344  -26.779  -6.349  -6.623 1.0000000000
96345  -27.523  -6.417  -7.141 0.8888888955
97212  -29.664  -5.866  -6.788 0.7777777910
97213  -30.533  -5.629  -6.288 0.6666666865
97197  -31.970  -5.711  -5.744 0.5555555820
97162  -23.465  -5.644  -3.475 0.7777777910
97194  -25.246  -5.530  -5.078 1.0000000000
97195  -25.924  -5.426  -5.674 1.0000000000
97209  -27.191  -5.492  -6.624 0.8888888955
97210  -27.924  -5.588  -6.863 0.8888888955
98069  -28.352  -4.718  -6.610 0.8888888955
97211  -28.727  -5.864  -7.051 0.8888888955
98071  -30.118  -4.665  -6.610 0.7777777910
98057  -31.565  -5.123  -5.819 0.5555555820
98911  -29.604  -3.649  -6.784 0.7777777910
98072  -31.096  -4.550  -6.179 0.5555555820
98058  -32.062  -4.685  -5.806 0.5555555820
98073  -31.708  -3.891  -6.159 0.6666666865
98011  -22.040  -4.337  -1.538 0.4444444478
98024  -22.614  -4.605  -2.524 0.5555555820
98039  -24.119  -4.479  -3.992 0.7777777910
98054  -24.787  -4.584  -4.646 1.0000000000
98055  -25.492  -4.572  -5.239 1.0000000000
98056  -26.162  -4.506  -5.804 0.8888888955
98067  -26.801  -4.539  -6.345 0.8888888955
98068  -27.546  -4.619  -6.566 0.8888888955
98912  -30.490  -3.595  -6.704 0.6666666865
99779  -24.188  -2.606  -3.142 0.6666666865
99778  -23.623  -3.314  -2.864 0.6666666865
98877  -25.072  -3.149  -4.811 0.7777777910
98895  -25.645  -3.526  -5.423 0.8888888955
99816  -26.111  -2.587  -5.717 0.7777777910
99817  -26.758  -2.776  -6.275 0.7777777910
98908  -27.083  -3.674  -6.538 0.8888888955
100873  -27.114  -2.355  -6.279 0.7777777910
98909  -27.866  -3.708  -6.665 0.8888888955
99833  -28.149  -2.737  -6.682 0.7777777910
98910  -28.716  -3.687  -6.664 0.7777777910
100876  -29.396  -1.643  -6.738 0.6666666865
99835  -29.933  -2.623  -6.787 0.6666666865
100877  -30.256  -1.616  -6.587 0.6666666865
100878  -31.039  -1.947  -6.129 0.5555555820
99837  -31.462  -2.729  -6.300 0.5555555820
98914  -31.759  -3.299  -6.222 0.4444444478
99818  -31.929  -1.883  -6.201 0.5555555820
102886  -24.502  0.401  -2.332 0.3333333433
101870  -24.225  -0.246  -2.534 0.3333333433
101888  -25.129  -0.420  -4.011 0.5555555820
100842  -24.825  -1.430  -3.560 0.6666666865
101900  -25.603  -0.513  -4.804 0.5555555820
100860  -25.882  -1.539  -5.254 0.7777777910
100861  -26.789  -1.721  -5.809 0.7777777910
100862  -27.622  -1.247  -5.855 0.6666666865
100874  -27.586  -2.097  -6.245 0.6666666865
100875  -28.405  -1.555  -6.341 0.6666666865
101917  -29.703  -1.040  -6.608 0.6666666865
100864  -30.760  -1.096  -6.184 0.6666666865
100865  -31.498  -1.172  -5.919 0.5555555820
103857  -24.826  1.266  -3.185 0.4444444478
102878  -24.767  0.636  -1.918 0.4444444478
102914  -24.842  0.532  -3.649 0.4444444478
103874  -25.595  1.639  -4.266 0.5555555820
102915  -25.401  0.600  -4.399 0.5555555820
102926  -25.829  0.232  -5.054 0.6666666865
101901  -26.252  -0.610  -5.278 0.6666666865
101902  -27.031  -0.531  -5.497 0.6666666865
101916  -29.082  -0.580  -6.328 0.6666666865
101905  -30.042  -0.428  -6.321 0.6666666865
101906  -30.956  -0.301  -5.862 0.6666666865
101907  -31.951  -0.195  -5.854 0.5555555820
104785  -25.733  2.598  -3.744 0.4444444478
102928  -27.324  0.515  -5.348 0.6666666865
102927  -26.467  0.344  -5.184 0.6666666865
102929  -27.926  0.053  -5.737 0.6666666865
100863  -28.035  -0.963  -5.933 0.6666666865
101903  -27.710  -0.450  -5.721 0.6666666865
87456  -24.448  -15.161  -4.691 0.8888888955
87446  -23.539  -15.439  -3.644 1.0000000000
88454  -24.616  -14.207  -5.122 1.0000000000
89460  -26.420  -13.287  -6.555 1.0000000000
95487  -27.619  -7.362  -7.406 0.8888888955
97161  -22.569  -5.683  -2.526 0.5555555820
98851  -22.418  -3.719  -2.006 0.5555555820
97163  -24.020  -5.059  -3.647 0.7777777910
98070  -29.221  -4.750  -6.636 0.8888888955
98850  -22.291  -3.404  -1.009 0.2222222239
98913  -31.244  -3.449  -6.454 0.6666666865
99838  -32.017  -2.842  -6.043 0.4444444478
102917  -26.594  1.199  -4.882 0.6666666865
95412  -21.872  -7.747  -1.709 0.4444444478
101908  -32.978  -0.283  -6.216 0.5555555820
100866  -32.413  -1.282  -6.022 0.5555555820
103839  -25.212  1.375  -2.035 0.2222222239
104783  -24.907  1.902  -2.825 0.3333333433
101919  -32.760  0.393  -6.281 0.5555555820
83335  -24.431  -19.323  -4.227 0.5555555820
83357  -24.856  -18.831  -4.925 0.5555555820
84432  -24.571  -18.118  -4.430 0.6666666865
84450  -25.162  -17.883  -5.308 0.5555555820
86511  -26.575  -16.035  -6.433 0.7777777910
86512  -27.264  -16.142  -6.610 0.8888888955
83317  -23.800  -19.439  -3.386 0.5555555820
85520  -25.840  -17.021  -5.940 0.6666666865
86510  -25.999  -16.013  -6.103 0.8888888955
87492  -27.815  -15.294  -6.791 0.7777777910
88483  -27.502  -14.318  -6.930 0.7777777910
89462  -28.014  -13.271  -7.329 0.8888888955
84412  -23.445  -18.602  -2.404 0.4444444478
86457  -23.190  -16.479  -2.400 0.5555555820
87435  -22.815  -15.316  -2.345 0.2222222239
87445  -23.078  -15.024  -3.210 0.6666666865
90511  -28.615  -12.066  -7.456 0.8888888955
91574  -29.253  -11.375  -7.242 0.6666666865
92587  -29.547  -10.451  -7.158 0.6666666865
89411  -22.280  -13.511  -2.507 0.5555555820
93536  -30.463  -9.655  -6.554 0.6666666865
91488  -22.005  -11.619  -2.267 0.4444444478
94490  -31.745  -8.680  -5.808 0.5555555820
93440  -20.965  -9.910  -1.316 0.2222222239
95480  -31.582  -7.984  -5.860 0.5555555820
95463  -31.598  -7.253  -5.760 0.5555555820
96275  -21.987  -6.291  -1.253 0.3333333433
96331  -32.479  -6.580  -5.607 0.5555555820
97198  -32.781  -5.577  -5.641 0.4444444478
97127  -22.022  -4.004  0.344 0.3333333433
98059  -33.054  -4.545  -5.672 0.5555555820
98897  -32.355  -3.582  -5.873 0.4444444478
101857  -24.262  -0.091  -1.943 0.3333333433
100812  -23.793  -0.892  -2.042 0.3333333433
99768  -23.990  -1.960  -2.114 0.4444444478
99819  -32.740  -2.465  -5.915 0.4444444478
100867  -33.357  -1.484  -5.941 0.4444444478
102934  -33.645  0.052  -6.280 0.2222222239
104761  -25.702  2.343  -2.098 0.3333333433
103875  -26.135  2.080  -4.446 0.6666666865
102944  -27.948  0.491  -5.582 0.6666666865
102945  -28.412  0.182  -5.867 0.6666666865
102930  -29.584  0.484  -5.996 0.6666666865
102931  -30.356  0.582  -5.981 0.6666666865
102932  -31.244  0.669  -5.840 0.6666666865
102933  -31.975  0.763  -5.963 0.6666666865
103876  -27.164  1.764  -4.542 0.5555555820
84419  -24.105  -18.373  -3.641 0.5555555820
85506  -24.732  -16.924  -4.573 0.7777777910
86466  -24.224  -16.285  -3.935 0.7777777910
86486  -24.928  -16.015  -4.968 0.8888888955
88465  -25.303  -14.211  -5.671 1.0000000000
87490  -26.274  -15.188  -6.430 0.8888888955
85492  -23.451  -17.579  -2.663 0.5555555820
86458  -23.372  -16.662  -2.980 0.6666666865
87437  -23.419  -16.085  -3.247 0.8888888955
86456  -22.962  -15.848  -2.088 0.5555555820
87455  -23.899  -14.950  -4.240 1.0000000000
88444  -23.083  -14.389  -3.425 0.8888888955
89423  -22.752  -13.498  -3.056 0.8888888955
89434  -24.216  -13.226  -4.845 1.0000000000
90463  -23.845  -12.303  -4.425 1.0000000000
90492  -26.887  -12.259  -7.111 1.0000000000
89483  -28.294  -12.578  -7.487 0.8888888955
91571  -26.975  -11.326  -7.252 1.0000000000
90509  -27.260  -11.655  -7.423 1.0000000000
91573  -28.387  -11.182  -7.641 0.8888888955
91502  -23.245  -11.840  -3.340 1.0000000000
91501  -22.801  -11.534  -2.764 0.5555555820
90450  -22.544  -12.552  -2.558 0.6666666865
91519  -23.882  -11.243  -4.607 1.0000000000
91536  -24.204  -11.000  -5.196 1.0000000000
92559  -25.155  -10.225  -5.799 1.0000000000
92573  -26.644  -10.028  -6.717 1.0000000000
92574  -27.216  -9.932  -7.190 1.0000000000
93550  -28.612  -9.455  -7.496 0.8888888955
93551  -29.258  -9.668  -7.253 0.7777777910
92504  -21.287  -10.761  -1.939 0.5555555820
92519  -23.086  -10.094  -3.499 0.6666666865
91517  -23.079  -11.201  -3.331 0.7777777910
92538  -23.150  -10.719  -3.591 0.7777777910
93475  -23.125  -9.435  -3.749 0.7777777910
94470  -23.303  -8.594  -3.900 0.6666666865
94471  -23.862  -8.516  -4.464 0.8888888955
92540  -23.893  -10.274  -4.829 1.0000000000
93518  -25.413  -9.261  -6.007 1.0000000000
94514  -27.779  -8.279  -7.510 0.8888888955
94515  -28.368  -8.483  -7.455 0.8888888955
94516  -28.979  -8.792  -7.027 0.7777777910
94489  -31.347  -9.209  -6.035 0.5555555820
94446  -22.378  -8.682  -2.469 0.5555555820
95411  -21.579  -8.441  -1.478 0.3333333433
94427  -21.490  -9.058  -1.341 0.3333333433
93456  -22.237  -9.651  -2.458 0.6666666865
95444  -23.629  -7.726  -3.812 0.6666666865
95479  -31.132  -7.495  -5.893 0.5555555820
96343  -26.269  -6.712  -6.277 1.0000000000
96349  -30.921  -6.420  -5.952 0.6666666865
97177  -24.368  -5.576  -4.334 0.8888888955
96329  -26.229  -6.063  -6.133 1.0000000000
98023  -22.221  -5.010  -2.094 0.5555555820
98025  -23.495  -4.532  -3.340 0.6666666865
97196  -26.514  -5.395  -6.218 1.0000000000
98012  -22.242  -4.213  -2.068 0.5555555820
98876  -24.395  -3.502  -4.326 0.7777777910
98861  -23.727  -3.675  -3.500 0.7777777910
98896  -26.407  -3.595  -6.062 0.8888888955
98894  -25.078  -3.865  -4.896 0.7777777910
99796  -24.821  -2.412  -4.283 0.6666666865
98860  -23.092  -3.769  -2.807 0.7777777910
99767  -23.308  -2.991  -2.088 0.6666666865
99797  -25.445  -2.438  -5.046 0.7777777910
99832  -27.390  -2.864  -6.585 0.7777777910
99834  -29.032  -2.635  -6.787 0.6666666865
99836  -30.749  -2.661  -6.562 0.5555555820
100822  -24.185  -1.223  -2.764 0.4444444478
101887  -24.514  -0.354  -3.278 0.5555555820
100843  -25.390  -1.473  -4.443 0.6666666865
103873  -25.200  1.368  -3.773 0.5555555820
102916  -25.950  1.086  -4.803 0.6666666865
101904  -29.438  -0.052  -6.191 0.6666666865
97147  -22.087  -5.424  -1.715 0.4444444478
99754  -22.868  -2.821  -1.033 0.3333333433
101909  -34.086  -0.647  -5.892 0.3333333433
102948  -33.191  0.721  -6.394 0.3333333433
83316  -23.408  -19.519  -2.656 0.4444444478
83309  -23.260  -19.611  -2.157 0.3333333433
85491  -23.395  -17.648  -2.330 0.4444444478
91575  -29.728  -10.994  -6.940 0.6666666865
93455  -21.604  -9.792  -1.910 0.3333333433
92491  -20.846  -10.619  -1.474 0.3333333433
93429  -20.804  -10.354  -0.770 0.1111111119
94414  -21.283  -8.968  -1.010 0.1111111119
95397  -21.736  -7.338  -0.876 0.4444444478
99755  -23.685  -2.364  -1.372 0.3333333433
102947  -32.463  0.840  -6.269 0.4444444478
82313  -28.200  -20.256  -5.305 0.4444444478
82290  -29.439  -20.473  -4.670 0.2222222239
82310  -25.396  -19.988  -4.957 0.4444444478
83358  -25.433  -19.164  -5.474 0.4444444478
83360  -27.281  -18.886  -5.825 0.4444444478
83361  -28.088  -19.217  -5.653 0.4444444478
84454  -28.861  -18.426  -5.709 0.2222222239
84451  -25.894  -18.175  -6.037 0.4444444478
84452  -26.860  -18.010  -6.191 0.4444444478
84455  -29.832  -18.604  -5.260 0.1111111119
84456  -30.434  -18.414  -5.073 0.1111111119
84477  -27.453  -17.605  -6.316 0.4444444478
85523  -28.623  -17.361  -6.048 0.3333333433
85521  -26.287  -17.573  -6.211 0.4444444478
84453  -27.880  -18.164  -6.097 0.3333333433
85525  -30.373  -17.838  -5.239 0.2222222239
84476  -27.118  -17.413  -6.393 0.4444444478
85522  -27.924  -17.411  -6.302 0.3333333433
86489  -29.332  -16.584  -5.850 0.2222222239
86490  -30.452  -16.706  -5.431 0.1111111119
87470  -30.789  -15.459  -5.464 0.1111111119
86488  -28.626  -16.390  -6.190 0.3333333433
87468  -29.051  -15.941  -6.005 0.3333333433
88484  -28.339  -14.353  -6.902 0.5555555820
88485  -29.084  -14.273  -6.562 0.6666666865
88487  -30.456  -14.025  -5.812 0.4444444478
89463  -28.870  -13.535  -7.110 0.6666666865
89448  -30.887  -13.446  -5.786 0.3333333433
89485  -29.266  -12.916  -7.178 0.6666666865
90495  -29.999  -12.591  -6.357 0.5555555820
89484  -28.740  -12.803  -7.416 0.6666666865
91557  -29.495  -11.936  -6.975 0.5555555820
91538  -30.258  -12.132  -6.084 0.5555555820
90479  -30.582  -12.659  -6.000 0.4444444478
91539  -30.800  -11.748  -5.940 0.3333333433
90512  -29.179  -12.272  -7.222 0.5555555820
92560  -31.288  -10.675  -6.006 0.4444444478
93537  -31.090  -9.721  -6.233 0.5555555820
91559  -30.604  -10.976  -6.366 0.4444444478
102946  -29.005  0.316  -5.986 0.5555555820
103905  -28.481  0.817  -5.595 0.5555555820
103891  -30.634  1.529  -5.871 0.5555555820
103892  -31.545  1.627  -6.156 0.5555555820
82312  -27.204  -19.968  -5.492 0.4444444478
83337  -29.557  -20.087  -4.742 0.2222222239
85524  -29.597  -17.599  -5.645 0.2222222239
87494  -29.310  -14.835  -6.228 0.4444444478
88467  -30.346  -14.711  -5.693 0.3333333433
87493  -28.747  -15.356  -6.429 0.4444444478
89464  -29.565  -13.355  -6.652 0.6666666865
89465  -30.205  -13.381  -6.110 0.4444444478
93519  -31.647  -9.727  -5.833 0.4444444478
95464  -32.015  -7.581  -5.729 0.4444444478
103890  -29.580  1.499  -5.696 0.5555555820
88468  -31.102  -14.405  -5.504 0.2222222239
103893  -32.095  1.230  -6.211 0.5555555820
81320  -26.044  -21.289  -4.941 0.4444444478
80339  -27.088  -21.519  -5.397 0.4444444478
81321  -27.839  -21.668  -5.202 0.4444444478
81340  -28.812  -21.286  -4.672 0.2222222239
82315  -29.203  -20.980  -4.601 0.2222222239
82268  -30.534  -21.279  -4.408 0.1111111119
82288  -24.887  -20.411  -4.447 0.4444444478
84433  -29.856  -19.403  -4.903 0.1111111119
84434  -30.582  -18.997  -4.830 0.1111111119
82292  -30.828  -20.545  -4.466 0.1111111119
84435  -31.525  -18.791  -4.597 0.1111111119
86475  -30.952  -17.481  -5.017 0.1111111119
86477  -32.166  -16.818  -4.935 0.1111111119
86492  -32.282  -15.941  -4.902 0.1111111119
87471  -31.675  -15.264  -5.134 0.1111111119
88469  -31.901  -14.388  -5.025 0.2222222239
90480  -31.296  -12.657  -5.661 0.1111111119
89449  -31.554  -13.554  -5.381 0.2222222239
91540  -31.911  -11.683  -5.404 0.2222222239
91541  -32.500  -11.078  -5.258 0.2222222239
92561  -32.092  -10.528  -5.511 0.3333333433
94491  -32.721  -8.527  -5.457 0.3333333433
95465  -33.049  -7.482  -5.363 0.3333333433
103908  -32.401  1.661  -6.501 0.5555555820
103889  -28.345  1.767  -5.168 0.5555555820
104813  -30.912  2.281  -5.961 0.5555555820
103907  -31.787  2.149  -6.526 0.5555555820
83336  -24.970  -19.564  -4.854 0.4444444478
85546  -26.261  -16.533  -6.238 0.5555555820
85548  -27.514  -16.970  -6.484 0.5555555820
86513  -28.028  -16.198  -6.563 0.6666666865
91558  -29.924  -11.609  -6.530 0.5555555820
92575  -30.108  -10.527  -6.676 0.4444444478
82314  -29.002  -20.544  -4.784 0.3333333433
82289  -25.564  -20.652  -4.792 0.4444444478
82311  -26.119  -20.175  -5.251 0.4444444478
81337  -26.774  -21.041  -5.334 0.4444444478
83359  -26.434  -19.098  -5.801 0.4444444478
83362  -29.049  -19.500  -5.194 0.2222222239
85507  -30.925  -18.205  -4.887 0.1111111119
85549  -28.141  -16.881  -6.353 0.3333333433
87469  -29.692  -15.471  -5.835 0.2222222239
86491  -31.468  -16.200  -5.194 0.1111111119
88486  -29.758  -14.262  -6.053 0.4444444478
90494  -29.600  -12.455  -6.859 0.5555555820
93520  -32.394  -9.558  -5.448 0.4444444478
103906  -29.021  0.960  -5.639 0.5555555820
81338  -27.533  -21.068  -5.336 0.4444444478
86476  -31.360  -16.987  -5.063 0.1111111119
104811  -28.996  2.582  -5.402 0.5555555820
80323  -26.682  -22.132  -5.171 0.4444444478
81322  -28.327  -21.851  -4.876 0.4444444478
81339  -28.254  -21.115  -5.003 0.4444444478
81319  -25.299  -21.419  -4.482 0.4444444478
82287  -24.111  -20.429  -3.737 0.4444444478
83338  -30.301  -19.908  -4.630 0.1111111119
85508  -31.748  -17.764  -4.746 0.1111111119
74988  -27.172  -28.031  -2.924 0.1111111119
77125  -24.472  -25.438  -3.946 0.3333333433
76069  -26.782  -27.475  -3.254 0.2222222239
74989  -27.952  -28.140  -2.528 0.1111111119
75005  -27.654  -27.487  -2.739 0.1111111119
79274  -23.041  -23.605  -2.591 0.3333333433
78206  -23.185  -24.494  -3.098 0.3333333433
77116  -23.595  -25.467  -3.422 0.3333333433
77126  -25.612  -25.258  -4.231 0.3333333433
77127  -26.594  -25.618  -3.854 0.3333333433
76081  -26.882  -26.672  -3.451 0.2222222239
76082  -27.778  -26.662  -2.922 0.1111111119
77128  -27.500  -25.760  -3.542 0.2222222239
80294  -23.179  -22.643  -2.177 0.2222222239
80305  -23.508  -22.522  -2.891 0.2222222239
78217  -24.027  -24.461  -3.722 0.3333333433
81301  -23.380  -21.511  -2.555 0.2222222239
81302  -23.767  -21.470  -3.333 0.3333333433
80306  -24.178  -22.467  -3.570 0.3333333433
80321  -24.918  -22.405  -4.197 0.3333333433
79286  -24.501  -23.436  -3.937 0.3333333433
79302  -25.283  -23.309  -4.448 0.3333333433
78234  -26.371  -23.945  -4.505 0.3333333433
79303  -26.109  -23.151  -4.629 0.3333333433
78235  -27.085  -23.972  -4.237 0.3333333433
79304  -26.928  -23.119  -4.627 0.3333333433
78236  -27.933  -24.150  -4.158 0.3333333433
77145  -28.161  -25.026  -3.832 0.1111111119
82265  -23.209  -20.519  -2.323 0.2222222239
82266  -23.466  -20.475  -3.021 0.3333333433
81318  -24.544  -21.433  -3.935 0.3333333433
80322  -25.732  -22.294  -4.652 0.3333333433
79305  -27.762  -23.304  -4.547 0.3333333433
79306  -28.610  -23.502  -4.393 0.1111111119
80324  -27.639  -22.412  -5.066 0.3333333433
80340  -27.362  -21.785  -5.333 0.3333333433
96332  -33.357  -6.461  -5.353 0.2222222239
76080  -25.968  -26.506  -3.655 0.3333333433
76070  -27.257  -27.277  -3.104 0.2222222239
79285  -23.698  -23.499  -3.323 0.3333333433
78233  -25.687  -24.118  -4.552 0.3333333433
77142  -26.024  -24.535  -4.488 0.3333333433
77143  -26.486  -24.719  -4.299 0.3333333433
77144  -27.299  -24.894  -4.073 0.3333333433
73817  -26.664  -28.818  -2.779 0.1111111119
73818  -27.541  -28.899  -2.524 0.1111111119
77115  -22.844  -25.444  -2.714 0.3333333433
76078  -24.052  -26.492  -3.574 0.3333333433
76079  -25.006  -26.467  -3.635 0.3333333433
75003  -25.536  -27.758  -3.348 0.3333333433
75004  -26.289  -27.298  -3.407 0.3333333433
75006  -28.334  -27.390  -2.450 0.1111111119
76083  -28.817  -26.568  -2.659 0.1111111119
81286  -23.179  -21.557  -2.010 0.2222222239
78237  -28.787  -24.319  -4.006 0.1111111119
83308  -23.252  -19.812  -1.963 0.1111111119
97199  -33.626  -5.486  -5.352 0.2222222239
96333  -34.096  -6.311  -5.091 0.2222222239
84411  -23.407  -18.700  -2.104 0.2222222239
88432  -22.716  -14.557  -2.817 0.5555555820
73819  -28.465  -28.918  -2.521 0.1111111119
74987  -26.297  -28.035  -3.131 0.1111111119
78218  -24.835  -24.364  -4.379 0.3333333433
77129  -28.418  -25.812  -3.258 0.1111111119
77146  -29.017  -25.090  -3.543 0.1111111119
82251  -23.155  -20.594  -1.950 0.2222222239
80325  -28.453  -22.645  -4.697 0.1111111119
72610  -26.212  -29.586  -2.792 0.1111111119
76068  -23.324  -26.459  -2.965 0.2222222239
75002  -24.516  -27.529  -3.462 0.3333333433
78205  -22.476  -24.547  -2.416 0.2222222239
93521  -33.345  -9.484  -5.042 0.1111111119
93503  -34.757  -9.530  -4.441 0.1111111119
93522  -34.104  -9.150  -4.880 0.1111111119
94472  -34.519  -8.464  -4.721 0.1111111119
95446  -34.980  -7.715  -4.628 0.1111111119
95466  -34.061  -7.347  -4.913 0.1111111119
96310  -34.982  -6.684  -4.830 0.1111111119
98898  -33.349  -3.485  -5.684 0.2222222239
99820  -33.734  -2.530  -5.735 0.1111111119
100868  -34.114  -1.703  -5.549 0.1111111119
98899  -34.134  -3.381  -5.465 0.1111111119
100844  -34.665  -1.755  -4.960 0.1111111119
103888  -27.891  1.029  -5.342 0.4444444478
103877  -27.547  2.498  -4.340 0.4444444478
103909  -33.347  1.635  -6.455 0.3333333433
102949  -33.690  1.073  -6.289 0.1111111119
102935  -34.212  0.505  -6.072 0.1111111119
103894  -34.745  1.286  -5.621 0.1111111119
104812  -30.103  2.532  -5.704 0.4444444478
104822  -30.760  2.968  -5.988 0.4444444478
104823  -31.307  2.693  -6.442 0.4444444478
104824  -32.017  2.675  -6.733 0.4444444478
105650  -32.378  3.492  -6.953 0.4444444478
104825  -32.893  2.530  -6.735 0.2222222239
105651  -33.358  3.439  -6.813 0.2222222239
104826  -33.858  2.438  -6.296 0.2222222239
105633  -34.576  2.601  -5.812 0.2222222239
109340  -33.389  8.178  -8.423 0.1111111119
107961  -34.344  6.278  -6.827 0.1111111119
105653  -35.629  3.761  -5.910 0.1111111119
104810  -28.183  2.817  -4.749 0.4444444478
105630  -28.679  3.271  -5.007 0.4444444478
105631  -29.522  3.360  -5.369 0.3333333433
105632  -30.269  3.470  -5.851 0.4444444478
105648  -30.790  3.610  -6.531 0.4444444478
105649  -31.532  3.595  -6.906 0.4444444478
106488  -31.399  4.770  -8.590 0.3333333433
106471  -32.778  4.184  -7.428 0.3333333433
106490  -33.033  4.578  -7.828 0.1111111119
106472  -33.800  4.533  -7.151 0.1111111119
107247  -34.573  5.469  -6.648 0.1111111119
104799  -27.717  3.064  -3.980 0.2222222239
106469  -30.978  4.548  -7.532 0.3333333433
106470  -31.865  4.321  -7.545 0.4444444478
106498  -31.615  4.932  -9.048 0.2222222239
106499  -31.833  4.833  -8.779 0.2222222239
107268  -33.072  5.146  -8.107 0.2222222239
107996  -31.561  5.903  -9.820 0.1111111119
107281  -32.103  5.164  -8.906 0.1111111119
107998  -32.626  5.737  -8.527 0.1111111119
107960  -33.821  6.374  -7.304 0.1111111119
107997  -32.001  6.085  -9.289 0.1111111119
108657  -32.913  6.846  -8.459 0.1111111119
107981  -33.324  6.078  -7.892 0.1111111119
106455  -30.052  3.786  -5.575 0.3333333433
106445  -29.927  3.890  -5.088 0.3333333433
106456  -30.260  4.417  -6.135 0.3333333433
106487  -30.963  4.901  -8.501 0.2222222239
107280  -31.248  5.364  -9.483 0.2222222239
108669  -31.711  6.995  -9.599 0.1111111119
110074  -32.582  9.562  -9.805 0.1111111119
106433  -30.228  4.192  -3.830 0.1111111119
106446  -30.414  4.719  -4.883 0.1111111119
107234  -30.575  5.641  -5.822 0.2222222239
107245  -30.720  5.423  -7.119 0.2222222239
107979  -30.761  6.428  -7.775 0.2222222239
107995  -30.627  6.387  -8.969 0.1111111119
108667  -30.694  7.239  -9.333 0.1111111119
108003  -30.596  6.513  -9.768 0.1111111119
108008  -30.736  6.542  -10.162 0.1111111119
108005  -31.636  6.249  -9.802 0.1111111119
108668  -31.343  7.030  -10.091 0.1111111119
109353  -31.483  7.772  -10.078 0.1111111119
109339  -32.482  7.624  -9.025 0.1111111119
109341  -34.112  8.983  -8.139 0.1111111119
109323  -34.375  8.179  -7.704 0.1111111119
107226  -31.148  5.414  -4.556 0.1111111119
107225  -30.726  5.423  -5.127 0.1111111119
107235  -30.897  5.697  -5.214 0.1111111119
108619  -31.483  7.166  -6.708 0.1111111119
107980  -31.007  6.665  -7.082 0.1111111119
108636  -31.206  7.314  -7.353 0.1111111119
108654  -30.793  7.179  -8.350 0.1111111119
109338  -31.046  8.770  -8.523 0.1111111119
109352  -30.655  8.188  -9.725 0.1111111119
110055  -30.626  9.065  -9.296 0.1111111119
109362  -30.840  8.295  -10.306 0.1111111119
107935  -31.563  5.786  -4.801 0.1111111119
107936  -32.145  5.983  -4.307 0.1111111119
107946  -32.213  6.640  -5.455 0.1111111119
107959  -31.772  6.644  -5.979 0.1111111119
108620  -32.040  7.382  -6.374 0.1111111119
108637  -31.877  8.121  -7.131 0.1111111119
109320  -31.440  8.408  -7.787 0.1111111119
108594  -32.806  6.827  -4.835 0.1111111119
107937  -33.054  6.830  -4.096 0.1111111119
109291  -32.932  7.959  -5.997 0.1111111119
93502  -34.064  -9.826  -4.695 0.1111111119
94492  -33.621  -8.403  -5.025 0.1111111119
94473  -35.530  -8.645  -4.277 0.1111111119
97200  -34.437  -5.587  -4.949 0.1111111119
98040  -34.732  -4.852  -4.679 0.1111111119
101889  -34.434  -1.198  -5.383 0.1111111119
103910  -34.015  1.475  -6.083 0.1111111119
104814  -34.374  1.980  -5.751 0.1111111119
101910  -34.669  -0.155  -5.685 0.1111111119
105652  -34.487  3.475  -6.258 0.2222222239
107246  -33.816  5.635  -7.321 0.1111111119
107248  -35.609  5.507  -6.290 0.1111111119
109322  -33.695  7.488  -7.865 0.1111111119
107957  -30.849  6.198  -6.727 0.2222222239
109306  -32.667  8.556  -6.678 0.1111111119
108605  -33.399  7.974  -5.472 0.1111111119
94454  -35.867  -9.232  -3.800 0.1111111119
93504  -35.481  -9.675  -3.841 0.1111111119
98060  -34.014  -4.441  -5.247 0.2222222239
106489  -32.307  4.729  -8.251 0.2222222239
107218  -31.687  5.352  -3.388 0.1111111119
92562  -32.838  -10.461  -5.119 0.1111111119
92541  -33.660  -10.541  -4.715 0.1111111119
93482  -37.001  -9.575  -3.184 0.1111111119
93481  -36.180  -9.747  -3.464 0.1111111119
94474  -36.445  -8.141  -4.191 0.1111111119
95447  -35.809  -7.535  -4.646 0.1111111119
95448  -36.606  -7.339  -4.374 0.1111111119
97178  -35.327  -5.684  -4.678 0.1111111119
98878  -34.787  -3.764  -4.793 0.1111111119
99798  -35.186  -2.692  -4.618 0.1111111119
101890  -34.967  -0.751  -5.114 0.1111111119
104815  -35.049  2.106  -5.374 0.1111111119
102936  -35.320  0.326  -5.379 0.1111111119
105635  -36.084  3.187  -5.466 0.1111111119
106474  -36.184  4.609  -6.161 0.1111111119
105618  -28.302  3.402  -4.296 0.2222222239
105619  -29.008  3.740  -4.683 0.2222222239
107962  -35.122  6.292  -6.417 0.1111111119
106432  -29.621  3.916  -4.280 0.1111111119
108640  -34.890  7.731  -7.207 0.1111111119
110042  -34.925  9.138  -7.772 0.1111111119
106418  -29.419  3.711  -3.448 0.1111111119
106434  -30.972  4.748  -3.529 0.1111111119
107217  -31.344  5.249  -3.892 0.1111111119
110058  -33.523  9.482  -8.827 0.1111111119
106435  -31.378  4.945  -3.032 0.1111111119
107211  -32.115  5.467  -2.616 0.1111111119
110084  -30.968  9.396  -10.770 0.1111111119
110085  -31.734  9.714  -10.553 0.1111111119
110086  -32.393  10.452  -10.412 0.1111111119
107927  -32.246  5.892  -2.977 0.1111111119
109321  -32.024  8.978  -7.417 0.1111111119
110757  -31.354  10.579  -8.026 0.1111111119
109292  -33.382  8.736  -5.660 0.1111111119
99821  -34.471  -2.638  -5.259 0.1111111119
103895  -35.667  1.387  -5.234 0.1111111119
108639  -34.253  7.377  -7.309 0.1111111119
108621  -33.849  6.667  -7.301 0.1111111119
108623  -34.954  7.081  -6.686 0.1111111119
105634  -35.270  2.961  -5.555 0.1111111119
106473  -35.000  4.577  -6.298 0.2222222239
107282  -32.566  5.244  -8.532 0.2222222239
108656  -32.242  6.866  -9.087 0.1111111119
107265  -30.725  5.396  -8.583 0.2222222239
107289  -30.812  5.869  -10.162 0.1111111119
108004  -31.300  6.275  -10.147 0.1111111119
109354  -32.098  8.222  -9.633 0.1111111119
110057  -32.805  8.611  -9.146 0.1111111119
107279  -30.624  5.837  -9.618 0.1111111119
108672  -30.727  7.297  -9.997 0.1111111119
108673  -31.025  7.213  -10.314 0.1111111119
110073  -31.787  8.752  -10.148 0.1111111119
109363  -31.244  8.516  -10.422 0.1111111119
106447  -30.651  4.814  -4.192 0.1111111119
107945  -31.374  6.077  -5.423 0.1111111119
107944  -30.943  6.236  -6.081 0.1111111119
107958  -31.322  6.717  -6.465 0.1111111119
108655  -30.993  7.951  -8.173 0.1111111119
109337  -30.753  8.058  -8.920 0.1111111119
110056  -30.842  9.808  -8.691 0.1111111119
110072  -30.595  9.262  -10.156 0.1111111119
108604  -32.841  7.370  -5.490 0.1111111119
110040  -31.465  9.386  -8.040 0.1111111119
92542  -34.432  -10.465  -4.394 0.1111111119
109307  -33.052  9.372  -6.374 0.1111111119
94455  -36.349  -8.932  -3.694 0.1111111119
108624  -35.728  7.309  -6.480 0.1111111119
105599  -28.656  3.255  -2.803 0.1111111119
109308  -35.404  7.679  -6.927 0.1111111119
110783  -30.793  10.368  -10.556 0.1111111119
110041  -31.851  9.807  -7.527 0.1111111119
110758  -32.069  10.415  -7.319 0.1111111119
75001  -23.721  -27.482  -3.252 0.2222222239
89398  -21.878  -13.379  -1.583 0.2222222239
91474  -21.293  -11.948  -1.268 0.2222222239
86438  -23.206  -16.568  -2.104 0.3333333433
90437  -21.908  -12.575  -2.155 0.4444444478
90436  -21.631  -12.601  -1.666 0.3333333433
103858  -26.481  2.651  -3.566 0.3333333433
103860  -27.374  2.559  -3.587 0.1111111119
99756  -23.988  -1.569  -1.672 0.2222222239
99744  -23.255  -2.460  -0.537 0.1111111119
88431  -22.287  -14.375  -2.275 0.2222222239
101851  -25.320  0.105  -1.232 0.1111111119
101852  -26.074  0.473  -1.527 0.1111111119
102888  -26.956  1.194  -2.843 0.1111111119
102900  -27.413  2.058  -3.362 0.1111111119
104786  -27.752  2.833  -3.357 0.1111111119
102880  -25.799  1.069  -1.598 0.1111111119
87419  -22.532  -15.058  -2.032 0.2222222239
95396  -21.354  -8.247  -1.138 0.2222222239
103851  -26.384  2.560  -2.341 0.1111111119
94404  -21.489  -9.086  -0.492 0.1111111119
103859  -27.025  2.420  -3.732 0.3333333433
88414  -21.949  -14.253  -2.049 0.2222222239
102898  -26.846  2.202  -2.907 0.1111111119
102899  -27.136  2.011  -3.290 0.1111111119
102887  -26.529  1.421  -1.989 0.1111111119
73834  -24.099  -28.435  -3.431 0.1111111119
73836  -25.349  -28.600  -3.323 0.1111111119
74984  -22.405  -27.592  -2.124 0.1111111119
76067  -22.545  -26.459  -2.291 0.1111111119
85450  -23.520  -17.646  -1.825 0.1111111119
90409  -21.788  -12.351  -0.783 0.1111111119
90425  -21.659  -12.559  -1.179 0.1111111119
89410  -21.852  -13.467  -2.062 0.1111111119
97128  -22.404  -4.662  -0.677 0.2222222239
97110  -22.614  -4.029  0.711 0.2222222239
74985  -23.031  -27.485  -2.705 0.1111111119
91473  -20.876  -11.472  -0.930 0.1111111119
91487  -21.455  -11.700  -1.722 0.1111111119
73814  -22.759  -28.482  -2.524 0.1111111119
73815  -23.464  -28.442  -2.999 0.1111111119
72632  -24.459  -29.291  -3.518 0.1111111119
77114  -22.211  -25.387  -2.100 0.1111111119
79272  -22.084  -24.435  -1.844 0.1111111119
79273  -22.459  -23.822  -1.964 0.1111111119
86419  -23.267  -16.501  -1.851 0.1111111119
89382  -22.077  -13.262  -1.071 0.1111111119
96258  -22.431  -6.083  -0.626 0.2222222239
97098  -23.256  -3.618  0.845 0.2222222239
97976  -22.960  -3.236  1.688 0.1111111119
73816  -25.842  -28.732  -3.125 0.1111111119
72631  -23.767  -29.304  -3.395 0.1111111119
97993  -22.557  -3.373  0.652 0.2222222239
98840  -22.437  -2.809  0.062 0.1111111119
92490  -20.719  -10.928  -1.159 0.1111111119
85473  -23.417  -17.628  -2.077 0.1111111119
80293  -23.124  -22.700  -1.737 0.1111111119
81285  -23.302  -21.629  -1.692 0.1111111119
84398  -23.474  -18.816  -1.888 0.1111111119
73835  -24.846  -28.507  -3.423 0.1111111119
88396  -22.341  -14.099  -1.521 0.1111111119
76051  -22.198  -26.905  -1.716 0.1111111119
85440  -23.823  -17.851  -1.513 0.1111111119
76066  -22.144  -26.114  -1.730 0.1111111119
78191  -22.021  -24.761  -1.605 0.1111111119
84374  -23.617  -18.833  -1.676 0.1111111119
86437  -22.907  -15.715  -1.817 0.1111111119
97977  -23.448  -3.576  0.520 0.1111111119
98808  -23.462  -2.656  1.057 0.1111111119
100805  -24.265  -0.844  -1.723 0.1111111119
99757  -24.060  -1.992  -1.345 0.1111111119
100806  -24.614  -0.675  -1.663 0.1111111119
101850  -24.625  0.057  -1.438 0.1111111119
74986  -25.878  -28.175  -3.184 0.1111111119
82267  -30.042  -21.378  -4.394 0.1111111119
82291  -29.781  -20.800  -4.531 0.2222222239
85547  -26.683  -16.990  -6.409 0.5555555820
91486  -20.951  -11.472  -1.367 0.1111111119
92503  -20.929  -11.124  -1.606 0.1111111119
92518  -22.743  -10.471  -3.028 0.6666666865
92576  -30.737  -10.317  -6.412 0.4444444478
92584  -27.643  -9.853  -7.578 1.0000000000
93439  -20.757  -10.436  -1.186 0.1111111119
94447  -22.851  -8.636  -3.230 0.6666666865
94506  -31.347  -8.215  -5.930 0.5555555820
94517  -29.495  -9.191  -6.925 0.7777777910
95476  -27.207  -7.104  -6.943 1.0000000000
96359  -28.525  -6.771  -7.483 0.8888888955
97111  -23.385  -4.261  -0.439 0.2222222239
97214  -31.249  -5.664  -5.884 0.5555555820
97962  -23.460  -2.814  1.624 0.1111111119
97994  -21.968  -3.730  -0.248 0.3333333433
98809  -23.972  -3.008  0.926 0.1111111119
98825  -23.280  -2.688  1.343 0.1111111119
98839  -22.631  -2.615  1.154 0.1111111119
99766  -22.647  -3.211  -1.523 0.3333333433
101915  -28.277  -0.552  -5.985 0.6666666865
101918  -32.426  0.303  -6.097 0.4444444478
102879  -25.235  0.807  -1.638 0.2222222239
102897  -24.521  0.501  -2.920 0.4444444478
103840  -25.546  1.624  -1.751 0.2222222239
103841  -26.047  1.924  -1.735 0.1111111119
103850  -24.850  1.139  -2.479 0.4444444478
103904  -28.185  0.635  -5.597 0.6666666865
104759  -25.228  1.719  -2.107 0.2222222239
104760  -25.338  1.932  -2.074 0.3333333433
104774  -25.096  1.781  -2.294 0.3333333433
104775  -25.267  2.329  -2.505 0.3333333433
104776  -25.767  2.847  -2.873 0.2222222239
104784  -25.237  2.436  -3.216 0.4444444478
104796  -25.024  1.888  -3.391 0.5555555820
104797  -25.359  2.107  -3.795 0.5555555820
104798  -25.655  2.227  -4.138 0.4444444478
106420  -31.180  4.501  -2.568 0.1111111119
107227  -31.586  5.478  -4.049 0.1111111119
107266  -30.885  4.912  -8.957 0.2222222239
107267  -32.498  5.011  -8.483 0.2222222239
107288  -30.609  6.111  -10.128 0.1111111119
107294  -30.707  6.206  -10.260 0.1111111119
107295  -30.775  6.010  -10.370 0.1111111119
107947  -35.377  6.844  -6.344 0.1111111119
107948  -35.637  6.995  -6.237 0.1111111119
108009  -30.835  6.314  -10.339 0.1111111119
108607  -35.212  7.023  -6.454 0.1111111119
108608  -35.435  7.102  -6.409 0.1111111119
108622  -34.089  6.800  -7.079 0.1111111119
108635  -30.828  6.979  -7.819 0.1111111119
108638  -33.681  6.810  -7.580 0.1111111119
