#!ascii label  , from subject 4107 vox2ras=TkReg
1704
13055  -29.668  -80.473  -18.867 0.1000000015
13070  -29.589  -80.727  -19.730 0.1000000015
10765  -28.260  -82.148  -20.193 0.1000000015
11955  -29.262  -81.054  -20.152 0.1000000015
13090  -27.938  -80.826  -20.883 0.1000000015
14325  -28.387  -79.903  -20.715 0.1000000015
13089  -26.993  -80.520  -21.010 0.1000000015
15499  -27.827  -78.926  -21.019 0.1000000015
14323  -26.323  -79.794  -20.753 0.1000000015
15498  -26.648  -78.849  -20.481 0.1000000015
16686  -27.183  -77.954  -20.880 0.1000000015
16666  -26.398  -77.801  -20.161 0.1000000015
15497  -25.515  -79.071  -20.419 0.1000000015
19931  -26.273  -75.261  -19.963 0.1000000015
15486  -25.826  -78.404  -19.991 0.1000000015
17743  -25.230  -76.693  -19.574 0.1000000015
16665  -25.528  -77.631  -19.737 0.1000000015
15471  -29.578  -78.299  -18.873 0.1000000015
14297  -29.635  -79.324  -18.990 0.1000000015
13092  -29.273  -80.612  -20.178 0.1000000015
15487  -29.896  -78.320  -19.617 0.1000000015
14326  -29.202  -79.910  -20.366 0.1000000015
15501  -29.541  -78.578  -20.630 0.1000000015
15500  -28.862  -79.146  -21.163 0.1000000015
15517  -29.076  -78.296  -21.365 0.1000000015
15516  -28.478  -78.452  -21.326 0.1000000015
17767  -27.785  -77.064  -21.225 0.1000000015
25621  -29.480  -70.832  -23.266 0.1000000015
22706  -27.796  -71.787  -23.362 0.1000000015
22707  -28.583  -72.304  -23.512 0.1000000015
22686  -28.298  -72.949  -23.175 0.1000000015
21247  -27.668  -73.818  -21.809 0.1000000015
21229  -27.395  -74.410  -21.022 0.1000000015
19952  -27.754  -74.970  -21.134 0.1000000015
18859  -27.448  -75.988  -20.763 0.1000000015
18858  -26.632  -75.996  -20.173 0.1000000015
17744  -26.099  -76.846  -19.921 0.1000000015
17710  -28.929  -76.559  -17.941 0.1000000015
18819  -30.334  -75.875  -18.513 0.2000000030
17725  -29.985  -76.451  -18.456 0.2000000030
16643  -29.470  -77.341  -18.417 0.1000000015
17727  -31.193  -75.859  -19.216 0.1000000015
16645  -30.822  -76.737  -19.287 0.1000000015
17745  -31.202  -76.341  -19.534 0.1000000015
16644  -30.324  -77.286  -19.074 0.1000000015
29491  -33.726  -67.788  -18.918 0.1000000015
28290  -33.232  -68.071  -19.549 0.1000000015
17768  -31.227  -76.477  -20.149 0.1000000015
16689  -30.739  -77.029  -20.238 0.1000000015
16688  -30.175  -77.669  -20.334 0.1000000015
26974  -32.377  -69.046  -19.520 0.1000000015
26990  -32.255  -69.130  -20.408 0.1000000015
28311  -32.670  -68.628  -21.223 0.1000000015
25575  -32.027  -69.764  -21.809 0.1000000015
25600  -32.211  -70.180  -22.517 0.1000000015
25623  -31.589  -70.772  -23.341 0.1000000015
16704  -30.364  -76.995  -20.726 0.1000000015
17783  -30.177  -76.483  -21.269 0.1000000015
16701  -28.531  -77.725  -21.436 0.1000000015
27006  -32.055  -69.511  -21.215 0.1000000015
25574  -31.255  -69.795  -21.609 0.1000000015
25599  -30.914  -70.157  -22.694 0.1000000015
24139  -30.121  -71.379  -23.921 0.1000000015
24140  -31.165  -71.381  -23.892 0.1000000015
21295  -31.405  -72.900  -23.614 0.1000000015
21269  -30.096  -73.750  -23.354 0.1000000015
17782  -29.434  -76.638  -21.462 0.1000000015
25622  -30.518  -70.714  -23.437 0.1000000015
21293  -29.466  -73.085  -23.689 0.1000000015
19973  -29.137  -74.662  -22.193 0.1000000015
19972  -28.390  -74.869  -21.672 0.1000000015
21292  -28.786  -73.180  -23.363 0.1000000015
21248  -28.391  -74.280  -22.151 0.1000000015
17766  -26.914  -76.951  -20.530 0.1000000015
18820  -30.800  -75.338  -18.664 0.1000000015
18803  -29.806  -75.323  -17.866 0.2000000030
18784  -28.790  -75.574  -17.306 0.1000000015
19876  -28.278  -75.066  -16.584 0.2000000030
18783  -27.921  -75.837  -16.587 0.2000000030
19914  -31.352  -74.518  -19.064 0.1000000015
18821  -31.501  -75.280  -19.374 0.1000000015
29481  -34.170  -67.650  -17.969 0.1000000015
29480  -33.703  -68.088  -18.294 0.1000000015
17769  -31.626  -75.930  -20.071 0.1000000015
17785  -31.448  -75.889  -20.596 0.1000000015
28301  -33.222  -67.913  -20.593 0.1000000015
28320  -33.108  -68.797  -22.049 0.1000000015
17784  -30.916  -76.309  -20.863 0.1000000015
27029  -33.206  -69.564  -22.470 0.1000000015
25624  -32.559  -70.867  -23.393 0.1000000015
24141  -32.073  -71.434  -23.693 0.1000000015
21296  -32.125  -72.665  -23.454 0.1000000015
19997  -30.570  -74.214  -22.648 0.1000000015
19974  -30.145  -74.859  -22.157 0.1000000015
18879  -28.111  -75.916  -21.445 0.1000000015
24023  -32.026  -72.029  -17.951 0.1000000015
24002  -31.949  -72.001  -17.092 0.1000000015
24040  -31.872  -72.313  -18.373 0.1000000015
21179  -31.145  -73.120  -18.378 0.1000000015
21178  -30.740  -73.573  -17.938 0.1000000015
21159  -30.368  -73.717  -16.930 0.2000000030
21158  -30.006  -74.062  -16.462 0.2000000030
19897  -30.293  -74.414  -17.636 0.2000000030
19862  -29.084  -74.352  -16.141 0.2000000030
19861  -28.412  -74.508  -15.819 0.2000000030
21208  -31.867  -73.716  -19.376 0.1000000015
19932  -32.067  -74.565  -19.781 0.1000000015
19933  -32.543  -74.340  -20.414 0.1000000015
29502  -34.368  -66.916  -20.149 0.1000000015
29506  -34.672  -66.988  -20.939 0.1000000015
18860  -31.912  -75.304  -20.658 0.1000000015
28260  -34.012  -68.129  -17.357 0.1000000015
30703  -34.888  -66.858  -17.124 0.1000000015
29501  -33.738  -67.489  -19.886 0.1000000015
28321  -33.828  -68.846  -22.365 0.1000000015
25601  -33.406  -70.589  -23.007 0.1000000015
22689  -33.982  -71.954  -22.283 0.1000000015
21272  -33.106  -73.061  -22.395 0.1000000015
21249  -32.742  -73.832  -21.769 0.1000000015
18883  -31.464  -75.331  -21.347 0.1000000015
29461  -33.891  -68.276  -16.465 0.1000000015
22712  -33.061  -71.987  -23.435 0.1000000015
21271  -32.177  -73.648  -22.856 0.1000000015
19999  -31.883  -74.288  -22.354 0.1000000015
19975  -30.973  -74.776  -22.000 0.1000000015
29439  -34.011  -68.110  -15.910 0.1000000015
29424  -34.168  -67.980  -15.000 0.1000000015
28204  -33.086  -69.040  -15.064 0.1000000015
28196  -33.579  -68.392  -14.155 0.1000000015
25508  -34.513  -70.618  -18.372 0.1000000015
24041  -32.496  -71.962  -18.754 0.1000000015
26962  -35.467  -69.834  -18.601 0.1000000015
24043  -34.470  -70.938  -18.934 0.1000000015
22583  -30.879  -73.117  -17.097 0.1000000015
21139  -30.274  -73.545  -15.970 0.2000000030
25509  -35.131  -70.402  -19.141 0.1000000015
24065  -33.342  -71.968  -19.402 0.1000000015
21138  -29.599  -73.975  -15.779 0.2000000030
25525  -35.040  -70.822  -19.829 0.1000000015
24066  -34.437  -71.381  -19.740 0.1000000015
30680  -35.702  -65.690  -15.827 0.1000000015
30704  -35.510  -65.771  -16.872 0.1000000015
30724  -35.287  -65.889  -17.946 0.1000000015
30723  -34.721  -66.631  -18.414 0.1000000015
30738  -34.744  -66.394  -19.457 0.1000000015
32006  -35.308  -65.743  -19.678 0.1000000015
25526  -35.448  -70.381  -20.135 0.1000000015
24067  -34.998  -70.938  -20.266 0.1000000015
21210  -33.064  -72.872  -20.242 0.1000000015
21209  -32.638  -73.538  -20.100 0.1000000015
29512  -34.362  -67.607  -21.432 0.1000000015
29513  -35.180  -67.507  -21.253 0.1000000015
28313  -34.605  -68.522  -21.822 0.1000000015
22651  -34.286  -71.833  -21.256 0.1000000015
22650  -33.848  -72.472  -21.114 0.1000000015
21230  -32.988  -73.861  -20.890 0.1000000015
27007  -34.665  -69.458  -22.024 0.1000000015
24110  -34.414  -71.423  -21.944 0.1000000015
22670  -34.087  -72.076  -21.714 0.1000000015
21250  -33.307  -73.169  -21.468 0.1000000015
30679  -35.205  -66.579  -15.898 0.1000000015
29440  -34.599  -67.462  -15.933 0.1000000015
29425  -34.707  -67.186  -14.892 0.1000000015
28178  -33.556  -68.037  -13.441 0.1000000015
28177  -32.718  -68.618  -13.043 0.1000000015
24025  -33.306  -71.024  -17.034 0.1000000015
25492  -34.205  -70.611  -17.385 0.1000000015
23976  -31.995  -72.016  -16.148 0.1000000015
25510  -35.667  -70.024  -19.577 0.1000000015
26976  -36.884  -68.910  -19.620 0.1000000015
25470  -33.936  -70.824  -16.099 0.1000000015
22528  -30.841  -72.962  -15.590 0.1000000015
26992  -36.367  -69.089  -20.447 0.1000000015
26975  -36.103  -69.718  -19.934 0.1000000015
30739  -35.105  -65.944  -18.860 0.1000000015
32007  -35.658  -65.254  -18.800 0.1000000015
27009  -35.920  -69.104  -21.021 0.1000000015
24093  -35.142  -70.700  -20.672 0.1000000015
22529  -31.685  -72.441  -15.334 0.1000000015
22500  -31.090  -72.922  -14.770 0.2000000030
31992  -35.764  -64.999  -17.666 0.1000000015
30751  -35.009  -66.242  -20.395 0.1000000015
30765  -35.797  -66.952  -21.143 0.1000000015
28314  -35.533  -68.440  -21.242 0.1000000015
27008  -35.257  -69.535  -21.386 0.1000000015
25547  -35.094  -70.604  -21.125 0.1000000015
30662  -35.198  -66.324  -14.822 0.1000000015
29416  -34.686  -66.966  -13.842 0.1000000015
29400  -34.648  -66.684  -13.154 0.1000000015
29415  -34.187  -67.754  -13.948 0.1000000015
28292  -37.993  -68.550  -19.556 0.1000000015
26965  -37.805  -68.804  -18.801 0.1000000015
26964  -37.090  -68.987  -18.722 0.1000000015
28293  -39.159  -67.840  -20.018 0.1000000015
26963  -36.079  -69.608  -18.985 0.1000000015
26948  -36.446  -69.152  -17.863 0.1000000015
28291  -37.317  -68.586  -19.804 0.1000000015
25472  -35.802  -69.501  -16.800 0.1000000015
24004  -33.223  -71.264  -16.047 0.1000000015
29508  -36.968  -67.212  -20.814 0.1000000015
28303  -38.002  -67.660  -20.334 0.1000000015
25471  -34.833  -70.300  -16.475 0.1000000015
31980  -36.058  -64.824  -16.838 0.1000000015
33265  -36.124  -64.312  -17.410 0.1000000015
33294  -36.555  -64.676  -19.149 0.1000000015
32023  -36.179  -65.295  -20.093 0.1000000015
32032  -36.790  -65.765  -20.666 0.1000000015
29507  -36.347  -66.999  -21.083 0.1000000015
29515  -36.596  -67.899  -20.806 0.1000000015
25444  -34.050  -71.002  -15.512 0.1000000015
23977  -32.684  -71.872  -15.429 0.1000000015
30759  -35.381  -66.584  -21.054 0.1000000015
28315  -36.263  -68.424  -20.845 0.1000000015
22501  -31.859  -72.907  -14.474 0.1000000015
30663  -35.734  -65.543  -14.754 0.1000000015
30649  -35.173  -66.185  -13.759 0.1000000015
30635  -34.805  -66.071  -12.471 0.1000000015
30634  -33.931  -66.570  -11.727 0.1000000015
132577  -38.932  -68.409  -19.086 0.1000000015
26950  -38.476  -68.643  -18.649 0.1000000015
26949  -37.949  -68.857  -17.787 0.1000000015
28304  -38.650  -67.271  -20.490 0.1000000015
29503  -39.688  -67.228  -20.068 0.1000000015
26926  -37.017  -69.027  -16.695 0.1000000015
29509  -38.106  -66.793  -20.737 0.1000000015
29510  -39.195  -66.693  -20.538 0.1000000015
31961  -36.329  -65.286  -15.844 0.1000000015
33280  -35.901  -64.560  -18.257 0.1000000015
32033  -37.365  -65.389  -20.532 0.1000000015
30761  -37.309  -66.168  -20.808 0.1000000015
30762  -38.298  -65.819  -20.847 0.1000000015
26904  -36.529  -69.619  -15.900 0.1000000015
23978  -33.763  -71.367  -15.315 0.1000000015
31981  -36.668  -64.689  -16.854 0.1000000015
34446  -36.303  -64.070  -17.836 0.1000000015
33282  -37.130  -64.364  -18.512 0.1000000015
32024  -37.234  -64.828  -19.826 0.1000000015
23979  -34.162  -71.314  -15.016 0.1000000015
31943  -36.471  -64.763  -14.594 0.1000000015
30650  -35.608  -65.411  -13.616 0.1000000015
31926  -35.973  -64.784  -13.277 0.1000000015
30636  -35.472  -65.303  -12.747 0.1000000015
31896  -34.757  -65.434  -11.464 0.1000000015
31912  -35.204  -65.338  -12.085 0.1000000015
30764  -39.708  -65.789  -19.757 0.1000000015
29504  -40.082  -66.749  -19.801 0.1000000015
132597  -40.475  -67.270  -19.366 0.1000000015
132572  -38.629  -68.636  -18.117 0.1000000015
32027  -39.797  -65.476  -19.049 0.1000000015
132575  -39.431  -68.596  -17.926 0.1000000015
30753  -37.857  -65.078  -18.735 0.1000000015
30754  -38.340  -65.273  -19.012 0.1000000015
32026  -38.922  -65.291  -19.340 0.1000000015
29511  -39.618  -66.164  -20.248 0.1000000015
26927  -37.859  -68.794  -16.604 0.1000000015
31962  -36.827  -65.217  -15.973 0.1000000015
31993  -37.076  -64.438  -17.344 0.1000000015
33295  -37.101  -64.547  -19.073 0.1000000015
32025  -37.913  -64.879  -19.287 0.1000000015
25446  -35.625  -70.311  -15.624 0.1000000015
23953  -34.280  -71.775  -14.758 0.1000000015
33226  -36.672  -64.038  -14.246 0.1000000015
33208  -36.447  -64.177  -13.626 0.1000000015
33194  -36.482  -63.708  -12.896 0.1000000015
31913  -35.635  -64.839  -12.313 0.1000000015
33193  -36.133  -64.314  -12.643 0.1000000015
33175  -36.248  -63.901  -12.107 0.1000000015
31897  -35.218  -64.917  -11.518 0.1000000015
132590  -40.102  -67.527  -19.586 0.1000000015
132583  -39.928  -68.162  -19.036 0.1000000015
132582  -40.610  -68.462  -18.282 0.1000000015
132574  -40.335  -68.672  -17.896 0.1000000015
30681  -37.028  -65.278  -15.671 0.1000000015
31982  -37.404  -65.679  -16.985 0.1000000015
132580  -37.963  -65.932  -17.961 0.1000000015
32009  -38.938  -65.527  -18.836 0.1000000015
33227  -37.106  -63.904  -14.617 0.1000000015
31944  -37.081  -64.772  -15.185 0.1000000015
31963  -37.136  -65.443  -16.390 0.1000000015
31994  -37.205  -64.675  -17.591 0.1000000015
33209  -36.778  -63.604  -13.822 0.1000000015
34395  -37.355  -63.097  -14.012 0.1000000015
35525  -37.858  -62.678  -13.667 0.1000000015
34381  -36.879  -63.113  -13.027 0.1000000015
35505  -37.425  -62.646  -13.019 0.1000000015
34367  -36.519  -63.263  -11.958 0.1000000015
132595  -40.230  -65.776  -18.462 0.1000000015
132598  -40.667  -67.038  -19.180 0.1000000015
132594  -40.983  -67.108  -18.780 0.1000000015
132589  -41.010  -67.746  -18.843 0.1000000015
29493  -41.648  -67.882  -18.457 0.1000000015
132587  -39.643  -66.057  -17.916 0.1000000015
30741  -38.071  -65.572  -18.548 0.1000000015
35490  -36.976  -62.616  -12.153 0.1000000015
35475  -37.168  -62.222  -11.498 0.1000000015
30755  -40.622  -66.355  -18.934 0.1000000015
29483  -41.691  -67.400  -18.010 0.1000000015
132586  -38.786  -65.936  -18.315 0.1000000015
30664  -37.110  -65.218  -15.377 0.1000000015
132573  -37.177  -65.624  -16.148 0.1000000015
132581  -38.511  -66.294  -17.584 0.1000000015
34414  -37.702  -63.442  -14.761 0.1000000015
34396  -38.109  -62.976  -14.358 0.1000000015
35506  -38.067  -62.239  -12.921 0.1000000015
35491  -37.513  -62.169  -12.152 0.1000000015
36639  -38.114  -61.750  -12.003 0.1000000015
132592  -39.932  -66.435  -17.020 0.1000000015
132579  -38.369  -66.541  -16.755 0.1000000015
132585  -39.165  -66.554  -17.043 0.1000000015
33228  -37.798  -64.346  -14.620 0.1000000015
31945  -37.264  -65.244  -14.904 0.1000000015
30665  -37.217  -65.829  -15.497 0.1000000015
132570  -37.691  -66.461  -16.171 0.1000000015
35507  -38.811  -62.267  -13.073 0.1000000015
36655  -38.570  -61.855  -12.540 0.1000000015
36657  -39.985  -61.562  -12.982 0.1000000015
29426  -37.763  -66.701  -15.367 0.1000000015
30651  -37.441  -66.181  -14.627 0.1000000015
33229  -38.410  -63.910  -14.437 0.1000000015
35526  -38.465  -62.722  -13.650 0.1000000015
35508  -39.455  -62.180  -13.159 0.1000000015
36679  -40.702  -61.989  -13.486 0.1000000015
34397  -38.767  -63.500  -14.075 0.1000000015
35527  -39.231  -62.807  -13.477 0.1000000015
35528  -40.138  -62.557  -13.429 0.1000000015
36680  -41.428  -61.829  -13.655 0.1000000015
35529  -41.144  -62.588  -13.657 0.1000000015
34398  -39.789  -63.428  -13.494 0.1000000015
34399  -40.579  -63.168  -13.511 0.1000000015
11954  -28.719  -81.497  -20.377 0.1000000015
11953  -27.870  -81.751  -20.738 0.1000000015
13091  -28.871  -80.664  -20.479 0.1000000015
14324  -27.377  -79.824  -20.747 0.1000000015
14308  -29.672  -79.593  -19.705 0.1000000015
16667  -30.435  -77.464  -19.759 0.1000000015
16703  -29.791  -77.450  -21.040 0.1000000015
16702  -29.165  -77.514  -21.377 0.1000000015
24138  -29.082  -71.405  -23.622 0.1000000015
22685  -27.417  -72.594  -22.810 0.1000000015
21266  -27.842  -73.363  -22.494 0.1000000015
22668  -27.119  -73.001  -21.958 0.1000000015
17724  -29.489  -76.660  -18.268 0.1000000015
16668  -30.852  -76.924  -19.646 0.1000000015
29492  -34.255  -67.157  -19.143 0.1000000015
22709  -30.797  -72.189  -24.125 0.1000000015
22708  -29.713  -72.240  -24.041 0.1000000015
22711  -32.464  -72.058  -23.628 0.1000000015
21270  -31.031  -73.640  -23.174 0.1000000015
21268  -29.267  -73.708  -23.188 0.1000000015
19996  -29.734  -74.231  -22.756 0.1000000015
17781  -28.666  -76.787  -21.460 0.1000000015
18880  -28.932  -75.761  -21.658 0.1000000015
21194  -30.791  -73.855  -18.377 0.1000000015
19896  -29.929  -74.652  -17.318 0.2000000030
18785  -29.243  -75.011  -17.213 0.2000000030
21195  -31.108  -73.690  -18.720 0.1000000015
18882  -30.611  -75.617  -21.610 0.1000000015
28312  -33.570  -68.042  -21.679 0.1000000015
24142  -32.812  -71.464  -23.597 0.1000000015
22687  -32.779  -72.627  -23.164 0.1000000015
18881  -29.760  -75.688  -21.742 0.1000000015
22628  -32.248  -73.015  -19.600 0.1000000015
29505  -33.934  -67.408  -20.853 0.1000000015
19954  -32.454  -74.581  -21.047 0.1000000015
29462  -34.271  -67.867  -16.817 0.1000000015
27030  -34.150  -69.774  -22.521 0.1000000015
25602  -34.281  -70.724  -22.550 0.1000000015
24125  -33.984  -71.421  -22.809 0.1000000015
22669  -33.702  -72.537  -21.985 0.1000000015
19976  -31.626  -74.620  -21.933 0.1000000015
28205  -33.509  -68.627  -15.255 0.1000000015
25493  -35.066  -69.902  -17.863 0.1000000015
24042  -33.656  -71.197  -18.449 0.1000000015
21119  -30.216  -73.462  -14.805 0.2000000030
22630  -33.643  -72.380  -20.203 0.1000000015
26991  -35.771  -69.723  -20.660 0.1000000015
24092  -34.775  -71.224  -20.935 0.1000000015
22631  -34.219  -71.878  -20.637 0.1000000015
21231  -33.227  -73.042  -20.680 0.1000000015
29514  -36.095  -67.537  -21.064 0.1000000015
25576  -34.794  -70.398  -21.773 0.1000000015
25548  -35.387  -70.259  -20.907 0.1000000015
23951  -32.790  -72.303  -14.839 0.1000000015
29399  -33.743  -67.387  -12.656 0.1000000015
32034  -38.230  -65.034  -20.312 0.1000000015
32036  -39.405  -65.379  -19.552 0.1000000015
34366  -36.170  -63.768  -11.425 0.1000000015
16547  -32.050  -77.175  -8.910 0.5000000000
9510  -33.472  -83.257  -10.101 0.5000000000
10593  -33.977  -82.851  -10.055 0.5000000000
18700  -31.986  -76.322  -8.922 0.5000000000
16552  -32.161  -77.300  -9.284 0.5000000000
15367  -32.726  -78.675  -9.312 0.5000000000
10613  -34.518  -82.277  -10.566 0.5000000000
21054  -32.136  -74.230  -9.825 0.5000000000
19788  -31.848  -74.754  -9.118 0.5000000000
17611  -32.319  -76.796  -9.797 0.5000000000
19793  -32.373  -74.937  -10.141 0.5000000000
21055  -32.881  -73.765  -10.171 0.5000000000
18705  -32.701  -75.994  -10.317 0.5000000000
18706  -33.507  -76.248  -10.602 0.4000000060
11818  -32.777  -81.210  -11.781 0.5000000000
11833  -33.354  -80.855  -12.388 0.5000000000
12963  -32.824  -80.391  -12.371 0.5000000000
15420  -33.561  -78.785  -13.781 0.5000000000
14214  -33.304  -79.414  -13.389 0.5000000000
16596  -34.305  -77.516  -14.707 0.4000000060
16597  -34.971  -76.948  -14.721 0.4000000060
8302  -33.867  -84.141  -6.388 0.1000000015
9493  -33.746  -83.405  -9.370 0.5000000000
18697  -32.052  -75.945  -8.510 0.5000000000
17607  -32.445  -76.726  -8.023 0.5000000000
16548  -32.516  -77.761  -8.529 0.5000000000
14116  -33.201  -79.309  -9.519 0.4000000060
21044  -32.006  -73.614  -9.338 0.5000000000
19787  -31.651  -74.048  -8.889 0.5000000000
22416  -32.403  -72.733  -9.042 0.5000000000
23857  -33.425  -71.370  -8.082 0.5000000000
23882  -33.897  -71.941  -9.095 0.5000000000
22417  -33.184  -72.639  -9.661 0.5000000000
23858  -34.489  -71.240  -8.681 0.4000000060
22432  -33.745  -73.074  -10.304 0.4000000060
19794  -33.595  -75.056  -10.770 0.4000000060
22418  -34.220  -72.373  -9.978 0.3000000119
17615  -33.674  -77.101  -10.626 0.6999999881
16557  -33.782  -77.892  -10.889 0.5000000000
23883  -35.007  -71.779  -9.544 0.3000000119
21056  -33.928  -73.827  -10.767 0.4000000060
17616  -34.244  -77.140  -11.139 0.6000000238
14154  -34.307  -79.630  -11.157 0.6000000238
12946  -34.544  -80.632  -11.004 0.6000000238
10627  -34.015  -81.834  -11.297 0.5000000000
10626  -33.197  -81.871  -11.204 0.3000000119
22419  -35.017  -72.265  -10.255 0.3000000119
22433  -34.619  -72.940  -10.728 0.3000000119
19795  -34.233  -74.414  -11.053 0.4000000060
18712  -34.592  -76.157  -11.204 0.5000000000
16558  -34.137  -78.039  -11.530 0.6000000238
15401  -34.404  -79.121  -12.125 0.6000000238
11835  -34.316  -80.655  -12.541 0.5000000000
11834  -33.926  -80.934  -12.621 0.5000000000
22434  -35.652  -72.359  -10.853 0.4000000060
21070  -34.661  -73.832  -11.281 0.4000000060
17619  -34.744  -77.100  -12.157 0.5000000000
15413  -34.301  -78.902  -12.664 0.5000000000
14196  -34.429  -79.653  -12.411 0.5000000000
12975  -33.483  -80.199  -12.934 0.5000000000
22450  -35.277  -73.104  -11.413 0.4000000060
21071  -35.491  -73.928  -11.778 0.5000000000
18713  -35.267  -75.914  -11.915 0.5000000000
17629  -34.893  -77.332  -12.904 0.4000000060
14215  -33.764  -79.411  -13.354 0.5000000000
19802  -35.890  -74.967  -11.909 0.5000000000
17620  -35.336  -76.383  -12.472 0.5000000000
17630  -35.317  -76.763  -13.208 0.4000000060
16585  -34.412  -77.885  -13.816 0.4000000060
19811  -36.575  -74.898  -12.670 0.5000000000
18721  -36.643  -75.441  -13.293 0.4000000060
16586  -34.865  -77.202  -14.059 0.4000000060
18735  -36.085  -75.963  -13.863 0.3000000119
18736  -37.203  -75.578  -14.032 0.3000000119
18753  -36.552  -75.755  -14.924 0.3000000119
9445  -34.367  -83.915  -5.812 0.1000000015
9430  -34.929  -83.460  -5.645 0.1000000015
8303  -34.492  -84.201  -6.197 0.1000000015
9462  -35.135  -83.628  -7.177 0.4000000060
8340  -34.301  -84.042  -7.616 0.4000000060
9479  -34.036  -83.474  -8.782 0.5000000000
9480  -34.659  -83.248  -8.340 0.4000000060
10578  -35.105  -82.658  -8.827 0.5000000000
10594  -34.590  -82.713  -9.440 0.5000000000
16541  -32.807  -77.259  -7.854 0.5000000000
15368  -33.419  -79.087  -8.434 0.4000000060
10595  -35.434  -82.273  -9.278 0.5000000000
10614  -35.193  -82.200  -10.062 0.5000000000
22415  -31.959  -73.126  -8.651 0.5000000000
19778  -31.703  -74.252  -8.347 0.5000000000
19779  -31.988  -74.990  -7.996 0.5000000000
23880  -32.504  -72.382  -8.552 0.5000000000
12929  -34.817  -80.631  -10.044 0.6000000238
25319  -34.867  -70.407  -8.439 0.4000000060
25320  -35.771  -70.366  -8.701 0.2000000030
23859  -35.466  -71.095  -8.982 0.3000000119
23884  -36.299  -71.539  -9.785 0.3000000119
23897  -35.616  -71.973  -10.151 0.4000000060
25321  -36.627  -70.397  -8.850 0.3000000119
23861  -36.948  -70.990  -9.347 0.3000000119
25322  -37.503  -70.489  -9.075 0.3000000119
23885  -37.365  -71.417  -9.796 0.4000000060
22420  -37.084  -71.654  -10.151 0.4000000060
22435  -36.887  -71.997  -10.785 0.4000000060
22451  -36.267  -72.820  -11.986 0.4000000060
22467  -36.662  -73.446  -12.530 0.4000000060
22421  -37.816  -71.724  -10.274 0.3000000119
22436  -38.315  -71.968  -10.991 0.3000000119
22468  -37.298  -73.127  -12.641 0.3000000119
21085  -36.254  -73.997  -12.367 0.4000000060
22469  -38.430  -72.910  -12.646 0.3000000119
21087  -37.997  -74.004  -13.069 0.3000000119
19812  -37.467  -74.972  -13.256 0.4000000060
22470  -39.559  -73.002  -12.418 0.2000000030
21088  -39.036  -73.727  -13.064 0.2000000030
21105  -38.664  -74.624  -13.277 0.3000000119
18737  -38.080  -75.731  -14.097 0.3000000119
22472  -41.000  -73.540  -11.780 0.1000000015
21106  -39.450  -74.472  -13.373 0.2000000030
18738  -38.734  -75.666  -13.988 0.4000000060
21076  -43.038  -73.985  -10.944 0.1000000015
9431  -35.740  -83.359  -5.875 0.1000000015
9446  -35.167  -84.068  -6.136 0.1000000015
9448  -36.345  -82.921  -6.753 0.2000000030
10561  -36.237  -82.609  -7.654 0.5000000000
9481  -35.399  -83.110  -7.752 0.4000000060
17601  -33.022  -76.745  -7.432 0.5000000000
16542  -33.442  -77.710  -7.581 0.4000000060
15360  -34.265  -78.625  -7.647 0.4000000060
14118  -34.490  -79.994  -8.391 0.4000000060
12930  -35.370  -80.975  -9.495 0.5000000000
11772  -35.916  -81.607  -8.885 0.5000000000
21014  -31.988  -73.525  -7.543 0.5000000000
19766  -32.405  -74.811  -7.240 0.5000000000
18688  -32.569  -75.813  -7.375 0.4000000060
25294  -33.778  -70.327  -7.459 0.4000000060
23836  -32.642  -71.744  -7.353 0.4000000060
23856  -32.533  -72.082  -8.067 0.5000000000
25295  -34.308  -70.030  -8.006 0.4000000060
25318  -34.169  -70.675  -8.137 0.5000000000
26742  -35.663  -68.908  -7.989 0.3000000119
26766  -35.233  -69.664  -8.309 0.3000000119
26767  -36.187  -69.652  -8.478 0.3000000119
26744  -37.699  -68.854  -8.282 0.2000000030
26769  -38.131  -69.744  -8.859 0.3000000119
26745  -38.795  -68.925  -8.300 0.1000000015
23862  -37.733  -71.087  -9.447 0.3000000119
26770  -39.220  -69.948  -8.784 0.2000000030
25348  -39.107  -71.367  -9.319 0.2000000030
22422  -38.915  -72.021  -10.225 0.2000000030
23864  -40.261  -71.784  -9.160 0.2000000030
22423  -39.978  -72.714  -10.034 0.2000000030
22437  -39.468  -72.586  -10.809 0.2000000030
23888  -40.588  -72.498  -9.525 0.2000000030
22454  -40.017  -72.986  -11.474 0.2000000030
22471  -40.475  -73.284  -12.117 0.2000000030
22424  -41.189  -73.241  -9.969 0.1000000015
22439  -41.255  -73.480  -10.403 0.1000000015
21073  -41.315  -73.758  -11.537 0.1000000015
21090  -40.885  -73.830  -12.579 0.1000000015
21047  -42.032  -73.837  -9.989 0.1000000015
21059  -41.912  -74.142  -10.627 0.1000000015
21074  -41.770  -74.164  -11.421 0.1000000015
21060  -42.603  -74.130  -10.388 0.1000000015
21075  -42.364  -74.335  -11.241 0.1000000015
22440  -43.547  -73.799  -10.742 0.1000000015
21063  -45.020  -73.471  -9.715 0.1000000015
10551  -36.713  -82.643  -6.374 0.3000000119
10562  -36.707  -82.415  -7.206 0.3000000119
14084  -37.508  -79.845  -6.227 0.3000000119
12890  -37.457  -80.711  -6.922 0.3000000119
11754  -36.934  -81.476  -7.594 0.3000000119
11773  -36.510  -82.013  -8.118 0.3000000119
10579  -35.765  -82.555  -8.240 0.4000000060
15348  -36.308  -78.452  -6.603 0.3000000119
14099  -36.778  -79.941  -7.165 0.3000000119
12912  -36.363  -81.242  -8.198 0.5000000000
17603  -34.583  -76.692  -6.608 0.4000000060
16543  -34.740  -77.599  -6.947 0.5000000000
15361  -35.485  -78.629  -7.208 0.4000000060
14097  -34.967  -79.362  -7.866 0.4000000060
12911  -35.630  -80.562  -8.414 0.5000000000
23816  -32.785  -71.971  -6.530 0.4000000060
22367  -32.848  -72.810  -6.162 0.4000000060
21015  -32.323  -73.961  -7.011 0.5000000000
18677  -32.805  -75.224  -6.915 0.5000000000
26724  -33.969  -69.609  -6.535 0.4000000060
26740  -33.837  -69.806  -6.979 0.4000000060
23837  -33.158  -71.128  -6.964 0.4000000060
26741  -34.491  -69.271  -7.419 0.4000000060
28064  -34.844  -68.269  -6.616 0.4000000060
28065  -35.828  -67.798  -6.690 0.3000000119
28086  -35.378  -68.419  -7.300 0.3000000119
28087  -36.290  -68.296  -7.439 0.3000000119
28067  -37.825  -67.770  -6.786 0.3000000119
28088  -37.272  -68.239  -7.530 0.2000000030
28089  -38.319  -68.167  -7.551 0.1000000015
28090  -39.360  -68.469  -7.347 0.1000000015
26746  -39.799  -69.239  -7.997 0.1000000015
26771  -40.275  -70.106  -8.502 0.2000000030
26747  -40.757  -69.408  -7.659 0.1000000015
25324  -39.659  -71.115  -9.058 0.2000000030
26772  -41.298  -70.134  -8.218 0.2000000030
25325  -40.824  -71.059  -8.772 0.2000000030
23865  -41.476  -72.150  -9.096 0.1000000015
23889  -41.325  -72.819  -9.532 0.1000000015
22405  -42.247  -72.618  -9.028 0.1000000015
21049  -43.624  -74.066  -9.221 0.1000000015
19797  -44.363  -74.321  -9.445 0.1000000015
19790  -44.738  -74.340  -9.080 0.1000000015
21050  -44.957  -73.977  -9.405 0.1000000015
22408  -45.512  -72.822  -8.616 0.1000000015
23869  -45.240  -71.695  -8.531 0.1000000015
25300  -44.992  -70.499  -7.520 0.1000000015
12871  -37.578  -80.512  -5.861 0.3000000119
11718  -36.948  -81.710  -5.527 0.2000000030
15349  -37.215  -78.794  -5.818 0.3000000119
16533  -35.658  -77.577  -6.521 0.4000000060
16534  -36.478  -77.587  -5.854 0.3000000119
22368  -33.147  -72.225  -5.773 0.3000000119
20998  -32.998  -73.709  -6.232 0.4000000060
18679  -34.320  -75.510  -6.055 0.4000000060
17594  -35.622  -76.499  -5.947 0.3000000119
26708  -33.858  -69.805  -5.745 0.3000000119
23817  -33.233  -71.350  -6.023 0.3000000119
19751  -34.566  -74.955  -5.543 0.4000000060
18680  -35.000  -75.624  -5.811 0.4000000060
18664  -35.426  -75.568  -5.432 0.3000000119
28042  -34.662  -68.161  -5.571 0.3000000119
26725  -34.331  -69.041  -6.172 0.3000000119
28043  -35.185  -67.691  -6.116 0.3000000119
29284  -36.133  -67.083  -5.463 0.3000000119
29307  -35.763  -67.355  -6.015 0.3000000119
29308  -36.555  -67.396  -6.110 0.3000000119
28066  -36.884  -67.828  -6.774 0.3000000119
28068  -38.831  -67.806  -6.420 0.1000000015
28046  -40.406  -68.224  -5.758 0.1000000015
28023  -40.516  -67.984  -5.130 0.1000000015
28047  -41.406  -68.695  -5.615 0.1000000015
28070  -40.958  -68.749  -6.506 0.1000000015
28071  -41.515  -69.021  -6.167 0.1000000015
26748  -41.538  -69.664  -7.407 0.1000000015
25296  -42.031  -70.215  -7.759 0.2000000030
25326  -42.059  -70.960  -8.503 0.2000000030
23866  -42.505  -71.988  -8.607 0.1000000015
23838  -42.914  -71.641  -7.979 0.1000000015
23867  -43.096  -72.265  -8.209 0.1000000015
22406  -42.967  -72.951  -8.878 0.1000000015
22407  -43.550  -72.831  -7.955 0.1000000015
21035  -43.790  -73.650  -8.514 0.1000000015
19780  -44.264  -74.250  -8.698 0.1000000015
19791  -45.157  -74.323  -8.607 0.1000000015
21051  -45.318  -73.783  -8.944 0.1000000015
22388  -45.744  -72.536  -7.785 0.1000000015
23840  -44.948  -71.041  -8.098 0.1000000015
23841  -45.525  -71.672  -7.388 0.1000000015
26751  -45.145  -69.815  -6.955 0.1000000015
28094  -44.881  -68.923  -6.913 0.1000000015
12842  -37.301  -80.495  -4.327 0.2000000030
12857  -36.738  -80.793  -5.088 0.2000000030
12844  -38.362  -79.965  -3.812 0.2000000030
14075  -37.822  -79.704  -5.062 0.3000000119
15300  -38.349  -78.940  -3.263 0.2000000030
15337  -37.672  -78.673  -4.795 0.3000000119
16535  -37.198  -77.987  -5.266 0.3000000119
22353  -33.284  -72.930  -5.691 0.3000000119
19731  -33.939  -74.121  -5.630 0.3000000119
17595  -36.301  -76.688  -5.499 0.3000000119
25265  -33.569  -70.827  -5.271 0.3000000119
23801  -33.396  -71.731  -5.347 0.3000000119
20983  -33.688  -73.664  -5.637 0.3000000119
19732  -34.294  -74.220  -5.449 0.3000000119
19752  -35.007  -75.207  -5.399 0.3000000119
26709  -34.225  -69.197  -5.237 0.3000000119
20984  -34.461  -73.597  -4.981 0.3000000119
19733  -35.142  -74.616  -4.936 0.3000000119
18665  -35.853  -75.465  -5.047 0.2000000030
17580  -36.396  -76.259  -4.906 0.2000000030
29258  -34.807  -67.686  -4.965 0.2000000030
29282  -34.848  -67.726  -5.338 0.2000000030
29285  -37.116  -67.184  -5.467 0.3000000119
29309  -37.484  -67.537  -6.108 0.3000000119
29286  -38.336  -67.418  -5.479 0.2000000030
29263  -39.460  -67.338  -4.951 0.2000000030
29287  -39.106  -67.498  -5.457 0.1000000015
28024  -41.255  -68.285  -4.834 0.1000000015
29266  -42.113  -67.620  -4.114 0.1000000015
31771  -44.255  -66.360  -4.385 0.1000000015
28025  -42.125  -68.655  -4.781 0.1000000015
29267  -43.044  -67.783  -4.531 0.1000000015
30474  -44.979  -66.879  -4.305 0.1000000015
30475  -45.934  -66.555  -4.103 0.1000000015
30458  -47.024  -65.746  -3.610 0.1000000015
26690  -42.443  -69.208  -5.034 0.1000000015
28027  -43.620  -68.552  -4.690 0.1000000015
29239  -44.832  -67.840  -4.489 0.1000000015
30476  -46.916  -66.598  -3.885 0.1000000015
26727  -41.644  -69.412  -6.625 0.1000000015
26711  -42.465  -69.562  -5.505 0.1000000015
26728  -42.313  -69.885  -6.426 0.1000000015
25297  -42.806  -70.776  -7.348 0.2000000030
23818  -43.646  -71.805  -6.695 0.1000000015
22386  -43.863  -72.611  -7.048 0.1000000015
22387  -44.351  -73.214  -6.891 0.1000000015
21016  -44.140  -73.427  -7.573 0.1000000015
21017  -44.706  -73.810  -7.132 0.1000000015
19781  -44.897  -74.438  -8.274 0.1000000015
19782  -45.455  -74.204  -8.101 0.1000000015
19769  -46.088  -74.087  -7.263 0.1000000015
21036  -45.712  -73.731  -8.086 0.1000000015
22389  -46.461  -72.756  -6.945 0.1000000015
25301  -45.672  -70.782  -6.818 0.1000000015
17538  -35.830  -76.470  -2.474 0.2000000030
16504  -37.423  -77.554  -3.952 0.2000000030
16521  -37.400  -77.793  -4.576 0.3000000119
18626  -35.960  -75.370  -2.731 0.2000000030
16471  -36.670  -77.623  -2.574 0.2000000030
16520  -36.802  -77.214  -5.091 0.3000000119
25248  -33.649  -71.083  -4.772 0.3000000119
22331  -33.943  -72.389  -4.560 0.3000000119
22355  -34.251  -72.913  -4.710 0.3000000119
20962  -34.594  -73.184  -4.644 0.3000000119
26689  -33.915  -69.496  -4.440 0.3000000119
25249  -33.775  -70.818  -4.365 0.3000000119
22332  -34.499  -72.654  -4.290 0.3000000119
20963  -34.998  -73.585  -4.536 0.3000000119
20985  -34.879  -73.923  -4.826 0.3000000119
29232  -34.655  -67.625  -4.117 0.2000000030
28021  -34.364  -68.482  -4.651 0.3000000119
19734  -35.812  -75.057  -4.778 0.2000000030
18653  -36.210  -75.445  -4.589 0.2000000030
29259  -35.576  -67.022  -4.649 0.2000000030
30489  -36.262  -66.751  -4.471 0.2000000030
29260  -36.575  -66.838  -4.896 0.3000000119
30490  -36.801  -66.609  -4.356 0.3000000119
29261  -37.480  -66.936  -4.799 0.3000000119
29262  -38.351  -66.910  -4.580 0.2000000030
29235  -39.631  -66.810  -4.121 0.2000000030
29236  -40.439  -67.083  -3.842 0.2000000030
29237  -41.225  -67.129  -3.727 0.1000000015
26692  -43.797  -69.582  -4.990 0.1000000015
28004  -44.557  -68.888  -4.660 0.1000000015
28005  -45.591  -68.702  -4.492 0.1000000015
28006  -46.549  -68.565  -4.328 0.1000000015
25267  -42.903  -70.165  -5.797 0.1000000015
26713  -43.681  -70.027  -5.225 0.1000000015
26673  -44.746  -69.941  -4.728 0.1000000015
26675  -46.352  -69.597  -4.392 0.1000000015
25268  -43.393  -70.582  -5.817 0.1000000015
25269  -43.989  -70.547  -5.340 0.1000000015
25250  -44.659  -70.501  -4.955 0.1000000015
25231  -45.265  -70.514  -4.701 0.1000000015
25232  -46.145  -70.550  -4.480 0.1000000015
25282  -43.416  -70.980  -6.551 0.1000000015
23802  -43.759  -71.433  -6.203 0.1000000015
23786  -45.584  -71.995  -5.140 0.1000000015
23804  -44.957  -72.236  -5.338 0.1000000015
23803  -44.293  -71.816  -5.784 0.1000000015
22369  -43.922  -72.257  -6.582 0.1000000015
22356  -44.697  -72.701  -6.038 0.1000000015
20986  -45.022  -73.049  -6.007 0.1000000015
21000  -44.891  -73.335  -6.438 0.1000000015
19753  -45.236  -73.863  -6.788 0.1000000015
21018  -46.063  -73.351  -7.584 0.1000000015
18616  -34.642  -75.887  -1.539 0.3000000119
19691  -35.400  -74.533  -2.426 0.3000000119
18627  -36.347  -75.262  -3.345 0.2000000030
17556  -36.521  -75.925  -3.643 0.2000000030
17568  -36.583  -76.098  -4.184 0.2000000030
19692  -35.870  -74.439  -3.146 0.3000000119
19693  -36.221  -74.681  -3.669 0.3000000119
16503  -36.953  -76.956  -4.388 0.2000000030
23764  -34.241  -71.740  -3.851 0.3000000119
22312  -35.177  -73.122  -3.572 0.3000000119
19701  -35.837  -74.184  -3.787 0.3000000119
18642  -36.453  -75.186  -4.018 0.2000000030
28003  -33.885  -68.666  -3.609 0.2000000030
26672  -33.672  -69.883  -3.736 0.3000000119
25229  -33.856  -70.870  -3.375 0.3000000119
29233  -35.253  -66.941  -3.681 0.2000000030
30466  -36.071  -66.669  -3.985 0.2000000030
30491  -37.567  -66.560  -4.160 0.3000000119
30492  -38.236  -66.531  -3.959 0.2000000030
29234  -38.894  -66.677  -4.239 0.2000000030
22335  -46.424  -72.809  -5.285 0.1000000015
20964  -46.136  -73.544  -5.605 0.1000000015
19754  -45.838  -73.983  -6.517 0.1000000015
18608  -34.047  -75.883  -0.640 0.1000000015
19679  -33.627  -74.907  -0.260 0.2000000030
19680  -34.132  -74.848  -1.092 0.3000000119
19685  -34.748  -74.716  -1.822 0.3000000119
20933  -34.375  -73.866  -1.321 0.3000000119
20939  -34.931  -73.718  -1.954 0.3000000119
23760  -34.483  -71.761  -3.146 0.3000000119
23747  -34.535  -71.924  -2.365 0.3000000119
27988  -33.532  -69.276  -2.738 0.3000000119
26671  -33.578  -70.019  -3.131 0.3000000119
25228  -33.708  -70.527  -2.830 0.3000000119
25219  -34.087  -71.105  -2.565 0.3000000119
27989  -33.771  -68.211  -2.489 0.2000000030
29222  -35.100  -66.807  -3.176 0.2000000030
30453  -35.737  -66.505  -3.079 0.1000000015
30467  -36.755  -66.348  -3.700 0.2000000030
30454  -36.716  -65.952  -2.941 0.1000000015
30468  -37.612  -66.229  -3.524 0.2000000030
30455  -37.640  -65.873  -2.952 0.2000000030
30469  -38.646  -66.200  -3.398 0.3000000119
22282  -34.103  -73.133  -0.931 0.3000000119
22283  -34.413  -72.977  -1.557 0.3000000119
23737  -34.412  -72.282  -1.796 0.3000000119
26648  -33.519  -69.898  -2.074 0.3000000119
25218  -33.728  -70.500  -2.379 0.3000000119
25204  -34.253  -71.366  -2.103 0.3000000119
27979  -33.656  -68.066  -1.930 0.2000000030
30442  -34.990  -66.627  -2.144 0.1000000015
30443  -35.882  -66.008  -2.205 0.1000000015
30444  -36.475  -65.599  -2.251 0.1000000015
31732  -37.047  -65.577  -2.539 0.1000000015
23736  -33.906  -72.086  -1.093 0.3000000119
23721  -33.325  -71.857  0.080 0.2000000030
23746  -34.247  -71.685  -1.799 0.3000000119
25203  -33.852  -70.910  -1.728 0.3000000119
27978  -33.458  -68.736  -1.730 0.2000000030
26639  -33.435  -69.852  -1.163 0.3000000119
29193  -33.448  -67.912  -1.076 0.2000000030
29175  -33.932  -66.909  -0.266 0.1000000015
30424  -34.513  -66.646  -0.847 0.1000000015
30406  -34.266  -66.444  0.440 0.1000000015
30425  -35.457  -66.100  -1.235 0.1000000015
30426  -36.108  -65.548  -1.507 0.1000000015
31723  -36.847  -65.179  -1.872 0.1000000015
25195  -33.365  -70.913  -0.676 0.2000000030
27969  -33.246  -68.812  -0.585 0.2000000030
29174  -33.407  -67.622  0.187 0.1000000015
30407  -35.257  -66.049  -0.161 0.1000000015
30408  -35.882  -65.665  -0.649 0.1000000015
31709  -37.032  -64.757  -1.273 0.1000000015
31724  -37.626  -64.808  -1.905 0.1000000015
31692  -35.015  -65.582  0.763 0.1000000015
31693  -35.879  -65.273  0.291 0.1000000015
31708  -36.423  -65.032  -0.771 0.1000000015
31676  -35.433  -64.960  1.161 0.1000000015
33000  -36.367  -64.422  0.166 0.1000000015
15376  -33.587  -79.223  -10.427 0.4000000060
16553  -32.507  -77.795  -9.809 0.5000000000
17614  -32.925  -76.970  -10.341 0.5000000000
15375  -33.158  -78.747  -10.218 0.4000000060
16556  -33.187  -77.824  -10.505 0.6000000238
12909  -34.434  -80.401  -9.791 0.5000000000
10612  -33.545  -82.618  -10.658 0.5000000000
14117  -33.851  -80.028  -9.509 0.4000000060
15388  -33.860  -78.909  -10.889 0.5000000000
11803  -35.020  -81.581  -10.554 0.5000000000
14135  -33.894  -79.680  -10.442 0.6000000238
11802  -34.551  -81.518  -11.120 0.5000000000
10625  -32.385  -81.896  -11.059 0.5000000000
12947  -35.099  -81.101  -10.217 0.5000000000
9492  -33.146  -83.738  -9.812 0.5000000000
11819  -33.638  -81.366  -11.950 0.4000000060
12987  -33.631  -79.785  -13.253 0.5000000000
15428  -33.998  -78.293  -14.113 0.4000000060
15427  -33.539  -78.172  -14.354 0.4000000060
18752  -35.831  -76.111  -14.568 0.3000000119
17645  -35.417  -76.571  -14.276 0.4000000060
8321  -34.425  -84.173  -6.761 0.2000000030
16549  -33.145  -78.312  -8.029 0.5000000000
14134  -33.467  -79.473  -10.061 0.4000000060
18707  -34.074  -76.505  -10.788 0.4000000060
19800  -34.278  -75.507  -10.995 0.5000000000
15389  -34.241  -78.970  -11.634 0.6000000238
12945  -34.305  -79.946  -10.747 0.6000000238
12928  -34.304  -80.266  -10.279 0.6000000238
11820  -34.339  -81.136  -11.914 0.5000000000
19801  -34.734  -74.969  -11.406 0.4000000060
16565  -34.398  -78.345  -12.173 0.6000000238
14174  -34.487  -79.732  -11.749 0.5000000000
12976  -34.067  -80.410  -12.942 0.5000000000
23898  -36.108  -71.956  -10.382 0.4000000060
16574  -34.572  -77.985  -12.934 0.4000000060
14216  -34.124  -79.583  -12.974 0.5000000000
18720  -35.973  -75.834  -12.682 0.5000000000
16575  -34.793  -77.425  -13.384 0.4000000060
15421  -34.097  -78.722  -13.413 0.5000000000
21086  -36.996  -74.043  -12.872 0.4000000060
15369  -34.277  -79.302  -8.034 0.4000000060
11787  -35.409  -81.627  -9.794 0.5000000000
12910  -34.754  -80.496  -9.277 0.5000000000
26768  -37.129  -69.702  -8.607 0.2000000030
23860  -36.225  -70.903  -9.114 0.3000000119
23886  -38.362  -71.546  -9.686 0.3000000119
22452  -37.663  -72.300  -11.908 0.3000000119
22453  -38.961  -72.452  -11.739 0.3000000119
19813  -38.112  -74.749  -13.259 0.4000000060
19830  -37.775  -75.430  -13.727 0.4000000060
21089  -40.012  -73.624  -12.983 0.2000000030
19832  -39.020  -75.211  -13.612 0.2000000030
22455  -40.827  -73.399  -11.351 0.2000000030
21092  -42.092  -74.495  -12.234 0.1000000015
17602  -33.819  -76.673  -6.929 0.4000000060
18689  -33.155  -76.249  -6.979 0.4000000060
12888  -35.988  -80.336  -7.916 0.4000000060
22385  -32.241  -72.833  -7.196 0.5000000000
26743  -36.698  -68.901  -8.119 0.3000000119
25323  -38.558  -70.867  -9.244 0.2000000030
25347  -38.845  -71.462  -9.432 0.2000000030
23863  -39.752  -71.652  -9.197 0.2000000030
23887  -39.452  -71.877  -9.476 0.2000000030
22438  -40.662  -73.234  -10.689 0.2000000030
22425  -42.104  -73.172  -9.465 0.1000000015
21046  -41.582  -73.724  -10.317 0.1000000015
21057  -41.047  -73.479  -11.064 0.1000000015
21091  -41.488  -74.198  -12.257 0.1000000015
21048  -42.846  -73.853  -9.664 0.1000000015
21061  -43.598  -74.223  -10.048 0.1000000015
21062  -44.491  -73.920  -9.827 0.1000000015
10542  -37.101  -82.284  -5.960 0.3000000119
11755  -37.291  -81.804  -6.914 0.3000000119
14083  -36.978  -79.353  -6.665 0.3000000119
14100  -37.274  -79.957  -6.794 0.3000000119
11739  -37.389  -81.472  -6.083 0.3000000119
12889  -36.463  -80.586  -7.708 0.3000000119
15362  -36.313  -79.230  -7.075 0.3000000119
15347  -35.732  -78.151  -6.799 0.3000000119
14098  -35.836  -79.856  -7.615 0.3000000119
18678  -33.430  -75.607  -6.593 0.4000000060
17593  -34.848  -76.207  -6.246 0.4000000060
16532  -35.120  -76.894  -6.474 0.4000000060
25280  -33.570  -70.370  -6.410 0.4000000060
19749  -32.928  -74.637  -6.616 0.4000000060
28069  -39.906  -68.313  -6.453 0.1000000015
28091  -40.273  -68.850  -7.162 0.1000000015
28092  -40.804  -69.027  -7.086 0.1000000015
22426  -42.776  -73.469  -9.324 0.1000000015
19789  -44.103  -74.300  -9.320 0.1000000015
12858  -37.476  -80.639  -5.037 0.2000000030
22354  -33.659  -72.668  -5.116 0.3000000119
19750  -33.749  -74.484  -5.928 0.4000000060
29310  -38.128  -67.614  -6.179 0.1000000015
28022  -40.008  -67.815  -5.360 0.1000000015
28048  -41.807  -68.827  -5.129 0.1000000015
26710  -41.858  -69.347  -6.011 0.1000000015
26749  -42.128  -69.925  -7.105 0.1000000015
25327  -42.613  -71.319  -8.151 0.1000000015
23839  -43.321  -71.913  -7.444 0.1000000015
19767  -44.471  -74.132  -7.892 0.1000000015
12859  -38.025  -80.077  -4.406 0.2000000030
12838  -38.547  -79.816  -3.271 0.2000000030
14059  -38.268  -79.168  -4.225 0.2000000030
14076  -38.306  -79.694  -4.202 0.3000000119
15318  -37.905  -78.455  -3.883 0.2000000030
25266  -33.808  -70.003  -4.989 0.3000000119
23783  -33.640  -71.630  -4.763 0.3000000119
29264  -40.436  -67.565  -4.476 0.1000000015
29265  -41.254  -67.793  -4.200 0.1000000015
30494  -43.345  -67.124  -4.478 0.1000000015
30495  -44.136  -67.093  -4.418 0.1000000015
28026  -42.892  -68.582  -4.702 0.1000000015
29268  -43.913  -67.881  -4.557 0.1000000015
29240  -45.782  -67.659  -4.356 0.1000000015
30457  -46.386  -65.915  -3.815 0.1000000015
26691  -42.810  -69.298  -4.981 0.1000000015
30477  -47.777  -66.423  -3.746 0.1000000015
26712  -43.332  -69.944  -5.287 0.1000000015
25281  -42.875  -70.333  -6.198 0.1000000015
19768  -45.263  -74.181  -7.419 0.1000000015
17539  -36.370  -76.248  -3.079 0.2000000030
16487  -37.417  -77.872  -3.351 0.2000000030
18625  -35.269  -75.543  -2.250 0.3000000119
16486  -36.852  -76.904  -3.598 0.2000000030
23784  -33.960  -71.866  -4.293 0.3000000119
19715  -35.613  -74.211  -4.322 0.3000000119
22333  -35.058  -73.041  -4.057 0.3000000119
20948  -35.432  -73.602  -3.987 0.3000000119
19716  -35.978  -74.788  -4.509 0.3000000119
29241  -46.730  -67.530  -4.152 0.1000000015
26674  -45.434  -69.709  -4.544 0.1000000015
25230  -44.878  -70.335  -4.757 0.1000000015
23785  -44.753  -71.404  -5.215 0.1000000015
22357  -44.962  -72.733  -5.688 0.1000000015
21001  -45.395  -73.678  -6.438 0.1000000015
17537  -35.248  -76.342  -2.010 0.3000000119
20945  -35.273  -73.581  -2.760 0.3000000119
20946  -35.494  -73.693  -3.422 0.3000000119
22308  -35.237  -73.265  -3.196 0.3000000119
22311  -34.725  -72.514  -3.656 0.3000000119
22307  -34.901  -72.707  -2.997 0.3000000119
29221  -34.540  -67.340  -2.994 0.2000000030
28002  -33.621  -69.452  -3.323 0.3000000119
30470  -39.700  -66.276  -3.643 0.2000000030
17519  -33.912  -76.756  -0.235 0.1000000015
20932  -33.929  -73.904  -0.567 0.2000000030
22295  -34.735  -72.858  -2.247 0.3000000119
26660  -33.536  -70.057  -2.646 0.3000000119
30452  -35.045  -66.740  -2.860 0.2000000030
22265  -33.861  -72.908  -0.160 0.3000000119
29211  -33.581  -68.001  -1.647 0.2000000030
29212  -33.991  -67.453  -1.755 0.2000000030
29194  -33.818  -67.258  -0.766 0.1000000015
26627  -33.045  -69.895  -0.181 0.2000000030
10624  -31.883  -81.930  -10.928 0.3000000119
9506  -30.435  -83.849  -10.245 0.3000000119
10609  -30.908  -82.773  -10.514 0.3000000119
6235  -27.164  -86.395  -11.906 0.2000000030
6246  -25.918  -86.379  -12.946 0.2000000030
8367  -28.678  -84.806  -10.434 0.3000000119
11801  -31.370  -81.927  -10.776 0.4000000060
9505  -29.336  -83.889  -10.242 0.3000000119
7227  -27.963  -86.047  -11.007 0.3000000119
11817  -31.829  -81.400  -11.361 0.4000000060
10608  -29.875  -82.803  -10.344 0.4000000060
7207  -27.910  -85.327  -10.833 0.3000000119
7226  -27.399  -85.701  -11.638 0.2000000030
11816  -31.083  -81.323  -11.097 0.4000000060
11800  -30.454  -81.708  -10.511 0.4000000060
9504  -28.338  -83.717  -10.540 0.4000000060
12962  -32.151  -80.566  -11.827 0.4000000060
10607  -28.807  -82.781  -10.312 0.4000000060
8366  -27.933  -84.438  -10.795 0.3000000119
8382  -27.055  -84.819  -12.438 0.3000000119
12944  -30.592  -80.740  -10.990 0.4000000060
11799  -29.320  -81.769  -10.262 0.4000000060
10606  -27.865  -82.730  -10.658 0.3000000119
9519  -27.636  -83.624  -11.132 0.4000000060
14173  -32.324  -79.893  -12.252 0.4000000060
12943  -29.745  -80.835  -10.583 0.4000000060
11797  -27.594  -81.854  -10.866 0.3000000119
14195  -32.670  -79.564  -12.961 0.4000000060
14171  -30.841  -79.824  -11.326 0.4000000060
14152  -30.078  -80.041  -10.929 0.4000000060
12942  -28.762  -80.835  -10.440 0.4000000060
14194  -31.904  -79.329  -12.568 0.4000000060
14151  -29.254  -80.013  -10.672 0.4000000060
12941  -27.752  -80.792  -10.793 0.3000000119
15412  -32.187  -78.960  -13.083 0.4000000060
14193  -31.023  -79.261  -12.206 0.4000000060
15386  -30.282  -79.531  -11.124 0.4000000060
14150  -28.348  -79.984  -10.601 0.4000000060
15410  -30.403  -78.390  -12.264 0.4000000060
15400  -30.328  -79.075  -11.521 0.4000000060
15384  -28.854  -79.171  -10.775 0.4000000060
14170  -27.278  -79.925  -11.332 0.3000000119
15409  -29.825  -77.937  -12.031 0.4000000060
15399  -29.486  -78.362  -11.385 0.4000000060
15383  -27.905  -79.305  -10.846 0.3000000119
14191  -26.834  -79.822  -12.067 0.2000000030
15419  -32.635  -78.498  -13.748 0.3000000119
15411  -31.417  -78.558  -13.073 0.4000000060
15418  -31.783  -78.066  -13.564 0.4000000060
16583  -31.071  -77.649  -13.546 0.4000000060
16572  -30.106  -77.584  -12.523 0.4000000060
16564  -28.622  -77.831  -11.442 0.4000000060
15397  -27.385  -78.704  -11.403 0.2000000030
16562  -27.348  -78.161  -11.605 0.2000000030
15417  -26.255  -78.981  -13.276 0.3000000119
16595  -33.514  -77.462  -14.711 0.3000000119
15426  -33.128  -77.985  -14.377 0.3000000119
16584  -31.996  -77.577  -13.883 0.3000000119
16571  -29.280  -77.448  -11.968 0.3000000119
16569  -27.008  -77.892  -12.079 0.2000000030
16570  -28.167  -77.211  -11.748 0.2000000030
16568  -26.391  -78.411  -12.705 0.2000000030
14231  -26.169  -79.893  -14.065 0.2000000030
16594  -32.747  -77.576  -14.308 0.3000000119
16582  -30.488  -77.411  -13.050 0.4000000060
17625  -27.699  -76.613  -12.500 0.1000000015
16606  -34.438  -76.925  -15.218 0.3000000119
17660  -33.665  -76.669  -15.090 0.3000000119
17643  -31.427  -76.821  -13.952 0.2000000030
17641  -29.476  -76.077  -12.869 0.2000000030
16580  -26.326  -77.915  -13.328 0.1000000015
15425  -26.225  -78.791  -14.220 0.2000000030
18749  -33.116  -75.925  -14.827 0.2000000030
18734  -32.082  -76.051  -14.370 0.2000000030
18732  -30.172  -75.473  -13.222 0.1000000015
17640  -28.419  -75.914  -13.029 0.1000000015
17638  -26.472  -76.867  -13.978 0.1000000015
16593  -26.223  -77.803  -14.493 0.1000000015
17662  -35.461  -76.320  -15.068 0.2000000030
17677  -34.267  -76.578  -15.409 0.3000000119
18754  -37.775  -75.995  -14.775 0.2000000030
17663  -35.955  -75.748  -15.447 0.1000000015
17678  -34.836  -76.410  -15.452 0.3000000119
18750  -34.015  -75.778  -15.370 0.2000000030
18733  -31.110  -75.808  -13.695 0.1000000015
17658  -26.833  -76.166  -14.894 0.1000000015
17657  -26.176  -76.975  -14.874 0.1000000015
18768  -37.583  -75.685  -15.519 0.2000000030
17679  -35.486  -75.915  -15.604 0.2000000030
18765  -34.873  -75.600  -15.629 0.2000000030
19847  -33.452  -75.098  -14.861 0.1000000015
19846  -32.672  -74.998  -14.359 0.1000000015
19828  -30.791  -74.803  -13.533 0.1000000015
19827  -29.876  -74.552  -13.542 0.1000000015
18729  -27.733  -75.514  -13.958 0.1000000015
17675  -26.404  -76.817  -15.570 0.1000000015
15442  -26.885  -78.590  -16.550 0.1000000015
18766  -35.729  -75.365  -15.841 0.1000000015
19863  -34.675  -74.923  -15.477 0.2000000030
19848  -34.131  -74.737  -15.138 0.1000000015
21121  -32.166  -73.876  -14.061 0.1000000015
21103  -30.470  -73.944  -13.794 0.1000000015
18748  -28.118  -74.883  -14.189 0.1000000015
19843  -27.816  -74.868  -15.341 0.1000000015
17676  -27.043  -76.487  -16.171 0.1000000015
15452  -27.571  -78.579  -17.241 0.1000000015
21122  -33.350  -74.019  -14.585 0.1000000015
21120  -31.162  -73.452  -14.125 0.1000000015
21118  -29.095  -73.864  -14.805 0.1000000015
17696  -28.355  -76.353  -17.286 0.1000000015
17709  -28.321  -76.985  -17.582 0.1000000015
21137  -28.947  -74.097  -15.560 0.1000000015
31750  -39.199  -65.903  -3.125 0.2000000030
18755  -38.584  -75.936  -14.578 0.2000000030
18767  -36.624  -75.378  -15.845 0.1000000015
18787  -37.600  -75.288  -16.028 0.1000000015
19849  -34.693  -74.321  -15.332 0.1000000015
19880  -36.898  -74.705  -16.221 0.1000000015
21123  -34.303  -73.706  -14.964 0.1000000015
17695  -27.740  -76.787  -17.053 0.1000000015
19844  -28.291  -74.435  -14.723 0.1000000015
8377  -27.489  -84.616  -11.456 0.3000000119
14172  -31.683  -79.842  -11.819 0.4000000060
11798  -28.295  -81.779  -10.433 0.4000000060
16573  -30.638  -77.965  -12.969 0.4000000060
15398  -28.322  -78.479  -11.088 0.2000000030
15407  -26.511  -78.975  -12.435 0.2000000030
17627  -29.745  -76.905  -12.613 0.2000000030
16605  -34.061  -77.100  -15.157 0.3000000119
17644  -32.198  -76.988  -14.287 0.3000000119
17626  -28.812  -76.653  -12.408 0.2000000030
16581  -26.831  -76.940  -12.985 0.1000000015
17642  -30.486  -76.661  -13.210 0.4000000060
17659  -32.910  -76.810  -14.588 0.2000000030
15432  -26.384  -78.612  -15.167 0.1000000015
18731  -29.066  -75.092  -13.277 0.1000000015
17639  -27.403  -75.989  -13.646 0.1000000015
18764  -34.499  -76.150  -15.528 0.3000000119
19829  -31.729  -74.958  -13.829 0.1000000015
19825  -28.501  -74.604  -13.895 0.1000000015
18747  -27.702  -75.317  -14.500 0.1000000015
16616  -26.610  -77.926  -16.211 0.1000000015
19864  -35.270  -74.618  -15.726 0.1000000015
21104  -31.284  -74.164  -13.720 0.1000000015
19826  -29.129  -74.277  -13.752 0.1000000015
16627  -27.964  -77.676  -17.446 0.1000000015
15453  -28.413  -78.529  -17.756 0.1000000015
7180  -32.022  -85.223  -8.467 0.3000000119
7179  -31.015  -85.830  -8.557 0.2000000030
7194  -31.216  -85.901  -9.162 0.2000000030
8339  -33.641  -84.096  -8.483 0.4000000060
8338  -32.649  -84.559  -8.842 0.2000000030
7195  -31.940  -84.979  -9.115 0.3000000119
6155  -30.270  -86.808  -8.771 0.2000000030
8356  -33.132  -84.052  -9.270 0.4000000060
6177  -30.701  -86.646  -9.237 0.2000000030
5253  -29.200  -87.086  -8.754 0.1000000015
5274  -29.947  -87.300  -9.286 0.2000000030
5272  -28.623  -87.192  -9.265 0.1000000015
8354  -31.537  -84.947  -9.648 0.3000000119
6174  -28.221  -86.444  -8.927 0.1000000015
7210  -30.058  -86.806  -9.736 0.2000000030
6173  -27.714  -86.640  -9.444 0.1000000015
5271  -27.538  -87.118  -9.957 0.1000000015
5290  -27.981  -87.189  -10.234 0.1000000015
7205  -26.023  -85.682  -10.755 0.1000000015
6196  -26.697  -86.495  -10.429 0.1000000015
5289  -26.894  -87.198  -10.785 0.1000000015
7225  -25.769  -85.836  -11.574 0.1000000015
6195  -26.145  -86.640  -11.116 0.1000000015
8371  -32.363  -83.933  -10.332 0.3000000119
8353  -30.818  -85.606  -9.789 0.2000000030
7209  -29.818  -86.489  -10.078 0.2000000030
5291  -29.015  -87.224  -9.799 0.2000000030
6197  -28.997  -86.845  -10.217 0.2000000030
6215  -26.015  -86.565  -11.892 0.1000000015
8375  -25.250  -84.534  -11.906 0.1000000015
9508  -32.174  -83.474  -10.588 0.2000000030
8370  -31.856  -84.252  -10.287 0.3000000119
8368  -29.974  -85.307  -10.130 0.2000000030
6217  -28.162  -86.638  -10.732 0.2000000030
5310  -26.644  -87.033  -11.673 0.1000000015
8380  -25.114  -84.561  -12.432 0.1000000015
7224  -25.310  -85.191  -12.024 0.1000000015
9507  -31.385  -83.638  -10.487 0.3000000119
10611  -32.668  -82.654  -10.750 0.2000000030
6216  -27.636  -86.451  -11.335 0.2000000030
5333  -27.029  -86.853  -11.829 0.1000000015
7243  -25.276  -85.222  -12.692 0.1000000015
6233  -25.729  -86.470  -12.546 0.1000000015
6234  -26.813  -86.087  -12.427 0.1000000015
7258  -25.232  -85.204  -13.154 0.1000000015
7245  -26.581  -85.736  -12.751 0.1000000015
7246  -26.898  -85.722  -12.451 0.1000000015
7274  -25.184  -85.126  -13.672 0.1000000015
7259  -25.739  -85.714  -13.021 0.1000000015
8388  -26.847  -85.290  -12.787 0.1000000015
7261  -26.686  -85.472  -12.895 0.1000000015
8381  -26.853  -84.402  -12.994 0.1000000015
9549  -24.547  -83.960  -15.154 0.1000000015
7275  -25.713  -85.344  -13.956 0.1000000015
7260  -26.348  -85.562  -13.342 0.1000000015
8387  -26.776  -84.903  -13.220 0.1000000015
10623  -27.235  -82.586  -11.586 0.3000000119
7276  -26.174  -85.159  -14.302 0.1000000015
9509  -32.845  -83.463  -10.345 0.3000000119
8355  -32.459  -84.298  -9.748 0.2000000030
8369  -31.017  -84.620  -10.084 0.3000000119
5309  -26.279  -87.032  -11.768 0.1000000015
7208  -28.763  -85.994  -10.431 0.2000000030
5311  -27.478  -86.975  -11.190 0.1000000015
8401  -24.834  -84.355  -14.216 0.1000000015
7287  -25.288  -84.927  -14.397 0.1000000015
9527  -27.194  -83.621  -11.995 0.2000000030
9542  -26.844  -83.315  -14.791 0.1000000015
8416  -26.838  -84.099  -15.415 0.1000000015
8417  -27.279  -83.661  -15.804 0.1000000015
9532  -26.737  -83.806  -13.506 0.2000000030
10658  -26.583  -82.609  -13.894 0.2000000030
9550  -27.194  -83.467  -15.524 0.2000000030
10675  -26.809  -82.412  -14.693 0.1000000015
8431  -27.374  -83.812  -16.217 0.1000000015
10676  -27.156  -82.461  -15.219 0.2000000030
11862  -26.962  -82.021  -14.971 0.1000000015
10641  -26.767  -82.722  -12.511 0.2000000030
9551  -27.645  -83.204  -16.013 0.1000000015
10622  -26.978  -82.402  -12.006 0.2000000030
11847  -26.569  -81.658  -13.284 0.1000000015
11876  -26.686  -81.053  -14.953 0.1000000015
11861  -26.671  -81.611  -14.441 0.1000000015
11815  -27.317  -81.425  -11.387 0.2000000030
11832  -26.802  -81.542  -12.472 0.2000000030
12974  -26.735  -80.714  -12.748 0.2000000030
12999  -26.444  -80.762  -14.419 0.1000000015
12986  -26.457  -80.748  -13.661 0.1000000015
12959  -27.125  -80.755  -11.917 0.2000000030
13010  -26.772  -80.788  -15.438 0.1000000015
9526  -26.903  -83.906  -12.705 0.1000000015
7181  -32.855  -84.714  -8.160 0.2000000030
10540  -35.334  -82.722  -5.755 0.1000000015
16470  -35.893  -77.199  -2.212 0.1000000015
14058  -36.831  -80.332  -3.996 0.1000000015
14074  -36.593  -80.413  -4.610 0.1000000015
15299  -37.775  -78.503  -3.233 0.1000000015
12836  -37.470  -80.264  -3.630 0.1000000015
16460  -35.683  -77.626  -1.575 0.2000000030
16461  -36.352  -78.352  -1.714 0.1000000015
14043  -36.289  -79.555  -3.214 0.1000000015
17529  -35.119  -76.850  -1.525 0.2000000030
15285  -36.870  -78.454  -2.197 0.1000000015
14023  -36.969  -79.277  -2.186 0.1000000015
12827  -37.574  -79.933  -3.039 0.1000000015
14044  -37.011  -80.061  -3.210 0.1000000015
8320  -33.396  -84.469  -7.354 0.2000000030
10541  -36.394  -82.634  -5.784 0.1000000015
14035  -38.217  -79.426  -2.905 0.1000000015
16472  -37.422  -78.217  -2.953 0.1000000015
17520  -34.534  -76.915  -0.866 0.2000000030
14057  -36.318  -80.002  -4.340 0.1000000015
15272  -37.274  -79.141  -2.316 0.1000000015
15255  -36.200  -78.965  -1.002 0.1000000015
7166  -32.508  -84.902  -7.804 0.1000000015
22244  -33.339  -72.812  0.643 0.1000000015
20922  -33.376  -73.877  0.265 0.1000000015
19671  -33.136  -75.023  0.521 0.1000000015
22243  -32.783  -72.775  1.322 0.1000000015
20907  -32.245  -73.954  1.444 0.1000000015
19661  -31.952  -75.182  1.586 0.1000000015
23697  -32.971  -72.081  0.865 0.1000000015
20921  -32.744  -74.247  0.738 0.1000000015
19670  -32.490  -75.040  1.034 0.1000000015
18595  -32.866  -76.175  1.000 0.1000000015
23720  -32.762  -71.472  0.664 0.1000000015
19650  -31.442  -75.109  2.410 0.1000000015
23696  -32.478  -71.584  1.493 0.1000000015
22223  -32.278  -72.778  2.287 0.1000000015
20892  -31.772  -73.926  2.370 0.1000000015
19651  -31.787  -74.515  1.906 0.1000000015
19660  -31.796  -75.709  1.953 0.1000000015
25185  -32.503  -70.916  0.832 0.1000000015
26626  -32.546  -70.039  0.707 0.1000000015
22222  -31.665  -73.230  3.005 0.1000000015
23670  -32.246  -71.528  2.675 0.1000000015
25167  -32.350  -70.584  1.306 0.1000000015
31753  -41.722  -65.776  -3.567 0.1000000015
26613  -32.323  -69.796  1.516 0.1000000015
27957  -32.848  -68.928  0.516 0.1000000015
30456  -38.147  -65.769  -2.798 0.1000000015
31751  -39.725  -65.494  -3.247 0.1000000015
33038  -43.143  -64.928  -3.725 0.1000000015
30472  -41.345  -66.462  -3.623 0.1000000015
20891  -31.220  -74.076  3.173 0.1000000015
18607  -33.502  -76.006  0.148 0.1000000015
25186  -32.818  -70.863  0.173 0.1000000015
30471  -40.545  -66.354  -3.674 0.1000000015
20908  -32.884  -73.504  0.866 0.1000000015
18594  -32.413  -75.658  1.348 0.1000000015
25136  -32.152  -70.589  2.069 0.1000000015
31752  -40.800  -65.606  -3.549 0.1000000015
30473  -42.062  -66.687  -3.741 0.1000000015
18739  -39.151  -75.503  -13.948 0.1000000015
18756  -39.130  -75.667  -14.339 0.1000000015
19833  -39.655  -75.092  -13.924 0.1000000015
10577  -30.209  -83.355  -8.091 0.1000000015
9478  -30.231  -84.530  -7.868 0.1000000015
11771  -30.626  -82.295  -8.226 0.1000000015
10576  -29.066  -83.097  -8.258 0.1000000015
9460  -31.015  -84.030  -7.404 0.1000000015
11751  -30.298  -81.371  -8.116 0.1000000015
10559  -31.241  -82.856  -7.785 0.1000000015
9461  -31.772  -84.052  -6.980 0.1000000015
12908  -29.426  -81.307  -8.329 0.1000000015
12886  -29.736  -80.440  -8.050 0.1000000015
11752  -31.179  -81.694  -7.709 0.1000000015
9399  -26.169  -83.301  -2.217 0.1000000015
10505  -25.973  -82.416  -2.547 0.1000000015
10526  -25.145  -81.902  -3.691 0.1000000015
10525  -24.513  -82.270  -4.197 0.1000000015
12841  -24.601  -80.465  -4.000 0.1000000015
12840  -24.097  -80.409  -4.554 0.1000000015
8318  -31.577  -84.740  -7.406 0.1000000015
11711  -23.508  -80.914  -4.866 0.1000000015
14065  -24.672  -79.202  -4.930 0.1000000015
12885  -29.177  -80.206  -8.120 0.1000000015
14094  -29.192  -79.646  -7.852 0.1000000015
7178  -30.344  -85.794  -8.214 0.1000000015
14063  -23.092  -79.671  -5.759 0.1000000015
15352  -24.090  -78.726  -6.543 0.1000000015
15354  -25.541  -78.195  -7.340 0.1000000015
15366  -27.534  -79.067  -8.162 0.1000000015
14093  -28.297  -79.137  -7.938 0.1000000015
12887  -30.815  -80.571  -7.276 0.1000000015
6154  -29.630  -86.705  -8.535 0.1000000015
12849  -22.552  -80.385  -5.797 0.1000000015
15353  -24.651  -78.462  -7.018 0.1000000015
15356  -27.625  -78.395  -7.592 0.1000000015
15357  -28.886  -78.443  -7.037 0.1000000015
10515  -26.081  -82.597  -2.927 0.1000000015
10514  -25.815  -82.340  -3.171 0.1000000015
11695  -25.034  -81.445  -3.601 0.1000000015
10560  -31.787  -83.264  -7.098 0.1000000015
8300  -32.214  -84.321  -6.913 0.1000000015
11694  -24.651  -81.197  -3.820 0.1000000015
7163  -30.728  -85.468  -7.997 0.1000000015
15344  -25.157  -78.051  -6.457 0.1000000015
16537  -25.602  -77.861  -6.762 0.1000000015
16539  -27.019  -77.735  -6.980 0.1000000015
14095  -30.231  -79.774  -7.452 0.1000000015
16528  -25.746  -77.763  -6.216 0.1000000015
16540  -27.907  -77.778  -6.845 0.1000000015
15358  -29.830  -79.110  -7.159 0.1000000015
11652  -25.937  -82.014  -2.048 0.1000000015
11665  -25.877  -82.033  -2.373 0.1000000015
11639  -25.724  -81.686  -0.833 0.1000000015
10495  -25.783  -81.949  -0.173 0.1000000015
9443  -32.447  -83.562  -6.572 0.1000000015
11664  -25.715  -81.651  -2.493 0.1000000015
12826  -25.502  -80.583  -2.757 0.1000000015
10547  -32.266  -82.613  -6.622 0.1000000015
8301  -32.942  -84.244  -6.614 0.1000000015
12835  -25.250  -80.524  -3.249 0.1000000015
11735  -32.108  -81.752  -6.589 0.1000000015
8319  -32.405  -84.670  -7.308 0.1000000015
12834  -24.954  -80.493  -3.605 0.1000000015
14051  -24.813  -79.810  -4.150 0.1000000015
15327  -24.439  -78.865  -5.491 0.1000000015
15328  -25.306  -78.310  -5.280 0.1000000015
16531  -28.354  -77.653  -6.059 0.1000000015
16513  -26.083  -77.726  -5.652 0.1000000015
16530  -27.384  -77.449  -6.182 0.1000000015
12809  -25.588  -80.865  -0.889 0.1000000015
11651  -25.708  -81.472  -1.601 0.1000000015
12820  -25.803  -80.304  -1.116 0.1000000015
12796  -25.740  -80.685  -0.231 0.1000000015
12797  -26.062  -80.430  0.514 0.1000000015
12870  -31.806  -81.183  -6.324 0.1000000015
11736  -32.353  -82.101  -6.179 0.1000000015
9444  -33.421  -83.493  -5.902 0.1000000015
14030  -25.764  -79.767  -2.268 0.1000000015
12819  -25.712  -80.524  -1.787 0.1000000015
11734  -31.612  -81.236  -6.925 0.1000000015
14042  -25.339  -79.794  -3.364 0.1000000015
15346  -29.830  -78.829  -6.310 0.1000000015
14096  -30.689  -79.886  -6.976 0.1000000015
14041  -25.012  -80.023  -3.691 0.1000000015
14066  -25.077  -79.028  -4.529 0.1000000015
15307  -25.475  -78.704  -4.361 0.1000000015
15329  -26.235  -77.847  -5.084 0.1000000015
12810  -25.889  -80.232  -0.504 0.1000000015
14019  -26.067  -79.608  -1.264 0.1000000015
12869  -31.303  -80.598  -6.263 0.1000000015
15345  -29.194  -78.205  -5.762 0.1000000015
14067  -30.372  -79.370  -5.891 0.1000000015
16494  -26.929  -77.664  -4.727 0.1000000015
15294  -25.670  -78.818  -3.687 0.1000000015
14052  -25.268  -79.229  -4.018 0.1000000015
15308  -26.156  -78.228  -4.341 0.1000000015
12851  -31.424  -80.388  -5.765 0.1000000015
11713  -32.573  -81.842  -5.731 0.1000000015
14068  -30.967  -79.872  -5.655 0.1000000015
14018  -25.852  -79.974  -1.790 0.1000000015
15331  -29.880  -78.735  -5.381 0.1000000015
14053  -30.448  -79.182  -5.238 0.1000000015
16516  -28.544  -77.751  -5.067 0.1000000015
15279  -25.838  -78.938  -2.829 0.1000000015
15309  -27.060  -77.903  -3.891 0.1000000015
16495  -27.812  -77.579  -4.421 0.1000000015
12853  -32.616  -80.892  -5.626 0.1000000015
14054  -30.975  -79.284  -5.020 0.1000000015
16496  -28.754  -77.726  -4.165 0.1000000015
15311  -30.119  -78.475  -4.599 0.1000000015
15330  -29.312  -78.199  -4.826 0.1000000015
15295  -26.408  -78.391  -3.369 0.1000000015
12854  -33.636  -80.937  -5.672 0.1000000015
14069  -31.707  -80.070  -5.433 0.1000000015
14071  -34.271  -79.913  -5.813 0.1000000015
14031  -26.097  -78.975  -2.024 0.1000000015
11626  -25.691  -81.263  -0.095 0.1000000015
12783  -27.597  -80.692  1.925 0.1000000015
13979  -27.243  -79.702  1.553 0.1000000015
13978  -26.633  -79.652  1.051 0.1000000015
11618  -26.492  -81.379  1.377 0.1000000015
14050  -24.374  -79.703  -4.730 0.1000000015
12850  -23.296  -80.334  -5.184 0.1000000015
14064  -23.919  -79.407  -5.308 0.1000000015
14080  -23.502  -79.065  -6.232 0.1000000015
15343  -24.576  -78.476  -6.093 0.1000000015
15355  -26.551  -78.306  -7.635 0.1000000015
15365  -27.024  -78.745  -8.091 0.1000000015
14114  -27.860  -79.755  -8.363 0.1000000015
11679  -25.249  -81.231  -3.331 0.1000000015
14081  -30.371  -79.449  -6.686 0.1000000015
16515  -27.654  -77.452  -5.308 0.1000000015
12852  -31.891  -80.943  -5.866 0.1000000015
14082  -30.806  -79.947  -6.415 0.1000000015
11619  -27.336  -81.761  1.989 0.1000000015
6338  -18.414  -86.529  -21.912 0.1000000015
6319  -18.054  -86.546  -21.339 0.1000000015
9673  -18.005  -84.040  -23.314 0.1000000015
8543  -17.781  -84.693  -23.717 0.1000000015
8526  -18.883  -84.712  -22.756 0.1000000015
8545  -18.878  -85.046  -22.826 0.1000000015
5438  -18.000  -86.407  -22.898 0.1000000015
10809  -17.681  -82.960  -23.646 0.1000000015
12009  -18.156  -81.336  -24.279 0.1000000015
13158  -18.496  -80.905  -24.642 0.1000000015
6320  -18.887  -86.628  -21.040 0.1000000015
7346  -18.539  -86.283  -20.633 0.1000000015
6339  -19.579  -86.477  -21.476 0.1000000015
7398  -18.859  -85.461  -22.837 0.1000000015
6357  -18.944  -86.147  -22.487 0.1000000015
6356  -18.347  -86.408  -22.574 0.1000000015
10796  -18.886  -83.680  -22.542 0.1000000015
6370  -18.294  -86.146  -23.141 0.1000000015
7397  -18.334  -85.642  -23.329 0.1000000015
10810  -18.508  -83.044  -22.848 0.1000000015
13138  -19.335  -81.048  -23.598 0.1000000015
13159  -19.088  -80.841  -24.261 0.1000000015
13160  -20.438  -80.312  -24.658 0.1000000015
11905  -21.337  -81.299  -18.059 0.1000000015
10733  -20.201  -82.662  -18.604 0.1000000015
10715  -21.886  -82.438  -18.045 0.1000000015
6303  -19.241  -86.554  -20.432 0.1000000015
7330  -19.166  -86.012  -19.942 0.1000000015
8452  -19.908  -84.465  -18.932 0.1000000015
9585  -20.609  -83.687  -18.541 0.1000000015
6321  -19.760  -86.788  -20.666 0.1000000015
8472  -18.576  -84.932  -19.487 0.1000000015
5426  -20.124  -86.796  -20.965 0.1000000015
7329  -18.168  -85.555  -20.208 0.1000000015
7382  -19.414  -85.593  -22.390 0.1000000015
6358  -19.715  -85.973  -22.030 0.1000000015
11993  -19.125  -81.761  -23.062 0.1000000015
11907  -22.752  -81.848  -17.345 0.1000000015
10734  -21.186  -82.802  -18.199 0.1000000015
11906  -22.088  -81.669  -17.818 0.1000000015
8473  -19.572  -85.351  -19.310 0.1000000015
8474  -20.512  -85.504  -19.013 0.1000000015
7331  -20.164  -86.215  -19.499 0.1000000015
6304  -19.864  -86.800  -19.986 0.1000000015
8527  -19.430  -84.967  -22.460 0.1000000015
9657  -19.899  -84.231  -21.959 0.1000000015
9656  -19.159  -84.204  -22.426 0.1000000015
10797  -19.394  -83.153  -22.244 0.1000000015
11976  -19.826  -82.085  -22.028 0.1000000015
6340  -20.457  -86.077  -21.576 0.1000000015
11924  -20.681  -81.736  -18.348 0.1000000015
7364  -20.539  -85.519  -21.664 0.1000000015
6322  -20.418  -86.968  -20.349 0.1000000015
5415  -20.581  -86.868  -20.791 0.1000000015
13053  -20.125  -81.236  -18.305 0.1000000015
6342  -21.763  -86.268  -20.712 0.1000000015
6324  -22.569  -86.306  -20.293 0.1000000015
7348  -23.698  -85.851  -20.347 0.1000000015
7332  -21.100  -86.191  -19.242 0.1000000015
6323  -21.268  -86.628  -20.424 0.1000000015
6290  -22.123  -86.320  -18.900 0.1000000015
7314  -21.419  -85.665  -18.765 0.1000000015
8453  -20.993  -84.758  -18.586 0.1000000015
7315  -22.197  -85.988  -18.518 0.1000000015
6305  -20.790  -86.839  -19.688 0.1000000015
7347  -22.843  -85.496  -20.789 0.1000000015
6306  -21.915  -86.411  -19.444 0.1000000015
5254  -29.607  -87.255  -8.888 0.1000000015
5255  -29.960  -87.270  -9.148 0.2000000030
5270  -27.013  -87.024  -10.239 0.1000000015
5273  -29.688  -87.289  -9.276 0.2000000030
5288  -26.289  -87.051  -11.497 0.1000000015
5292  -29.588  -87.273  -9.502 0.2000000030
5312  -28.335  -87.046  -10.438 0.1000000015
5331  -26.074  -86.729  -12.309 0.1000000015
5332  -26.299  -86.689  -12.354 0.1000000015
5349  -26.138  -86.614  -12.608 0.2000000030
5350  -26.170  -86.608  -12.796 0.2000000030
5414  -20.228  -86.916  -20.673 0.1000000015
5427  -20.428  -86.624  -21.220 0.1000000015
5450  -17.893  -86.273  -23.272 0.1000000015
5463  -17.980  -86.173  -23.485 0.1000000015
6156  -30.787  -86.635  -8.992 0.2000000030
6175  -29.832  -87.248  -9.425 0.2000000030
6176  -30.151  -87.087  -9.262 0.2000000030
6198  -29.727  -87.079  -9.661 0.2000000030
6199  -30.109  -86.924  -9.535 0.2000000030
6247  -26.092  -86.248  -12.718 0.2000000030
6371  -18.595  -85.850  -22.949 0.1000000015
7164  -31.048  -85.425  -7.913 0.1000000015
7192  -30.255  -86.154  -10.071 0.2000000030
7193  -30.445  -86.490  -9.649 0.2000000030
7244  -25.745  -85.813  -12.294 0.1000000015
7333  -21.750  -86.190  -18.932 0.1000000015
8317  -30.774  -85.085  -7.792 0.1000000015
8352  -30.474  -85.976  -10.023 0.2000000030
8528  -19.974  -84.919  -22.018 0.1000000015
9432  -36.280  -83.093  -6.196 0.1000000015
9447  -35.821  -83.409  -6.532 0.2000000030
9463  -36.019  -82.987  -7.305 0.5000000000
9464  -36.377  -82.792  -7.078 0.2000000030
9494  -34.189  -83.141  -8.956 0.5000000000
9543  -27.292  -82.979  -15.513 0.2000000030
9655  -18.602  -84.162  -22.821 0.1000000015
10499  -25.970  -82.605  -1.737 0.1000000015
10504  -25.865  -82.129  -2.752 0.1000000015
10552  -37.153  -82.202  -6.557 0.3000000119
10563  -37.116  -82.179  -6.899 0.3000000119
10580  -36.351  -82.426  -7.832 0.5000000000
10610  -31.842  -82.627  -10.735 0.3000000119
10642  -27.051  -82.985  -12.022 0.2000000030
10798  -19.856  -83.612  -21.950 0.1000000015
10811  -18.967  -82.622  -22.660 0.1000000015
11640  -25.895  -82.042  -1.413 0.1000000015
11678  -24.933  -80.972  -3.533 0.1000000015
11712  -32.158  -81.533  -6.130 0.1000000015
11753  -31.851  -82.216  -7.229 0.1000000015
11814  -26.990  -81.899  -11.955 0.2000000030
11925  -21.468  -81.975  -18.185 0.1000000015
12010  -18.632  -81.443  -23.767 0.1000000015
12769  -27.923  -80.967  2.104 0.1000000015
12782  -26.699  -80.338  1.420 0.1000000015
12828  -38.181  -79.805  -2.987 0.2000000030
12829  -38.519  -79.673  -2.998 0.2000000030
12837  -38.074  -80.086  -3.422 0.1000000015
12843  -37.829  -80.277  -4.071 0.2000000030
12960  -27.350  -80.710  -11.343 0.2000000030
12961  -31.333  -80.657  -11.476 0.4000000060
12964  -34.508  -80.363  -12.098 0.5000000000
12977  -34.314  -80.156  -12.704 0.5000000000
12988  -33.908  -79.978  -13.192 0.5000000000
12989  -34.113  -80.068  -12.983 0.5000000000
13009  -26.422  -80.406  -14.922 0.1000000015
14034  -37.583  -79.471  -2.635 0.1000000015
14045  -38.621  -79.428  -3.089 0.2000000030
14060  -38.600  -79.449  -3.638 0.2000000030
14115  -28.503  -79.778  -8.162 0.1000000015
14119  -35.231  -79.962  -8.049 0.4000000060
14149  -27.756  -79.969  -10.813 0.3000000119
14153  -34.125  -79.548  -10.818 0.6000000238
14169  -27.055  -80.155  -11.761 0.2000000030
14192  -27.039  -79.318  -11.609 0.2000000030
15286  -37.589  -78.812  -2.676 0.1000000015
15287  -38.308  -79.177  -2.954 0.1000000015
15310  -29.435  -78.045  -4.343 0.1000000015
15319  -38.467  -78.975  -3.742 0.2000000030
15326  -24.139  -79.036  -5.546 0.1000000015
15342  -24.058  -78.848  -5.830 0.1000000015
15359  -33.531  -78.488  -7.844 0.5000000000
15385  -29.776  -79.290  -10.910 0.4000000060
15387  -33.492  -78.353  -10.648 0.5000000000
15408  -26.857  -78.907  -11.837 0.2000000030
15518  -29.356  -77.974  -21.097 0.1000000015
16451  -36.284  -78.719  -1.318 0.1000000015
16514  -26.780  -77.518  -5.517 0.1000000015
16529  -26.501  -77.541  -6.256 0.1000000015
16538  -26.129  -77.769  -6.924 0.1000000015
16544  -35.419  -77.989  -6.853 0.3000000119
16563  -27.755  -77.970  -11.442 0.2000000030
16603  -26.317  -77.693  -15.489 0.1000000015
16604  -26.594  -77.273  -16.110 0.1000000015
16617  -27.116  -77.597  -16.786 0.1000000015
16687  -27.944  -78.048  -21.275 0.1000000015
17530  -35.539  -76.913  -1.988 0.2000000030
17579  -35.949  -76.058  -5.418 0.2000000030
17592  -34.213  -76.156  -6.430 0.4000000060
17606  -32.106  -76.721  -8.668 0.5000000000
17610  -32.026  -76.717  -9.202 0.5000000000
17628  -30.210  -77.133  -12.850 0.2000000030
17661  -34.780  -76.864  -15.090 0.3000000119
17680  -35.936  -75.597  -15.671 0.2000000030
17711  -29.460  -76.163  -18.175 0.1000000015
17726  -30.744  -76.320  -18.925 0.1000000015
17746  -31.510  -75.792  -19.623 0.1000000015
18696  -32.062  -76.325  -8.687 0.5000000000
18701  -32.080  -75.920  -9.487 0.5000000000
18711  -34.051  -75.885  -10.801 0.5000000000
18730  -28.125  -75.311  -13.760 0.1000000015
18751  -34.422  -75.278  -15.431 0.2000000030
18763  -27.415  -75.544  -15.613 0.1000000015
18786  -37.173  -75.075  -16.162 0.1000000015
18802  -29.206  -75.873  -17.883 0.2000000030
18804  -30.426  -74.879  -18.123 0.1000000015
18839  -31.891  -75.352  -19.954 0.1000000015
18861  -32.023  -74.953  -21.323 0.1000000015
18884  -31.830  -74.832  -21.606 0.1000000015
19702  -36.125  -74.552  -4.086 0.3000000119
19765  -31.932  -74.231  -7.640 0.5000000000
19796  -44.129  -74.314  -9.644 0.1000000015
19831  -38.277  -75.244  -13.581 0.4000000060
19845  -28.761  -74.124  -14.221 0.1000000015
19860  -27.778  -75.019  -16.092 0.2000000030
19865  -36.122  -74.653  -16.107 0.1000000015
19877  -28.874  -74.787  -16.687 0.2000000030
19878  -29.574  -74.540  -16.813 0.2000000030
19879  -30.035  -74.293  -17.015 0.2000000030
19913  -30.729  -74.338  -18.397 0.1000000015
19951  -27.029  -74.979  -20.476 0.1000000015
19953  -32.233  -74.879  -20.356 0.1000000015
19977  -32.149  -74.431  -21.866 0.1000000015
19995  -29.138  -74.094  -22.771 0.1000000015
19998  -31.396  -74.195  -22.504 0.1000000015
20982  -33.201  -73.275  -5.915 0.4000000060
20987  -45.484  -73.435  -5.959 0.1000000015
20999  -33.503  -73.940  -5.944 0.3000000119
21033  -31.728  -73.761  -7.973 0.5000000000
21034  -43.227  -73.633  -9.174 0.1000000015
21043  -31.742  -73.642  -8.537 0.5000000000
21045  -32.561  -73.129  -9.633 0.5000000000
21058  -41.406  -73.721  -10.820 0.1000000015
21072  -41.188  -73.614  -11.202 0.1000000015
21101  -29.126  -73.944  -14.168 0.1000000015
21102  -29.636  -73.927  -14.086 0.1000000015
21117  -28.633  -74.136  -15.222 0.1000000015
21267  -28.429  -73.654  -22.722 0.1000000015
21294  -30.441  -73.042  -23.846 0.1000000015
22334  -45.554  -72.868  -5.417 0.1000000015
22370  -44.287  -72.564  -6.427 0.1000000015
22384  -32.044  -73.189  -7.570 0.5000000000
22403  -31.924  -73.227  -7.955 0.5000000000
22404  -32.182  -72.676  -8.254 0.5000000000
22456  -41.131  -73.591  -11.423 0.1000000015
22530  -32.345  -72.421  -14.836 0.1000000015
22560  -30.719  -73.171  -16.394 0.2000000030
22561  -31.326  -72.588  -16.474 0.1000000015
22584  -31.392  -72.635  -17.784 0.1000000015
22604  -31.716  -72.796  -18.890 0.1000000015
22605  -32.430  -72.516  -19.318 0.1000000015
22629  -32.896  -72.649  -19.777 0.1000000015
22688  -33.485  -72.179  -22.829 0.1000000015
22710  -31.709  -72.112  -23.856 0.1000000015
23819  -43.970  -71.984  -6.306 0.1000000015
23881  -32.931  -72.091  -8.812 0.5000000000
24003  -32.566  -71.515  -16.547 0.1000000015
24024  -32.601  -71.503  -17.667 0.1000000015
24064  -32.810  -72.265  -19.345 0.1000000015
24124  -33.388  -71.449  -23.316 0.1000000015
25298  -43.379  -71.340  -7.016 0.1000000015
25445  -34.515  -70.961  -15.300 0.1000000015
25494  -35.707  -69.422  -17.697 0.1000000015
25577  -35.134  -70.219  -21.288 0.1000000015
25625  -33.089  -71.062  -23.449 0.1000000015
26726  -41.159  -69.229  -7.041 0.1000000015
26765  -34.681  -69.787  -8.111 0.4000000060
26884  -33.074  -69.025  -15.499 0.1000000015
26947  -35.711  -69.515  -18.242 0.1000000015
26977  -37.447  -68.816  -19.192 0.1000000015
27028  -32.537  -69.381  -21.928 0.1000000015
28044  -38.977  -67.600  -5.747 0.1000000015
28045  -39.545  -67.794  -5.705 0.1000000015
28277  -33.302  -68.288  -18.623 0.1000000015
28300  -32.698  -68.489  -20.089 0.1000000015
28302  -37.046  -68.315  -20.299 0.1000000015
28322  -34.333  -69.112  -22.270 0.1000000015
29283  -35.217  -67.427  -5.464 0.2000000030
30725  -37.603  -65.393  -17.893 0.1000000015
30740  -37.608  -65.063  -18.249 0.1000000015
30752  -35.620  -65.971  -20.657 0.1000000015
30760  -36.264  -66.371  -20.985 0.1000000015
30763  -39.137  -65.630  -20.452 0.1000000015
30766  -36.114  -66.932  -21.125 0.1000000015
32008  -37.433  -64.670  -18.402 0.1000000015
32010  -39.550  -65.677  -18.549 0.1000000015
32011  -39.907  -65.690  -18.397 0.1000000015
32022  -35.502  -65.769  -20.253 0.1000000015
32028  -39.944  -65.584  -18.638 0.1000000015
32035  -38.981  -65.161  -19.868 0.1000000015
33254  -35.855  -64.348  -17.035 0.1000000015
33255  -36.239  -64.349  -17.065 0.1000000015
33266  -36.621  -64.212  -17.457 0.1000000015
33267  -37.080  -64.206  -17.965 0.1000000015
33281  -36.662  -64.341  -18.526 0.1000000015
33293  -36.107  -64.867  -19.082 0.1000000015
34415  -38.215  -63.591  -14.571 0.1000000015
34416  -38.448  -63.636  -14.429 0.1000000015
34447  -36.693  -64.011  -17.938 0.1000000015
34448  -37.136  -64.156  -18.258 0.1000000015
34462  -35.918  -64.127  -17.992 0.1000000015
34463  -36.403  -64.115  -18.093 0.1000000015
34464  -36.772  -64.147  -18.216 0.1000000015
36656  -39.151  -61.719  -12.704 0.1000000015
132576  -38.479  -68.552  -19.128 0.1000000015
