#!ascii label  , from subject 4107 vox2ras=TkReg
758
102871  33.084  9.220  43.531 0.0000000000
101164  34.397  7.767  34.703 0.0000000000
108697  34.858  15.300  29.892 0.0000000000
98479  40.752  3.694  29.568 0.0000000000
96487  31.627  2.978  40.906 0.0000000000
106772  40.284  13.615  34.380 0.0000000000
101188  37.922  7.446  30.840 0.0000000000
103878  30.886  11.039  32.507 0.0000000000
104800  36.721  11.213  38.043 0.0000000000
102015  33.111  8.220  39.494 0.0000000000
97423  35.111  3.508  37.027 0.0000000000
109692  33.858  16.656  31.502 0.0000000000
102981  33.118  10.108  28.574 0.0000000000
105834  33.492  12.464  32.666 0.0000000000
102986  36.528  8.841  27.885 0.0000000000
107719  31.484  14.707  33.543 0.0000000000
102006  36.593  8.692  40.991 0.0000000000
101107  34.618  7.438  42.109 0.0000000000
96515  33.197  2.911  38.747 0.0000000000
109697  38.651  15.867  30.642 0.0000000000
109676  37.840  16.535  31.794 0.0000000000
109708  35.331  16.344  29.780 0.0000000000
106817  32.350  13.853  29.353 0.0000000000
106824  33.321  13.280  28.026 0.0000000000
103853  33.267  10.684  36.773 0.0000000000
106763  34.735  12.960  35.194 0.0000000000
102940  33.542  9.635  33.276 0.0000000000
100273  40.496  6.882  29.031 0.0000000000
102095  37.388  8.342  28.995 0.0000000000
100284  38.188  6.906  28.550 0.0000000000
100286  36.604  7.143  28.441 0.0000000000
98480  38.456  4.277  29.770 0.0000000000
95633  38.140  1.299  31.600 0.0000000000
101097  30.599  7.440  43.923 0.0000000000
100165  31.842  6.130  41.859 0.0000000000
107743  38.059  15.179  31.219 0.0000000000
99344  36.744  5.292  33.984 0.0000000000
101171  35.687  7.386  33.027 0.0000000000
99372  38.818  5.936  32.513 0.0000000000
100250  41.455  6.253  30.686 0.0000000000
105767  39.642  12.104  39.651 0.0000000000
103819  38.194  10.388  40.029 0.0000000000
103836  34.748  10.588  39.013 0.0000000000
102036  32.748  8.228  36.813 0.0000000000
99278  31.841  5.569  39.456 0.0000000000
99307  32.831  5.547  37.260 0.0000000000
99332  34.781  5.417  35.801 0.0000000000
97468  37.048  3.566  35.570 0.0000000000
101099  29.141  7.181  44.857 0.0000000000
109647  37.496  16.669  34.114 0.0000000000
109666  33.451  16.673  33.597 0.0000000000
106804  31.629  13.867  31.609 0.0000000000
103884  31.855  10.691  30.971 0.0000000000
100268  33.164  7.289  30.677 0.0000000000
105799  38.488  12.724  36.541 0.0000000000
106788  36.174  13.908  33.706 0.0000000000
107746  34.685  14.365  31.174 0.0000000000
102075  35.559  8.467  31.242 0.0000000000
103895  34.899  10.791  29.205 0.0000000000
105857  34.238  12.720  28.422 0.0000000000
102988  34.067  9.432  26.846 0.0000000000
100278  34.731  7.221  29.476 0.0000000000
107705  31.281  14.973  34.149 0.0000000000
109668  31.854  16.306  34.146 0.0000000000
102878  35.443  9.151  42.880 0.0000000000
101986  33.726  8.575  43.058 0.0000000000
108703  37.292  15.616  29.768 0.0000000000
109699  37.173  16.690  30.084 0.0000000000
108705  35.540  15.765  29.696 0.0000000000
107766  33.781  14.691  29.274 0.0000000000
107773  33.861  14.165  28.894 0.0000000000
102928  33.180  9.184  35.679 0.0000000000
103863  33.109  10.678  34.693 0.0000000000
102933  33.415  9.561  34.360 0.0000000000
99413  41.191  5.838  29.034 0.0000000000
100283  39.387  6.804  28.738 0.0000000000
98497  39.620  5.230  28.638 0.0000000000
99414  38.755  5.371  28.859 0.0000000000
97535  39.677  3.552  29.324 0.0000000000
96619  39.519  2.572  30.252 0.0000000000
96618  40.184  2.503  29.952 0.0000000000
99243  30.698  5.666  43.201 0.0000000000
107741  39.874  15.179  31.806 0.0000000000
107715  38.812  14.438  32.900 0.0000000000
98424  37.956  4.438  34.143 0.0000000000
99358  37.873  5.540  33.426 0.0000000000
98442  39.264  4.718  33.392 0.0000000000
99370  41.286  5.405  32.025 0.0000000000
99384  43.084  5.384  31.381 0.0000000000
99411  42.741  5.639  29.951 0.0000000000
102008  35.217  8.261  40.354 0.0000000000
102893  35.530  9.381  39.665 0.0000000000
102894  34.604  9.331  39.575 0.0000000000
102903  33.028  9.433  38.300 0.0000000000
102904  32.582  8.774  38.078 0.0000000000
98335  31.630  4.615  40.799 0.0000000000
99258  32.441  6.040  40.994 0.0000000000
98346  31.819  4.563  39.645 0.0000000000
96532  34.561  3.119  37.743 0.0000000000
98354  32.943  3.974  38.086 0.0000000000
98370  34.042  4.114  37.189 0.0000000000
99321  33.303  5.807  36.629 0.0000000000
98386  35.184  4.321  36.379 0.0000000000
98405  35.656  4.628  35.593 0.0000000000
97443  36.713  3.165  36.207 0.0000000000
96546  39.668  2.239  36.730 0.0000000000
109677  36.761  16.869  31.963 0.0000000000
109662  37.654  16.486  32.953 0.0000000000
109678  35.684  17.131  32.175 0.0000000000
109664  35.459  17.016  33.292 0.0000000000
109680  33.700  16.795  32.625 0.0000000000
108674  32.610  15.722  32.288 0.0000000000
108688  33.160  15.851  31.052 0.0000000000
105852  32.333  12.720  28.979 0.0000000000
105847  31.882  12.734  30.039 0.0000000000
103889  32.436  10.758  30.026 0.0000000000
102088  32.425  9.109  30.524 0.0000000000
102087  32.981  8.850  30.077 0.0000000000
104798  38.404  11.630  37.889 0.0000000000
105784  39.420  12.287  37.759 0.0000000000
105800  37.419  12.692  36.934 0.0000000000
105829  33.652  12.547  33.676 0.0000000000
106776  35.637  13.461  34.588 0.0000000000
106789  34.714  13.592  33.455 0.0000000000
107731  35.162  14.320  32.179 0.0000000000
105839  33.641  12.557  31.630 0.0000000000
101178  36.640  7.288  31.845 0.0000000000
102066  35.391  8.200  32.234 0.0000000000
101189  36.988  7.769  30.966 0.0000000000
102967  36.874  8.701  28.474 0.0000000000
102959  36.320  9.033  29.190 0.0000000000
102979  35.696  9.581  28.162 0.0000000000
104846  34.635  11.856  28.851 0.0000000000
104851  34.948  11.057  27.567 0.0000000000
104861  34.366  11.543  27.207 0.0000000000
102995  34.969  9.552  26.916 0.0000000000
99402  36.845  5.749  30.106 0.0000000000
100277  35.548  7.126  29.050 0.0000000000
99403  35.383  6.010  30.456 0.0000000000
99404  34.421  6.224  30.508 0.0000000000
106757  40.855  13.418  35.359 0.0000000000
106792  30.777  13.500  33.721 0.0000000000
105836  31.053  12.649  32.367 0.0000000000
102875  37.510  9.693  42.046 0.0000000000
101992  36.562  9.053  42.415 0.0000000000
102001  35.643  8.255  41.673 0.0000000000
101118  33.782  7.430  40.590 0.0000000000
96501  32.638  2.810  39.369 0.0000000000
109688  37.961  16.485  30.862 0.0000000000
109689  37.004  16.949  30.898 0.0000000000
109701  35.132  16.753  30.423 0.0000000000
108699  33.134  15.551  30.270 0.0000000000
108708  33.226  15.311  29.841 0.0000000000
106825  32.817  13.502  28.351 0.0000000000
105859  32.830  12.577  27.939 0.0000000000
105790  34.503  12.269  37.315 0.0000000000
105802  35.808  12.718  36.885 0.0000000000
105816  33.783  12.345  35.593 0.0000000000
104818  32.987  11.598  34.183 0.0000000000
104823  33.137  11.496  33.202 0.0000000000
101186  39.542  7.317  30.226 0.0000000000
101199  38.300  7.591  29.844 0.0000000000
101208  38.810  7.584  29.229 0.0000000000
102104  38.032  7.899  29.042 0.0000000000
101229  37.314  7.691  28.486 0.0000000000
101230  36.512  7.622  28.027 0.0000000000
100285  37.511  6.770  28.553 0.0000000000
99415  37.975  5.810  29.077 0.0000000000
98481  37.846  4.571  30.256 0.0000000000
95632  38.743  1.352  30.987 0.0000000000
101988  31.623  8.344  43.741 0.0000000000
101102  32.732  7.436  42.975 0.0000000000
100150  31.469  7.024  43.152 0.0000000000
98314  30.957  5.272  42.269 0.0000000000
97372  31.225  3.623  41.327 0.0000000000
109685  40.165  15.477  31.485 0.0000000000
108684  38.185  15.555  30.686 0.0000000000
107754  37.006  14.942  30.100 0.0000000000
100225  35.393  6.602  34.129 0.0000000000
101162  35.337  7.290  33.644 0.0000000000
100233  35.684  7.004  33.479 0.0000000000
100231  37.279  6.177  32.888 0.0000000000
100240  38.613  6.528  31.870 0.0000000000
98457  40.784  4.861  32.498 0.0000000000
99387  40.131  6.343  31.434 0.0000000000
100252  39.567  6.920  30.900 0.0000000000
100261  41.284  6.550  29.868 0.0000000000
99412  41.968  5.867  29.561 0.0000000000
98478  41.417  3.866  29.873 0.0000000000
97526  41.483  2.857  30.134 0.0000000000
104767  39.110  11.468  40.472 0.0000000000
103833  37.592  10.520  38.954 0.0000000000
102887  37.340  9.301  40.654 0.0000000000
103821  37.170  10.140  39.470 0.0000000000
104788  36.124  11.028  38.596 0.0000000000
104791  33.743  10.876  38.058 0.0000000000
102912  33.104  9.753  37.156 0.0000000000
102044  33.325  8.345  35.818 0.0000000000
100163  33.473  6.651  42.078 0.0000000000
100171  32.860  6.593  40.787 0.0000000000
101124  32.720  7.286  39.570 0.0000000000
98345  32.051  4.061  39.176 0.0000000000
99291  31.735  5.543  38.717 0.0000000000
101132  32.285  7.303  38.353 0.0000000000
101143  32.578  7.345  37.259 0.0000000000
101149  33.202  7.391  36.337 0.0000000000
100216  34.647  6.588  35.118 0.0000000000
100215  35.149  5.876  34.948 0.0000000000
98425  37.047  4.582  34.424 0.0000000000
97487  38.608  3.828  34.695 0.0000000000
96548  37.599  2.452  36.541 0.0000000000
96567  38.943  2.542  35.866 0.0000000000
101981  31.237  8.898  44.239 0.0000000000
101098  29.868  7.475  44.542 0.0000000000
99231  28.439  5.626  45.320 0.0000000000
109627  39.630  16.721  34.914 0.0000000000
109629  37.317  16.652  35.233 0.0000000000
108668  31.915  15.817  33.160 0.0000000000
106797  31.394  13.791  32.586 0.0000000000
105841  31.185  12.218  31.876 0.0000000000
107758  32.180  14.318  30.443 0.0000000000
104842  31.729  11.783  30.731 0.0000000000
104835  31.323  11.603  31.628 0.0000000000
106758  39.660  13.077  35.471 0.0000000000
106761  36.185  13.204  35.664 0.0000000000
106775  36.754  13.614  34.619 0.0000000000
106786  38.369  14.237  33.668 0.0000000000
107717  36.823  14.344  32.837 0.0000000000
107745  35.847  14.744  31.086 0.0000000000
107756  34.713  14.704  30.168 0.0000000000
102067  34.693  8.602  32.605 0.0000000000
102947  33.877  9.543  32.309 0.0000000000
103882  33.728  10.559  31.479 0.0000000000
102084  36.709  8.570  30.032 0.0000000000
102961  35.079  9.893  29.980 0.0000000000
103888  33.883  11.103  30.847 0.0000000000
105844  34.264  12.140  30.070 0.0000000000
106816  34.208  13.382  29.712 0.0000000000
106815  34.149  13.648  29.095 0.0000000000
105858  33.769  12.871  28.006 0.0000000000
104862  33.556  11.614  27.086 0.0000000000
103903  33.510  10.096  27.473 0.0000000000
101231  35.472  8.036  27.544 0.0000000000
102106  34.362  8.535  27.637 0.0000000000
102097  33.480  8.736  28.814 0.0000000000
101201  33.683  7.720  30.013 0.0000000000
95623  37.503  1.383  32.442 0.0000000000
108660  31.337  15.570  34.404 0.0000000000
109652  32.313  16.568  34.716 0.0000000000
102870  33.898  9.285  43.280 0.0000000000
101985  34.278  8.768  43.084 0.0000000000
108704  36.508  15.621  29.672 0.0000000000
108706  34.528  15.513  29.667 0.0000000000
102053  33.382  8.749  35.323 0.0000000000
102934  33.301  9.122  35.054 0.0000000000
102052  33.889  8.421  34.808 0.0000000000
98489  40.500  4.613  29.034 0.0000000000
98496  40.096  5.426  28.605 0.0000000000
98490  39.460  4.487  28.938 0.0000000000
97534  40.341  3.356  29.448 0.0000000000
96623  39.964  2.998  29.478 0.0000000000
107703  40.334  14.039  33.902 0.0000000000
107714  39.599  14.291  33.183 0.0000000000
107704  39.984  14.029  33.815 0.0000000000
98423  38.962  4.422  34.109 0.0000000000
98443  38.576  4.880  33.612 0.0000000000
99383  43.953  5.461  31.543 0.0000000000
99398  43.666  5.429  30.727 0.0000000000
103871  31.344  10.168  32.725 0.0000000000
102014  33.901  8.520  39.809 0.0000000000
102013  34.949  8.673  39.909 0.0000000000
102020  33.266  8.807  39.122 0.0000000000
97384  31.754  3.539  40.327 0.0000000000
96531  35.191  2.955  37.493 0.0000000000
97424  34.551  3.660  37.268 0.0000000000
98387  34.385  4.584  36.579 0.0000000000
97445  34.989  3.915  36.770 0.0000000000
97444  35.685  3.499  36.560 0.0000000000
109691  34.866  17.008  31.316 0.0000000000
109679  34.606  17.146  32.378 0.0000000000
109693  33.280  16.271  32.061 0.0000000000
103896  32.753  10.801  28.878 0.0000000000
104847  32.410  11.670  29.276 0.0000000000
102972  32.955  9.857  29.441 0.0000000000
102098  33.156  9.213  29.265 0.0000000000
104799  37.622  11.070  37.912 0.0000000000
105786  37.907  12.115  37.468 0.0000000000
105787  37.073  11.879  37.436 0.0000000000
106790  33.789  13.121  33.089 0.0000000000
106796  33.890  13.518  32.307 0.0000000000
100254  37.797  7.114  31.441 0.0000000000
101190  36.246  7.806  31.405 0.0000000000
102978  36.395  9.077  28.145 0.0000000000
102968  36.482  9.003  28.648 0.0000000000
103901  35.192  10.609  28.287 0.0000000000
103910  35.239  10.279  27.602 0.0000000000
103917  35.102  10.143  27.084 0.0000000000
102987  35.641  9.368  27.531 0.0000000000
99388  36.599  5.197  30.945 0.0000000000
99389  35.789  5.309  31.289 0.0000000000
107720  31.124  14.148  33.775 0.0000000000
106791  31.203  13.850  33.349 0.0000000000
106798  30.995  13.234  33.066 0.0000000000
103804  36.626  10.121  42.629 0.0000000000
103805  35.782  9.936  42.789 0.0000000000
102002  35.042  7.776  42.020 0.0000000000
101993  35.976  8.712  42.466 0.0000000000
101117  34.834  7.915  40.736 0.0000000000
101113  34.770  7.675  41.443 0.0000000000
109686  39.537  15.685  31.087 0.0000000000
109674  39.822  16.108  31.677 0.0000000000
109687  38.833  16.077  30.961 0.0000000000
109700  36.156  16.966  30.136 0.0000000000
108698  33.568  15.974  30.211 0.0000000000
109709  34.368  16.184  29.936 0.0000000000
107775  33.176  13.916  28.408 0.0000000000
107767  33.134  14.498  29.135 0.0000000000
106831  33.023  13.030  27.660 0.0000000000
104803  33.739  11.512  37.464 0.0000000000
105804  34.035  12.351  36.557 0.0000000000
104808  33.389  11.610  36.258 0.0000000000
104813  33.190  11.623  35.220 0.0000000000
103864  32.848  10.949  34.143 0.0000000000
104824  32.882  11.173  33.695 0.0000000000
103869  33.090  10.568  33.723 0.0000000000
101206  40.133  7.320  29.532 0.0000000000
101198  39.227  7.455  29.759 0.0000000000
101207  39.624  7.428  29.227 0.0000000000
101216  39.184  7.391  28.939 0.0000000000
101217  38.474  7.400  28.775 0.0000000000
101218  37.803  7.700  28.752 0.0000000000
101228  37.961  7.373  28.594 0.0000000000
100293  37.700  7.175  28.327 0.0000000000
98491  38.782  4.650  29.187 0.0000000000
98492  38.223  4.926  29.582 0.0000000000
99401  37.752  5.273  29.731 0.0000000000
97530  38.402  3.897  30.165 0.0000000000
95639  39.268  1.601  30.691 0.0000000000
96620  39.150  2.360  30.718 0.0000000000
101103  32.055  7.380  43.225 0.0000000000
101104  31.262  7.477  43.521 0.0000000000
99250  30.972  5.757  42.565 0.0000000000
98325  30.664  4.282  42.318 0.0000000000
98324  31.042  4.741  41.803 0.0000000000
97373  30.773  3.865  42.034 0.0000000000
107742  39.092  15.285  31.615 0.0000000000
107753  37.575  15.220  30.438 0.0000000000
107744  36.977  14.800  30.941 0.0000000000
100224  36.152  5.937  33.762 0.0000000000
99373  38.028  6.262  32.621 0.0000000000
100241  37.437  6.753  32.082 0.0000000000
98441  40.060  4.619  33.003 0.0000000000
98456  41.665  4.965  32.706 0.0000000000
99385  42.021  5.701  31.196 0.0000000000
99386  40.970  6.110  31.463 0.0000000000
100251  40.687  6.681  30.749 0.0000000000
98486  43.093  5.367  29.924 0.0000000000
98487  42.672  5.248  29.764 0.0000000000
98488  41.759  5.020  29.530 0.0000000000
98477  42.601  4.405  29.905 0.0000000000
98467  42.051  3.770  30.324 0.0000000000
103815  38.671  11.087  41.265 0.0000000000
104768  38.564  10.832  40.256 0.0000000000
104777  38.604  10.906  39.674 0.0000000000
103832  38.109  10.555  39.380 0.0000000000
101999  37.239  9.148  41.727 0.0000000000
102882  37.597  9.570  41.569 0.0000000000
103822  35.627  9.910  39.492 0.0000000000
102892  36.527  9.511  39.810 0.0000000000
102901  36.264  10.102  39.394 0.0000000000
103834  36.747  10.495  38.879 0.0000000000
103835  35.763  10.426  39.167 0.0000000000
104789  35.272  11.173  38.626 0.0000000000
102913  32.629  8.977  37.425 0.0000000000
102921  32.905  9.094  36.476 0.0000000000
101110  32.558  6.984  42.867 0.0000000000
101109  33.205  7.169  42.754 0.0000000000
100156  32.861  6.728  42.441 0.0000000000
99268  32.156  5.627  40.388 0.0000000000
100172  32.469  6.305  40.377 0.0000000000
101119  33.062  6.940  40.247 0.0000000000
100180  32.274  6.353  39.771 0.0000000000
96516  32.723  3.176  38.900 0.0000000000
97395  32.361  3.553  39.096 0.0000000000
97409  32.794  3.561  38.520 0.0000000000
98372  32.626  4.996  37.766 0.0000000000
99290  32.194  5.542  37.993 0.0000000000
100187  31.978  6.354  38.465 0.0000000000
100198  32.364  6.434  37.640 0.0000000000
99320  33.930  5.414  36.262 0.0000000000
100206  33.601  6.451  36.161 0.0000000000
99333  34.207  6.136  35.796 0.0000000000
101148  33.732  7.169  35.835 0.0000000000
100217  34.076  6.779  35.652 0.0000000000
99331  35.341  5.360  35.243 0.0000000000
98404  36.610  4.211  35.147 0.0000000000
98403  37.409  3.924  34.859 0.0000000000
95572  38.420  1.723  37.000 0.0000000000
96566  39.922  2.660  35.786 0.0000000000
102866  30.903  9.413  44.687 0.0000000000
101093  29.367  7.751  45.109 0.0000000000
101983  29.826  8.394  44.959 0.0000000000
100146  29.401  6.523  44.567 0.0000000000
109663  36.540  16.783  33.116 0.0000000000
109646  38.658  16.595  33.950 0.0000000000
109628  38.465  16.716  35.092 0.0000000000
109648  36.360  16.696  34.240 0.0000000000
109665  34.397  17.008  33.465 0.0000000000
109667  32.508  16.479  33.691 0.0000000000
108667  32.399  16.228  32.950 0.0000000000
107733  32.485  15.293  32.009 0.0000000000
107734  32.115  14.933  32.275 0.0000000000
105835  31.361  13.262  31.970 0.0000000000
107757  32.645  14.855  30.232 0.0000000000
106810  32.178  14.081  30.056 0.0000000000
103890  32.003  11.229  30.432 0.0000000000
102956  31.867  9.606  31.426 0.0000000000
102077  32.720  8.277  30.659 0.0000000000
105775  40.280  12.521  39.101 0.0000000000
105798  39.432  12.628  36.819 0.0000000000
106746  39.694  12.846  36.221 0.0000000000
105812  38.975  12.882  35.870 0.0000000000
105814  35.498  12.870  36.097 0.0000000000
105813  36.008  12.894  36.382 0.0000000000
106762  35.236  13.114  35.347 0.0000000000
106774  37.908  13.861  34.603 0.0000000000
106787  37.308  14.077  33.720 0.0000000000
107716  37.869  14.461  32.852 0.0000000000
107747  34.162  13.943  31.648 0.0000000000
107730  36.363  14.429  31.925 0.0000000000
106802  34.343  14.029  30.507 0.0000000000
101172  35.098  7.854  33.373 0.0000000000
101180  35.396  7.997  32.743 0.0000000000
102076  34.798  8.858  31.649 0.0000000000
102954  34.131  9.731  31.524 0.0000000000
102953  34.714  9.473  31.002 0.0000000000
102083  37.613  8.030  29.594 0.0000000000
102970  35.378  9.998  29.277 0.0000000000
102960  35.745  9.252  29.655 0.0000000000
103887  34.342  10.636  30.450 0.0000000000
104840  34.085  11.627  30.446 0.0000000000
104839  34.461  11.644  29.752 0.0000000000
104852  34.690  11.703  27.995 0.0000000000
105850  34.294  12.653  29.518 0.0000000000
106808  34.246  14.023  29.839 0.0000000000
106823  33.781  13.522  28.421 0.0000000000
105865  34.143  12.309  27.759 0.0000000000
103919  34.220  10.320  26.707 0.0000000000
104870  34.073  11.040  26.670 0.0000000000
103911  33.621  10.527  27.004 0.0000000000
103912  33.298  11.166  27.281 0.0000000000
102989  33.797  9.527  27.175 0.0000000000
101219  36.262  7.356  28.139 0.0000000000
101211  35.052  7.503  28.741 0.0000000000
101222  34.156  8.402  28.253 0.0000000000
101212  34.152  7.783  29.241 0.0000000000
102086  33.516  8.167  29.727 0.0000000000
100279  34.239  7.266  29.848 0.0000000000
99390  34.565  5.577  31.207 0.0000000000
96614  38.133  2.355  31.833 0.0000000000
107706  30.880  14.581  34.440 0.0000000000
102869  34.630  9.151  43.110 0.0000000000
101994  34.735  8.217  42.630 0.0000000000
109705  37.610  15.885  29.909 0.0000000000
109698  37.921  16.122  30.277 0.0000000000
109706  37.193  16.103  29.736 0.0000000000
109707  36.338  16.328  29.685 0.0000000000
108707  33.734  15.413  29.617 0.0000000000
107774  33.489  14.064  28.599 0.0000000000
102920  33.244  9.888  36.202 0.0000000000
103858  33.198  10.733  35.754 0.0000000000
102927  33.333  9.873  35.304 0.0000000000
100282  40.063  6.424  28.707 0.0000000000
99422  39.771  5.958  28.561 0.0000000000
99423  38.882  5.922  28.585 0.0000000000
98498  39.105  5.106  28.751 0.0000000000
97536  39.222  4.002  29.277 0.0000000000
97529  38.985  3.445  29.957 0.0000000000
97528  39.455  3.101  29.762 0.0000000000
96624  39.723  2.903  29.689 0.0000000000
95638  39.704  1.812  30.637 0.0000000000
100151  30.824  6.634  43.326 0.0000000000
99235  30.296  5.708  43.860 0.0000000000
107725  40.724  14.933  32.687 0.0000000000
107726  40.119  14.735  32.471 0.0000000000
107727  39.363  14.790  32.304 0.0000000000
107728  38.459  14.765  32.095 0.0000000000
99343  37.386  4.943  33.941 0.0000000000
99359  36.849  5.886  33.386 0.0000000000
99357  38.943  5.232  32.959 0.0000000000
99369  42.357  5.265  32.175 0.0000000000
99400  42.083  5.926  30.240 0.0000000000
99399  42.843  5.570  30.561 0.0000000000
99410  43.241  5.448  30.174 0.0000000000
103816  38.329  10.614  40.763 0.0000000000
102007  35.769  8.327  40.698 0.0000000000
102011  36.326  8.747  40.315 0.0000000000
102012  35.780  8.665  39.984 0.0000000000
103824  34.382  9.981  39.235 0.0000000000
103837  33.837  10.316  38.597 0.0000000000
102895  33.762  9.454  39.191 0.0000000000
99259  31.843  5.630  41.343 0.0000000000
100164  32.568  6.400  41.692 0.0000000000
97408  33.527  3.517  38.087 0.0000000000
97425  33.904  3.785  37.529 0.0000000000
98371  33.354  4.493  37.441 0.0000000000
99306  33.405  5.209  36.835 0.0000000000
98388  33.732  4.878  36.720 0.0000000000
99319  34.363  5.124  36.190 0.0000000000
98406  35.053  4.796  36.160 0.0000000000
97469  36.270  3.743  35.744 0.0000000000
95571  39.214  1.872  37.165 0.0000000000
96527  40.406  2.156  37.317 0.0000000000
109681  32.950  16.410  32.857 0.0000000000
107748  32.555  15.214  31.464 0.0000000000
105853  32.067  13.250  29.510 0.0000000000
105846  32.168  12.233  29.559 0.0000000000
104841  32.126  11.745  30.021 0.0000000000
103883  32.295  10.255  30.588 0.0000000000
102955  32.200  9.902  30.873 0.0000000000
102962  32.524  9.707  30.358 0.0000000000
101202  33.158  7.789  30.506 0.0000000000
104785  38.946  11.742  38.329 0.0000000000
105776  39.596  12.166  38.694 0.0000000000
104797  38.871  11.959  37.822 0.0000000000
105828  34.252  12.846  34.285 0.0000000000
106777  34.797  13.135  34.652 0.0000000000
107718  35.826  14.273  32.878 0.0000000000
106795  34.477  13.970  32.539 0.0000000000
107732  34.405  14.129  32.006 0.0000000000
106803  34.065  13.499  31.137 0.0000000000
101170  36.185  7.163  32.510 0.0000000000
101179  35.827  7.709  32.160 0.0000000000
102096  36.792  8.793  29.148 0.0000000000
102969  35.661  9.604  28.807 0.0000000000
103894  35.330  10.287  28.855 0.0000000000
103902  34.842  11.272  28.517 0.0000000000
104860  34.936  10.798  27.103 0.0000000000
104868  34.865  10.510  26.878 0.0000000000
102122  34.734  9.243  26.833 0.0000000000
100276  36.472  6.663  29.119 0.0000000000
100287  36.075  7.109  28.652 0.0000000000
100264  35.851  6.492  29.740 0.0000000000
100265  35.029  6.666  29.898 0.0000000000
100266  34.332  6.827  30.127 0.0000000000
104831  30.657  11.646  32.638 0.0000000000
102876  37.008  9.477  42.345 0.0000000000
102000  36.768  8.844  41.925 0.0000000000
101116  35.291  8.113  40.698 0.0000000000
102009  34.546  8.137  40.277 0.0000000000
101123  33.348  7.887  39.909 0.0000000000
97383  32.179  3.160  39.757 0.0000000000
96500  33.396  2.160  39.513 0.0000000000
96499  34.099  2.050  39.196 0.0000000000
96514  34.310  2.587  38.449 0.0000000000
96513  35.362  2.269  38.172 0.0000000000
96550  35.854  2.849  37.166 0.0000000000
96549  36.451  2.685  36.897 0.0000000000
109675  38.894  16.268  31.708 0.0000000000
109690  35.929  17.170  31.080 0.0000000000
108687  33.623  16.338  30.776 0.0000000000
109702  34.193  16.544  30.631 0.0000000000
104853  32.707  11.720  28.344 0.0000000000
105789  35.409  12.328  37.497 0.0000000000
105788  36.284  12.065  37.511 0.0000000000
105803  34.971  12.691  36.695 0.0000000000
105815  34.630  12.787  35.784 0.0000000000
105823  33.661  12.346  34.664 0.0000000000
104829  33.383  11.531  32.108 0.0000000000
101187  38.847  7.271  30.460 0.0000000000
101209  38.090  7.769  29.152 0.0000000000
100274  39.721  7.199  28.965 0.0000000000
102103  38.645  7.583  29.000 0.0000000000
102094  38.385  7.691  29.064 0.0000000000
102105  37.233  8.280  28.541 0.0000000000
102985  36.863  8.597  28.219 0.0000000000
102113  36.774  8.286  28.097 0.0000000000
100295  36.983  7.208  28.333 0.0000000000
99424  38.183  6.377  28.625 0.0000000000
100275  37.166  6.554  28.842 0.0000000000
99416  37.123  6.200  29.229 0.0000000000
97519  38.287  3.350  30.869 0.0000000000
96613  38.710  2.259  31.204 0.0000000000
102872  32.306  8.999  43.593 0.0000000000
101987  32.748  8.183  43.148 0.0000000000
100157  31.725  6.556  42.555 0.0000000000
100158  30.990  6.202  42.860 0.0000000000
99249  31.309  5.748  41.994 0.0000000000
109673  40.454  15.761  31.813 0.0000000000
108681  40.230  15.309  31.624 0.0000000000
108682  39.653  15.465  31.261 0.0000000000
108693  38.649  15.703  30.763 0.0000000000
108694  37.896  15.656  30.259 0.0000000000
107764  36.949  15.260  29.755 0.0000000000
108695  36.443  15.115  29.954 0.0000000000
101155  34.564  7.286  34.757 0.0000000000
102051  34.436  8.005  34.409 0.0000000000
101163  34.810  7.508  34.166 0.0000000000
100232  36.295  6.589  33.027 0.0000000000
100242  36.604  6.899  32.360 0.0000000000
100253  38.377  6.992  31.272 0.0000000000
99356  39.476  4.932  32.807 0.0000000000
99371  39.913  5.407  32.109 0.0000000000
100239  39.413  6.259  31.777 0.0000000000
100263  39.895  7.315  30.235 0.0000000000
100262  40.341  7.184  29.969 0.0000000000
100272  41.321  6.357  29.284 0.0000000000
97527  40.949  2.951  29.640 0.0000000000
97517  41.869  3.131  30.712 0.0000000000
104776  39.050  11.541  39.246 0.0000000000
104786  38.341  10.946  38.652 0.0000000000
103846  37.125  10.797  38.255 0.0000000000
103802  37.992  10.727  41.981 0.0000000000
102881  37.883  9.966  41.036 0.0000000000
102886  37.833  10.003  40.429 0.0000000000
102888  36.745  8.972  40.388 0.0000000000
102891  37.416  9.828  39.991 0.0000000000
102890  37.809  10.071  40.026 0.0000000000
104801  35.833  11.657  38.111 0.0000000000
104802  34.783  11.820  38.039 0.0000000000
103847  33.423  10.434  37.721 0.0000000000
102043  33.798  8.011  35.455 0.0000000000
101995  33.564  7.818  42.746 0.0000000000
101108  33.936  7.220  42.433 0.0000000000
101114  34.092  7.043  41.698 0.0000000000
100170  33.418  6.712  41.375 0.0000000000
97396  32.022  3.760  39.589 0.0000000000
98356  31.637  4.984  39.044 0.0000000000
98355  32.272  4.490  38.501 0.0000000000
100188  31.866  6.279  39.154 0.0000000000
101125  32.197  6.702  39.355 0.0000000000
101133  32.027  6.874  39.019 0.0000000000
102021  32.707  8.314  38.700 0.0000000000
102030  32.460  8.184  37.773 0.0000000000
100207  32.912  6.485  36.824 0.0000000000
101157  33.646  7.692  35.748 0.0000000000
101156  34.143  7.494  35.299 0.0000000000
100226  34.824  6.996  34.515 0.0000000000
99345  35.762  5.471  34.575 0.0000000000
98426  36.332  4.819  34.718 0.0000000000
97442  37.352  3.149  35.994 0.0000000000
96547  38.681  2.157  36.514 0.0000000000
96568  38.310  2.622  36.125 0.0000000000
97467  38.038  3.240  35.508 0.0000000000
97466  39.197  3.205  35.204 0.0000000000
102864  32.529  9.536  43.913 0.0000000000
101989  31.040  7.919  43.888 0.0000000000
102867  30.263  9.051  44.884 0.0000000000
101982  30.698  8.355  44.399 0.0000000000
100145  30.074  6.596  44.065 0.0000000000
100147  28.698  6.501  44.984 0.0000000000
99237  29.007  5.665  44.815 0.0000000000
109630  36.180  16.561  35.321 0.0000000000
109649  35.257  16.762  34.355 0.0000000000
108675  32.241  15.517  32.601 0.0000000000
104836  30.974  11.894  32.129 0.0000000000
107749  32.166  14.501  31.074 0.0000000000
106811  31.832  13.724  30.589 0.0000000000
105840  31.486  12.731  31.353 0.0000000000
103877  31.359  10.586  32.153 0.0000000000
102078  32.232  8.670  30.951 0.0000000000
106745  40.398  12.999  36.556 0.0000000000
106773  39.198  13.895  34.298 0.0000000000
105801  36.506  12.726  36.984 0.0000000000
106748  36.869  13.217  36.394 0.0000000000
106747  37.723  13.150  36.237 0.0000000000
106760  37.307  13.491  35.550 0.0000000000
106759  38.487  13.321  35.530 0.0000000000
106785  39.033  14.270  33.516 0.0000000000
107729  37.437  14.573  31.917 0.0000000000
108685  36.472  14.917  30.437 0.0000000000
108686  35.959  15.010  30.371 0.0000000000
102060  34.516  8.230  33.866 0.0000000000
102061  33.913  8.827  33.637 0.0000000000
102068  33.916  9.057  32.941 0.0000000000
103876  33.363  10.513  32.665 0.0000000000
101200  37.534  7.899  30.242 0.0000000000
102074  36.368  8.114  30.884 0.0000000000
102085  35.852  8.839  30.300 0.0000000000
102952  35.375  9.159  30.406 0.0000000000
103881  34.187  10.077  31.092 0.0000000000
104834  33.705  11.655  31.148 0.0000000000
105845  34.050  12.574  30.526 0.0000000000
105851  34.185  13.023  29.995 0.0000000000
106809  34.208  13.425  30.276 0.0000000000
107765  34.251  14.633  29.488 0.0000000000
105866  33.572  12.416  27.598 0.0000000000
105867  33.176  12.448  27.441 0.0000000000
104863  33.092  11.746  27.566 0.0000000000
103904  33.117  10.717  27.822 0.0000000000
102980  33.452  9.645  28.011 0.0000000000
102114  36.052  8.498  27.553 0.0000000000
102115  35.074  8.857  27.059 0.0000000000
101232  34.776  8.466  27.422 0.0000000000
101220  35.715  7.422  28.259 0.0000000000
101221  34.793  7.988  28.089 0.0000000000
102107  33.878  8.939  27.659 0.0000000000
102971  33.204  9.485  28.793 0.0000000000
100267  33.618  7.076  30.421 0.0000000000
99405  33.943  6.502  30.505 0.0000000000
96617  41.032  2.153  30.179 0.0000000000
95637  40.293  1.706  30.805 0.0000000000
97407  34.169  3.328  37.814 0.0000000000
97488  37.974  3.766  34.697 0.0000000000
98468  41.676  3.375  30.232 0.0000000000
99267  32.468  6.159  40.662 0.0000000000
99421  40.410  5.899  28.698 0.0000000000
100155  33.407  6.895  42.477 0.0000000000
100179  32.679  6.693  40.158 0.0000000000
100294  37.157  7.058  28.273 0.0000000000
101112  35.278  8.039  41.054 0.0000000000
101177  37.374  7.275  31.464 0.0000000000
101196  40.154  7.367  29.737 0.0000000000
101197  39.914  7.432  29.796 0.0000000000
101210  35.416  7.372  28.621 0.0000000000
101996  33.044  7.626  42.838 0.0000000000
102005  37.181  9.024  41.384 0.0000000000
102093  39.002  7.555  29.058 0.0000000000
102116  34.258  8.978  27.055 0.0000000000
102117  33.942  9.104  27.217 0.0000000000
102123  34.540  9.087  26.867 0.0000000000
102877  36.277  9.366  42.653 0.0000000000
102883  37.289  9.280  41.963 0.0000000000
102902  35.956  9.853  39.522 0.0000000000
102946  34.401  9.186  31.812 0.0000000000
102963  32.201  9.362  30.809 0.0000000000
102977  36.789  8.805  28.257 0.0000000000
102996  34.410  9.555  26.781 0.0000000000
102997  33.977  9.840  26.789 0.0000000000
103798  32.931  9.767  43.949 0.0000000000
103803  37.553  10.422  42.195 0.0000000000
103812  37.766  10.007  41.912 0.0000000000
103820  37.708  10.244  39.650 0.0000000000
103823  35.119  9.976  39.448 0.0000000000
103845  37.369  10.694  38.440 0.0000000000
103870  32.839  10.933  33.855 0.0000000000
103918  34.699  10.156  26.795 0.0000000000
104787  37.744  10.716  38.427 0.0000000000
104790  34.293  11.110  38.355 0.0000000000
104819  32.820  11.191  33.971 0.0000000000
104830  31.028  11.359  32.232 0.0000000000
104869  34.571  10.779  26.782 0.0000000000
105785  38.735  12.246  37.389 0.0000000000
105811  39.257  12.781  36.150 0.0000000000
105822  34.303  12.749  35.016 0.0000000000
106749  36.297  13.057  36.391 0.0000000000
106784  40.693  14.031  33.967 0.0000000000
106818  31.993  13.561  29.864 0.0000000000
106830  33.195  12.830  27.599 0.0000000000
107740  40.383  15.177  32.087 0.0000000000
107755  35.327  14.878  30.545 0.0000000000
107763  37.357  15.305  29.973 0.0000000000
108661  30.959  15.290  34.740 0.0000000000
108683  38.861  15.620  31.032 0.0000000000
108692  39.221  15.697  30.972 0.0000000000
108696  35.630  15.230  29.983 0.0000000000
109684  40.436  15.339  31.731 0.0000000000
109696  39.010  15.637  30.846 0.0000000000
