#!ascii label  , from subject 4107 vox2ras=TkReg
2273
30604  9.063  -60.346  65.203 0.1111110002
29534  8.355  -60.686  64.565 0.1111110002
29535  8.050  -61.440  64.872 0.2222220004
28400  7.311  -61.979  64.428 0.4444440007
32628  11.576  -58.452  66.445 0.1111110002
31611  10.440  -59.580  66.170 0.1111110002
30596  9.694  -59.953  65.773 0.1111110002
31610  10.823  -58.876  65.899 0.1111110002
31619  10.175  -59.367  65.365 0.1111110002
33714  12.419  -57.165  65.386 0.2222220004
32635  11.827  -57.746  64.872 0.2222220004
29543  7.241  -60.689  64.036 0.4444440007
28401  6.303  -61.622  64.382 0.4444440007
28402  5.214  -61.405  64.834 0.2222220004
30613  8.776  -59.978  64.253 0.1111110002
32636  11.327  -58.316  65.460 0.2222220004
31618  10.660  -58.836  64.887 0.2222220004
30603  9.527  -59.776  64.842 0.1111110002
33728  12.483  -57.324  64.212 0.2222220004
32644  11.188  -58.333  64.304 0.2222220004
29549  7.865  -59.963  63.795 0.4444440007
33739  12.984  -56.881  62.939 0.2222220004
30615  6.324  -59.858  64.508 0.4444440007
29544  5.955  -60.772  64.468 0.4444440007
29545  5.377  -60.753  64.838 0.3333329856
28394  4.869  -61.013  65.032 0.2222220004
28396  4.052  -60.951  64.759 0.3333329856
27185  3.727  -61.851  63.495 0.2222220004
32643  11.723  -57.800  63.637 0.2222220004
32651  10.962  -58.311  63.129 0.2222220004
31627  9.965  -59.269  64.377 0.2222220004
30622  8.182  -59.686  63.630 0.4444440007
36047  13.727  -55.869  61.964 0.2222220004
34915  13.004  -56.334  61.804 0.2222220004
33740  12.323  -57.208  62.822 0.2222220004
31633  10.203  -58.659  62.776 0.3333329856
31641  9.059  -58.772  62.748 0.3333329856
30623  7.567  -59.741  63.854 0.5555559993
30614  7.018  -59.689  64.132 0.5555559993
36058  13.762  -55.209  61.369 0.2222220004
34926  12.481  -56.244  61.288 0.2222220004
33750  11.435  -57.264  61.567 0.3333329856
31628  7.206  -58.930  63.980 0.5555559993
37077  12.792  -54.608  60.246 0.4444440007
30606  5.138  -59.694  65.377 0.4444440007
37076  13.545  -54.038  60.120 0.2222220004
27189  3.733  -61.871  62.774 0.1111110002
30621  8.865  -59.506  63.613 0.4444440007
31635  8.401  -58.949  63.007 0.5555559993
32658  10.377  -57.944  62.017 0.3333329856
31639  9.946  -58.385  62.326 0.3333329856
32653  7.578  -58.373  63.445 0.5555559993
34916  12.350  -56.745  61.743 0.3333329856
34927  11.710  -56.312  60.824 0.2222220004
33751  10.790  -57.546  61.596 0.3333329856
33763  8.861  -57.512  61.863 0.5555559993
33753  8.282  -57.257  62.419 0.5555559993
31629  6.761  -59.180  64.488 0.5555559993
33760  11.006  -56.832  60.876 0.3333329856
33761  10.277  -57.127  61.133 0.5555559993
33762  9.257  -57.129  61.310 0.6666669846
32638  7.189  -57.596  65.199 0.6666669846
31621  6.316  -58.974  65.224 0.6666669846
32639  6.719  -58.106  65.694 0.7777780294
31622  5.555  -59.099  65.772 0.5555559993
29551  3.290  -60.315  62.921 0.1111110002
38191  14.084  -53.195  58.595 0.6666669846
37096  13.159  -53.826  59.262 0.3333329856
29538  3.632  -60.286  64.568 0.2222220004
29546  3.286  -60.358  63.778 0.2222220004
32652  8.011  -57.854  62.956 0.5555559993
34918  8.102  -56.385  62.682 0.5555559993
33741  7.949  -56.847  63.270 0.5555559993
32637  7.405  -57.008  64.670 0.5555559993
36060  11.689  -55.425  60.385 0.5555559993
34938  10.116  -55.234  60.319 0.6666669846
34929  9.079  -55.701  60.983 0.6666669846
33752  8.528  -56.582  61.877 0.5555559993
33729  7.293  -56.442  64.043 0.7777780294
36075  10.949  -54.813  59.986 0.5555559993
36076  9.914  -54.150  60.058 0.7777780294
34939  9.464  -54.667  60.550 0.8888890147
29537  4.172  -60.327  65.064 0.4444440007
38190  15.215  -52.972  58.653 0.6666669846
37097  12.348  -54.001  59.313 0.7777780294
37098  11.084  -53.475  59.144 0.7777780294
36061  9.130  -54.178  61.192 0.8888890147
36048  8.595  -54.269  62.102 0.7777780294
34917  8.103  -55.363  62.496 0.8888890147
37099  10.282  -53.195  59.553 0.8888890147
36077  9.447  -53.953  60.608 0.8888890147
36038  7.808  -53.958  63.124 0.8888890147
38192  12.976  -53.315  58.549 0.6666669846
38193  11.690  -52.668  58.602 0.7777780294
37059  9.418  -53.140  61.041 0.8888890147
37041  9.077  -53.282  62.025 0.8888890147
39208  15.889  -52.514  58.291 0.6666669846
38206  13.425  -52.492  57.894 0.6666669846
39185  9.661  -51.343  60.629 0.8888890147
37058  9.559  -52.824  60.767 0.8888890147
38195  10.088  -52.645  59.778 0.8888890147
38173  9.358  -52.614  61.269 0.8888890147
38137  8.731  -52.246  62.651 0.7777780294
38208  11.922  -52.074  58.359 0.7777780294
38194  10.482  -52.303  59.356 0.8888890147
39218  16.178  -51.944  57.937 0.7777780294
39231  14.385  -51.084  57.058 0.7777780294
39221  12.856  -51.229  57.752 0.7777780294
40200  18.459  -51.814  57.766 0.7777780294
40202  16.610  -51.574  57.416 0.7777780294
40203  15.885  -51.353  57.374 0.7777780294
38172  9.396  -52.241  60.979 0.8888890147
38157  9.190  -51.759  61.672 0.6666669846
39210  11.093  -51.430  58.817 0.8888890147
39196  10.045  -51.139  59.854 0.8888890147
39184  10.060  -50.470  61.153 0.7777780294
39232  13.613  -50.786  57.357 0.7777780294
40205  12.032  -50.336  58.394 0.8888890147
41252  20.696  -51.303  57.798 0.5555559993
40198  20.041  -51.646  58.211 0.5555559993
40213  18.801  -51.627  57.071 0.7777780294
40214  17.948  -51.436  56.918 0.7777780294
41268  16.583  -50.057  56.674 0.7777780294
40217  15.162  -50.570  57.016 0.7777780294
41253  20.009  -51.670  57.595 0.6666669846
41266  18.462  -51.027  56.375 0.7777780294
41267  17.489  -50.502  56.466 0.7777780294
41281  17.019  -49.472  56.221 0.7777780294
43345  24.926  -49.180  59.383 0.3333329856
43344  25.463  -48.769  59.340 0.4444440007
40180  10.748  -50.272  59.429 0.8888890147
40172  10.560  -49.934  60.598 0.8888890147
41240  21.774  -50.562  58.797 0.4444440007
40187  21.329  -51.026  59.251 0.3333329856
40218  14.124  -50.086  57.198 0.7777780294
40204  12.781  -50.065  57.983 0.8888890147
41243  11.889  -49.161  58.640 0.8888890147
40179  11.090  -49.328  60.107 0.8888890147
41241  21.229  -51.002  58.516 0.4444440007
41269  15.655  -49.683  56.808 0.8888890147
41251  21.566  -50.405  57.851 0.6666669846
41265  19.810  -51.371  56.726 0.7777780294
41279  19.086  -50.637  55.814 0.7777780294
41280  18.041  -49.975  56.082 0.7777780294
41264  21.037  -50.817  56.951 0.7777780294
42351  20.507  -50.725  56.227 0.7777780294
42363  20.100  -50.028  55.549 0.7777780294
43329  24.970  -49.465  60.517 0.3333329856
42289  24.301  -49.833  60.425 0.2222220004
41227  23.544  -50.119  60.206 0.3333329856
43346  24.464  -49.539  59.659 0.3333329856
44354  25.158  -47.548  57.762 0.4444440007
43367  25.328  -48.096  58.556 0.4444440007
41238  23.112  -50.025  59.602 0.3333329856
42310  23.039  -49.882  59.107 0.4444440007
41221  11.495  -48.545  60.563 0.7777780294
40171  11.023  -48.871  61.296 0.7777780294
40162  10.653  -49.711  61.625 0.6666669846
41250  22.179  -50.135  58.431 0.5555559993
41239  22.516  -50.262  59.238 0.3333329856
42332  22.896  -49.641  58.323 0.5555559993
41271  13.725  -49.173  57.554 0.8888890147
41255  12.712  -48.712  58.034 0.8888890147
41242  12.165  -48.237  59.216 0.7777780294
44372  25.065  -47.191  56.948 0.5555559993
42349  22.101  -49.658  57.098 0.6666669846
41283  15.370  -48.744  56.790 0.8888890147
41263  21.469  -50.219  57.119 0.7777780294
42333  22.175  -49.935  57.934 0.6666669846
42364  18.576  -49.650  55.301 0.7777780294
42365  17.510  -49.012  55.642 0.8888890147
41282  16.079  -49.022  56.458 0.8888890147
42350  21.144  -50.141  56.458 0.7777780294
42309  23.634  -49.739  59.242 0.4444440007
44355  24.618  -47.951  57.884 0.4444440007
44356  24.295  -48.396  57.943 0.5555559993
43369  23.836  -49.009  58.269 0.5555559993
42316  12.866  -47.722  59.226 0.7777780294
44373  24.459  -47.436  57.078 0.5555559993
43370  23.099  -49.129  57.820 0.5555559993
41254  13.784  -48.094  57.769 0.8888890147
42337  13.392  -47.659  58.591 0.7777780294
44395  25.060  -46.736  55.915 0.5555559993
44374  23.773  -48.094  57.161 0.5555559993
43393  23.513  -48.583  57.511 0.5555559993
43394  22.857  -48.687  57.125 0.5555559993
42367  15.592  -47.889  56.684 0.8888890147
42353  14.615  -47.584  57.719 0.8888890147
44417  25.581  -46.630  55.302 0.5555559993
45417  24.208  -46.605  55.391 0.6666669846
45419  23.566  -47.152  55.512 0.6666669846
44398  23.187  -47.605  55.795 0.7777780294
43414  22.610  -48.089  56.070 0.7777780294
42361  21.988  -49.252  56.357 0.7777780294
42378  17.289  -48.035  55.622 0.8888890147
45434  25.508  -46.503  54.543 0.6666669846
45450  24.308  -46.118  54.210 0.6666669846
45416  24.488  -46.486  55.194 0.6666669846
45437  23.610  -46.401  54.851 0.6666669846
43429  22.534  -47.676  55.568 0.7777780294
43431  21.196  -48.448  54.995 0.7777780294
42375  20.533  -49.082  55.082 0.7777780294
42376  19.279  -48.946  54.793 0.7777780294
42377  18.068  -48.418  55.104 0.7777780294
45446  30.670  -45.630  53.228 0.5555559993
45459  30.222  -45.658  52.881 0.5555559993
45485  29.203  -45.729  51.638 0.7777780294
45461  28.739  -46.516  52.261 0.6666669846
45462  27.531  -46.547  52.640 0.6666669846
45463  26.211  -45.865  52.661 0.6666669846
45449  24.830  -46.058  53.711 0.6666669846
46461  23.876  -45.415  53.908 0.7777780294
45487  27.034  -45.809  51.895 0.7777780294
46479  25.649  -45.111  52.111 0.6666669846
46480  24.994  -45.145  52.696 0.7777780294
42314  14.538  -46.797  59.820 0.8888890147
42336  14.277  -47.220  58.766 0.8888890147
42315  13.743  -47.311  59.571 0.7777780294
42352  15.201  -47.500  57.397 0.8888890147
45438  23.006  -46.589  54.891 0.7777780294
43435  16.846  -47.363  55.948 0.8888890147
43418  16.220  -46.843  56.799 0.8888890147
47525  31.882  -44.236  53.359 0.5555559993
46476  31.150  -44.441  52.798 0.5555559993
46450  23.235  -46.110  54.583 0.6666669846
44436  22.280  -46.724  54.432 0.7777780294
43443  20.697  -47.608  54.254 0.7777780294
43432  19.993  -48.275  54.363 0.7777780294
43433  18.715  -47.535  54.634 0.8888890147
43434  17.580  -47.146  55.451 0.8888890147
46477  30.604  -44.878  52.636 0.5555559993
46503  29.708  -44.960  51.877 0.8888890147
46504  29.313  -45.217  51.524 0.8888890147
45486  28.051  -46.048  51.424 0.8888890147
46460  24.435  -45.168  53.373 0.6666669846
46481  23.985  -44.273  52.908 0.7777780294
46462  23.145  -45.107  54.032 0.8888890147
46483  22.292  -44.764  53.427 0.8888890147
45452  20.863  -46.109  53.636 0.8888890147
45453  19.804  -45.568  53.878 0.8888890147
44439  19.344  -46.248  54.370 0.8888890147
43445  18.951  -46.652  54.627 0.8888890147
46531  28.099  -45.017  50.665 0.8888890147
46532  26.955  -44.531  50.734 0.8888890147
46506  26.308  -45.047  51.572 0.8888890147
46508  24.478  -44.265  52.156 0.8888890147
47547  23.239  -43.541  52.933 0.8888890147
46533  26.214  -44.027  51.155 0.8888890147
46507  25.299  -44.147  51.712 0.8888890147
42334  15.053  -46.396  59.379 0.8888890147
43397  15.925  -46.228  58.151 0.8888890147
43398  15.241  -46.922  58.231 0.8888890147
44422  17.369  -46.123  56.002 0.8888890147
47544  31.582  -43.790  52.633 0.6666669846
45451  22.038  -46.010  53.794 0.8888890147
44420  19.032  -45.866  55.015 0.8888890147
44421  18.288  -46.045  55.292 0.8888890147
48625  32.070  -42.725  52.528 0.8888890147
47567  31.139  -43.416  51.969 0.8888890147
47595  30.331  -43.626  51.272 0.8888890147
46529  29.532  -44.572  51.429 0.8888890147
47548  22.404  -43.301  53.018 0.8888890147
46484  21.162  -44.719  53.114 0.8888890147
46485  20.327  -44.966  53.407 0.7777780294
45454  19.299  -45.546  54.690 0.7777780294
48647  30.942  -43.259  51.606 0.8888890147
48679  30.452  -42.902  50.985 0.8888890147
47596  29.757  -43.929  51.163 0.8888890147
47620  27.491  -43.038  50.374 0.8888890147
47601  24.992  -42.651  51.188 0.7777780294
47570  25.032  -43.260  51.400 0.7777780294
47571  24.152  -43.105  51.811 0.8888890147
47572  23.348  -42.953  52.532 0.8888890147
47599  26.803  -43.298  50.702 0.8888890147
47600  25.768  -43.044  51.116 0.8888890147
43373  16.085  -45.304  59.128 0.7777780294
43351  15.567  -45.952  59.942 0.4444440007
43396  16.178  -45.659  58.424 0.8888890147
44378  17.285  -45.012  57.873 0.7777780294
44402  16.385  -46.045  57.697 0.8888890147
49683  34.393  -42.095  54.468 0.4444440007
48592  33.950  -42.806  54.307 0.5555559993
48624  32.541  -42.703  53.095 0.5555559993
44401  16.905  -45.890  57.050 0.8888890147
48607  33.074  -42.673  53.805 0.5555559993
45439  19.055  -44.244  55.600 0.7777780294
45440  18.952  -45.026  55.581 0.7777780294
45441  18.196  -45.116  56.089 0.7777780294
49705  32.839  -41.541  52.996 0.7777780294
48646  31.399  -42.724  51.731 0.8888890147
48632  21.192  -42.507  53.106 0.8888890147
47530  20.103  -43.215  54.328 0.7777780294
46452  19.344  -44.449  55.163 0.7777780294
49725  32.147  -41.640  52.061 0.8888890147
49750  30.622  -41.664  50.884 0.8888890147
48710  29.627  -42.645  50.475 0.8888890147
48711  28.694  -42.421  50.247 0.7777780294
48713  27.134  -42.481  50.494 0.7777780294
49754  26.271  -41.048  51.372 0.7777780294
48684  24.668  -41.828  51.257 0.7777780294
48651  23.844  -41.526  51.689 0.7777780294
49732  23.186  -41.123  52.267 0.7777780294
48631  22.108  -42.132  52.890 0.7777780294
44359  17.027  -44.779  58.833 0.5555559993
44360  16.553  -44.929  58.943 0.4444440007
49682  34.874  -41.767  55.082 0.2222220004
44379  16.551  -45.382  58.258 0.6666669846
49693  34.457  -41.333  54.344 0.2222220004
49694  33.756  -41.574  53.891 0.5555559993
45403  18.265  -44.294  57.401 0.4444440007
44399  18.008  -44.844  56.865 0.6666669846
45421  18.306  -44.559  56.718 0.7777780294
45422  18.053  -44.954  56.564 0.7777780294
49724  32.770  -41.056  52.153 0.7777780294
50773  32.160  -40.480  52.081 0.8888890147
48614  20.820  -41.616  53.980 0.7777780294
47519  20.046  -42.588  55.364 0.6666669846
46451  19.375  -43.558  55.493 0.6666669846
50790  31.521  -40.629  51.556 0.8888890147
50791  30.775  -40.700  51.073 0.8888890147
51848  29.720  -40.123  50.812 0.8888890147
49751  28.681  -40.832  50.869 0.7777780294
49778  27.649  -41.403  50.580 0.7777780294
49729  26.151  -40.570  52.604 0.7777780294
49756  24.608  -40.915  51.727 0.7777780294
50776  23.077  -40.387  52.812 0.7777780294
49713  21.551  -41.530  53.277 0.6666669846
49625  22.547  -39.872  60.074 0.3333329856
49626  21.552  -40.299  59.960 0.2222220004
48526  19.970  -41.377  60.259 0.1111110002
47437  19.560  -42.195  60.742 0.1111110002
45387  19.223  -43.520  60.468 0.1111110002
45388  19.077  -43.857  59.854 0.2222220004
47469  24.950  -41.294  58.656 0.1111110002
48547  24.086  -40.713  58.676 0.3333329856
49635  22.303  -39.916  59.351 0.3333329856
49636  21.530  -40.246  59.108 0.2222220004
49637  20.622  -40.560  58.775 0.2222220004
47470  19.303  -41.843  58.914 0.2222220004
46429  19.061  -42.438  58.621 0.1111110002
45394  18.732  -43.610  58.904 0.2222220004
44357  18.259  -44.146  58.451 0.2222220004
44358  17.778  -44.569  58.990 0.3333329856
43371  17.354  -44.719  59.371 0.2222220004
50729  35.375  -40.596  56.056 0.2222220004
50733  35.268  -40.636  55.125 0.2222220004
47486  25.994  -41.134  58.087 0.1111110002
48548  23.567  -40.157  58.237 0.3333329856
49649  22.523  -39.834  58.611 0.2222220004
48549  19.883  -41.147  58.351 0.2222220004
46417  19.015  -42.981  58.891 0.2222220004
51782  35.272  -39.499  55.406 0.3333329856
50734  34.925  -40.131  54.408 0.4444440007
50743  34.871  -40.875  54.492 0.4444440007
47501  27.618  -41.926  57.211 0.1111110002
47503  26.073  -40.733  56.985 0.2222220004
48580  24.816  -40.445  56.876 0.2222220004
48564  23.752  -40.088  57.417 0.3333329856
49666  21.737  -40.015  57.331 0.2222220004
49667  20.848  -40.435  56.802 0.2222220004
48565  20.069  -41.165  57.342 0.2222220004
47488  19.299  -41.913  57.888 0.2222220004
46430  18.753  -42.835  57.981 0.3333329856
45402  18.475  -43.825  57.529 0.4444440007
44376  18.259  -44.212  57.749 0.3333329856
51789  35.066  -39.644  54.762 0.4444440007
50756  33.573  -40.220  53.119 0.6666669846
49696  29.076  -40.906  54.950 0.5555559993
48608  28.925  -41.896  55.064 0.4444440007
48610  27.108  -41.100  54.785 0.4444440007
48611  26.366  -40.703  55.098 0.4444440007
48597  24.607  -39.892  55.637 0.4444440007
49686  23.967  -39.668  55.443 0.5555559993
49677  21.894  -39.935  56.298 0.4444440007
49678  21.085  -40.583  55.778 0.4444440007
48582  20.369  -41.289  56.354 0.3333329856
47506  19.531  -42.621  56.303 0.5555559993
46440  18.851  -43.140  56.748 0.5555559993
45420  18.723  -44.010  56.235 0.6666669846
51795  34.010  -39.043  53.353 0.6666669846
50772  32.898  -40.344  52.423 0.7777780294
50746  29.157  -40.118  54.524 0.7777780294
48626  28.411  -40.773  54.441 0.6666669846
48627  27.612  -40.647  53.855 0.6666669846
48628  26.769  -40.614  54.026 0.5555559993
48612  25.447  -39.954  54.710 0.6666669846
49698  24.135  -39.666  54.651 0.6666669846
50737  22.524  -39.702  54.991 0.5555559993
49689  21.322  -40.658  54.673 0.5555559993
48599  20.550  -41.579  55.254 0.4444440007
47518  20.081  -42.039  56.062 0.4444440007
51802  33.206  -38.891  52.936 0.7777780294
51813  32.968  -39.479  52.621 0.8888890147
51831  30.852  -39.633  51.372 0.8888890147
51832  29.903  -39.368  51.337 0.8888890147
50792  29.170  -40.054  51.376 0.7777780294
49726  28.583  -40.569  52.003 0.7777780294
48648  27.434  -40.682  52.960 0.7777780294
48649  26.942  -40.565  53.178 0.6666669846
49709  25.738  -40.002  52.979 0.6666669846
49731  24.053  -40.281  52.487 0.7777780294
50759  22.947  -40.020  53.565 0.7777780294
50749  22.313  -40.124  53.891 0.5555559993
51803  32.527  -38.824  52.738 0.8888890147
52814  31.506  -38.861  52.231 0.8888890147
52831  30.180  -38.944  51.663 0.8888890147
51773  35.515  -39.634  56.293 0.1111110002
51783  34.867  -38.994  54.830 0.4444440007
51790  34.630  -39.186  54.174 0.4444440007
52779  34.502  -38.359  54.544 0.5555559993
52785  33.845  -38.293  53.947 0.5555559993
52790  32.810  -38.227  53.489 0.7777780294
52801  32.525  -38.527  53.095 0.8888890147
51804  28.946  -39.072  53.057 0.7777780294
51796  28.865  -39.197  54.078 0.7777780294
52791  32.075  -37.910  53.486 0.8888890147
52802  31.687  -38.340  52.934 0.8888890147
52803  30.287  -38.056  52.724 0.8888890147
52804  29.064  -38.093  52.817 0.8888890147
52792  28.554  -38.392  53.628 0.7777780294
52771  35.727  -38.807  56.751 0.2222220004
53756  35.422  -37.999  56.234 0.4444440007
52772  35.288  -38.710  55.911 0.4444440007
52778  34.932  -38.519  55.211 0.4444440007
51784  28.286  -40.135  56.340 0.3333329856
53762  35.007  -37.971  55.669 0.4444440007
51785  28.256  -39.535  55.860 0.5555559993
53772  33.933  -37.729  54.298 0.5555559993
51792  28.777  -39.450  55.156 0.6666669846
52786  28.320  -38.346  54.732 0.5555559993
53786  33.221  -37.780  53.837 0.6666669846
52787  28.214  -37.671  54.582 0.6666669846
53773  33.242  -37.450  53.878 0.6666669846
53787  32.378  -37.487  53.661 0.6666669846
53788  31.425  -37.198  53.596 0.8888890147
53804  30.905  -37.519  53.293 0.8888890147
53806  28.656  -37.225  53.673 0.7777780294
54891  28.129  -36.375  54.166 1.0000000000
54889  31.121  -36.828  53.464 1.0000000000
53789  30.700  -37.069  53.500 1.0000000000
53805  29.785  -37.150  53.269 1.0000000000
51764  28.556  -39.284  58.389 0.2222220004
54824  35.989  -37.144  57.275 0.2222220004
52773  28.138  -38.901  57.323 0.3333329856
53755  35.838  -37.877  56.844 0.2222220004
51765  28.350  -39.152  57.817 0.3333329856
53757  28.379  -37.579  57.800 0.4444440007
54826  35.201  -37.587  55.977 0.3333329856
51775  28.152  -40.099  57.278 0.3333329856
53765  27.900  -37.795  56.540 0.4444440007
54843  35.044  -37.243  55.517 0.4444440007
53774  28.109  -37.945  55.647 0.6666669846
54844  34.431  -37.427  54.686 0.5555559993
53766  27.828  -37.396  55.966 0.6666669846
54847  27.750  -36.876  55.724 0.6666669846
56031  28.401  -35.604  53.871 1.0000000000
54866  33.751  -37.109  54.241 0.7777780294
54907  28.851  -36.222  53.454 1.0000000000
56048  28.745  -35.667  53.491 1.0000000000
56047  29.103  -35.216  53.187 1.0000000000
54888  32.123  -36.821  53.666 1.0000000000
54904  31.519  -36.531  53.289 1.0000000000
54905  30.761  -36.462  53.045 1.0000000000
54906  29.779  -36.344  52.996 1.0000000000
52745  29.725  -37.561  61.103 0.1111110002
51749  29.523  -38.521  60.642 0.2222220004
52753  29.269  -37.709  60.199 0.2222220004
51756  29.097  -38.740  59.592 0.2222220004
52763  28.840  -38.016  59.168 0.2222220004
53750  28.706  -37.255  58.664 0.3333329856
54817  28.766  -36.823  58.161 0.4444440007
54829  28.063  -37.001  57.084 0.6666669846
54846  27.994  -36.628  56.546 0.6666669846
53758  28.110  -37.341  57.301 0.4444440007
55995  28.161  -35.567  56.192 0.6666669846
54842  35.373  -36.847  56.102 0.3333329856
55972  35.581  -36.635  56.396 0.3333329856
55996  27.647  -36.193  55.759 0.6666669846
54825  35.485  -37.174  56.463 0.2222220004
56016  27.768  -35.505  54.944 0.7777780294
56030  28.502  -34.826  54.381 0.8888890147
55992  35.022  -36.712  55.116 0.5555559993
54865  34.562  -37.033  54.779 0.6666669846
54868  27.701  -36.603  54.995 0.6666669846
57192  28.884  -34.126  54.015 1.0000000000
56013  33.635  -36.561  53.997 1.0000000000
54887  33.071  -36.867  53.776 0.7777780294
56029  32.174  -36.328  53.266 1.0000000000
56045  31.595  -36.087  52.635 1.0000000000
56065  29.486  -34.565  52.719 1.0000000000
53741  29.690  -36.791  60.509 0.1111110002
53749  29.160  -36.922  59.599 0.2222220004
54828  28.753  -36.405  57.466 0.6666669846
54845  28.564  -35.931  56.794 0.6666669846
55994  29.090  -35.023  56.904 0.6666669846
56015  28.694  -34.679  55.575 0.6666669846
55971  36.097  -36.236  56.971 0.2222220004
57179  28.903  -34.193  54.843 1.0000000000
57143  36.356  -35.755  56.560 0.2222220004
55991  35.597  -36.358  55.879 0.3333329856
56011  35.349  -36.277  54.961 0.6666669846
57175  35.381  -35.475  54.503 0.7777780294
57176  34.598  -35.626  54.086 0.8888890147
56012  34.505  -36.374  54.461 1.0000000000
56043  33.551  -35.728  53.350 1.0000000000
57203  29.245  -34.149  53.191 1.0000000000
56028  33.018  -36.332  53.552 1.0000000000
56044  32.761  -35.746  52.911 1.0000000000
56046  30.264  -35.976  52.285 1.0000000000
56064  29.983  -34.877  52.046 1.0000000000
57216  29.585  -34.034  52.376 1.0000000000
53731  29.927  -36.778  60.774 0.1111110002
54790  29.942  -36.525  60.521 0.2222220004
55941  29.976  -35.495  59.664 0.2222220004
57126  30.627  -34.864  58.606 0.1111110002
54805  29.797  -36.118  59.817 0.3333329856
55957  29.996  -35.158  58.919 0.2222220004
57145  31.039  -35.050  58.106 0.2222220004
54816  29.353  -36.215  58.550 0.3333329856
54827  29.356  -35.842  57.850 0.6666669846
55974  29.265  -35.583  57.552 0.6666669846
55993  30.068  -34.760  56.993 0.5555559993
57164  30.095  -34.532  56.337 0.5555559993
56014  29.468  -34.552  56.053 0.6666669846
57178  29.761  -34.226  55.356 0.6666669846
57160  36.391  -35.509  55.917 0.3333329856
57191  29.397  -34.004  54.574 0.7777780294
57174  36.163  -35.307  54.984 0.5555559993
57189  34.891  -35.038  54.018 0.6666669846
58234  29.298  -33.279  54.278 1.0000000000
57190  34.314  -35.247  53.526 0.7777780294
58232  34.287  -34.761  53.052 0.8888890147
58244  32.923  -34.461  52.127 1.0000000000
57213  32.358  -34.789  51.856 1.0000000000
58235  29.176  -33.726  53.644 1.0000000000
58245  29.161  -32.835  53.564 1.0000000000
56062  32.262  -35.466  52.186 1.0000000000
56063  31.314  -35.358  51.527 1.0000000000
56080  30.623  -34.724  51.474 1.0000000000
57215  30.008  -34.299  51.831 1.0000000000
58246  29.123  -33.299  53.041 1.0000000000
59277  29.409  -32.347  53.815 1.0000000000
58256  29.366  -33.311  51.967 1.0000000000
59289  29.170  -32.578  52.303 1.0000000000
59278  29.191  -32.449  53.046 1.0000000000
57144  31.174  -34.186  57.727 0.3333329856
57163  31.034  -34.568  56.920 0.4444440007
58224  29.838  -33.826  54.730 0.7777780294
58221  36.005  -34.372  54.731 0.5555559993
58233  29.761  -32.917  54.836 0.8888890147
58212  36.534  -34.996  55.241 0.4444440007
59265  29.483  -32.428  54.654 0.8888890147
58222  35.305  -34.748  54.218 0.5555559993
58230  35.596  -33.888  54.128 0.5555559993
58231  34.928  -34.299  53.620 0.6666669846
58243  33.847  -34.299  52.429 0.8888890147
58254  31.728  -34.113  51.560 1.0000000000
58263  30.265  -33.467  51.250 1.0000000000
58264  29.703  -33.327  51.478 1.0000000000
60420  29.235  -32.080  52.573 1.0000000000
57162  31.275  -34.139  57.272 0.4444440007
58214  31.102  -33.520  56.155 0.4444440007
57177  30.676  -34.184  55.864 0.4444440007
59242  30.796  -32.724  56.898 0.4444440007
59253  30.120  -32.699  56.090 0.4444440007
59264  29.662  -32.568  55.319 0.6666669846
59273  37.089  -33.229  53.596 0.2222220004
59274  36.132  -33.556  53.261 0.3333329856
59263  35.595  -33.773  53.660 0.5555559993
58242  34.676  -34.022  52.852 0.6666669846
59275  35.232  -33.725  52.946 0.4444440007
59276  34.577  -33.818  52.439 0.6666669846
58252  33.417  -33.889  51.909 0.7777780294
58253  32.522  -33.967  51.740 1.0000000000
59294  36.631  -32.960  51.931 0.3333329856
59284  36.801  -33.161  52.754 0.3333329856
59285  35.897  -33.437  52.440 0.3333329856
59286  34.984  -33.499  52.152 0.4444440007
59287  34.037  -33.641  51.894 0.7777780294
59298  32.690  -33.413  50.988 1.0000000000
58261  32.075  -33.512  51.258 1.0000000000
58262  31.357  -33.696  51.322 1.0000000000
60419  29.402  -31.570  52.944 0.8888890147
59295  35.680  -33.269  51.609 0.3333329856
59296  34.701  -33.403  51.338 0.4444440007
59297  33.723  -33.544  51.064 0.8888890147
59299  31.765  -33.110  50.835 1.0000000000
59316  30.442  -32.178  50.451 1.0000000000
60447  29.342  -31.629  51.184 1.0000000000
61627  29.219  -31.281  51.582 1.0000000000
59310  36.469  -32.867  50.978 0.3333329856
59311  35.459  -33.128  50.662 0.5555559993
59313  33.290  -33.238  50.205 1.0000000000
59315  31.384  -32.444  50.334 1.0000000000
59317  29.743  -31.847  50.666 1.0000000000
61641  29.228  -31.032  51.130 1.0000000000
60435  29.278  -31.342  52.322 0.8888890147
61614  29.700  -30.376  53.419 0.8888890147
59327  36.315  -32.750  49.918 0.7777780294
59329  34.011  -32.840  49.473 1.0000000000
59331  32.266  -32.408  49.574 1.0000000000
60459  31.828  -32.248  49.747 1.0000000000
60461  30.071  -31.472  50.043 1.0000000000
61654  29.756  -30.626  50.250 1.0000000000
62721  29.805  -30.124  50.657 1.0000000000
60477  36.000  -32.338  48.923 0.8888890147
59328  35.189  -32.910  49.625 0.8888890147
60479  33.555  -32.174  48.701 1.0000000000
60480  32.144  -31.975  48.856 1.0000000000
60460  31.046  -31.797  49.617 1.0000000000
61653  30.555  -30.775  49.534 1.0000000000
62720  30.484  -29.683  50.264 1.0000000000
60402  29.377  -32.028  55.075 0.7777780294
60403  29.501  -31.427  54.444 0.8888890147
60445  38.314  -31.838  51.543 0.2222220004
60434  37.586  -32.532  52.377 0.2222220004
60418  37.434  -32.929  53.022 0.2222220004
61639  38.476  -31.408  50.866 0.2222220004
60457  38.004  -31.855  50.690 0.3333329856
60446  37.409  -32.462  51.318 0.3333329856
60475  37.736  -31.622  50.009 0.3333329856
60458  37.267  -32.378  50.329 0.3333329856
62706  29.776  -29.829  51.298 1.0000000000
62690  29.854  -29.461  52.514 0.8888890147
60476  37.022  -31.810  49.391 0.6666669846
60478  34.809  -32.344  48.726 1.0000000000
60501  33.166  -31.312  48.058 1.0000000000
60481  31.307  -31.045  48.821 1.0000000000
60499  35.562  -31.523  48.300 1.0000000000
60500  34.417  -31.506  48.046 1.0000000000
60502  31.997  -30.918  48.113 1.0000000000
61688  31.557  -30.119  48.644 1.0000000000
62734  31.300  -29.290  49.768 1.0000000000
61583  29.575  -30.734  56.630 0.5555559993
61584  29.519  -30.360  55.656 0.7777780294
60393  29.379  -30.871  55.126 0.7777780294
60444  38.891  -31.445  51.991 0.1111110002
61638  39.066  -30.847  51.036 0.2222220004
62663  29.801  -29.276  55.355 0.7777780294
61599  29.727  -30.197  54.664 0.8888890147
61652  38.350  -30.953  50.293 0.3333329856
62677  29.868  -28.832  54.014 0.8888890147
61665  37.697  -30.884  49.628 0.6666669846
62689  30.444  -28.338  52.819 0.8888890147
60498  36.409  -31.431  48.723 0.8888890147
62719  31.562  -28.604  50.710 1.0000000000
62705  30.501  -28.931  51.582 1.0000000000
61666  37.000  -30.693  49.011 0.6666669846
61685  34.058  -30.637  47.515 1.0000000000
61686  32.980  -30.230  47.759 1.0000000000
61667  31.666  -29.623  48.893 1.0000000000
61684  35.281  -30.588  47.564 1.0000000000
61701  34.641  -29.998  47.122 1.0000000000
61703  33.256  -29.457  47.442 1.0000000000
62745  32.328  -28.972  48.314 1.0000000000
62646  29.743  -29.634  56.398 0.5555559993
61625  39.396  -30.945  52.226 0.1111110002
61624  39.775  -30.291  51.710 0.1111110002
61637  39.595  -30.229  51.101 0.2222220004
61651  38.804  -30.635  50.396 0.2222220004
62718  32.037  -27.655  51.620 0.7777780294
62704  31.302  -28.051  52.044 0.7777780294
62688  31.423  -27.771  53.152 0.6666669846
62717  38.222  -30.430  49.767 0.2222220004
63849  32.257  -28.012  50.068 1.0000000000
62731  37.940  -29.870  49.247 0.4444440007
62732  36.967  -29.731  48.510 0.5555559993
61683  36.235  -30.607  48.302 0.7777780294
62733  31.956  -29.165  49.328 1.0000000000
62742  36.125  -29.642  47.816 0.8888890147
62743  35.376  -29.490  47.138 0.8888890147
61702  33.862  -29.781  47.222 1.0000000000
62744  32.659  -29.406  47.816 1.0000000000
63746  29.857  -29.035  56.756 0.4444440007
63775  30.011  -28.684  56.222 0.5555559993
63774  30.718  -27.809  56.256 0.3333329856
63794  30.329  -28.181  55.176 0.3333329856
63807  30.941  -27.737  54.609 0.3333329856
62676  30.657  -27.873  53.848 0.3333329856
63808  30.381  -28.081  54.405 0.4444440007
62715  39.505  -29.457  50.368 0.2222220004
62702  39.447  -30.054  50.665 0.2222220004
62703  32.190  -27.583  52.592 0.4444440007
62687  32.405  -27.492  53.483 0.3333329856
62675  31.767  -27.479  54.190 0.3333329856
62716  38.912  -30.031  49.936 0.3333329856
63837  32.164  -27.817  50.885 0.7777780294
63859  32.230  -28.136  48.863 1.0000000000
62750  34.518  -29.199  46.961 1.0000000000
62751  33.689  -28.983  47.043 1.0000000000
63867  32.566  -28.156  47.726 1.0000000000
64953  32.162  -27.049  49.553 1.0000000000
62686  40.290  -29.518  52.067 0.1111110002
62701  39.890  -29.599  51.080 0.1111110002
63771  33.691  -26.741  55.830 0.2222220004
63791  33.107  -27.089  54.750 0.3333329856
63792  32.057  -27.035  55.028 0.3333329856
63806  31.491  -27.410  54.780 0.3333329856
63805  33.182  -27.219  53.834 0.3333329856
62674  32.662  -27.260  54.160 0.3333329856
63845  38.858  -29.158  49.490 0.3333329856
62730  38.558  -29.482  49.428 0.3333329856
63826  32.781  -27.081  52.270 0.5555559993
63857  36.803  -28.761  48.100 0.5555559993
63836  32.373  -27.226  51.344 0.6666669846
63864  35.192  -28.524  47.032 0.8888890147
63865  34.244  -28.305  46.822 1.0000000000
64963  32.354  -27.298  48.278 0.8888890147
64952  32.272  -27.372  50.268 0.7777780294
64969  34.929  -27.571  47.033 0.8888890147
64971  32.925  -27.358  47.228 1.0000000000
63804  33.853  -27.030  54.266 0.2222220004
63816  33.750  -26.936  53.455 0.4444440007
64941  32.322  -26.792  50.729 0.7777780294
64932  32.632  -26.537  51.863 0.5555559993
64921  33.776  -26.649  53.058 0.4444440007
29550  7.685  -60.151  63.925 0.3333329856
31626  10.480  -58.847  63.776 0.2222220004
30612  9.344  -59.555  64.067 0.2222220004
33727  13.085  -56.850  63.662 0.2222220004
31636  7.723  -59.159  63.468 0.5555559993
34906  12.873  -56.786  62.412 0.2222220004
30616  5.552  -60.215  64.902 0.4444440007
27183  4.896  -62.625  64.625 0.2222220004
28395  4.566  -61.016  64.982 0.2222220004
28404  3.744  -61.277  64.136 0.2222220004
28407  3.521  -61.138  63.286 0.1111110002
32650  11.371  -57.776  62.470 0.2222220004
31634  9.526  -59.154  63.290 0.3333329856
36059  12.719  -55.489  60.958 0.2222220004
31640  9.525  -58.611  62.545 0.3333329856
32660  8.802  -58.191  62.352 0.5555559993
37057  13.397  -54.760  60.794 0.2222220004
32646  7.272  -57.946  64.274 0.6666669846
36074  11.993  -54.791  60.045 0.4444440007
30605  5.750  -59.570  65.135 0.5555559993
29536  4.901  -60.548  65.133 0.5555559993
37056  14.232  -54.593  61.240 0.2222220004
30608  3.695  -59.279  65.129 0.4444440007
28410  3.669  -61.006  62.506 0.1111110002
32665  9.508  -57.739  61.744 0.4444440007
32666  9.183  -57.895  62.012 0.4444440007
32664  9.859  -57.532  61.485 0.4444440007
31620  6.999  -58.486  64.836 0.6666669846
34928  10.499  -56.211  60.584 0.6666669846
34937  10.995  -55.641  60.324 0.5555559993
31612  6.046  -58.479  66.172 0.5555559993
30598  4.806  -59.095  65.988 0.5555559993
38183  13.692  -53.622  59.237 0.4444440007
36091  11.393  -54.271  59.535 0.5555559993
30617  3.170  -59.342  64.187 0.2222220004
32645  7.579  -57.410  63.754 0.5555559993
34908  7.529  -55.858  63.364 0.6666669846
33716  7.138  -56.670  65.553 0.7777780294
36092  10.573  -53.976  59.569 0.7777780294
37079  9.594  -53.577  60.444 0.8888890147
36093  10.099  -53.608  59.807 0.7777780294
30599  4.151  -58.858  65.755 0.5555559993
30607  4.480  -59.615  65.361 0.5555559993
38205  14.398  -52.591  57.886 0.6666669846
34907  7.238  -54.765  63.550 0.7777780294
37078  9.776  -53.049  60.251 0.8888890147
38207  12.447  -52.234  58.172 0.7777780294
38158  9.156  -52.408  61.719 0.7777780294
39219  15.195  -51.959  57.535 0.6666669846
39220  13.942  -51.785  57.362 0.7777780294
39170  9.564  -51.075  61.728 0.7777780294
38185  9.897  -52.010  60.073 0.8888890147
39223  11.457  -51.080  58.493 0.8888890147
39222  11.866  -51.412  58.283 0.8888890147
38184  10.128  -51.826  59.745 0.8888890147
40215  17.025  -51.114  56.849 0.7777780294
40216  16.174  -50.695  57.060 0.7777780294
40193  11.330  -50.591  58.692 0.8888890147
39169  10.383  -50.083  62.396 0.6666669846
40219  13.350  -49.907  57.608 0.8888890147
41256  12.349  -49.571  58.248 0.8888890147
40206  11.660  -50.852  58.406 0.8888890147
40199  19.340  -51.712  57.845 0.6666669846
43368  24.830  -48.613  58.486 0.4444440007
41231  11.629  -48.791  59.646 0.8888890147
40192  11.357  -49.701  59.080 0.8888890147
41270  14.640  -48.997  57.135 0.8888890147
41278  19.895  -50.769  56.004 0.7777780294
42331  23.502  -49.484  58.581 0.5555559993
41230  12.172  -48.018  60.316 0.7777780294
42348  22.758  -49.264  57.583 0.5555559993
44371  25.847  -47.447  56.951 0.5555559993
44396  24.416  -47.018  56.184 0.6666669846
43395  22.245  -49.064  56.646 0.7777780294
42368  15.027  -48.129  57.077 0.8888890147
42366  16.571  -48.235  56.094 0.8888890147
42374  21.138  -48.977  55.372 0.7777780294
42362  21.358  -49.402  55.887 0.7777780294
42296  12.553  -47.808  59.796 0.5555559993
42295  13.089  -47.414  60.406 0.5555559993
44397  23.899  -47.345  56.203 0.5555559993
43399  14.757  -47.054  58.517 0.8888890147
44375  23.147  -48.140  56.514 0.5555559993
45435  24.803  -46.393  54.800 0.5555559993
45418  23.824  -46.878  55.470 0.6666669846
44418  22.356  -47.261  54.999 0.7777780294
43430  21.954  -47.837  55.360 0.7777780294
43415  21.960  -48.699  56.002 0.7777780294
43416  21.428  -48.885  55.565 0.7777780294
45448  26.012  -46.446  53.822 0.6666669846
45436  24.011  -46.218  54.578 0.6666669846
46448  23.731  -45.878  54.213 0.6666669846
44419  21.833  -47.436  54.814 0.7777780294
43442  21.469  -47.688  54.685 0.7777780294
46478  30.043  -45.347  52.456 0.7777780294
45484  29.544  -45.543  51.953 0.7777780294
45460  29.666  -45.910  52.359 0.6666669846
45505  28.778  -45.478  51.134 0.8888890147
45447  26.894  -46.520  53.495 0.6666669846
45464  25.498  -45.903  53.214 0.6666669846
46482  23.197  -44.258  53.592 0.7777780294
46505  27.212  -45.411  51.146 0.8888890147
43376  14.679  -46.888  58.885 0.8888890147
42335  14.758  -46.662  59.299 0.7777780294
43419  15.621  -47.079  57.445 0.8888890147
43417  16.925  -46.639  56.184 0.8888890147
47545  30.981  -44.243  52.506 0.7777780294
46463  22.895  -45.719  54.167 0.7777780294
44437  21.508  -46.970  54.253 0.7777780294
44438  20.270  -46.670  53.930 0.8888890147
43444  19.627  -47.187  54.262 0.7777780294
46502  30.236  -44.499  52.061 0.8888890147
46530  29.144  -44.828  51.212 0.8888890147
47546  23.583  -43.513  52.464 0.8888890147
45466  21.096  -45.470  53.355 0.8888890147
45467  20.481  -45.570  53.464 0.8888890147
47597  28.657  -44.010  50.775 0.8888890147
47598  27.695  -43.869  50.544 0.8888890147
48653  22.827  -42.505  52.752 0.8888890147
42313  15.252  -46.318  59.969 0.7777780294
43374  15.372  -46.060  59.213 0.7777780294
47543  32.166  -43.248  52.974 0.7777780294
47549  21.291  -43.740  52.989 0.8888890147
45465  21.673  -45.239  53.385 0.8888890147
44400  17.707  -45.278  56.622 0.7777780294
48680  29.902  -43.225  50.759 0.8888890147
47550  20.361  -44.004  53.414 0.7777780294
46464  19.713  -44.374  54.283 0.7777780294
46465  19.413  -44.990  54.707 0.7777780294
48678  31.004  -42.235  51.159 0.8888890147
48709  30.023  -42.460  50.601 0.8888890147
47618  29.117  -43.296  50.496 0.8888890147
48712  27.767  -42.249  50.234 0.8888890147
47619  28.230  -43.199  50.266 0.8888890147
48683  25.530  -41.884  50.930 0.7777780294
48652  23.294  -42.160  52.212 0.8888890147
49733  22.670  -41.693  52.579 0.7777780294
43350  15.914  -45.605  59.995 0.6666669846
44377  17.956  -44.573  57.577 0.5555559993
49706  32.413  -42.161  52.686 0.8888890147
49749  31.321  -41.598  51.316 0.8888890147
48615  20.458  -42.510  53.798 0.7777780294
48633  20.549  -43.165  53.409 0.8888890147
50807  30.131  -40.802  50.628 0.8888890147
49775  29.947  -41.829  50.480 0.8888890147
49776  29.099  -41.641  50.375 0.8888890147
50808  29.422  -40.826  50.649 0.8888890147
49777  28.294  -41.523  50.445 0.7777780294
48681  27.170  -41.767  50.466 0.7777780294
48682  26.470  -42.020  50.630 0.7777780294
49755  25.397  -41.034  51.596 0.7777780294
49712  22.183  -41.291  52.977 0.6666669846
50744  34.296  -40.351  53.979 0.6666669846
51814  32.119  -39.385  52.306 0.8888890147
51830  31.573  -39.874  51.874 0.8888890147
48600  20.318  -42.281  54.534 0.6666669846
51847  30.282  -40.019  50.850 0.8888890147
49752  28.034  -41.052  51.258 0.7777780294
49728  27.011  -40.796  52.292 0.7777780294
49753  27.180  -41.005  51.161 0.7777780294
49730  25.194  -40.358  52.413 0.7777780294
50775  23.534  -39.969  53.230 0.7777780294
50760  22.372  -40.546  53.215 0.6666669846
50750  21.949  -40.564  53.659 0.5555559993
49700  21.504  -40.920  53.814 0.5555559993
48536  23.432  -39.788  59.084 0.3333329856
48525  23.664  -39.696  60.141 0.2222220004
49627  20.628  -40.671  59.695 0.2222220004
49618  21.667  -40.367  60.887 0.1111110002
49619  20.730  -40.798  60.614 0.1111110002
47453  19.348  -41.969  59.836 0.1111110002
46416  19.174  -42.586  59.352 0.1111110002
46401  19.292  -42.800  60.195 0.1111110002
45393  19.154  -43.274  59.603 0.1111110002
47468  25.912  -41.296  59.107 0.1111110002
47452  25.138  -41.106  59.800 0.1111110002
47451  25.982  -41.287  60.060 0.1111110002
48535  24.318  -40.544  59.449 0.2222220004
49650  21.618  -40.145  58.251 0.2222220004
48537  19.808  -41.165  59.333 0.2222220004
47504  25.463  -40.582  57.108 0.2222220004
47487  25.303  -40.808  57.643 0.2222220004
48563  24.367  -40.791  57.902 0.3333329856
49665  22.697  -39.749  57.836 0.2222220004
49651  20.696  -40.456  57.817 0.2222220004
47489  19.150  -42.445  57.153 0.2222220004
47515  27.455  -41.688  56.434 0.3333329856
47516  26.598  -41.234  56.106 0.3333329856
47517  26.203  -40.764  56.266 0.2222220004
48579  25.537  -40.521  56.779 0.2222220004
48596  25.691  -40.457  56.045 0.2222220004
48581  23.888  -39.773  56.429 0.3333329856
49676  22.851  -39.522  56.906 0.3333329856
47505  19.675  -41.878  56.839 0.3333329856
50745  29.351  -40.613  55.273 0.4444440007
48609  27.967  -41.054  55.042 0.4444440007
47529  26.803  -41.246  55.366 0.5555559993
47528  27.338  -41.427  55.569 0.3333329856
47527  28.210  -41.589  55.840 0.4444440007
48595  26.254  -40.778  55.880 0.2222220004
49697  24.939  -39.580  54.470 0.6666669846
50747  23.536  -39.670  54.481 0.5555559993
49699  23.461  -39.649  54.808 0.5555559993
49688  21.935  -39.922  55.321 0.4444440007
49687  23.150  -39.537  55.548 0.4444440007
50774  29.066  -39.907  52.565 0.7777780294
50757  29.092  -39.790  53.514 0.7777780294
49707  28.646  -40.425  53.523 0.6666669846
49708  28.156  -40.686  53.603 0.7777780294
48650  26.518  -40.409  53.386 0.6666669846
48629  26.051  -40.128  53.796 0.5555559993
49710  25.088  -39.674  53.589 0.6666669846
50758  23.535  -39.757  53.977 0.6666669846
49711  24.083  -39.790  53.554 0.6666669846
50748  22.948  -39.750  54.478 0.6666669846
50739  21.773  -40.383  54.087 0.5555559993
51815  31.362  -39.266  51.915 0.8888890147
52830  30.387  -39.131  51.526 0.8888890147
51816  29.297  -39.166  52.135 0.8888890147
49727  27.900  -40.948  52.606 0.7777780294
52815  30.748  -38.770  51.977 0.8888890147
52816  29.850  -38.682  52.047 0.8888890147
50736  29.149  -40.210  55.330 0.4444440007
51791  28.794  -40.080  55.698 0.5555559993
53803  31.653  -37.642  53.462 0.8888890147
52805  28.611  -37.853  53.519 0.7777780294
52793  28.326  -37.770  54.047 0.6666669846
50735  29.393  -40.600  55.904 0.4444440007
53763  34.675  -37.852  54.949 0.5555559993
53764  27.964  -38.116  57.149 0.4444440007
52781  28.119  -38.727  55.745 0.5555559993
53790  28.162  -37.167  54.434 0.6666669846
54867  32.888  -37.174  53.788 0.8888890147
54890  30.417  -36.785  53.299 1.0000000000
52764  28.498  -38.351  58.213 0.3333329856
53730  29.997  -37.124  61.334 0.1111110002
57161  35.904  -35.912  55.168 0.3333329856
56027  33.928  -35.995  53.849 1.0000000000
57201  33.691  -35.183  52.867 0.8888890147
54804  30.019  -35.726  59.979 0.2222220004
55973  29.864  -35.139  57.776 0.4444440007
57202  33.001  -34.986  52.364 1.0000000000
57228  31.251  -34.425  51.393 1.0000000000
57229  30.511  -34.144  51.497 1.0000000000
58255  29.838  -33.805  51.683 1.0000000000
58223  30.182  -33.436  55.249 0.4444440007
59301  29.628  -32.603  51.243 1.0000000000
60436  29.173  -31.720  52.017 1.0000000000
59288  33.276  -33.723  51.532 0.8888890147
59300  30.778  -32.972  50.805 1.0000000000
59314  32.310  -32.729  50.213 1.0000000000
59312  34.399  -33.289  50.380 0.7777780294
61655  29.395  -30.842  50.685 1.0000000000
61640  29.423  -30.485  50.964 1.0000000000
61626  29.341  -30.760  52.019 0.8888890147
59330  32.869  -32.696  49.426 1.0000000000
60392  29.323  -31.617  55.745 0.7777780294
61668  31.343  -30.005  49.093 1.0000000000
61687  31.916  -29.881  48.405 1.0000000000
62752  33.022  -28.848  47.445 1.0000000000
63834  39.284  -28.866  49.784 0.3333329856
63817  33.014  -27.264  53.054 0.4444440007
63848  32.300  -27.476  50.663 0.8888890147
63858  36.057  -28.706  47.440 0.8888890147
63866  33.330  -28.178  47.032 1.0000000000
63772  32.730  -26.748  55.921 0.2222220004
63790  34.021  -26.875  55.060 0.2222220004
64970  33.821  -27.328  46.801 1.0000000000
64942  32.093  -26.487  50.148 0.7777780294
64962  35.931  -27.827  47.299 0.8888890147
31613  5.237  -58.549  66.472 0.4444440007
32629  7.002  -57.251  66.074 0.5555559993
31606  4.870  -58.033  67.144 0.2222220004
32631  5.720  -58.057  66.983 0.2222220004
32630  6.399  -57.683  66.508 0.3333329856
33715  6.886  -56.114  65.014 0.6666669846
34899  6.857  -55.338  64.343 0.6666669846
32622  6.059  -57.305  67.285 0.2222220004
33701  7.013  -56.369  66.401 0.3333329856
33685  6.412  -56.547  67.623 0.2222220004
32621  6.780  -56.931  66.892 0.3333329856
34880  7.286  -55.060  66.436 0.6666669846
34889  6.715  -54.442  64.961 0.6666669846
36021  6.893  -54.373  65.980 0.6666669846
34898  6.839  -54.526  64.238 0.6666669846
37030  8.520  -53.149  62.969 0.7777780294
36030  7.047  -53.720  64.259 0.6666669846
36020  6.900  -53.683  65.361 0.5555559993
37024  7.852  -52.844  63.949 0.6666669846
37017  7.560  -52.839  65.277 0.3333329856
38118  8.495  -52.063  63.682 0.4444440007
38136  9.124  -51.500  62.342 0.5555559993
38091  8.305  -51.947  65.891 0.3333329856
38103  8.382  -52.015  64.791 0.2222220004
38117  8.987  -51.229  63.335 0.3333329856
39152  9.642  -50.619  62.891 0.4444440007
39136  9.586  -50.201  63.994 0.2222220004
38102  8.903  -51.118  64.384 0.2222220004
38090  8.781  -51.056  65.415 0.1111110002
39151  10.306  -49.758  63.447 0.2222220004
40161  10.912  -48.954  62.479 0.4444440007
39134  10.659  -49.286  63.880 0.1111110002
39135  10.443  -49.482  64.163 0.2222220004
40160  11.746  -48.239  63.033 0.1111110002
40151  11.171  -48.708  63.442 0.1111110002
40170  11.529  -48.298  62.181 0.4444440007
41220  11.981  -48.094  61.423 0.4444440007
44431  30.709  -46.350  53.711 0.2222220004
44451  29.331  -46.759  53.043 0.5555559993
41211  12.381  -47.967  62.475 0.2222220004
41219  12.808  -47.637  61.850 0.3333329856
44411  31.561  -46.711  54.451 0.3333329856
44430  31.275  -46.140  53.908 0.4444440007
44449  30.401  -45.971  53.273 0.2222220004
42294  14.078  -46.830  60.551 0.4444440007
42272  13.613  -46.884  61.330 0.3333329856
48508  25.154  -40.009  62.545 0.1111110002
48517  24.957  -39.872  61.445 0.1111110002
48524  24.640  -40.146  60.399 0.1111110002
46459  30.960  -45.257  53.213 0.4444440007
42245  14.882  -46.192  62.598 0.2222220004
42246  13.866  -46.639  62.274 0.2222220004
42271  14.491  -46.425  61.516 0.3333329856
42293  14.958  -46.419  60.718 0.3333329856
42312  15.811  -45.861  60.426 0.3333329856
49634  29.301  -39.980  60.701 0.1111110002
48546  28.882  -40.738  59.474 0.2222220004
47498  28.823  -41.360  58.268 0.1111110002
48577  29.202  -41.384  57.527 0.2222220004
49647  28.890  -40.112  59.604 0.2222220004
48562  28.866  -41.013  58.491 0.2222220004
49663  28.607  -40.315  58.724 0.2222220004
49664  28.802  -40.924  57.963 0.2222220004
50712  28.744  -39.641  59.104 0.2222220004
50721  28.464  -40.247  58.197 0.2222220004
50722  28.748  -40.809  57.330 0.2222220004
49684  30.051  -41.213  56.265 0.2222220004
51774  28.341  -40.192  57.760 0.2222220004
50730  29.214  -40.844  56.669 0.2222220004
47499  28.776  -41.743  57.818 0.2222220004
47513  28.959  -41.900  56.837 0.3333329856
47526  28.810  -42.206  56.032 0.3333329856
48578  29.474  -41.932  57.127 0.3333329856
48593  30.015  -41.711  56.979 0.2222220004
48594  29.584  -42.020  56.219 0.3333329856
49685  29.523  -41.461  55.626 0.2222220004
49695  29.767  -40.992  55.492 0.2222220004
66074  32.572  -26.871  47.682 0.8888890147
67120  33.435  -25.297  47.421 0.7777780294
58213  31.282  -33.610  57.213 0.3333329856
68094  32.705  -24.508  48.112 0.7777780294
67104  32.777  -25.376  47.792 0.7777780294
68112  33.185  -24.761  47.624 0.7777780294
59241  31.119  -32.771  57.728 0.3333329856
60382  29.875  -31.901  56.906 0.4444440007
69030  32.416  -23.384  50.606 0.7777780294
68081  32.009  -24.229  49.474 0.6666669846
66051  31.886  -26.014  49.714 0.6666669846
71185  34.219  -21.382  49.554 0.6666669846
70057  33.534  -21.866  49.524 0.6666669846
70058  32.881  -22.393  50.123 0.7777780294
68095  32.222  -24.342  48.803 0.7777780294
67089  31.855  -25.027  49.298 0.6666669846
66063  32.298  -26.084  48.361 0.7777780294
72243  35.477  -20.270  48.557 0.7777780294
70069  33.048  -22.535  48.902 0.7777780294
69053  32.685  -23.575  48.537 0.7777780294
72256  35.554  -20.641  47.507 0.7777780294
60381  30.521  -32.083  57.714 0.3333329856
70030  36.034  -21.325  51.897 0.3333329856
70046  35.114  -21.441  51.174 0.4444440007
70032  33.668  -22.611  51.963 0.4444440007
67075  31.727  -25.234  50.424 0.5555559993
71182  36.793  -19.815  50.377 0.4444440007
71164  36.294  -20.618  51.007 0.5555559993
70047  33.884  -21.796  50.848 0.5555559993
71183  35.802  -20.136  50.090 0.5555559993
71184  34.970  -20.695  49.436 0.6666669846
73319  36.877  -19.430  48.277 0.7777780294
73343  37.833  -18.772  46.883 0.7777780294
73331  37.363  -19.134  47.562 0.7777780294
61574  30.088  -30.905  57.680 0.3333329856
62645  29.758  -30.056  57.103 0.4444440007
70000  37.376  -20.938  53.294 0.1111110002
67063  32.416  -25.122  51.822 0.4444440007
70015  36.666  -21.226  52.831 0.2222220004
70016  35.434  -21.956  53.408 0.3333329856
70017  34.653  -22.481  53.289 0.2222220004
69022  33.405  -23.380  52.548 0.3333329856
67062  33.219  -25.013  52.715 0.3333329856
66038  32.383  -25.993  51.428 0.5555559993
71158  41.946  -19.627  51.626 0.1111110002
71159  40.894  -19.636  51.307 0.1111110002
71160  39.858  -19.766  51.214 0.3333329856
70042  38.429  -20.104  51.325 0.5555559993
70029  37.155  -20.753  51.894 0.3333329856
70031  34.534  -22.070  52.380 0.4444440007
69023  32.830  -23.475  51.678 0.5555559993
68058  31.855  -24.671  50.772 0.5555559993
67074  32.055  -25.489  51.107 0.5555559993
72210  41.008  -19.287  50.783 0.1111110002
71178  40.438  -19.523  50.631 0.2222220004
71180  38.680  -19.788  50.483 0.4444440007
71181  37.814  -19.814  50.460 0.5555559993
72219  41.132  -19.131  50.146 0.1111110002
72239  39.478  -19.203  49.248 0.3333329856
72241  38.042  -19.349  49.361 0.6666669846
72223  37.464  -19.480  49.533 0.6666669846
73317  38.793  -18.700  48.639 0.7777780294
73318  37.759  -19.173  48.752 0.7777780294
73306  37.183  -19.416  48.977 0.7777780294
63744  31.239  -27.445  57.339 0.2222220004
63745  30.195  -28.551  57.287 0.2222220004
66026  33.046  -25.801  52.195 0.4444440007
69008  34.104  -23.162  53.210 0.2222220004
68044  33.340  -24.192  53.020 0.3333329856
63793  31.194  -27.486  55.323 0.2222220004
70002  35.692  -22.136  54.068 0.1111110002
67061  33.715  -25.198  53.216 0.2222220004
66025  33.679  -25.674  52.812 0.3333329856
70001  36.348  -21.798  54.023 0.1111110002
69007  34.660  -22.886  53.885 0.2222220004
68042  34.275  -23.863  53.903 0.2222220004
67049  34.030  -24.800  53.691 0.2222220004
68997  35.255  -22.613  54.351 0.1111110002
64930  34.011  -25.980  52.968 0.3333329856
68988  35.145  -23.098  54.799 0.1111110002
68030  34.742  -23.575  54.528 0.1111110002
66024  34.030  -25.572  53.354 0.2222220004
63815  34.183  -26.619  54.025 0.3333329856
66010  34.336  -25.375  54.059 0.2222220004
64920  34.145  -26.232  53.442 0.3333329856
67048  34.411  -24.528  54.311 0.2222220004
63803  34.233  -26.565  54.688 0.2222220004
64909  34.404  -25.947  54.511 0.2222220004
66009  34.500  -24.971  54.608 0.1111110002
41229  12.618  -47.666  61.085 0.6666669846
44450  30.042  -46.279  53.177 0.4444440007
44452  28.448  -46.892  53.151 0.4444440007
46458  31.471  -44.878  53.322 0.4444440007
64931  33.552  -26.389  52.614 0.4444440007
39168  10.703  -49.344  63.109 0.2222220004
42273  13.080  -47.337  61.330 0.2222220004
48518  23.845  -39.739  61.241 0.1111110002
33700  6.920  -55.817  66.003 0.4444440007
34890  6.748  -55.201  65.522 0.6666669846
49675  29.677  -41.081  57.200 0.2222220004
66062  32.693  -25.876  47.760 0.7777780294
67105  32.309  -25.057  48.433 0.7777780294
69073  33.335  -24.063  47.802 0.7777780294
70048  33.122  -22.743  51.227 0.6666669846
69040  32.490  -23.181  49.529 0.7777780294
69041  32.133  -23.746  49.895 0.6666669846
68068  32.089  -23.905  50.621 0.6666669846
68069  31.868  -24.323  50.253 0.5555559993
71166  34.727  -21.207  50.336 0.5555559993
72225  35.595  -20.101  49.340 0.7777780294
72255  36.080  -20.266  46.938 0.7777780294
72242  36.092  -19.889  47.927 0.7777780294
61560  30.195  -30.275  58.197 0.3333329856
70045  35.787  -21.155  51.117 0.4444440007
71148  36.801  -20.723  51.555 0.3333329856
69021  33.924  -22.798  52.579 0.5555559993
68057  32.176  -24.221  51.210 0.5555559993
71163  37.323  -20.322  51.268 0.4444440007
71165  35.462  -20.888  50.544 0.5555559993
72224  36.349  -19.664  49.172 0.7777780294
73332  36.676  -19.665  47.214 0.7777780294
73344  37.405  -19.743  46.356 0.7777780294
70014  37.607  -20.714  52.463 0.2222220004
69009  33.630  -23.705  53.151 0.3333329856
68056  32.787  -24.214  52.281 0.4444440007
67050  33.628  -24.691  53.271 0.3333329856
71146  39.136  -19.966  51.804 0.5555559993
71161  38.919  -19.878  51.156 0.4444440007
71162  38.237  -20.112  51.013 0.5555559993
70027  38.471  -20.159  51.632 0.5555559993
70043  38.025  -20.329  51.451 0.5555559993
70028  37.893  -20.487  51.869 0.3333329856
71179  39.541  -19.701  50.532 0.4444440007
72220  40.057  -19.495  49.908 0.2222220004
72222  38.304  -19.565  49.832 0.5555559993
72221  39.132  -19.594  49.844 0.5555559993
72240  38.598  -19.280  49.270 0.5555559993
73305  37.475  -19.379  49.088 0.6666669846
73330  38.094  -18.697  47.901 0.7777780294
74360  38.571  -18.183  48.004 0.7777780294
74375  38.351  -18.370  47.382 0.7777780294
68043  33.811  -24.092  53.459 0.3333329856
27184  4.122  -62.394  63.920 0.1111110002
25968  3.884  -62.501  62.754 0.1111110002
27182  5.792  -62.389  64.566 0.3333329856
30624  3.051  -59.567  63.318 0.1111110002
31623  3.533  -58.340  65.304 0.2222220004
31614  4.389  -58.217  66.492 0.2222220004
32627  12.011  -57.718  66.127 0.1111110002
33699  12.492  -57.081  66.283 0.1111110002
34878  13.862  -55.602  66.132 0.1111110002
34867  13.260  -56.235  67.467 0.1111110002
33681  12.831  -56.678  66.847 0.1111110002
34879  13.255  -56.080  66.505 0.1111110002
34888  13.457  -56.100  65.458 0.1111110002
33713  12.971  -56.642  64.816 0.1111110002
33698  12.870  -56.597  65.896 0.1111110002
34897  13.767  -56.120  64.227 0.1111110002
36014  7.499  -54.280  66.690 0.4444440007
36019  14.386  -55.039  65.764 0.1111110002
36004  7.672  -53.482  66.961 0.2222220004
35994  7.586  -53.370  67.626 0.2222220004
34896  14.232  -55.587  64.515 0.1111110002
36037  14.188  -55.821  63.130 0.1111110002
37009  15.328  -54.137  66.099 0.1111110002
36018  14.899  -54.551  65.506 0.1111110002
37016  15.324  -54.156  65.235 0.1111110002
36028  14.668  -54.994  64.611 0.1111110002
37002  7.905  -52.688  67.377 0.1111110002
37021  15.813  -53.848  64.788 0.1111110002
37022  15.213  -54.280  64.376 0.1111110002
37023  15.007  -54.653  63.773 0.1111110002
36036  14.684  -55.146  63.458 0.1111110002
37029  14.912  -54.601  62.953 0.1111110002
38134  17.276  -53.074  63.931 0.1111110002
38116  16.430  -53.539  65.316 0.1111110002
38135  16.452  -53.521  64.286 0.1111110002
37028  15.278  -54.255  63.451 0.1111110002
38155  16.317  -53.506  62.802 0.1111110002
37027  15.764  -53.912  63.809 0.1111110002
37038  15.655  -53.976  63.160 0.1111110002
37040  14.819  -54.562  62.116 0.1111110002
38170  16.120  -53.311  61.286 0.1111110002
37055  14.998  -54.230  61.538 0.1111110002
37075  14.524  -54.043  60.700 0.2222220004
38181  15.829  -53.180  59.985 0.1111110002
38182  14.620  -53.588  59.723 0.2222220004
38114  18.136  -53.292  64.784 0.1111110002
41217  23.965  -50.315  61.116 0.2222220004
38133  18.350  -52.973  63.715 0.1111110002
38154  17.557  -52.819  62.784 0.1111110002
43390  28.477  -48.366  56.923 0.2222220004
38168  17.953  -52.603  61.936 0.1111110002
43391  27.455  -48.079  57.045 0.3333329856
39182  18.023  -52.552  60.961 0.1111110002
39194  16.831  -52.831  59.622 0.2222220004
39183  17.244  -52.726  60.549 0.2222220004
39195  16.101  -52.907  59.001 0.4444440007
40158  22.894  -51.185  61.910 0.2222220004
39148  22.284  -52.130  63.173 0.1111110002
38130  21.435  -52.611  63.388 0.1111110002
40168  22.695  -50.882  60.900 0.2222220004
39163  22.081  -51.788  62.191 0.2222220004
39149  21.639  -52.236  62.715 0.1111110002
38151  20.703  -52.497  62.727 0.1111110002
41218  23.311  -50.507  60.725 0.2222220004
40159  22.229  -51.358  61.414 0.2222220004
39164  21.145  -52.053  62.152 0.1111110002
38152  19.786  -52.610  62.698 0.1111110002
38132  19.401  -52.903  63.585 0.1111110002
43362  29.886  -48.725  57.627 0.1111110002
43363  29.113  -48.834  57.658 0.2222220004
40169  21.897  -51.187  60.723 0.2222220004
39179  20.723  -51.916  61.200 0.1111110002
39165  20.229  -52.188  61.973 0.1111110002
38153  18.693  -52.675  62.606 0.1111110002
39189  21.221  -51.589  60.503 0.1111110002
39166  19.333  -52.387  61.832 0.1111110002
39181  18.940  -52.229  60.992 0.1111110002
43413  27.987  -47.784  56.366 0.3333329856
43392  26.640  -47.896  57.430 0.3333329856
44370  26.629  -47.599  56.688 0.4444440007
39193  17.814  -52.603  59.850 0.2222220004
39207  16.605  -52.609  58.510 0.5555559993
42327  30.676  -48.981  58.098 0.1111110002
42347  31.248  -48.782  57.358 0.1111110002
43389  29.426  -48.483  56.863 0.1111110002
40176  22.229  -50.718  60.088 0.2222220004
40177  21.558  -51.050  59.990 0.2222220004
40178  21.011  -51.412  59.765 0.1111110002
39190  20.354  -51.767  60.171 0.1111110002
39192  18.589  -52.182  60.122 0.2222220004
39203  19.762  -51.710  59.526 0.3333329856
39204  19.044  -51.783  59.444 0.4444440007
39205  18.328  -52.080  59.212 0.2222220004
44393  27.170  -47.334  56.027 0.4444440007
40189  19.565  -51.642  58.792 0.4444440007
40190  18.809  -51.767  58.617 0.5555559993
40191  18.174  -51.996  58.410 0.6666669846
44394  26.104  -47.102  55.998 0.4444440007
43388  30.444  -48.536  56.979 0.1111110002
43412  28.793  -47.918  56.032 0.2222220004
43428  29.400  -47.658  55.449 0.2222220004
44392  28.046  -47.293  55.793 0.4444440007
44416  26.412  -46.751  55.047 0.4444440007
42326  31.759  -49.215  57.991 0.1111110002
42325  32.809  -48.927  57.880 0.1111110002
43387  31.291  -48.474  56.690 0.1111110002
43410  30.808  -48.181  56.034 0.1111110002
44414  28.607  -47.201  55.049 0.4444440007
44435  26.937  -46.706  54.307 0.4444440007
44434  27.826  -46.887  53.973 0.4444440007
44415  27.523  -46.913  55.085 0.4444440007
42324  33.739  -48.384  57.935 0.1111110002
42345  33.149  -48.239  57.086 0.1111110002
43409  31.890  -48.078  56.069 0.1111110002
43340  35.061  -47.675  58.865 0.1111110002
42300  34.764  -48.340  58.988 0.1111110002
42270  15.613  -46.112  61.666 0.2222220004
43341  34.652  -48.131  58.633 0.1111110002
42292  15.628  -46.095  60.783 0.2222220004
42344  33.652  -48.032  57.383 0.1111110002
42359  32.944  -47.888  56.626 0.1111110002
43426  31.217  -47.658  55.196 0.1111110002
44343  18.610  -44.422  59.834 0.1111110002
43347  18.298  -44.827  60.079 0.1111110002
43427  30.226  -47.714  55.325 0.1111110002
44413  29.591  -47.345  54.672 0.3333329856
44433  28.933  -47.128  53.938 0.4444440007
45379  35.999  -45.070  59.651 0.1111110002
45385  35.791  -45.747  59.716 0.1111110002
44332  36.045  -46.564  60.212 0.1111110002
42269  16.763  -46.148  62.053 0.2222220004
46395  36.003  -44.263  59.044 0.1111110002
45386  35.563  -45.267  58.931 0.1111110002
44341  35.479  -46.524  59.080 0.1111110002
44351  35.259  -47.005  58.546 0.1111110002
46411  35.322  -44.259  58.234 0.1111110002
44342  35.336  -45.872  58.544 0.1111110002
43359  35.009  -47.235  58.330 0.1111110002
43361  33.918  -47.924  57.554 0.1111110002
43332  17.907  -45.675  61.186 0.1111110002
42291  16.422  -45.852  61.063 0.2222220004
47464  35.737  -43.197  58.134 0.1111110002
45392  35.129  -45.266  58.105 0.1111110002
45400  34.761  -45.479  57.270 0.1111110002
44368  34.366  -46.664  57.182 0.1111110002
43384  34.196  -47.292  57.369 0.1111110002
43331  18.441  -44.962  60.739 0.1111110002
43348  17.729  -44.958  60.019 0.1111110002
43349  16.759  -45.322  60.394 0.1111110002
48560  35.272  -42.284  57.480 0.1111110002
47481  34.922  -43.292  57.588 0.1111110002
46423  34.859  -44.364  57.438 0.1111110002
45401  34.136  -45.575  56.553 0.1111110002
43408  32.819  -47.365  56.157 0.1111110002
43372  16.853  -44.800  59.530 0.1111110002
49661  35.655  -41.279  57.412 0.1111110002
47482  34.616  -43.461  56.732 0.1111110002
44369  33.704  -46.442  56.521 0.1111110002
44390  33.192  -46.435  55.945 0.1111110002
43425  32.075  -47.316  55.349 0.1111110002
44344  18.154  -44.723  59.738 0.1111110002
49662  35.151  -41.440  56.803 0.1111110002
49674  34.908  -41.574  56.038 0.1111110002
48561  34.776  -42.414  56.831 0.1111110002
47496  34.357  -43.674  55.771 0.1111110002
45432  32.339  -45.971  54.571 0.1111110002
44412  30.557  -47.237  54.451 0.1111110002
48576  34.533  -42.573  55.998 0.1111110002
48591  34.348  -42.727  55.143 0.1111110002
44432  29.894  -46.970  53.776 0.2222220004
46424  34.503  -44.545  56.579 0.1111110002
45414  33.580  -45.616  55.880 0.1111110002
47511  34.115  -43.486  54.881 0.2222220004
46435  33.439  -44.804  55.156 0.1111110002
45415  33.092  -45.745  55.148 0.1111110002
47497  34.004  -44.190  55.107 0.2222220004
46446  32.761  -44.855  54.305 0.1111110002
59262  36.251  -33.594  54.134 0.1111110002
59272  37.703  -33.029  54.135 0.1111110002
60417  38.130  -32.568  53.434 0.1111110002
64961  36.761  -27.952  47.631 0.6666669846
67103  37.311  -26.877  46.866 0.6666669846
66071  35.914  -26.878  47.266 0.7777780294
67117  36.813  -26.149  46.885 0.6666669846
67118  35.402  -25.778  47.240 0.6666669846
66072  34.584  -26.534  47.084 0.6666669846
66073  33.180  -26.208  47.307 0.6666669846
68108  37.065  -24.942  46.584 0.6666669846
68109  35.955  -24.838  47.109 0.6666669846
68110  34.821  -24.758  47.385 0.6666669846
68111  33.867  -24.704  47.456 0.6666669846
69072  34.211  -23.910  47.585 0.6666669846
69070  36.269  -23.643  46.833 0.6666669846
69071  35.170  -23.776  47.299 0.6666669846
70081  34.472  -23.054  47.666 0.6666669846
69052  33.614  -23.155  48.071 0.6666669846
69065  42.594  -23.966  46.875 0.5555559993
69067  40.913  -24.356  46.180 0.5555559993
68118  39.540  -24.319  46.236 0.6666669846
71201  34.484  -21.270  48.818 0.6666669846
69080  42.228  -23.382  46.239 0.5555559993
69081  41.631  -23.599  46.114 0.5555559993
69083  39.615  -23.606  46.118 0.6666669846
69084  38.546  -23.757  46.222 0.6666669846
69069  37.307  -24.048  46.581 0.6666669846
70079  36.022  -22.929  46.844 0.6666669846
70067  34.778  -21.911  47.856 0.6666669846
70068  34.183  -22.040  48.341 0.5555559993
70096  40.008  -22.929  45.884 0.5555559993
70097  38.929  -22.722  45.862 0.6666669846
70098  37.754  -22.698  46.012 0.6666669846
70099  36.483  -22.660  46.437 0.6666669846
70093  42.774  -22.954  46.232 0.5555559993
70094  41.839  -22.867  45.993 0.5555559993
70095  40.928  -22.889  45.819 0.5555559993
70111  40.353  -22.373  45.686 0.5555559993
70100  35.781  -21.952  46.695 0.6666669846
71217  35.465  -21.464  47.110 0.6666669846
71235  38.122  -21.959  45.654 0.6666669846
71237  36.169  -21.596  46.357 0.6666669846
72278  35.806  -21.015  46.725 0.6666669846
72277  36.390  -20.830  46.278 0.6666669846
71255  37.815  -21.392  45.615 0.6666669846
71236  37.086  -21.569  45.766 0.6666669846
70013  38.394  -20.364  52.177 0.1111110002
71231  43.250  -22.088  45.908 0.4444440007
71250  42.617  -21.524  45.276 0.4444440007
71232  42.235  -22.234  45.678 0.5555559993
71251  41.607  -21.571  45.262 0.5555559993
71252  40.444  -21.639  45.367 0.6666669846
73345  36.675  -20.181  46.514 0.6666669846
70113  38.845  -21.939  45.500 0.6666669846
72301  37.699  -20.708  45.665 0.6666669846
71254  38.362  -21.320  45.466 0.6666669846
72276  36.976  -20.547  45.963 0.6666669846
71248  44.227  -21.240  45.512 0.3333329856
71249  43.599  -21.406  45.425 0.4444440007
72296  42.938  -20.697  44.901 0.4444440007
72298  41.014  -20.807  44.812 0.6666669846
72299  39.613  -20.327  44.842 0.6666669846
72300  38.513  -20.494  45.368 0.6666669846
73363  37.964  -20.024  45.719 0.6666669846
71253  39.224  -21.351  45.273 0.6666669846
72275  45.456  -21.147  46.049 0.3333329856
72293  45.818  -20.735  45.437 0.3333329856
72294  44.795  -20.843  45.434 0.3333329856
72295  43.904  -20.760  45.095 0.3333329856
73362  38.394  -19.240  45.680 0.6666669846
73358  45.302  -20.167  44.830 0.3333329856
73359  44.346  -20.151  44.756 0.3333329856
72317  41.687  -20.265  44.397 0.6666669846
73384  41.462  -19.423  44.039 0.6666669846
72318  40.699  -19.921  44.402 0.6666669846
73361  39.280  -19.194  44.944 0.6666669846
75444  39.237  -17.256  46.811 0.5555559993
74374  38.809  -17.810  47.358 0.6666669846
75473  40.769  -17.324  43.956 0.6666669846
74418  39.511  -17.959  44.608 0.6666669846
74384  38.713  -17.806  46.314 0.5555559993
74411  46.276  -18.726  44.127 0.2222220004
73381  44.789  -19.432  44.368 0.4444440007
74413  44.246  -18.618  44.021 0.5555559993
74430  41.821  -18.341  43.604 0.6666669846
74417  40.227  -18.145  44.198 0.6666669846
75475  39.318  -17.485  45.075 0.6666669846
74398  38.509  -18.361  45.943 0.6666669846
73382  43.771  -19.465  44.299 0.3333329856
73383  42.622  -19.779  44.232 0.6666669846
72319  39.940  -19.453  44.530 0.6666669846
74397  38.905  -18.217  45.268 0.6666669846
76490  39.723  -16.673  47.180 0.5555559993
76506  39.503  -16.603  46.277 0.4444440007
75466  48.825  -17.776  44.189 0.2222220004
74410  47.306  -18.734  44.308 0.2222220004
76521  40.266  -16.553  44.756 0.5555559993
76505  39.977  -16.063  45.671 0.5555559993
74408  49.550  -18.382  44.581 0.1111110002
74412  45.271  -18.642  44.097 0.4444440007
75471  43.764  -17.928  43.685 0.5555559993
74429  42.329  -18.196  43.583 0.6666669846
76533  41.710  -16.919  43.745 0.6666669846
76520  41.058  -16.253  44.225 0.6666669846
76516  47.019  -17.141  43.752 0.2222220004
76517  46.068  -17.276  43.636 0.3333329856
76518  45.449  -17.414  43.612 0.4444440007
75470  44.775  -17.682  43.704 0.5555559993
75483  43.168  -17.404  43.583 0.5555559993
75464  50.618  -17.257  44.255 0.1111110002
74407  50.085  -18.203  44.627 0.1111110002
77519  40.570  -15.400  46.105 0.5555559993
77528  50.882  -16.446  43.688 0.1111110002
76514  49.108  -16.949  43.716 0.1111110002
76515  48.053  -17.086  43.709 0.1111110002
75467  47.723  -17.858  44.210 0.2222220004
77555  50.205  -15.316  42.580 0.2222220004
76524  49.843  -15.973  43.308 0.1111110002
76525  49.223  -16.135  43.337 0.1111110002
76527  47.312  -16.400  43.281 0.2222220004
76528  46.294  -16.472  43.312 0.4444440007
76530  44.188  -16.463  43.374 0.5555559993
76532  42.558  -16.701  43.667 0.5555559993
76519  41.962  -16.036  44.010 0.5555559993
78481  51.680  -15.308  42.687 0.2222220004
78497  50.696  -15.023  42.378 0.2222220004
77542  49.406  -15.485  42.846 0.1111110002
77543  48.474  -15.551  43.008 0.2222220004
77547  44.492  -15.615  43.172 0.5555559993
77549  42.779  -15.839  43.759 0.5555559993
77531  41.471  -15.427  44.665 0.5555559993
77530  42.302  -15.207  44.380 0.5555559993
78496  51.674  -14.718  42.019 0.1111110002
79479  50.742  -14.275  41.768 0.2222220004
78499  48.714  -14.518  42.304 0.2222220004
78485  47.772  -14.896  42.771 0.2222220004
78486  46.910  -14.875  42.737 0.3333329856
77545  46.597  -15.597  43.024 0.5555559993
77546  45.548  -15.609  43.077 0.5555559993
77548  43.576  -15.667  43.438 0.5555559993
77529  43.023  -14.950  43.942 0.4444440007
79506  53.194  -13.026  40.607 0.1111110002
80605  51.411  -12.946  40.804 0.1111110002
79481  48.995  -14.008  42.001 0.2222220004
78500  47.932  -14.339  42.372 0.3333329856
78488  44.780  -14.606  42.953 0.5555559993
78489  43.756  -14.584  43.427 0.4444440007
79496  50.194  -13.532  41.393 0.2222220004
79498  48.301  -13.429  41.543 0.2222220004
79483  47.254  -13.551  41.993 0.3333329856
79484  46.455  -13.621  42.283 0.4444440007
81715  52.060  -11.879  39.917 0.1111110002
79453  42.387  -13.462  46.416 0.3333329856
78466  42.074  -13.877  45.476 0.3333329856
77518  41.193  -15.005  45.584 0.3333329856
78473  42.541  -14.199  44.666 0.4444440007
78467  41.608  -14.194  46.171 0.4444440007
79469  43.519  -13.663  43.900 0.4444440007
78472  43.148  -14.136  44.068 0.4444440007
78474  41.846  -14.635  45.120 0.4444440007
80597  46.445  -12.997  42.019 0.5555559993
79485  45.889  -13.800  42.499 0.5555559993
79468  44.156  -13.478  43.405 0.5555559993
82793  52.202  -10.896  38.873 0.1111110002
81726  52.615  -11.493  39.359 0.1111110002
81716  50.904  -11.478  39.984 0.1111110002
80620  50.674  -12.302  40.551 0.2222220004
80608  48.441  -12.658  41.131 0.2222220004
80609  47.346  -12.798  41.415 0.3333329856
81725  53.531  -11.611  39.429 0.1111110002
81714  53.098  -12.087  39.876 0.1111110002
79452  43.257  -13.022  46.095 0.3333329856
79457  43.745  -12.933  44.372 0.4444440007
79458  43.115  -13.302  44.774 0.4444440007
80590  44.601  -12.407  43.249 0.4444440007
80598  45.589  -12.824  42.320 0.5555559993
79467  45.082  -13.639  42.739 0.5555559993
81727  51.612  -11.201  39.465 0.1111110002
81701  49.294  -12.093  40.734 0.2222220004
81704  46.456  -11.797  41.287 0.4444440007
81705  45.676  -11.905  41.737 0.5555559993
82813  52.907  -10.849  38.004 0.1111110002
81728  51.031  -11.003  39.553 0.2222220004
82779  49.985  -10.619  39.719 0.2222220004
82780  48.793  -10.531  40.150 0.2222220004
81718  48.360  -11.212  40.512 0.3333329856
81703  47.532  -11.579  40.908 0.4444440007
83903  52.381  -9.856  37.146 0.2222220004
83892  52.365  -10.267  37.711 0.2222220004
82815  51.249  -9.892  38.526 0.2222220004
82794  50.967  -10.427  39.155 0.2222220004
83919  51.889  -8.721  36.618 0.4444440007
83904  51.616  -9.237  37.230 0.3333329856
83893  51.719  -9.803  37.884 0.3333329856
83894  50.803  -9.355  38.155 0.4444440007
81695  45.010  -11.479  42.663 0.4444440007
83867  45.619  -9.977  42.137 0.4444440007
82766  45.473  -10.619  42.048 0.4444440007
82771  46.300  -10.578  41.463 0.4444440007
82772  45.945  -11.214  41.596 0.4444440007
83881  49.971  -9.815  38.813 0.3333329856
83873  48.952  -9.706  39.447 0.3333329856
82781  47.861  -10.384  40.510 0.3333329856
83870  46.514  -9.544  41.310 0.4444440007
83905  50.924  -8.784  37.538 0.4444440007
84964  50.378  -8.635  37.898 0.4444440007
83880  50.744  -9.841  38.712 0.3333329856
83882  49.066  -9.093  38.752 0.3333329856
84948  47.806  -8.600  39.564 0.4444440007
83874  47.953  -9.600  40.140 0.4444440007
83869  47.192  -9.584  40.708 0.3333329856
84976  51.287  -8.581  37.036 0.4444440007
86021  46.361  -7.601  42.136 0.4444440007
83866  45.828  -9.423  42.079 0.4444440007
86035  47.001  -7.547  40.479 0.4444440007
84945  46.614  -8.754  40.993 0.4444440007
84965  49.717  -8.047  37.991 0.4444440007
83896  49.153  -8.440  38.424 0.4444440007
84947  48.466  -8.998  39.078 0.4444440007
84944  47.140  -8.743  40.396 0.4444440007
84977  50.635  -8.004  37.338 0.4444440007
86075  50.954  -6.659  36.741 0.4444440007
86059  50.364  -7.059  37.185 0.4444440007
84937  49.331  -7.458  44.373 0.1111110002
86027  48.608  -6.180  43.540 0.2222220004
86019  47.818  -6.656  43.796 0.3333329856
87116  47.956  -5.735  41.828 0.2222220004
86020  46.904  -7.089  42.913 0.4444440007
84939  47.012  -7.514  43.779 0.4444440007
86029  46.836  -6.723  41.819 0.4444440007
84940  46.180  -8.144  42.832 0.4444440007
86030  46.532  -7.873  41.322 0.4444440007
84966  48.910  -7.725  38.326 0.4444440007
84953  47.871  -7.984  39.175 0.4444440007
86038  47.580  -7.490  39.523 0.4444440007
88214  51.290  -5.110  37.296 0.3333329856
88215  50.840  -5.590  37.154 0.4444440007
87156  50.269  -6.155  37.483 0.4444440007
87140  49.535  -6.169  38.241 0.4444440007
86041  48.501  -7.324  38.722 0.4444440007
84952  48.392  -8.252  38.801 0.4444440007
86017  50.329  -6.710  43.891 0.1111110002
87109  49.827  -6.363  43.602 0.1111110002
88158  49.642  -5.541  42.419 0.1111110002
88166  50.105  -5.218  41.762 0.2222220004
89235  49.903  -4.841  40.115 0.2222220004
88167  49.401  -5.206  40.979 0.2222220004
88160  48.644  -5.512  41.194 0.2222220004
87124  47.610  -6.626  40.090 0.4444440007
89243  50.265  -4.806  39.704 0.2222220004
88177  49.104  -5.805  39.641 0.3333329856
87126  48.386  -6.153  39.865 0.4444440007
88213  51.694  -4.913  36.974 0.3333329856
88193  51.217  -4.850  38.338 0.1111110002
88184  50.607  -4.847  39.157 0.2222220004
87130  49.394  -6.056  38.946 0.4444440007
87131  48.879  -6.519  39.009 0.4444440007
87127  48.117  -6.853  39.394 0.4444440007
86016  51.263  -6.734  44.127 0.1111110002
86025  51.260  -6.173  43.387 0.1111110002
87121  51.202  -5.530  42.677 0.1111110002
87113  50.937  -5.879  43.191 0.1111110002
86026  50.758  -6.110  43.462 0.1111110002
87122  50.671  -5.331  42.274 0.1111110002
87114  50.229  -5.737  43.084 0.1111110002
89225  49.979  -4.778  40.844 0.2222220004
88174  51.146  -4.494  40.320 0.2222220004
88183  51.229  -4.651  39.326 0.2222220004
87108  52.359  -6.269  43.782 0.1111110002
86024  51.809  -6.429  43.542 0.1111110002
87112  52.148  -5.978  43.147 0.1111110002
88157  52.251  -5.263  42.831 0.1111110002
86034  51.529  -5.905  42.995 0.1111110002
89223  52.274  -4.465  41.958 0.1111110002
88164  51.861  -4.747  42.009 0.1111110002
89214  52.685  -4.004  41.790 0.1111110002
89215  52.523  -4.264  42.229 0.1111110002
88165  50.991  -4.680  41.571 0.1111110002
89231  52.585  -3.803  40.348 0.1111110002
89221  52.659  -3.926  40.997 0.1111110002
88163  52.230  -4.469  41.568 0.1111110002
89233  50.772  -4.460  40.875 0.2222220004
89230  52.679  -3.259  39.876 0.1111110002
88182  51.847  -4.497  39.535 0.2222220004
89241  52.119  -4.405  38.628 0.2222220004
88192  51.653  -4.623  38.767 0.2222220004
89216  52.378  -4.640  42.546 0.1111110002
82811  55.063  -11.168  38.199 0.1111110002
82827  54.849  -10.783  37.296 0.1111110002
82812  54.080  -11.015  38.145 0.1111110002
34905  13.440  -56.439  62.878 0.1111110002
39217  16.900  -52.161  57.984 0.5555559993
40201  17.548  -51.856  57.678 0.6666669846
40188  20.495  -51.435  58.999 0.2222220004
40186  21.877  -50.705  59.476 0.2222220004
41228  22.891  -50.382  60.139 0.2222220004
46457  32.083  -44.561  53.759 0.2222220004
42311  16.216  -45.613  60.520 0.2222220004
47524  32.394  -43.718  53.605 0.2222220004
47512  33.307  -43.765  54.507 0.2222220004
60433  38.475  -31.939  52.553 0.1111110002
66061  36.657  -27.361  47.293 0.7777780294
36013  7.275  -53.530  66.177 0.4444440007
44410  32.210  -46.700  55.079 0.1111110002
45433  31.665  -45.785  53.941 0.2222220004
67119  34.220  -25.537  47.291 0.6666669846
71200  34.892  -21.259  48.034 0.6666669846
65992  34.740  -25.061  55.079 0.1111110002
46447  32.085  -45.217  53.962 0.1111110002
43333  17.116  -45.711  61.043 0.1111110002
71238  35.792  -21.509  46.699 0.6666669846
74385  38.350  -18.333  46.601 0.6666669846
71133  38.150  -20.594  52.776 0.1111110002
34868  8.050  -54.963  67.069 0.2222220004
36005  7.697  -54.110  67.390 0.2222220004
36029  14.377  -55.590  64.012 0.1111110002
36027  15.001  -54.465  64.924 0.1111110002
36046  14.475  -55.163  62.267 0.1111110002
38169  17.070  -52.839  61.584 0.1111110002
37039  15.336  -54.131  62.566 0.1111110002
38156  15.648  -53.831  61.804 0.1111110002
38171  15.330  -53.766  60.821 0.1111110002
40167  23.362  -50.766  61.326 0.2222220004
39167  18.576  -52.491  61.667 0.1111110002
38180  16.589  -52.922  60.632 0.1111110002
39206  17.524  -52.417  58.717 0.5555559993
38150  21.229  -52.386  62.736 0.1111110002
38131  20.406  -52.807  63.520 0.1111110002
39178  21.569  -51.706  61.347 0.1111110002
39180  19.813  -52.010  61.085 0.1111110002
43411  29.836  -48.144  56.094 0.2222220004
39191  19.400  -51.903  60.236 0.2222220004
42346  32.130  -48.693  57.014 0.1111110002
42360  32.611  -48.099  56.561 0.1111110002
43325  35.794  -47.658  59.663 0.1111110002
43360  34.432  -47.696  57.957 0.1111110002
43385  33.692  -47.451  57.027 0.1111110002
44352  35.121  -46.487  58.042 0.1111110002
43407  33.343  -46.924  56.430 0.1111110002
43424  32.437  -46.981  55.516 0.1111110002
44391  32.685  -46.534  55.413 0.1111110002
46434  33.953  -44.717  55.880 0.1111110002
66070  36.880  -26.952  46.981 0.6666669846
69086  36.871  -23.449  46.553 0.6666669846
70080  35.308  -22.468  47.256 0.6666669846
69066  41.434  -24.328  46.349 0.5555559993
68117  40.090  -24.136  46.225 0.6666669846
68105  40.648  -24.821  46.368 0.6666669846
69082  40.639  -23.844  46.100 0.5555559993
69068  37.895  -24.010  46.423 0.6666669846
69085  37.464  -23.435  46.368 0.6666669846
71233  41.299  -22.230  45.667 0.5555559993
71234  40.755  -22.268  45.674 0.5555559993
70112  39.632  -22.167  45.592 0.6666669846
72297  42.032  -20.909  44.841 0.5555559993
72316  42.324  -20.439  44.561 0.5555559993
73360  43.512  -20.163  44.669 0.3333329856
73385  40.514  -19.042  44.171 0.6666669846
73316  39.799  -18.577  48.855 0.4444440007
75485  41.684  -17.787  43.619 0.6666669846
74416  41.184  -18.448  43.764 0.6666669846
73386  39.676  -18.690  44.534 0.6666669846
75474  39.924  -17.371  44.619 0.6666669846
75457  39.020  -17.255  45.825 0.5555559993
73380  45.791  -19.506  44.337 0.2222220004
75472  43.237  -17.993  43.628 0.6666669846
74414  43.126  -18.635  43.761 0.5555559993
74415  42.094  -18.853  43.718 0.6666669846
74409  48.517  -18.801  44.551 0.2222220004
75456  39.621  -16.852  45.351 0.5555559993
75465  49.996  -17.676  44.239 0.1111110002
75468  46.680  -17.916  44.067 0.2222220004
75469  45.750  -17.923  43.920 0.4444440007
75484  42.375  -17.501  43.607 0.5555559993
74428  42.845  -17.960  43.581 0.6666669846
77532  40.667  -15.696  45.089 0.5555559993
75481  44.534  -17.014  43.475 0.5555559993
75482  43.973  -17.178  43.545 0.5555559993
76513  50.192  -16.643  43.732 0.1111110002
75454  51.006  -17.793  44.797 0.1111110002
76526  48.300  -16.316  43.276 0.1111110002
77556  49.940  -15.416  42.676 0.2222220004
76529  45.174  -16.713  43.351 0.5555559993
76531  43.374  -16.544  43.533 0.5555559993
79480  49.906  -14.197  41.890 0.2222220004
78498  49.610  -14.912  42.326 0.2222220004
78483  49.060  -14.997  42.495 0.2222220004
78484  48.559  -14.956  42.649 0.2222220004
77544  47.567  -15.603  43.016 0.3333329856
79495  51.303  -13.767  41.301 0.1111110002
79482  48.147  -13.907  41.963 0.2222220004
78501  47.135  -14.253  42.452 0.4444440007
78487  45.893  -14.634  42.739 0.5555559993
79507  52.974  -13.237  40.646 0.1111110002
80618  52.599  -12.715  40.397 0.1111110002
80617  53.512  -12.623  40.492 0.1111110002
79494  52.405  -13.496  40.882 0.1111110002
79497  49.219  -13.420  41.468 0.2222220004
78502  46.460  -14.233  42.549 0.5555559993
80604  51.998  -12.872  40.634 0.1111110002
80619  51.599  -12.363  40.387 0.1111110002
80607  49.504  -12.607  40.927 0.2222220004
79499  47.742  -13.465  41.683 0.3333329856
80596  46.858  -12.990  41.757 0.3333329856
79459  42.601  -13.466  45.423 0.4444440007
80611  46.011  -12.579  41.909 0.5555559993
82792  53.286  -11.191  38.817 0.1111110002
82778  50.700  -10.897  39.593 0.2222220004
80621  50.055  -12.421  40.661 0.2222220004
81717  49.589  -11.702  40.438 0.2222220004
80606  50.516  -12.936  40.936 0.1111110002
81702  48.795  -11.962  40.816 0.2222220004
80610  46.425  -12.547  41.628 0.5555559993
80591  44.104  -12.569  43.976 0.3333329856
82829  52.941  -10.617  37.039 0.1111110002
82814  51.899  -10.329  38.384 0.1111110002
82795  50.132  -10.308  39.225 0.2222220004
81719  47.715  -10.913  40.675 0.4444440007
82828  53.900  -11.055  37.206 0.1111110002
83872  49.730  -10.146  39.309 0.3333329856
82765  45.772  -10.127  41.913 0.4444440007
83864  45.482  -9.817  42.517 0.4444440007
82770  47.175  -10.435  40.916 0.4444440007
83895  49.835  -8.915  38.351 0.4444440007
84942  46.172  -8.520  41.732 0.4444440007
86036  46.763  -8.231  40.791 0.4444440007
84978  49.910  -7.399  37.574 0.4444440007
87157  49.826  -6.306  37.775 0.4444440007
86018  49.125  -6.770  43.821 0.1111110002
87110  49.399  -6.130  43.474 0.1111110002
86028  47.688  -6.130  42.938 0.3333329856
87115  48.947  -5.705  42.833 0.2222220004
87117  47.392  -6.430  40.994 0.4444440007
86049  48.818  -7.035  38.429 0.4444440007
86048  49.243  -7.090  37.925 0.4444440007
88194  50.411  -5.328  38.074 0.4444440007
87139  49.975  -5.783  38.021 0.4444440007
88195  49.895  -5.652  38.373 0.4444440007
88159  49.134  -5.501  41.850 0.2222220004
87123  48.069  -5.920  40.741 0.3333329856
88176  49.422  -5.223  40.142 0.3333329856
88168  48.808  -5.563  40.434 0.3333329856
88185  49.746  -5.411  39.139 0.4444440007
88186  49.319  -5.992  39.211 0.4444440007
86033  51.728  -6.087  43.120 0.1111110002
87120  51.806  -5.645  42.772 0.1111110002
88173  51.768  -4.536  40.717 0.1111110002
88172  52.320  -4.393  40.902 0.1111110002
88180  52.521  -4.081  40.262 0.1111110002
88181  52.287  -4.235  39.989 0.1111110002
89239  52.615  -3.630  39.596 0.1111110002
82791  54.357  -11.334  39.118 0.1111110002
30600  3.794  -58.668  65.519 0.2222220004
34869  7.484  -55.459  67.548 0.1111110002
34852  7.654  -54.673  67.823 0.1111110002
42242  18.171  -46.172  63.188 0.1111110002
42243  17.198  -46.402  63.042 0.1111110002
41207  16.474  -46.625  63.691 0.1111110002
42244  16.065  -46.201  62.836 0.1111110002
42290  17.252  -45.975  61.492 0.1111110002
43366  26.087  -47.865  58.185 0.3333329856
41170  17.317  -47.877  64.494 0.1111110002
41190  16.853  -47.387  63.982 0.1111110002
42220  17.769  -46.597  63.581 0.1111110002
41208  15.348  -46.335  63.679 0.1111110002
41192  14.660  -46.853  64.255 0.1111110002
41209  14.158  -46.630  63.337 0.1111110002
42268  17.820  -46.218  62.199 0.1111110002
41171  16.354  -47.495  64.680 0.1111110002
41172  15.204  -47.115  64.858 0.1111110002
41193  13.600  -47.321  63.839 0.1111110002
64929  40.382  -28.228  50.465 0.3333329856
66037  39.555  -27.627  49.425 0.3333329856
66048  39.092  -27.379  48.863 0.3333329856
66050  38.164  -27.797  47.936 0.4444440007
66047  39.845  -27.284  49.182 0.3333329856
67086  40.423  -26.926  48.741 0.2222220004
67087  39.556  -27.197  48.398 0.4444440007
67088  39.198  -27.298  48.269 0.5555559993
66059  38.432  -27.410  47.627 0.5555559993
66060  37.512  -27.425  47.318 0.5555559993
67101  38.909  -26.955  47.487 0.5555559993
67102  37.870  -26.839  47.020 0.5555559993
67073  40.919  -26.778  49.441 0.2222220004
67098  41.875  -25.733  48.132 0.2222220004
67099  40.974  -26.497  47.822 0.3333329856
67100  39.930  -26.896  47.537 0.4444440007
67116  38.011  -26.065  46.569 0.5555559993
67112  41.840  -25.461  47.529 0.2222220004
67113  41.374  -25.739  47.150 0.4444440007
67114  40.342  -26.122  46.669 0.5555559993
67115  39.152  -26.156  46.587 0.5555559993
68093  42.107  -25.320  47.708 0.2222220004
69051  42.831  -24.494  47.502 0.3333329856
68103  42.549  -24.648  47.366 0.4444440007
68106  39.466  -25.140  46.336 0.5555559993
68107  38.272  -24.839  46.345 0.5555559993
69064  43.734  -23.644  47.351 0.2222220004
70078  43.398  -23.276  46.786 0.4444440007
70092  43.754  -22.648  46.502 0.4444440007
71230  44.566  -21.819  46.281 0.2222220004
72292  46.785  -20.804  45.456 0.1111110002
73356  47.297  -20.244  44.943 0.1111110002
73357  46.298  -20.238  44.817 0.1111110002
73379  46.811  -19.547  44.412 0.1111110002
74396  48.935  -19.385  44.826 0.1111110002
74359  39.298  -17.866  48.294 0.4444440007
75418  39.782  -17.519  48.219 0.4444440007
75435  39.527  -17.307  47.745 0.4444440007
76480  39.961  -16.870  47.663 0.3333329856
78461  41.194  -14.864  47.074 0.2222220004
77505  40.795  -15.316  47.151 0.2222220004
76489  40.022  -15.930  46.707 0.3333329856
79451  43.759  -12.520  45.612 0.3333329856
27181  6.587  -62.442  64.476 0.2222220004
28403  4.370  -61.655  64.646 0.1111110002
44353  25.522  -47.493  57.482 0.3333329856
63847  37.755  -28.956  48.537 0.5555559993
33684  7.082  -56.163  67.220 0.1111110002
33683  7.429  -55.660  66.750 0.2222220004
42247  13.291  -47.138  61.926 0.1111110002
64951  37.580  -28.127  48.038 0.5555559993
68104  41.938  -24.960  47.132 0.4444440007
68119  38.950  -24.507  46.240 0.5555559993
73378  47.790  -19.523  44.672 0.1111110002
78468  41.141  -14.842  46.549 0.3333329856
41206  17.233  -46.849  63.678 0.1111110002
41191  15.914  -46.900  64.371 0.1111110002
41210  13.246  -47.322  62.764 0.1111110002
64949  38.714  -27.718  48.891 0.3333329856
66049  38.658  -27.638  48.375 0.4444440007
64950  38.388  -28.200  48.668 0.3333329856
66058  38.940  -27.390  48.142 0.5555559993
67097  42.414  -25.535  48.550 0.2222220004
67085  41.281  -26.291  48.919 0.2222220004
68092  42.718  -25.037  48.073 0.2222220004
69050  43.386  -24.246  47.763 0.1111110002
70077  44.013  -23.011  47.161 0.3333329856
70091  44.407  -22.592  46.860 0.2222220004
71229  45.908  -21.681  46.613 0.1111110002
33690  22.911  -55.857  65.708 0.1111110002
42329  28.871  -49.082  58.538 0.1111110002
42286  28.220  -48.949  60.216 0.1111110002
42238  27.545  -48.886  61.592 0.1111110002
38055  25.163  -52.386  67.238 0.1111110002
43364  28.179  -48.757  57.790 0.1111110002
42330  28.086  -49.005  58.633 0.1111110002
42287  27.363  -48.950  60.135 0.2222220004
43310  26.476  -49.030  60.854 0.2222220004
43284  26.009  -49.260  62.690 0.1111110002
41165  25.648  -49.834  64.045 0.1111110002
40126  25.403  -50.548  64.908 0.1111110002
40098  25.221  -51.230  66.119 0.1111110002
43365  27.245  -48.503  58.219 0.2222220004
43343  26.007  -48.407  59.334 0.2222220004
43311  26.040  -49.138  61.121 0.2222220004
43298  25.746  -49.419  62.237 0.1111110002
42195  25.305  -49.705  63.122 0.1111110002
35988  23.362  -54.135  68.456 0.1111110002
36001  23.822  -54.626  67.665 0.1111110002
35987  24.430  -54.000  67.976 0.1111110002
40138  24.510  -50.934  63.860 0.1111110002
40113  24.413  -51.240  65.387 0.1111110002
43313  25.143  -49.563  61.166 0.1111110002
41204  24.673  -50.099  61.960 0.1111110002
40148  24.119  -50.844  62.941 0.1111110002
42288  24.710  -49.665  60.610 0.2222220004
41216  24.443  -50.106  61.427 0.1111110002
38058  22.473  -52.948  68.204 0.1111110002
36988  22.755  -53.419  68.557 0.1111110002
36987  23.913  -53.349  68.241 0.1111110002
38056  24.258  -52.600  67.929 0.1111110002
39091  23.668  -51.944  66.801 0.1111110002
39103  24.081  -51.561  65.873 0.1111110002
39081  23.310  -52.467  67.633 0.1111110002
39104  23.126  -52.268  66.022 0.1111110002
39118  23.369  -51.909  65.095 0.1111110002
39132  23.707  -51.552  64.216 0.1111110002
40149  23.419  -51.241  62.734 0.1111110002
47500  28.276  -41.891  57.435 0.2222220004
50705  29.291  -39.368  60.102 0.1111110002
63833  39.869  -28.822  50.471 0.2222220004
64938  39.741  -28.151  49.837 0.2222220004
64939  38.966  -28.028  49.334 0.2222220004
63846  38.503  -28.948  49.073 0.3333329856
66036  40.251  -27.579  49.826 0.2222220004
61573  30.580  -31.536  58.207 0.2222220004
62629  29.816  -29.369  57.058 0.2222220004
43328  25.481  -49.152  60.327 0.2222220004
42267  24.395  -49.989  61.046 0.1111110002
42266  24.793  -49.793  61.194 0.1111110002
47514  28.285  -41.805  56.628 0.2222220004
64940  38.658  -28.395  49.161 0.2222220004
50698  29.713  -39.316  61.129 0.1111110002
40157  23.802  -50.744  62.041 0.1111110002
43327  25.971  -48.887  60.196 0.2222220004
43342  26.783  -48.667  59.202 0.2222220004
66046  40.441  -27.100  49.506 0.2222220004
42307  28.577  -49.056  59.407 0.1111110002
42308  27.690  -48.955  59.303 0.1111110002
42264  27.096  -48.991  60.937 0.1111110002
42263  27.863  -48.941  60.980 0.1111110002
43295  27.718  -48.807  62.319 0.1111110002
36985  25.522  -52.842  67.253 0.1111110002
39079  24.892  -51.936  66.961 0.1111110002
43326  26.582  -48.889  60.107 0.2222220004
43296  26.814  -48.937  61.853 0.1111110002
43297  26.095  -49.227  62.044 0.1111110002
43283  26.457  -49.073  62.874 0.1111110002
42215  25.990  -49.276  63.161 0.1111110002
42216  25.621  -49.479  62.828 0.1111110002
42194  25.700  -49.553  63.539 0.1111110002
41149  25.432  -50.163  64.321 0.1111110002
41166  25.045  -49.992  63.704 0.1111110002
40137  25.032  -50.504  64.343 0.1111110002
40112  24.852  -51.039  65.674 0.1111110002
40099  24.814  -51.265  66.170 0.1111110002
39089  25.368  -51.759  66.532 0.1111110002
43312  25.523  -49.421  61.391 0.1111110002
42239  25.441  -49.624  62.137 0.1111110002
42217  25.285  -49.726  62.624 0.1111110002
41186  24.898  -49.978  62.759 0.1111110002
34859  23.260  -55.249  67.208 0.1111110002
36000  24.768  -54.471  67.378 0.1111110002
34858  24.144  -54.932  66.895 0.1111110002
35986  25.170  -53.927  67.614 0.1111110002
39080  24.334  -52.081  67.275 0.1111110002
36986  25.124  -53.217  67.767 0.1111110002
41167  24.625  -50.418  63.150 0.1111110002
39131  24.248  -51.241  64.498 0.1111110002
40127  24.675  -51.011  64.837 0.1111110002
39117  24.080  -51.417  65.011 0.1111110002
42240  25.048  -49.857  62.035 0.1111110002
41187  24.413  -50.398  62.461 0.1111110002
40139  23.799  -51.288  63.425 0.1111110002
38057  23.351  -52.904  68.181 0.1111110002
39090  24.626  -51.610  66.538 0.1111110002
39092  22.762  -52.583  66.930 0.1111110002
39147  23.109  -51.669  63.407 0.1111110002
39133  22.718  -52.141  64.169 0.1111110002
55970  36.845  -35.912  57.303 0.1111110002
57159  36.836  -35.087  56.281 0.1111110002
59252  36.696  -33.661  54.770 0.2222220004
71145  40.090  -20.004  51.938 0.1111110002
76479  40.470  -16.328  47.609 0.2222220004
79454  41.954  -13.879  46.986 0.1111110002
81693  44.269  -11.871  44.188 0.3333329856
80582  44.757  -11.894  46.155 0.2222220004
81685  45.178  -11.308  45.696 0.2222220004
80586  44.016  -12.123  44.896 0.2222220004
81692  44.677  -11.076  43.948 0.3333329856
81688  45.209  -10.793  45.084 0.2222220004
82763  45.185  -10.181  43.237 0.2222220004
82755  45.992  -10.421  45.174 0.1111110002
82759  46.433  -9.682  44.868 0.1111110002
82760  45.493  -10.255  44.382 0.2222220004
83863  45.829  -9.143  43.242 0.2222220004
83918  52.619  -9.260  36.412 0.2222220004
83852  48.082  -9.346  45.482 0.1111110002
83860  47.484  -8.851  45.035 0.1111110002
84934  46.479  -8.317  43.737 0.2222220004
84990  53.329  -8.841  35.783 0.2222220004
86073  52.139  -7.683  35.968 0.3333329856
85004  52.758  -7.747  35.545 0.3333329856
86088  52.390  -7.066  35.693 0.3333329856
84933  47.279  -8.100  44.425 0.1111110002
84991  52.554  -8.360  36.006 0.2222220004
84992  51.516  -8.017  36.501 0.3333329856
86074  51.637  -7.123  36.251 0.3333329856
87185  53.077  -6.365  35.498 0.2222220004
84938  48.165  -7.330  44.360 0.3333329856
87174  50.960  -5.965  36.769 0.3333329856
87172  52.639  -6.098  36.118 0.3333329856
87173  51.724  -6.264  36.251 0.3333329856
88230  51.974  -5.343  36.295 0.3333329856
88231  51.313  -5.638  36.731 0.3333329856
90357  52.407  -3.967  37.105 0.1111110002
89290  52.207  -4.568  36.380 0.1111110002
90335  52.339  -4.195  37.993 0.1111110002
89254  51.787  -4.625  37.997 0.1111110002
90356  52.738  -3.263  36.795 0.1111110002
91393  52.978  -2.396  37.291 0.1111110002
89275  51.970  -4.594  37.143 0.1111110002
92450  52.704  -1.618  36.431 0.1111110002
92433  52.755  -1.629  37.175 0.1111110002
91374  52.508  -1.464  38.522 0.1111110002
90334  52.857  -3.435  38.202 0.1111110002
90323  52.508  -3.931  38.415 0.1111110002
92434  52.553  -1.121  37.579 0.1111110002
92451  52.636  -1.144  36.924 0.1111110002
78460  41.645  -14.486  47.346 0.1111110002
84993  51.020  -7.384  36.818 0.3333329856
81689  44.442  -11.324  45.062 0.2222220004
82762  45.772  -9.560  44.022 0.2222220004
83861  46.443  -8.869  44.282 0.2222220004
86087  53.219  -7.316  35.072 0.2222220004
87187  51.946  -6.474  36.008 0.3333329856
88229  52.924  -5.793  35.982 0.2222220004
27167  8.206  -62.223  67.286 0.1111110002
25955  7.813  -63.251  66.654 0.1111110002
28384  8.102  -61.662  66.898 0.1111110002
28390  8.008  -61.897  66.233 0.1111110002
29531  8.306  -61.568  65.908 0.1111110002
27173  7.687  -62.603  66.186 0.1111110002
25956  7.075  -63.521  66.125 0.1111110002
24745  7.390  -64.128  66.302 0.1111110002
25958  6.537  -63.740  65.450 0.1111110002
28393  7.821  -62.100  65.441 0.1111110002
27177  6.396  -63.101  64.882 0.1111110002
55940  30.285  -35.095  59.751 0.1111110002
58211  36.930  -34.645  55.795 0.1111110002
63724  33.246  -26.574  58.025 0.1111110002
63692  34.166  -26.864  59.773 0.1111110002
63708  33.189  -27.015  59.100 0.1111110002
63743  32.386  -26.777  57.124 0.1111110002
64884  34.883  -25.770  56.033 0.1111110002
73315  40.617  -18.478  49.215 0.1111110002
74358  40.165  -17.890  48.665 0.1111110002
74371  41.426  -17.348  48.835 0.1111110002
75434  40.224  -17.169  48.006 0.1111110002
75433  41.060  -16.984  48.139 0.1111110002
83928  54.799  -9.204  35.182 0.1111110002
83917  53.786  -9.503  35.940 0.1111110002
83937  55.584  -9.154  34.435 0.1111110002
85002  54.494  -8.594  34.920 0.1111110002
54789  30.003  -36.220  60.566 0.1111110002
63773  31.682  -27.072  56.151 0.1111110002
64885  34.598  -26.099  55.749 0.1111110002
64897  34.451  -26.123  55.302 0.1111110002
74373  40.176  -17.498  48.349 0.1111110002
83929  54.038  -8.854  35.410 0.1111110002
85003  53.638  -8.184  35.174 0.1111110002
25951  8.452  -63.069  67.143 0.1111110002
27174  6.969  -63.153  65.588 0.1111110002
27176  7.223  -62.706  65.100 0.1111110002
63707  34.229  -26.604  58.717 0.1111110002
63742  33.402  -26.446  56.869 0.1111110002
83938  55.087  -8.683  34.540 0.1111110002
85011  55.542  -8.462  33.879 0.1111110002
33669  6.008  -56.174  68.453 0.1111110002
33686  5.682  -57.009  68.047 0.1111110002
33670  5.019  -56.612  68.527 0.1111110002
32617  4.552  -56.905  68.166 0.1111110002
32616  4.942  -57.239  68.134 0.1111110002
59232  31.694  -32.805  58.184 0.1111110002
59213  32.196  -32.436  58.589 0.1111110002
60352  32.019  -31.459  58.791 0.1111110002
58191  31.593  -33.293  58.987 0.1111110002
61559  30.781  -30.842  58.710 0.1111110002
64928  40.805  -28.104  51.235 0.1111110002
66022  41.343  -27.527  51.124 0.1111110002
66023  40.834  -27.768  50.472 0.1111110002
31607  4.411  -57.817  67.054 0.1111110002
32623  5.277  -57.551  67.593 0.1111110002
60368  31.374  -31.964  58.210 0.1111110002
31615  3.778  -58.182  65.895 0.1111110002
66035  41.013  -27.161  50.091 0.1111110002
58204  31.145  -33.428  58.106 0.1111110002
69063  44.288  -23.362  47.535 0.1111110002
89338  51.499  -4.925  31.971 0.1111110002
89339  50.886  -4.260  32.196 0.1111110002
87213  54.308  -6.132  33.084 0.1111110002
87198  53.619  -5.989  34.242 0.1111110002
89348  54.417  -5.303  31.890 0.1111110002
88264  53.927  -5.584  32.947 0.1111110002
88254  53.157  -5.146  34.155 0.1111110002
90417  54.253  -4.869  32.160 0.1111110002
89349  54.102  -5.188  31.621 0.1111110002
88291  53.074  -5.728  31.379 0.1111110002
88292  52.170  -5.079  31.586 0.1111110002
88285  50.185  -4.697  32.727 0.1111110002
88268  49.526  -5.362  33.325 0.1111110002
90432  54.136  -4.971  31.920 0.1111110002
89350  53.532  -4.920  31.315 0.1111110002
89351  52.644  -4.617  31.374 0.1111110002
90435  52.175  -3.754  31.490 0.1111110002
90419  53.279  -3.895  32.080 0.1111110002
90436  51.470  -3.682  31.786 0.1111110002
85013  53.977  -7.576  34.505 0.1111110002
86101  53.806  -6.860  34.456 0.1111110002
89335  54.265  -5.250  32.143 0.1111110002
88280  53.984  -5.317  32.513 0.1111110002
87214  53.692  -5.567  33.476 0.1111110002
89302  52.664  -4.522  34.945 0.1111110002
88244  52.742  -5.370  35.343 0.1111110002
88269  48.216  -5.367  33.736 0.1111110002
89337  53.494  -4.648  32.871 0.1111110002
88265  53.496  -5.030  33.199 0.1111110002
90434  53.029  -4.126  31.578 0.1111110002
90421  51.675  -3.030  32.002 0.1111110002
90407  52.679  -3.353  32.425 0.1111110002
90420  52.376  -3.263  32.000 0.1111110002
88245  52.262  -4.998  35.916 0.1111110002
90405  53.577  -4.594  32.627 0.1111110002
89323  53.394  -4.472  33.113 0.1111110002
90406  53.213  -3.856  32.842 0.1111110002
90396  52.875  -3.622  33.910 0.1111110002
91442  52.560  -3.110  32.815 0.1111110002
88284  50.819  -5.151  32.661 0.1111110002
87197  54.258  -6.597  33.732 0.1111110002
89340  49.558  -4.176  32.828 0.1111110002
88279  54.520  -5.684  32.184 0.1111110002
89313  53.020  -4.385  34.043 0.1111110002
89303  52.389  -4.577  35.685 0.1111110002
29524  8.269  -61.561  66.503 0.1111110002
29542  8.045  -60.252  63.937 0.4444440007
32657  11.013  -57.666  61.888 0.3333329856
32659  9.564  -58.153  62.130 0.3333329856
33682  12.506  -57.337  67.012 0.1111110002
34887  14.059  -55.575  65.121 0.1111110002
39102  24.581  -51.323  66.116 0.1111110002
39197  9.818  -51.489  60.163 0.8888890147
39209  11.628  -51.915  58.471 0.8888890147
39233  13.166  -50.514  57.666 0.7777780294
41205  24.279  -50.335  61.810 0.1111110002
42265  25.220  -49.661  61.578 0.1111110002
42323  34.161  -48.288  58.210 0.1111110002
43330  24.650  -49.618  60.315 0.2222220004
43375  14.930  -46.619  58.913 0.8888890147
43386  33.165  -47.757  56.719 0.1111110002
44380  16.274  -45.838  58.156 0.8888890147
44440  18.929  -46.231  54.846 0.8888890147
45445  31.121  -45.670  53.571 0.4444440007
45504  29.140  -45.335  51.352 0.8888890147
46449  23.459  -45.865  54.296 0.7777780294
47568  30.633  -43.908  51.844 0.8888890147
47569  30.072  -44.315  51.761 0.8888890147
47573  23.017  -43.008  52.980 0.8888890147
47617  29.624  -43.308  50.656 0.8888890147
48598  23.919  -39.665  55.807 0.5555559993
48613  24.819  -39.679  54.902 0.6666669846
48630  25.615  -39.789  54.026 0.6666669846
49648  28.746  -40.633  58.833 0.2222220004
50738  22.082  -39.974  54.556 0.5555559993
50761  21.902  -40.964  53.383 0.5555559993
50777  22.649  -40.966  52.700 0.7777780294
52780  28.439  -38.795  56.546 0.5555559993
53775  28.024  -37.431  55.161 0.6666669846
55956  30.396  -34.813  58.965 0.1111110002
55990  36.063  -35.938  56.363 0.2222220004
56081  30.272  -34.527  51.688 1.0000000000
57214  31.849  -34.504  51.577 1.0000000000
60462  29.481  -31.262  50.584 1.0000000000
60503  31.555  -30.424  48.545 1.0000000000
62661  32.805  -27.164  54.421 0.3333329856
62662  32.510  -27.189  54.476 0.3333329856
62753  32.633  -28.863  47.797 1.0000000000
63789  34.280  -26.519  55.171 0.1111110002
63825  33.430  -26.895  52.863 0.4444440007
63835  38.856  -28.616  49.369 0.2222220004
64908  34.525  -25.495  54.873 0.2222220004
64972  32.574  -27.425  47.681 1.0000000000
65993  34.467  -25.385  54.626 0.1111110002
66039  32.042  -26.026  50.601 0.5555559993
67064  31.937  -24.951  51.123 0.3333329856
68996  35.712  -22.239  54.399 0.1111110002
69031  32.098  -23.811  50.342 0.6666669846
69054  32.271  -23.791  49.231 0.7777780294
70033  33.271  -23.057  51.885 0.5555559993
70044  37.612  -20.475  51.635 0.3333329856
71147  37.108  -20.592  51.602 0.3333329856
74372  40.653  -17.450  48.522 0.1111110002
75419  39.505  -17.540  48.111 0.4444440007
75455  50.375  -18.082  44.674 0.1111110002
79446  42.012  -14.000  47.414 0.1111110002
86042  48.116  -7.489  39.095 0.4444440007
86060  49.771  -6.667  37.610 0.4444440007
86089  51.941  -6.710  35.969 0.3333329856
87132  48.381  -7.031  39.036 0.4444440007
87141  49.058  -6.665  38.382 0.4444440007
87171  53.062  -6.117  35.974 0.2222220004
87186  52.304  -6.501  35.953 0.3333329856
88171  52.552  -4.149  40.558 0.1111110002
88175  50.822  -4.629  39.795 0.2222220004
88232  51.017  -5.697  36.843 0.3333329856
88281  53.585  -4.866  32.794 0.1111110002
89222  52.482  -4.265  41.455 0.1111110002
89224  50.456  -4.637  41.127 0.2222220004
89226  49.692  -4.969  40.538 0.3333329856
89232  52.579  -4.166  40.821 0.1111110002
89234  50.496  -4.601  40.335 0.2222220004
89242  50.571  -4.708  39.769 0.2222220004
89255  51.471  -4.826  37.740 0.3333329856
89276  51.642  -4.797  37.404 0.3333329856
89322  53.483  -4.524  32.842 0.1111110002
89336  53.692  -4.914  32.595 0.1111110002
89352  51.716  -4.303  31.595 0.1111110002
90387  52.562  -4.129  35.493 0.1111110002
90418  53.796  -4.710  32.250 0.1111110002
90433  53.702  -4.642  31.787 0.1111110002
