#!ascii label  , from subject 4107 vox2ras=TkReg
510
70657  21.758  -22.310  -0.207 0.1428571492
69598  20.575  -23.361  -0.800 0.1428571492
71780  21.122  -21.049  -1.165 0.1428571492
69576  22.314  -23.194  0.041 0.1428571492
71766  21.504  -21.421  -0.756 0.2857142985
70658  21.032  -22.443  -0.779 0.1428571492
71742  23.058  -21.912  0.131 0.1428571492
72916  21.996  -19.971  -1.570 0.5714285970
72902  23.299  -20.607  -0.703 0.1428571492
73945  23.951  -19.584  -0.724 0.2857142985
72901  24.293  -20.588  -0.306 0.2857142985
74955  24.789  -18.808  -1.034 0.1428571492
73944  25.091  -19.610  -0.591 0.2857142985
77053  25.048  -16.247  -1.567 0.2857142985
75998  25.320  -17.266  -1.367 0.1428571492
75999  24.233  -17.199  -1.529 0.2857142985
79020  25.478  -14.309  -1.625 0.2857142985
78060  25.737  -15.281  -1.464 0.2857142985
80042  25.300  -13.362  -1.943 0.2857142985
82261  25.545  -11.740  -2.173 0.2857142985
84429  24.613  -9.499  -3.192 0.8571428657
83353  25.013  -10.269  -2.598 0.4285714328
81145  25.898  -12.486  -1.927 0.2857142985
85529  24.630  -8.002  -3.600 0.7142857313
85514  25.180  -8.438  -2.997 0.7142857313
85515  24.884  -8.984  -3.198 0.7142857313
87670  24.954  -6.496  -3.414 0.8571428657
86606  24.709  -7.426  -3.470 0.5714285970
86607  24.245  -7.600  -4.151 0.8571428657
85530  24.395  -8.554  -3.666 0.7142857313
88721  25.245  -5.536  -3.435 0.4285714328
87671  24.288  -6.669  -4.095 0.7142857313
90841  24.819  -3.749  -4.322 0.2857142985
88722  24.594  -5.627  -3.881 0.8571428657
89779  24.400  -4.662  -4.045 0.7142857313
88723  23.952  -5.795  -4.275 0.8571428657
91879  25.055  -2.643  -4.676 0.1428571492
90862  25.084  -3.242  -4.687 0.1428571492
90863  24.777  -3.077  -4.697 0.4285714328
92932  24.641  -1.542  -4.554 0.1428571492
91880  24.835  -2.400  -4.558 0.1428571492
90864  24.598  -2.838  -4.571 0.4285714328
89780  23.719  -4.720  -3.717 0.8571428657
95009  24.713  0.386  -4.726 0.1428571492
93947  24.844  -0.609  -4.845 0.1428571492
93948  24.373  -0.586  -4.460 0.1428571492
92933  24.063  -1.489  -4.124 0.4285714328
91881  24.424  -2.370  -4.311 0.5714285970
90842  24.334  -3.432  -4.070 0.7142857313
89781  22.657  -4.751  -3.267 0.8571428657
94988  24.196  0.390  -4.217 0.1428571492
93928  23.860  -0.549  -3.698 0.1428571492
92917  23.704  -1.400  -3.389 0.5714285970
91863  23.712  -2.400  -3.512 0.8571428657
90843  23.266  -3.660  -3.253 0.8571428657
96021  24.327  1.408  -5.017 0.1428571492
96000  23.913  1.260  -3.953 0.2857142985
94967  23.758  0.394  -3.369 0.1428571492
93909  23.550  -0.264  -2.916 0.8571428657
92918  22.991  -1.624  -2.707 0.8571428657
96981  23.788  2.209  -3.495 0.1428571492
96980  24.190  2.542  -4.197 0.1428571492
95982  23.465  1.228  -3.012 0.4285714328
95983  22.676  1.050  -2.311 0.8571428657
94968  23.109  0.268  -2.644 0.8571428657
92899  22.102  -1.161  -2.510 0.8571428657
92919  21.746  -1.879  -2.643 0.8571428657
94969  22.256  0.038  -2.084 0.8571428657
93911  21.757  -0.579  -2.235 0.8571428657
93912  20.881  -0.545  -2.186 0.8571428657
97893  24.118  3.236  -3.528 0.1428571492
98834  23.781  4.210  -3.027 0.2857142985
96965  23.175  2.342  -2.867 0.5714285970
95984  21.749  0.670  -1.935 0.8571428657
96001  21.833  1.194  -2.098 0.8571428657
94970  21.317  0.058  -1.943 0.8571428657
97876  23.463  3.254  -2.856 0.5714285970
97877  22.906  3.643  -2.397 0.8571428657
96966  22.124  2.350  -2.106 0.8571428657
96967  20.972  2.859  -2.506 0.8571428657
96002  21.214  1.064  -2.248 0.8571428657
98822  23.150  4.254  -2.379 0.8571428657
98823  22.205  4.484  -2.096 0.8571428657
97894  20.848  4.003  -2.438 0.7142857313
96968  20.669  3.118  -2.797 0.7142857313
99718  22.807  5.236  -2.312 0.8571428657
99719  21.850  5.460  -2.366 0.8571428657
97878  21.525  3.673  -2.082 0.8571428657
99720  20.932  5.693  -2.586 0.8571428657
98835  20.573  4.249  -2.633 0.7142857313
101524  22.478  7.244  -2.425 0.7142857313
100601  21.583  6.465  -2.509 0.8571428657
101525  21.293  7.501  -2.527 0.8571428657
102423  21.018  8.465  -2.667 0.7142857313
98824  21.016  4.695  -2.307 0.8571428657
105268  24.181  10.792  -5.136 0.1428571492
102422  22.071  8.382  -2.527 0.8571428657
104262  21.905  9.732  -2.652 0.7142857313
106217  23.729  11.919  -5.744 0.1428571492
104275  22.324  10.322  -2.909 0.5714285970
105232  22.983  11.093  -3.449 0.5714285970
105234  20.952  11.594  -3.448 0.5714285970
105253  22.804  11.822  -3.758 0.1428571492
106229  22.643  12.320  -6.974 0.1428571492
108171  21.775  13.881  -6.371 0.1428571492
107227  21.580  13.351  -7.614 0.1428571492
106197  22.090  12.978  -4.317 0.1428571492
108178  20.789  14.347  -8.272 0.1428571492
106181  21.723  12.547  -3.740 0.5714285970
108172  21.334  14.393  -6.901 0.1428571492
109081  21.052  14.989  -6.114 0.1428571492
109103  20.756  15.060  -7.575 0.1428571492
69597  21.391  -23.348  -0.491 0.1428571492
68625  20.898  -24.327  -0.698 0.1428571492
71765  22.523  -21.449  -0.333 0.2857142985
71764  23.567  -21.425  -0.194 0.1428571492
75997  26.148  -17.084  -1.250 0.2857142985
75978  25.887  -17.732  -1.250 0.2857142985
74975  25.292  -18.127  -1.273 0.1428571492
81146  25.021  -12.371  -2.249 0.2857142985
83352  25.790  -10.171  -2.427 0.4285714328
82277  24.825  -11.365  -2.385 0.5714285970
84443  23.966  -9.378  -3.684 0.7142857313
89778  24.917  -4.616  -3.891 0.1428571492
93929  23.527  -0.894  -2.932 0.8571428657
92900  21.235  -1.170  -2.413 0.8571428657
99717  23.507  5.003  -2.601 0.8571428657
101523  23.110  6.698  -2.395 0.8571428657
101542  22.900  8.040  -2.758 0.8571428657
103340  23.101  9.483  -2.894 0.7142857313
106180  22.422  12.166  -3.754 0.1428571492
107217  22.207  13.297  -6.571 0.1428571492
108185  20.409  14.038  -9.234 0.1428571492
72903  22.249  -20.531  -1.149 0.4285714328
74956  24.000  -18.765  -1.070 0.2857142985
73946  23.153  -19.919  -1.179 0.4285714328
74976  24.519  -18.100  -1.338 0.1428571492
77033  26.683  -16.608  -1.107 0.2857142985
78059  26.645  -15.255  -1.316 0.2857142985
83354  24.127  -10.411  -3.152 0.7142857313
97001  23.905  1.956  -4.583 0.1428571492
91864  22.514  -2.707  -2.937 0.8571428657
90844  21.963  -3.766  -3.018 1.0000000000
97892  24.452  3.269  -4.449 0.1428571492
98833  24.364  4.231  -3.786 0.1428571492
99726  24.183  5.315  -3.087 0.2857142985
96984  20.272  2.449  -3.055 0.8571428657
100599  23.516  5.998  -2.449 0.5714285970
101541  23.715  7.230  -2.894 0.5714285970
102437  23.477  8.540  -3.043 0.5714285970
102438  22.834  8.779  -2.627 0.7142857313
104274  23.319  10.222  -3.413 0.4285714328
103339  23.841  9.366  -3.503 0.2857142985
104273  23.871  10.129  -4.074 0.2857142985
105251  24.089  10.958  -4.410 0.1428571492
105252  23.444  11.557  -4.057 0.1428571492
106196  22.845  12.514  -4.576 0.1428571492
107185  21.496  13.444  -4.345 0.2857142985
106218  22.960  12.702  -5.992 0.1428571492
108157  21.523  14.168  -5.610 0.1428571492
108136  21.430  13.915  -4.857 0.1428571492
108158  20.815  14.891  -5.424 0.1428571492
107226  22.180  12.830  -7.283 0.1428571492
109096  20.398  15.804  -7.388 0.1428571492
109104  20.211  15.393  -8.523 0.1428571492
100615  24.149  6.260  -2.814 0.4285714328
101540  24.360  7.306  -3.662 0.4285714328
102436  24.294  8.231  -3.746 0.4285714328
69599  19.896  -23.270  -0.692 0.1428571492
72904  21.527  -20.828  -1.127 0.4285714328
71767  20.732  -21.670  -1.087 0.2857142985
77052  26.064  -16.250  -1.285 0.2857142985
85531  23.768  -8.580  -4.222 0.7142857313
87672  24.049  -6.459  -4.353 0.8571428657
93910  22.764  -0.601  -2.555 0.8571428657
96983  20.910  1.884  -2.326 0.8571428657
100600  22.561  6.192  -2.351 0.8571428657
106216  24.119  11.380  -5.295 0.1428571492
105233  22.080  11.518  -3.327 0.5714285970
104276  21.242  10.737  -3.076 0.5714285970
107206  22.254  13.367  -5.481 0.1428571492
107236  20.870  13.333  -8.752 0.1428571492
107207  21.810  13.667  -4.989 0.1428571492
75977  26.727  -17.477  -1.010 0.1428571492
73961  22.631  -19.410  -1.536 0.4285714328
78061  24.833  -15.237  -1.849 0.5714285970
108137  20.765  14.255  -4.550 0.1428571492
78062  23.910  -15.074  -2.241 0.5714285970
78073  23.040  -15.152  -2.753 0.5714285970
77067  21.724  -15.802  -3.447 0.2857142985
79035  23.559  -14.200  -2.566 0.5714285970
79036  22.815  -14.302  -3.114 0.5714285970
76018  21.698  -16.978  -2.980 0.4285714328
77087  21.039  -15.561  -3.542 0.2857142985
78091  21.787  -14.978  -3.640 0.4285714328
81147  24.367  -12.715  -2.541 0.4285714328
80057  23.208  -13.333  -3.109 0.5714285970
80058  22.643  -13.690  -3.545 0.5714285970
80071  22.123  -13.383  -4.085 0.4285714328
81163  23.771  -12.408  -2.907 0.5714285970
81164  23.168  -12.393  -3.596 0.5714285970
80070  22.752  -13.050  -3.715 0.4285714328
82279  23.459  -11.543  -3.359 0.7142857313
82296  22.931  -11.495  -3.974 0.4285714328
83355  23.657  -10.959  -3.194 0.4285714328
79051  22.255  -14.313  -3.658 0.4285714328
78092  21.182  -14.925  -3.717 0.2857142985
82278  23.970  -11.442  -2.815 0.7142857313
83369  23.695  -9.932  -3.721 0.7142857313
83388  21.825  -10.455  -4.449 0.4285714328
84461  22.820  -8.929  -4.469 0.7142857313
85550  21.500  -8.516  -4.514 0.5714285970
84444  23.298  -9.416  -4.211 0.5714285970
86629  22.677  -7.600  -4.562 0.7142857313
86630  21.721  -7.602  -4.301 0.7142857313
87699  22.082  -6.858  -4.035 0.7142857313
87700  20.884  -6.476  -4.091 0.7142857313
86631  20.687  -7.559  -4.398 0.4285714328
86608  24.096  -8.114  -4.309 0.5714285970
85548  23.138  -8.443  -4.578 0.5714285970
86628  23.676  -7.656  -4.698 0.5714285970
87674  21.585  -6.117  -3.693 0.7142857313
89798  20.673  -4.654  -3.847 0.7142857313
87675  20.998  -5.882  -3.773 0.7142857313
88744  20.589  -5.429  -4.046 0.5714285970
90865  20.165  -4.036  -4.053 0.5714285970
88724  23.073  -5.729  -3.946 0.5714285970
87698  23.031  -6.707  -4.432 0.5714285970
88725  22.081  -5.541  -3.476 0.7142857313
87673  22.391  -6.220  -3.887 0.7142857313
89782  21.524  -4.656  -3.416 0.8571428657
88745  19.941  -5.530  -4.485 0.4285714328
90845  20.753  -3.745  -3.506 0.7142857313
90846  19.993  -3.435  -3.940 0.7142857313
91866  20.208  -2.725  -3.589 0.7142857313
90866  19.538  -3.681  -4.410 0.5714285970
91867  19.550  -2.918  -4.024 0.7142857313
88726  21.207  -5.387  -3.667 0.7142857313
91865  21.216  -2.776  -2.994 0.8571428657
92921  19.346  -1.907  -3.746 0.5714285970
93949  18.826  -0.737  -3.956 0.2857142985
95010  19.097  0.274  -3.538 0.7142857313
92920  20.478  -1.617  -2.960 0.8571428657
94989  20.524  0.172  -2.340 0.8571428657
93931  19.548  -0.728  -3.269 0.5714285970
94990  19.754  0.259  -2.831 0.8571428657
96004  19.483  1.309  -3.163 0.8571428657
96003  20.358  1.044  -2.611 0.8571428657
96985  19.337  2.257  -3.731 0.7142857313
98825  20.526  5.180  -2.630 0.7142857313
99727  20.260  5.654  -2.988 0.7142857313
98837  19.131  4.630  -3.508 0.7142857313
99728  19.607  5.576  -3.406 0.7142857313
100602  20.417  6.658  -2.903 0.7142857313
100603  19.733  7.330  -3.057 0.7142857313
100617  19.239  6.692  -3.310 0.7142857313
101528  19.006  8.163  -3.259 0.7142857313
102426  18.762  8.687  -3.563 0.7142857313
101544  18.538  7.770  -3.464 0.5714285970
102424  20.115  8.627  -2.818 0.7142857313
102425  19.341  8.730  -3.124 0.7142857313
103328  19.120  9.399  -3.352 0.4285714328
102439  18.054  8.647  -3.869 0.5714285970
103326  20.755  9.276  -2.866 0.5714285970
101545  17.523  7.762  -3.525 0.5714285970
104265  19.654  10.084  -3.291 0.5714285970
103329  18.501  9.454  -3.771 0.5714285970
102440  17.114  8.822  -3.501 0.5714285970
101546  16.186  7.836  -3.105 0.4285714328
103342  17.742  9.588  -3.950 0.5714285970
104278  19.320  10.738  -3.632 0.5714285970
102441  16.523  8.678  -3.008 0.4285714328
101547  15.156  7.011  -2.752 0.4285714328
103343  17.055  9.769  -3.660 0.5714285970
103330  15.717  9.615  -1.944 0.4285714328
84428  25.261  -9.451  -2.814 0.2857142985
88743  23.560  -6.291  -4.340 0.5714285970
104281  16.482  10.459  -3.556 0.2857142985
103344  16.476  9.504  -2.945 0.4285714328
77055  23.245  -16.100  -2.490 0.5714285970
76017  22.652  -16.812  -2.715 0.5714285970
79034  24.154  -13.889  -2.334 0.2857142985
79021  24.612  -14.226  -2.038 0.4285714328
77066  22.565  -16.063  -3.137 0.5714285970
80043  24.594  -13.329  -2.311 0.2857142985
80056  23.955  -13.323  -2.627 0.5714285970
77068  20.914  -16.276  -3.239 0.2857142985
79052  21.563  -14.237  -3.951 0.4285714328
81179  22.522  -12.380  -4.147 0.4285714328
79053  20.707  -14.250  -3.905 0.2857142985
80072  21.122  -13.366  -4.304 0.2857142985
83371  22.648  -10.586  -4.286 0.5714285970
85513  26.297  -8.355  -2.136 0.2857142985
84464  20.296  -9.526  -4.446 0.2857142985
97896  19.566  3.472  -3.474 0.7142857313
98836  20.131  4.635  -2.988 0.7142857313
101543  19.116  7.535  -3.163 0.7142857313
101529  15.814  8.180  -2.591 0.2857142985
104264  20.517  10.049  -3.044 0.5714285970
104263  21.367  9.928  -2.761 0.5714285970
104280  17.302  10.476  -4.094 0.2857142985
81180  21.530  -12.330  -4.467 0.4285714328
87697  23.845  -6.809  -4.506 0.7142857313
92901  20.618  -1.028  -2.443 0.7142857313
101526  20.317  7.760  -2.725 0.8571428657
79022  24.067  -14.359  -2.288 0.5714285970
78074  22.403  -15.129  -3.350 0.5714285970
77086  21.455  -15.333  -3.584 0.4285714328
76001  22.325  -17.468  -2.474 0.5714285970
82297  22.198  -11.440  -4.416 0.4285714328
83370  23.342  -10.539  -3.765 0.5714285970
84445  22.990  -10.028  -4.314 0.7142857313
84462  22.363  -9.479  -4.446 0.5714285970
84463  21.252  -9.489  -4.465 0.4285714328
83389  20.953  -10.413  -4.357 0.4285714328
85549  22.392  -8.422  -4.532 0.7142857313
85551  20.496  -8.551  -4.542 0.2857142985
92934  18.516  -1.679  -4.343 0.2857142985
93930  20.191  -0.603  -2.582 0.8571428657
100616  19.939  6.152  -3.295 0.7142857313
101527  19.531  8.023  -2.918 0.8571428657
104279  18.338  10.465  -3.956 0.7142857313
80089  20.577  -12.890  -4.371 0.1428571492
79018  27.213  -14.425  -1.338 0.1428571492
79019  26.385  -14.364  -1.452 0.1428571492
80041  26.132  -13.425  -1.623 0.1428571492
82276  25.662  -10.938  -2.253 0.1428571492
82275  26.148  -10.698  -2.175 0.1428571492
81144  26.663  -12.560  -1.582 0.1428571492
80040  27.045  -13.472  -1.464 0.1428571492
82259  27.133  -11.067  -1.388 0.1428571492
82249  26.973  -12.016  -1.404 0.1428571492
83351  26.450  -10.263  -2.091 0.1428571492
86594  25.399  -7.368  -2.737 0.1428571492
97895  20.452  3.642  -2.888 0.5714285970
110107  18.967  16.817  -8.126 0.1428571492
109066  20.273  15.080  -5.007 0.1428571492
97897  18.573  3.708  -3.716 0.4285714328
98838  18.111  4.628  -3.372 0.4285714328
108139  17.979  14.158  -4.873 0.2857142985
106184  18.497  12.386  -4.274 0.2857142985
105236  18.852  11.509  -3.939 0.2857142985
106183  19.492  12.370  -3.882 0.2857142985
98840  16.028  4.447  -3.483 0.1428571492
99729  18.662  5.677  -3.467 0.5714285970
106198  17.617  12.525  -4.578 0.2857142985
104277  20.269  10.785  -3.394 0.4285714328
99731  16.488  5.517  -3.060 0.4285714328
100618  18.241  6.803  -3.313 0.5714285970
105237  17.645  11.563  -4.343 0.2857142985
99732  15.446  5.415  -3.307 0.4285714328
100620  15.873  6.438  -3.070 0.2857142985
105238  16.625  11.221  -4.175 0.1428571492
100621  14.924  6.178  -3.184 0.1428571492
105255  16.710  11.925  -4.566 0.1428571492
101548  14.489  6.451  -2.687 0.2857142985
104267  15.818  10.486  -2.583 0.2857142985
104256  15.006  10.045  -1.136 0.1428571492
105239  15.717  11.437  -3.457 0.1428571492
105256  16.133  11.797  -4.224 0.1428571492
105220  15.168  11.345  -2.163 0.1428571492
105240  15.011  12.003  -2.742 0.1428571492
73963  20.804  -19.605  -1.891 0.4285714328
74980  20.341  -18.810  -2.210 0.2857142985
84427  26.016  -9.368  -2.472 0.1428571492
97914  18.876  2.914  -3.970 0.2857142985
106182  20.525  12.392  -3.679 0.2857142985
106199  16.856  12.607  -4.702 0.2857142985
107170  19.130  13.205  -4.103 0.2857142985
106200  15.976  12.515  -4.483 0.2857142985
74954  25.873  -18.573  -0.975 0.1428571492
77051  26.896  -15.925  -1.126 0.1428571492
78058  27.486  -15.242  -1.116 0.1428571492
99733  14.470  5.351  -3.045 0.1428571492
100619  16.972  6.686  -3.300 0.5714285970
107187  17.328  13.322  -4.769 0.2857142985
107171  18.224  13.251  -4.525 0.2857142985
107169  20.140  13.219  -3.797 0.2857142985
109053  18.658  14.717  -4.614 0.2857142985
109068  18.372  15.044  -5.287 0.1428571492
109082  20.151  15.637  -6.058 0.1428571492
109067  19.359  15.223  -4.995 0.1428571492
110083  19.305  16.073  -6.439 0.1428571492
87659  25.710  -6.399  -2.881 0.2857142985
107168  20.957  13.067  -3.830 0.4285714328
108118  19.754  14.090  -3.867 0.2857142985
108138  19.916  14.758  -4.432 0.1428571492
73962  21.744  -19.437  -1.851 0.4285714328
72917  21.304  -20.358  -1.489 0.4285714328
105235  19.903  11.554  -3.677 0.2857142985
99730  17.594  5.658  -3.228 0.5714285970
101560  18.650  7.171  -3.300 0.5714285970
82260  26.502  -11.372  -1.725 0.1428571492
80026  27.631  -13.147  -1.105 0.1428571492
83338  27.202  -10.429  -1.552 0.1428571492
97898  17.623  3.756  -3.916 0.2857142985
84426  26.779  -9.482  -1.923 0.1428571492
97915  18.103  2.916  -4.108 0.2857142985
108119  18.707  14.054  -4.156 0.2857142985
109083  18.925  15.644  -5.947 0.1428571492
89799  20.034  -4.638  -4.347 0.4285714328
91882  18.967  -2.714  -4.373 0.2857142985
108141  15.674  14.440  -4.669 0.1428571492
108140  16.940  14.117  -5.112 0.1428571492
108161  16.082  15.370  -5.258 0.1428571492
106170  14.800  12.772  -2.477 0.1428571492
107188  16.391  13.363  -4.791 0.1428571492
107190  15.364  13.301  -3.907 0.1428571492
107172  15.032  13.388  -3.086 0.1428571492
107189  15.732  13.364  -4.413 0.1428571492
108120  15.141  14.722  -3.383 0.1428571492
109070  15.534  15.702  -4.754 0.1428571492
108121  15.132  13.938  -3.746 0.1428571492
109040  15.436  15.597  -3.006 0.1428571492
109055  15.121  15.539  -4.021 0.1428571492
108103  14.982  14.099  -2.831 0.1428571492
110064  15.077  16.012  -4.050 0.1428571492
109086  16.022  16.014  -5.360 0.1428571492
82262  25.151  -11.833  -2.262 0.2857142985
108159  17.571  14.772  -5.387 0.1428571492
108160  16.759  15.000  -5.437 0.1428571492
108102  15.405  14.645  -2.021 0.1428571492
81162  24.379  -12.067  -2.532 0.4285714328
76000  23.199  -17.221  -2.116 0.4285714328
77054  24.053  -16.173  -1.903 0.2857142985
74977  23.448  -18.306  -1.487 0.2857142985
98839  17.068  4.587  -3.471 0.2857142985
74979  21.332  -18.744  -2.312 0.2857142985
74978  22.327  -18.354  -2.010 0.2857142985
74999  20.933  -17.978  -2.712 0.2857142985
74998  21.718  -17.909  -2.492 0.2857142985
82311  21.400  -11.282  -4.518 0.2857142985
86632  19.698  -7.589  -4.505 0.1428571492
87701  19.860  -6.550  -4.560 0.2857142985
89800  19.282  -4.564  -4.676 0.1428571492
91883  18.222  -2.524  -4.666 0.1428571492
93950  18.118  -0.651  -4.459 0.1428571492
95011  18.454  0.259  -4.094 0.1428571492
96023  18.005  1.158  -3.926 0.1428571492
97916  17.233  2.897  -4.317 0.1428571492
97900  15.553  3.291  -4.045 0.1428571492
97899  16.639  3.681  -4.071 0.1428571492
101531  14.223  7.068  -2.043 0.1428571492
102427  15.963  8.665  -2.499 0.1428571492
101514  14.498  8.391  -1.301 0.1428571492
102428  15.309  8.955  -1.969 0.1428571492
72918  20.384  -20.326  -1.559 0.2857142985
96022  18.873  1.235  -3.864 0.2857142985
96024  17.273  1.194  -4.428 0.1428571492
72919  19.879  -20.387  -1.475 0.2857142985
81194  21.062  -11.758  -4.572 0.2857142985
82312  20.689  -11.233  -4.463 0.2857142985
90867  18.720  -3.549  -4.705 0.1428571492
91884  17.379  -2.365  -4.774 0.1428571492
92935  17.777  -1.518  -4.711 0.1428571492
93951  17.331  -0.550  -4.755 0.1428571492
97002  18.506  2.100  -4.011 0.1428571492
97917  16.391  2.782  -4.368 0.1428571492
101530  15.129  8.086  -2.090 0.1428571492
81181  20.967  -12.698  -4.461 0.1428571492
83390  20.126  -10.448  -4.306 0.1428571492
95012  17.699  0.303  -4.486 0.1428571492
92936  16.929  -1.402  -4.771 0.1428571492
73947  19.360  -20.071  -1.167 0.1428571492
73964  19.725  -19.740  -1.534 0.1428571492
73948  18.965  -19.839  -0.726 0.1428571492
88709  25.843  -5.445  -2.805 0.1428571492
100614  24.608  6.405  -3.543 0.1428571492
71768  19.888  -21.554  -1.173 0.1428571492
74981  19.377  -18.600  -1.832 0.1428571492
75000  19.979  -17.920  -2.444 0.1428571492
77088  20.473  -15.751  -3.322 0.1428571492
99725  24.852  5.187  -4.001 0.1428571492
71781  20.581  -20.978  -1.360 0.1428571492
72905  19.466  -20.589  -1.100 0.1428571492
73965  19.150  -19.213  -1.314 0.1428571492
76019  20.542  -17.073  -2.747 0.1428571492
71782  20.020  -20.799  -1.428 0.1428571492
80039  27.617  -13.778  -1.165 0.1428571492
81133  27.303  -12.543  -1.282 0.1428571492
86627  24.027  -7.292  -4.555 0.5714285970
87696  24.115  -7.097  -4.396 0.7142857313
88742  23.828  -6.347  -4.376 0.8571428657
91862  25.307  -2.946  -4.576 0.1428571492
95985  20.998  0.638  -2.202 0.8571428657
96982  21.539  1.526  -2.149 0.8571428657
97879  20.872  3.481  -2.514 0.7142857313
100636  18.916  7.030  -3.256 0.5714285970
100637  18.721  6.892  -3.296 0.5714285970
101559  18.875  7.270  -3.251 0.7142857313
103325  21.580  9.192  -2.702 0.7142857313
103327  19.892  9.384  -3.034 0.5714285970
103341  22.324  9.343  -2.639 0.7142857313
104266  18.917  10.039  -3.498 0.5714285970
105231  23.605  10.817  -3.830 0.1428571492
105254  17.193  12.133  -4.612 0.2857142985
106185  15.768  12.045  -4.008 0.2857142985
106194  24.247  11.275  -4.864 0.1428571492
106195  23.939  11.778  -4.737 0.1428571492
107184  22.135  13.233  -4.733 0.1428571492
107186  20.792  13.599  -4.004 0.2857142985
107218  21.719  13.729  -6.843 0.1428571492
108117  20.408  13.834  -3.928 0.2857142985
108142  15.432  13.743  -4.239 0.1428571492
108156  22.012  13.740  -5.997 0.1428571492
109052  19.229  14.726  -4.202 0.1428571492
109054  15.122  15.825  -4.159 0.1428571492
109095  20.786  15.219  -6.783 0.1428571492
110074  15.182  16.042  -4.252 0.1428571492
110084  18.897  16.085  -6.356 0.1428571492
