#!ascii label  , from subject 3411 vox2ras=TkReg
1781
122110  -56.992  19.161  23.820 0.0000000000
136919  -47.205  39.645  12.755 0.0000000000
131555  -51.292  32.680  18.410 0.0000000000
126050  -56.259  24.793  7.324 0.0000000000
133912  -49.919  35.321  8.961 0.0000000000
130882  -54.145  30.748  10.429 0.0000000000
129535  -52.502  28.420  3.267 0.0000000000
126778  -50.105  25.350  8.401 0.0000000000
119662  -51.758  16.695  26.502 0.0000000000
123462  -54.102  21.990  28.092 0.0000000000
139822  -44.918  43.751  10.189 0.0000000000
141118  -51.595  44.901  11.592 0.0000000000
136179  -55.576  39.278  9.711 0.0000000000
127997  -55.539  25.799  20.916 0.0000000000
136126  -52.733  38.292  16.415 0.0000000000
128733  -54.819  28.157  12.485 0.0000000000
123620  -57.979  22.390  16.490 0.0000000000
125093  -53.835  24.086  14.687 0.0000000000
125076  -47.287  24.400  15.663 0.0000000000
121401  -56.421  18.942  22.790 0.0000000000
132390  -50.229  33.559  6.521 0.0000000000
130919  -50.141  31.500  6.933 0.0000000000
130225  -50.095  30.864  4.521 0.0000000000
128150  -49.572  27.760  4.199 0.0000000000
122773  -52.556  19.966  26.980 0.0000000000
124134  -50.681  23.228  29.330 0.0000000000
139817  -39.784  44.140  9.732 0.0000000000
138467  -53.341  41.695  9.753 0.0000000000
127339  -53.373  26.607  21.754 0.0000000000
129364  -54.185  29.173  19.305 0.0000000000
139748  -47.291  43.846  16.510 0.0000000000
135424  -50.087  38.011  14.754 0.0000000000
128766  -55.960  28.583  7.402 0.0000000000
130872  -56.442  31.260  11.139 0.0000000000
128089  -57.615  26.834  10.566 0.0000000000
126694  -57.592  25.200  14.526 0.0000000000
124335  -57.673  23.742  11.895 0.0000000000
124300  -56.238  22.627  15.225 0.0000000000
125144  -55.865  24.238  10.548 0.0000000000
126718  -48.890  25.613  12.097 0.0000000000
133891  -48.058  35.876  10.891 0.0000000000
132315  -49.794  33.961  13.363 0.0000000000
130878  -50.472  31.544  10.069 0.0000000000
129484  -53.030  28.870  6.996 0.0000000000
127496  -54.523  26.898  4.563 0.0000000000
126048  -54.061  24.810  7.059 0.0000000000
126822  -51.353  25.781  5.296 0.0000000000
126789  -48.569  25.404  6.874 0.0000000000
117971  -54.388  14.853  27.393 0.0000000000
121343  -55.123  18.193  27.358 0.0000000000
122798  -56.055  20.249  25.518 0.0000000000
139145  -39.438  42.468  12.293 0.0000000000
139164  -43.283  42.635  12.397 0.0000000000
141088  -48.003  45.456  14.991 0.0000000000
139168  -48.831  42.463  12.016 0.0000000000
136928  -50.554  40.049  9.729 0.0000000000
135479  -52.835  37.406  8.563 0.0000000000
133151  -54.038  35.441  6.861 0.0000000000
133918  -56.351  37.141  8.059 0.0000000000
125798  -52.608  24.639  25.593 0.0000000000
126546  -55.019  24.339  24.852 0.0000000000
155136  -56.343  23.355  22.768 0.0000000000
133039  -52.364  34.896  17.291 0.0000000000
133084  -53.608  34.307  13.590 0.0000000000
131584  -55.220  33.064  14.471 0.0000000000
130082  -52.583  30.834  15.213 0.0000000000
127376  -55.661  26.700  16.316 0.0000000000
125866  -57.441  24.165  18.143 0.0000000000
122859  -57.404  21.460  20.321 0.0000000000
122876  -56.517  21.108  19.075 0.0000000000
124252  -54.052  22.034  18.487 0.0000000000
124249  -50.996  22.531  18.423 0.0000000000
126737  -52.488  26.185  12.169 0.0000000000
125882  -50.796  25.060  16.003 0.0000000000
123597  -48.502  21.625  17.801 0.0000000000
120499  -57.643  17.770  25.121 0.0000000000
118885  -57.153  17.213  24.032 0.0000000000
121403  -56.926  18.591  23.417 0.0000000000
132406  -50.580  33.695  5.061 0.0000000000
131692  -50.104  32.162  5.266 0.0000000000
131697  -50.089  32.422  4.485 0.0000000000
130955  -49.413  31.537  3.872 0.0000000000
130070  -52.421  30.424  18.866 0.0000000000
138433  -47.512  40.970  13.998 0.0000000000
127461  -56.402  26.834  7.204 0.0000000000
128103  -57.127  27.571  9.091 0.0000000000
127453  -56.894  26.129  8.898 0.0000000000
125980  -57.893  24.928  10.641 0.0000000000
124353  -56.940  24.211  10.004 0.0000000000
124342  -56.770  23.227  10.941 0.0000000000
124358  -55.972  23.928  9.350 0.0000000000
133901  -49.581  35.686  9.590 0.0000000000
132355  -49.048  33.882  10.237 0.0000000000
131661  -49.639  32.962  8.805 0.0000000000
129496  -51.668  29.436  5.335 0.0000000000
129464  -51.830  29.456  6.870 0.0000000000
128817  -52.640  28.692  5.046 0.0000000000
130243  -54.496  28.505  5.282 0.0000000000
128178  -54.014  27.492  2.183 0.0000000000
127495  -53.294  26.063  4.760 0.0000000000
127493  -52.075  26.802  3.527 0.0000000000
127471  -49.257  26.331  5.321 0.0000000000
122774  -53.604  20.069  27.197 0.0000000000
121342  -54.265  18.051  27.484 0.0000000000
122775  -54.481  20.208  27.104 0.0000000000
122063  -55.925  19.039  26.892 0.0000000000
124193  -54.888  21.699  26.568 0.0000000000
140453  -42.269  44.324  9.233 0.0000000000
139806  -41.942  43.144  10.403 0.0000000000
139808  -44.346  42.957  11.237 0.0000000000
140415  -45.821  44.621  13.971 0.0000000000
139795  -46.354  43.789  12.026 0.0000000000
141117  -50.899  45.437  11.852 0.0000000000
141108  -50.294  45.631  13.245 0.0000000000
139796  -50.641  43.835  12.371 0.0000000000
137710  -49.396  40.580  10.423 0.0000000000
139183  -51.016  42.665  10.748 0.0000000000
137726  -54.494  40.195  9.519 0.0000000000
136937  -53.210  39.563  9.315 0.0000000000
136208  -54.213  38.384  8.731 0.0000000000
134723  -52.996  36.390  7.749 0.0000000000
133915  -55.051  36.455  8.294 0.0000000000
133931  -55.331  36.037  7.730 0.0000000000
135466  -56.259  37.827  9.347 0.0000000000
125854  -49.062  25.370  21.043 0.0000000000
125012  -48.299  24.053  23.188 0.0000000000
125820  -49.839  24.310  23.922 0.0000000000
125796  -50.663  24.605  26.072 0.0000000000
125833  -51.234  24.914  23.109 0.0000000000
128648  -54.734  26.689  21.132 0.0000000000
126604  -54.358  25.655  23.520 0.0000000000
127973  -55.742  25.301  22.825 0.0000000000
125801  -55.679  24.084  23.833 0.0000000000
127318  -56.043  25.197  22.082 0.0000000000
136099  -51.751  38.296  17.242 0.0000000000
134625  -50.647  37.054  17.083 0.0000000000
134608  -53.325  36.759  17.297 0.0000000000
131604  -52.257  32.324  12.494 0.0000000000
133082  -51.493  34.298  13.811 0.0000000000
131606  -53.853  32.554  12.166 0.0000000000
130126  -55.408  29.622  11.507 0.0000000000
131594  -56.151  32.336  12.828 0.0000000000
130102  -54.814  30.715  12.858 0.0000000000
130828  -53.632  31.652  14.339 0.0000000000
129407  -53.644  29.541  13.559 0.0000000000
128705  -54.130  28.197  15.444 0.0000000000
128053  -55.138  27.337  14.686 0.0000000000
125902  -58.141  23.999  14.518 0.0000000000
126669  -57.492  24.832  16.657 0.0000000000
125045  -57.908  23.439  16.866 0.0000000000
124245  -57.824  22.770  19.339 0.0000000000
123585  -57.704  22.372  18.496 0.0000000000
122867  -56.902  20.843  19.800 0.0000000000
122910  -57.297  21.998  17.446 0.0000000000
125094  -54.736  23.884  14.638 0.0000000000
124288  -55.304  22.699  16.838 0.0000000000
124286  -53.424  23.200  16.911 0.0000000000
124242  -52.426  21.993  19.050 0.0000000000
125063  -52.428  23.981  16.483 0.0000000000
126008  -51.797  25.466  7.939 0.0000000000
125993  -53.183  25.529  9.154 0.0000000000
126764  -51.354  26.037  9.691 0.0000000000
125911  -48.494  25.301  14.306 0.0000000000
126689  -49.882  25.796  13.793 0.0000000000
125880  -48.721  24.601  16.008 0.0000000000
125040  -48.967  23.336  17.106 0.0000000000
125039  -48.026  23.209  17.048 0.0000000000
123596  -47.261  21.343  17.196 0.0000000000
118852  -57.260  15.656  26.481 0.0000000000
122122  -55.098  18.995  22.523 0.0000000000
133140  -50.455  35.191  7.839 0.0000000000
131674  -49.738  33.014  8.015 0.0000000000
131685  -50.059  32.380  6.033 0.0000000000
130197  -50.127  31.073  5.734 0.0000000000
130227  -50.960  29.692  4.003 0.0000000000
128815  -51.197  28.321  2.962 0.0000000000
129520  -49.922  29.269  3.432 0.0000000000
121351  -52.448  18.121  27.027 0.0000000000
122781  -51.589  20.223  26.587 0.0000000000
124151  -52.355  22.963  28.914 0.0000000000
141144  -42.384  45.706  8.309 0.0000000000
139812  -52.556  43.488  10.690 0.0000000000
139188  -54.932  41.480  9.478 0.0000000000
138483  -55.780  40.968  9.340 0.0000000000
126627  -52.085  25.723  21.878 0.0000000000
129351  -54.395  28.725  20.667 0.0000000000
129366  -54.777  27.523  19.859 0.0000000000
136162  -51.375  38.228  15.282 0.0000000000
130922  -55.051  29.649  8.588 0.0000000000
130884  -55.472  31.405  10.600 0.0000000000
130166  -55.981  29.945  9.172 0.0000000000
129445  -56.405  29.134  10.251 0.0000000000
128081  -56.113  27.295  11.937 0.0000000000
128064  -56.410  26.609  13.462 0.0000000000
127411  -57.639  25.933  12.269 0.0000000000
125953  -57.860  24.254  12.944 0.0000000000
123644  -57.785  22.845  13.584 0.0000000000
123635  -57.344  21.975  14.949 0.0000000000
123648  -56.938  22.257  13.364 0.0000000000
124324  -56.271  23.407  13.054 0.0000000000
125120  -55.058  24.487  12.952 0.0000000000
126748  -49.576  25.691  10.300 0.0000000000
131567  -49.952  33.063  17.839 0.0000000000
134666  -47.203  37.158  11.671 0.0000000000
133855  -47.915  36.312  13.353 0.0000000000
132324  -48.513  34.045  12.101 0.0000000000
131620  -50.406  32.328  11.735 0.0000000000
130880  -52.098  30.775  10.626 0.0000000000
130903  -50.326  31.377  8.133 0.0000000000
130162  -52.270  29.831  8.276 0.0000000000
130164  -53.749  29.454  8.490 0.0000000000
130202  -54.524  28.796  7.140 0.0000000000
128144  -55.677  27.742  5.846 0.0000000000
126816  -55.667  25.696  6.242 0.0000000000
125192  -55.219  23.727  6.757 0.0000000000
126079  -54.487  25.176  6.135 0.0000000000
125209  -52.564  25.098  6.307 0.0000000000
126045  -51.282  25.411  6.622 0.0000000000
128140  -50.447  27.143  4.210 0.0000000000
126802  -50.215  25.330  6.144 0.0000000000
121341  -53.519  17.890  27.503 0.0000000000
119642  -54.809  16.341  27.463 0.0000000000
119629  -56.748  15.736  28.197 0.0000000000
120478  -56.721  17.384  26.909 0.0000000000
121362  -56.947  18.500  25.753 0.0000000000
122818  -56.777  19.910  24.274 0.0000000000
139134  -40.765  42.321  13.499 0.0000000000
139162  -41.347  42.443  11.874 0.0000000000
139136  -42.758  42.699  14.059 0.0000000000
139763  -45.160  44.146  15.154 0.0000000000
141082  -47.507  45.350  15.999 0.0000000000
139140  -47.510  42.880  14.048 0.0000000000
140442  -46.911  44.299  10.738 0.0000000000
141106  -47.996  45.291  12.549 0.0000000000
139774  -49.019  44.301  13.949 0.0000000000
138450  -47.812  41.472  11.848 0.0000000000
136177  -48.121  38.684  10.529 0.0000000000
135448  -49.209  37.567  10.016 0.0000000000
134687  -50.142  36.582  9.308 0.0000000000
138479  -52.103  41.524  9.822 0.0000000000
136191  -51.605  38.568  9.209 0.0000000000
135477  -51.237  36.774  8.514 0.0000000000
133927  -51.649  35.622  7.364 0.0000000000
133149  -52.139  35.234  6.772 0.0000000000
132409  -54.149  34.982  5.789 0.0000000000
133181  -55.421  35.707  5.910 0.0000000000
137728  -57.211  39.629  8.576 0.0000000000
125737  -51.374  24.439  27.785 0.0000000000
125739  -53.328  24.280  27.275 0.0000000000
126602  -52.649  25.086  23.553 0.0000000000
125800  -53.990  24.795  25.214 0.0000000000
124946  -54.772  23.437  26.235 0.0000000000
124195  -55.418  22.740  25.308 0.0000000000
124217  -56.187  22.245  24.167 0.0000000000
124221  -56.713  21.398  23.526 0.0000000000
132284  -51.732  33.804  17.473 0.0000000000
133857  -49.445  35.905  14.121 0.0000000000
133845  -51.633  35.837  14.481 0.0000000000
134635  -53.484  36.934  15.481 0.0000000000
133106  -55.477  33.355  12.090 0.0000000000
133075  -54.580  34.671  14.110 0.0000000000
134626  -54.557  36.358  16.178 0.0000000000
133062  -53.915  34.573  16.331 0.0000000000
131580  -52.693  32.597  16.184 0.0000000000
130079  -51.617  31.145  16.921 0.0000000000
129379  -52.938  29.497  17.463 0.0000000000
128031  -54.750  27.632  17.588 0.0000000000
127370  -55.928  26.394  18.368 0.0000000000
127389  -56.719  25.954  15.619 0.0000000000
126659  -56.799  25.554  17.047 0.0000000000
155148  -56.458  24.969  19.432 0.0000000000
126643  -57.045  23.520  20.854 0.0000000000
124236  -57.573  22.466  21.486 0.0000000000
122840  -57.008  20.357  22.690 0.0000000000
122140  -56.717  20.211  21.260 0.0000000000
122139  -56.514  20.092  21.320 0.0000000000
122856  -55.558  20.612  20.698 0.0000000000
123617  -56.676  22.168  17.165 0.0000000000
123582  -54.915  21.591  18.796 0.0000000000
122854  -53.601  20.533  20.978 0.0000000000
123561  -51.962  20.796  20.465 0.0000000000
123568  -50.868  21.139  19.663 0.0000000000
125995  -54.730  24.608  9.304 0.0000000000
125979  -54.123  25.319  10.861 0.0000000000
125949  -53.251  25.376  13.310 0.0000000000
126735  -50.695  26.129  11.692 0.0000000000
126705  -52.055  25.537  13.838 0.0000000000
125899  -52.206  25.007  15.286 0.0000000000
125042  -50.902  23.703  17.272 0.0000000000
124248  -50.057  22.302  18.248 0.0000000000
121371  -57.189  18.470  24.333 0.0000000000
120500  -57.447  17.888  24.599 0.0000000000
120509  -57.218  17.996  24.105 0.0000000000
120525  -57.028  18.031  23.822 0.0000000000
121387  -57.012  18.572  23.814 0.0000000000
133176  -51.049  34.434  5.041 0.0000000000
131698  -50.341  33.214  4.580 0.0000000000
132415  -50.216  33.111  4.083 0.0000000000
130060  -51.787  30.940  19.395 0.0000000000
130069  -51.669  31.111  18.657 0.0000000000
137685  -47.472  40.596  13.646 0.0000000000
136914  -47.839  39.822  14.154 0.0000000000
135430  -47.440  38.523  13.414 0.0000000000
126030  -56.330  25.427  7.396 0.0000000000
127452  -56.549  26.663  7.848 0.0000000000
126031  -56.389  25.137  8.213 0.0000000000
126012  -57.048  25.049  9.407 0.0000000000
125164  -56.255  24.398  8.789 0.0000000000
124360  -56.248  24.214  9.176 0.0000000000
124370  -56.113  24.137  8.036 0.0000000000
133127  -49.473  34.722  9.364 0.0000000000
132365  -49.483  33.824  9.078 0.0000000000
129508  -51.612  29.348  4.245 0.0000000000
129509  -52.111  29.013  5.010 0.0000000000
129523  -52.343  28.741  4.233 0.0000000000
129536  -53.196  28.208  3.769 0.0000000000
128828  -52.990  27.900  2.954 0.0000000000
127504  -53.059  27.024  3.102 0.0000000000
128827  -52.449  28.051  2.819 0.0000000000
119653  -52.390  16.164  26.863 0.0000000000
123484  -53.799  21.150  27.589 0.0000000000
123485  -54.489  21.449  27.183 0.0000000000
122783  -54.811  20.587  26.815 0.0000000000
140454  -43.326  44.349  9.365 0.0000000000
139820  -42.658  43.767  9.946 0.0000000000
139821  -43.773  43.696  10.117 0.0000000000
139809  -45.802  43.660  10.982 0.0000000000
141125  -51.403  45.402  10.752 0.0000000000
141124  -50.662  45.591  10.798 0.0000000000
141110  -51.361  44.759  12.158 0.0000000000
141109  -51.164  45.082  12.513 0.0000000000
139788  -51.238  44.230  12.104 0.0000000000
139171  -51.754  43.448  11.150 0.0000000000
136929  -55.063  39.994  9.625 0.0000000000
136938  -54.175  39.566  9.254 0.0000000000
136194  -54.651  38.753  9.266 0.0000000000
135481  -54.905  37.542  9.036 0.0000000000
135482  -55.346  37.600  9.440 0.0000000000
134707  -55.517  37.133  9.073 0.0000000000
136196  -56.138  38.728  9.635 0.0000000000
126640  -48.916  25.865  20.455 0.0000000000
126624  -49.466  25.474  21.120 0.0000000000
125842  -49.345  24.968  21.691 0.0000000000
126612  -50.278  25.067  22.152 0.0000000000
125821  -50.938  24.735  23.907 0.0000000000
128659  -55.164  26.129  21.078 0.0000000000
127980  -55.327  25.678  22.611 0.0000000000
127981  -55.704  25.467  22.137 0.0000000000
127330  -56.027  25.310  21.343 0.0000000000
136125  -51.960  38.846  16.669 0.0000000000
136100  -52.150  38.345  17.136 0.0000000000
135382  -52.025  37.724  17.314 0.0000000000
135384  -53.719  37.491  16.970 0.0000000000
131622  -52.539  31.764  11.937 0.0000000000
131605  -53.140  32.412  12.392 0.0000000000
131624  -54.282  32.125  11.639 0.0000000000
129426  -54.999  29.066  11.715 0.0000000000
130115  -55.263  30.304  12.148 0.0000000000
130114  -54.486  30.021  12.602 0.0000000000
130101  -54.061  30.369  13.160 0.0000000000
129408  -54.001  29.107  13.281 0.0000000000
128061  -54.688  27.774  14.343 0.0000000000
128725  -54.870  27.758  13.202 0.0000000000
124301  -57.890  23.049  15.037 0.0000000000
125066  -57.885  23.514  15.742 0.0000000000
124289  -57.915  23.010  16.093 0.0000000000
124254  -57.947  22.846  18.295 0.0000000000
123602  -57.841  22.394  17.554 0.0000000000
122894  -57.382  21.851  18.000 0.0000000000
123619  -57.909  22.006  16.559 0.0000000000
125080  -54.317  23.691  15.316 0.0000000000
125065  -54.031  23.580  15.969 0.0000000000
125079  -53.614  23.941  15.474 0.0000000000
125044  -52.812  23.323  17.014 0.0000000000
125078  -52.860  24.327  15.657 0.0000000000
126780  -52.135  25.691  8.858 0.0000000000
126779  -51.092  25.676  8.634 0.0000000000
125895  -47.968  24.789  15.180 0.0000000000
125896  -49.097  25.222  15.208 0.0000000000
125879  -47.910  24.352  16.041 0.0000000000
125059  -48.374  23.873  16.554 0.0000000000
125058  -47.288  23.735  16.390 0.0000000000
125038  -47.422  23.092  16.921 0.0000000000
124285  -46.828  22.963  16.793 0.0000000000
120538  -55.582  17.692  23.144 0.0000000000
121400  -55.748  18.550  22.907 0.0000000000
133148  -50.771  34.740  7.092 0.0000000000
132389  -49.961  33.676  7.409 0.0000000000
130941  -50.044  31.599  4.854 0.0000000000
130933  -50.076  31.561  5.647 0.0000000000
130210  -50.103  30.988  5.327 0.0000000000
130211  -50.516  30.373  5.106 0.0000000000
130226  -50.461  30.155  4.212 0.0000000000
130239  -50.497  29.681  3.602 0.0000000000
130238  -49.561  30.490  3.803 0.0000000000
129519  -48.728  29.465  3.582 0.0000000000
122780  -50.947  20.648  26.431 0.0000000000
123460  -52.088  22.100  28.138 0.0000000000
124136  -51.780  23.406  29.114 0.0000000000
141143  -41.365  45.698  8.369 0.0000000000
139187  -54.529  41.774  9.440 0.0000000000
139194  -54.973  41.701  9.271 0.0000000000
139198  -54.648  42.666  8.145 0.0000000000
130062  -53.702  29.773  19.635 0.0000000000
130049  -54.120  29.336  20.311 0.0000000000
130063  -54.573  29.267  19.900 0.0000000000
129352  -54.821  28.364  20.339 0.0000000000
128682  -54.581  28.330  19.021 0.0000000000
139747  -46.701  43.831  17.021 0.0000000000
136161  -50.862  38.608  15.171 0.0000000000
130183  -55.162  29.189  7.958 0.0000000000
130906  -55.417  30.025  9.106 0.0000000000
129455  -56.032  29.329  8.445 0.0000000000
128755  -56.817  28.462  9.631 0.0000000000
128748  -56.996  27.936  10.505 0.0000000000
128741  -56.273  28.014  10.998 0.0000000000
128742  -56.913  27.572  10.982 0.0000000000
128082  -56.858  27.040  11.534 0.0000000000
127420  -57.475  26.587  11.374 0.0000000000
125146  -57.752  24.514  11.058 0.0000000000
125967  -57.923  24.656  11.932 0.0000000000
124336  -57.878  24.068  11.903 0.0000000000
124320  -57.749  23.560  13.265 0.0000000000
123651  -57.874  22.886  13.073 0.0000000000
123650  -57.647  22.539  13.025 0.0000000000
123657  -57.459  22.838  12.352 0.0000000000
124341  -56.421  23.604  11.223 0.0000000000
124331  -56.318  23.371  12.136 0.0000000000
125132  -55.925  24.169  11.565 0.0000000000
125131  -55.232  24.611  11.992 0.0000000000
134677  -47.789  36.906  10.843 0.0000000000
133103  -47.591  35.492  11.886 0.0000000000
133104  -47.966  34.983  11.612 0.0000000000
131635  -50.088  32.216  10.502 0.0000000000
131634  -49.495  32.845  10.944 0.0000000000
130866  -50.796  31.531  11.087 0.0000000000
130879  -51.187  31.001  10.488 0.0000000000
131675  -49.937  32.527  7.347 0.0000000000
131662  -49.989  32.266  8.476 0.0000000000
130177  -50.690  30.595  7.544 0.0000000000
129483  -52.529  29.095  6.692 0.0000000000
130161  -51.512  30.182  8.271 0.0000000000
130179  -52.439  29.480  7.705 0.0000000000
130163  -53.005  29.535  8.254 0.0000000000
129467  -53.559  29.126  7.763 0.0000000000
130181  -54.092  29.142  8.043 0.0000000000
130214  -53.986  28.685  6.587 0.0000000000
128819  -54.975  27.994  4.161 0.0000000000
129527  -55.224  28.308  5.282 0.0000000000
128156  -55.267  27.211  4.904 0.0000000000
127486  -55.386  26.385  5.608 0.0000000000
126835  -54.968  26.040  5.388 0.0000000000
126080  -55.006  25.085  6.034 0.0000000000
126834  -54.421  26.307  5.102 0.0000000000
127484  -52.706  25.588  4.961 0.0000000000
126814  -52.810  25.248  5.535 0.0000000000
126077  -51.972  25.206  5.732 0.0000000000
125188  -51.922  25.264  6.642 0.0000000000
128151  -50.090  27.745  3.849 0.0000000000
128152  -50.971  27.552  3.513 0.0000000000
128139  -49.850  27.204  4.426 0.0000000000
127459  -48.888  25.923  5.924 0.0000000000
126811  -49.618  25.752  5.456 0.0000000000
122059  -52.866  18.634  27.229 0.0000000000
121340  -52.985  17.774  27.414 0.0000000000
120476  -54.968  17.222  27.453 0.0000000000
119643  -55.668  16.434  27.284 0.0000000000
120477  -55.852  17.315  27.182 0.0000000000
119644  -56.597  16.367  27.428 0.0000000000
121344  -55.948  18.282  27.050 0.0000000000
122785  -55.849  19.955  26.054 0.0000000000
121352  -56.541  18.428  26.402 0.0000000000
122079  -56.358  19.219  25.781 0.0000000000
122080  -56.944  18.846  25.260 0.0000000000
122817  -56.442  20.152  24.837 0.0000000000
139144  -38.270  43.022  12.044 0.0000000000
139131  -37.475  43.053  13.113 0.0000000000
139132  -38.642  42.473  13.088 0.0000000000
139133  -39.745  42.271  13.263 0.0000000000
139816  -39.106  44.297  9.873 0.0000000000
139804  -40.039  43.554  10.216 0.0000000000
139180  -43.149  42.760  11.588 0.0000000000
139179  -42.170  42.730  11.253 0.0000000000
139163  -42.353  42.500  12.155 0.0000000000
139148  -42.550  42.502  13.090 0.0000000000
139149  -43.559  42.761  13.305 0.0000000000
139771  -44.635  43.585  14.680 0.0000000000
139138  -44.482  43.325  14.143 0.0000000000
140416  -46.408  45.092  13.672 0.0000000000
141086  -46.165  45.386  14.729 0.0000000000
141087  -46.875  45.521  14.501 0.0000000000
139764  -47.596  43.824  14.888 0.0000000000
140417  -48.033  44.584  14.840 0.0000000000
140434  -47.690  44.805  11.620 0.0000000000
141114  -48.230  45.176  11.768 0.0000000000
139155  -49.741  43.623  12.640 0.0000000000
139775  -49.732  44.474  13.764 0.0000000000
139154  -49.066  43.251  12.580 0.0000000000
139153  -47.865  42.590  12.766 0.0000000000
139167  -48.197  42.095  12.004 0.0000000000
137708  -47.754  40.500  11.290 0.0000000000
137709  -48.463  40.458  10.794 0.0000000000
136927  -49.877  39.569  9.847 0.0000000000
136178  -49.021  38.568  10.141 0.0000000000
136189  -49.811  38.419  9.697 0.0000000000
135459  -50.014  37.491  9.512 0.0000000000
136190  -50.590  38.407  9.326 0.0000000000
139185  -52.897  42.652  10.221 0.0000000000
138466  -52.447  42.029  10.016 0.0000000000
138480  -52.641  41.248  9.722 0.0000000000
135462  -53.147  38.109  8.805 0.0000000000
136192  -52.673  38.703  9.186 0.0000000000
135461  -52.201  37.861  8.914 0.0000000000
135460  -50.976  37.456  8.841 0.0000000000
135478  -51.915  37.118  8.572 0.0000000000
134721  -51.445  36.109  7.805 0.0000000000
134704  -52.490  36.783  8.190 0.0000000000
133929  -53.530  35.985  7.276 0.0000000000
133928  -52.589  35.792  7.259 0.0000000000
133150  -53.143  35.348  6.757 0.0000000000
133165  -52.840  35.081  6.229 0.0000000000
133179  -53.249  34.997  5.997 0.0000000000
133167  -54.391  35.058  6.352 0.0000000000
133932  -55.982  36.055  7.820 0.0000000000
133153  -55.615  35.639  7.150 0.0000000000
133170  -56.204  36.055  6.943 0.0000000000
133958  -55.804  36.223  6.043 0.0000000000
134740  -56.251  36.836  6.820 0.0000000000
137727  -56.471  40.273  9.018 0.0000000000
124968  -49.366  24.257  26.660 0.0000000000
125797  -51.626  24.614  25.819 0.0000000000
125768  -51.509  24.486  26.825 0.0000000000
125738  -52.316  24.384  27.521 0.0000000000
125769  -52.482  24.443  26.567 0.0000000000
127338  -52.521  26.363  21.530 0.0000000000
126615  -52.831  25.598  22.595 0.0000000000
127327  -53.244  26.037  22.224 0.0000000000
126581  -54.696  24.992  24.308 0.0000000000
126593  -54.241  25.324  24.131 0.0000000000
126555  -54.241  24.674  25.101 0.0000000000
125771  -54.076  24.672  25.910 0.0000000000
125741  -54.686  24.107  25.607 0.0000000000
124948  -55.021  23.726  25.137 0.0000000000
125802  -56.102  23.745  23.183 0.0000000000
124211  -55.944  23.121  24.021 0.0000000000
124218  -56.272  22.590  23.614 0.0000000000
124996  -56.489  21.868  23.628 0.0000000000
155139  -56.715  22.435  22.733 0.0000000000
133814  -51.976  35.846  17.266 0.0000000000
132283  -50.883  34.143  17.306 0.0000000000
133079  -48.693  35.168  13.408 0.0000000000
133856  -48.329  36.054  13.502 0.0000000000
133080  -49.517  34.838  13.699 0.0000000000
133083  -52.551  34.233  13.742 0.0000000000
133072  -52.092  34.996  14.205 0.0000000000
133846  -52.581  35.713  14.519 0.0000000000
134643  -52.190  36.607  14.869 0.0000000000
133847  -53.416  35.478  14.421 0.0000000000
131649  -55.968  31.315  10.641 0.0000000000
132356  -55.340  32.310  11.138 0.0000000000
132347  -56.122  32.422  11.340 0.0000000000
131589  -55.483  32.786  13.940 0.0000000000
133087  -55.357  33.751  13.679 0.0000000000
133077  -55.271  33.856  14.326 0.0000000000
134638  -54.704  35.576  15.112 0.0000000000
133064  -54.940  34.395  15.010 0.0000000000
133834  -54.422  35.717  16.477 0.0000000000
132309  -54.550  33.844  15.177 0.0000000000
130827  -52.948  31.280  14.832 0.0000000000
130825  -53.367  32.301  15.054 0.0000000000
130824  -52.755  31.875  15.398 0.0000000000
130822  -52.077  31.985  16.408 0.0000000000
130080  -52.089  31.006  16.013 0.0000000000
129382  -52.016  30.147  16.826 0.0000000000
129383  -52.853  29.379  16.368 0.0000000000
128043  -54.646  27.698  15.846 0.0000000000
128697  -54.112  28.157  16.358 0.0000000000
128032  -55.084  27.050  17.055 0.0000000000
128029  -55.101  27.250  18.213 0.0000000000
127373  -55.797  26.580  17.347 0.0000000000
127403  -57.081  26.390  13.344 0.0000000000
127397  -56.652  26.259  14.420 0.0000000000
126680  -57.196  25.648  15.081 0.0000000000
125869  -57.701  24.319  17.089 0.0000000000
126660  -57.126  25.031  17.275 0.0000000000
126656  -57.032  24.627  17.997 0.0000000000
126655  -56.688  25.129  18.092 0.0000000000
125865  -57.030  24.317  18.579 0.0000000000
125855  -56.665  24.173  20.646 0.0000000000
125856  -57.254  23.628  20.116 0.0000000000
123566  -57.653  21.992  20.501 0.0000000000
124240  -57.783  22.658  20.393 0.0000000000
123559  -57.644  21.949  21.286 0.0000000000
123558  -57.496  21.574  21.682 0.0000000000
122849  -57.220  20.812  21.839 0.0000000000
122134  -56.731  20.186  22.019 0.0000000000
122858  -57.216  21.078  20.841 0.0000000000
122877  -57.006  21.262  19.019 0.0000000000
122145  -56.674  20.298  20.697 0.0000000000
122866  -56.511  20.653  19.980 0.0000000000
122847  -55.385  20.206  21.408 0.0000000000
122865  -55.711  20.837  19.925 0.0000000000
123634  -56.769  22.122  15.113 0.0000000000
123618  -57.053  22.239  16.727 0.0000000000
123628  -56.636  22.454  16.070 0.0000000000
124270  -54.750  22.276  17.694 0.0000000000
124271  -55.428  22.207  17.432 0.0000000000
123581  -54.341  21.645  19.095 0.0000000000
123564  -54.430  21.064  20.052 0.0000000000
123571  -53.949  21.495  19.560 0.0000000000
123562  -52.763  21.006  20.419 0.0000000000
123570  -52.994  21.522  19.705 0.0000000000
124250  -51.952  22.511  18.390 0.0000000000
123580  -51.559  22.084  18.949 0.0000000000
123579  -50.697  21.754  19.009 0.0000000000
122874  -50.228  21.030  19.230 0.0000000000
126029  -54.301  24.647  7.830 0.0000000000
125175  -54.942  23.805  8.289 0.0000000000
126766  -53.437  25.771  10.308 0.0000000000
126752  -53.414  25.784  11.475 0.0000000000
125965  -54.029  25.305  11.969 0.0000000000
126738  -53.346  25.620  12.502 0.0000000000
126734  -49.744  25.852  11.355 0.0000000000
126719  -49.942  25.951  12.411 0.0000000000
125897  -50.256  25.509  15.077 0.0000000000
126704  -51.147  25.857  13.623 0.0000000000
126691  -51.375  25.562  14.413 0.0000000000
126692  -51.931  25.432  14.350 0.0000000000
125883  -51.615  24.963  15.846 0.0000000000
125062  -51.462  24.354  16.559 0.0000000000
124264  -48.633  22.585  17.500 0.0000000000
124265  -49.536  22.799  17.617 0.0000000000
123598  -49.251  22.145  17.951 0.0000000000
123577  -48.954  20.865  18.300 0.0000000000
119663  -57.631  17.046  25.286 0.0000000000
119664  -57.610  17.304  24.696 0.0000000000
118884  -56.947  16.703  23.912 0.0000000000
133163  -50.874  34.313  5.810 0.0000000000
132397  -50.349  33.403  5.682 0.0000000000
131693  -50.237  32.900  5.144 0.0000000000
130948  -49.794  31.564  4.158 0.0000000000
130061  -52.713  30.347  19.683 0.0000000000
130071  -53.095  30.139  19.258 0.0000000000
139126  -47.432  42.753  15.065 0.0000000000
137686  -47.748  40.534  14.234 0.0000000000
135423  -49.181  38.284  14.581 0.0000000000
128120  -56.362  27.369  7.013 0.0000000000
128767  -56.390  28.199  7.573 0.0000000000
128109  -56.670  27.512  8.141 0.0000000000
127445  -57.076  26.799  8.858 0.0000000000
127438  -57.551  26.763  9.596 0.0000000000
127439  -57.991  26.173  10.060 0.0000000000
126767  -57.939  25.505  9.939 0.0000000000
125145  -57.537  24.405  10.457 0.0000000000
124344  -57.331  23.769  10.842 0.0000000000
124333  -57.179  22.871  11.642 0.0000000000
124352  -56.699  23.931  10.105 0.0000000000
124351  -56.539  23.850  10.185 0.0000000000
125156  -55.640  24.092  9.610 0.0000000000
133892  -48.878  35.796  10.277 0.0000000000
133116  -48.487  35.026  10.702 0.0000000000
133117  -49.010  34.926  10.090 0.0000000000
131646  -49.524  32.936  9.803 0.0000000000
131647  -50.009  32.249  9.447 0.0000000000
130199  -51.087  29.828  5.823 0.0000000000
129482  -51.859  29.399  6.393 0.0000000000
129497  -52.285  29.087  5.867 0.0000000000
129498  -52.912  28.872  6.302 0.0000000000
130229  -53.955  28.659  5.942 0.0000000000
130241  -53.354  28.624  5.441 0.0000000000
129550  -53.717  28.009  3.922 0.0000000000
127506  -53.743  27.000  4.125 0.0000000000
126833  -53.791  26.457  4.762 0.0000000000
127505  -53.360  26.758  3.872 0.0000000000
127494  -52.760  26.356  4.107 0.0000000000
127483  -52.008  26.028  4.520 0.0000000000
128138  -49.263  27.395  4.746 0.0000000000
118836  -53.520  15.602  27.498 0.0000000000
123483  -52.850  21.169  27.442 0.0000000000
122060  -53.520  18.917  27.278 0.0000000000
122061  -54.371  19.084  27.265 0.0000000000
122062  -55.253  19.213  27.139 0.0000000000
122776  -55.129  20.005  26.941 0.0000000000
122784  -55.368  20.309  26.495 0.0000000000
123500  -55.214  21.177  26.175 0.0000000000
139780  -38.084  43.703  11.513 0.0000000000
140452  -41.259  44.436  9.235 0.0000000000
139805  -40.933  43.324  10.282 0.0000000000
139819  -41.622  43.794  9.775 0.0000000000
139807  -43.009  43.147  10.723 0.0000000000
139165  -44.296  42.840  12.410 0.0000000000
139151  -45.053  43.222  12.984 0.0000000000
139794  -45.290  43.197  12.277 0.0000000000
139783  -46.003  43.947  12.767 0.0000000000
141096  -47.204  45.345  13.346 0.0000000000
141123  -49.900  45.449  10.599 0.0000000000
141115  -48.924  45.363  11.516 0.0000000000
141116  -49.988  45.629  11.872 0.0000000000
140427  -50.847  44.781  13.094 0.0000000000
139169  -50.121  43.094  11.742 0.0000000000
138452  -49.238  42.108  11.364 0.0000000000
138463  -49.862  41.796  10.700 0.0000000000
138464  -50.738  41.878  10.287 0.0000000000
137712  -51.112  41.379  9.895 0.0000000000
137713  -54.009  40.908  9.592 0.0000000000
138481  -53.331  40.934  9.617 0.0000000000
137725  -53.706  40.293  9.461 0.0000000000
136193  -53.686  38.815  8.902 0.0000000000
135463  -53.718  38.265  8.675 0.0000000000
134705  -53.422  36.980  8.134 0.0000000000
135480  -53.955  37.752  8.474 0.0000000000
134706  -54.507  36.832  8.291 0.0000000000
133930  -54.492  36.210  7.683 0.0000000000
133152  -54.875  35.485  7.032 0.0000000000
134708  -56.096  36.996  8.895 0.0000000000
135484  -56.382  37.686  9.006 0.0000000000
127364  -48.616  26.633  19.791 0.0000000000
126649  -48.342  26.064  20.033 0.0000000000
125841  -48.263  24.587  21.635 0.0000000000
125831  -48.981  24.360  22.709 0.0000000000
125807  -49.749  24.234  25.272 0.0000000000
125809  -51.770  24.701  24.798 0.0000000000
127341  -54.372  26.631  21.716 0.0000000000
127328  -54.030  26.134  22.588 0.0000000000
127329  -54.517  26.171  22.314 0.0000000000
127308  -55.003  25.891  23.569 0.0000000000
127294  -55.988  24.879  23.983 0.0000000000
126558  -55.290  24.568  24.022 0.0000000000
126582  -55.638  24.737  23.583 0.0000000000
126595  -55.997  24.664  22.848 0.0000000000
155146  -56.285  24.023  22.357 0.0000000000
135405  -50.626  37.881  17.145 0.0000000000
134607  -52.433  36.820  17.330 0.0000000000
133815  -52.872  35.869  17.325 0.0000000000
131592  -50.954  33.014  13.149 0.0000000000
132316  -50.679  33.562  13.378 0.0000000000
132317  -51.891  33.278  13.360 0.0000000000
132318  -53.085  33.537  13.384 0.0000000000
133092  -53.848  33.752  13.132 0.0000000000
130127  -55.885  29.980  11.226 0.0000000000
130855  -56.313  31.597  12.233 0.0000000000
130854  -55.758  31.171  12.515 0.0000000000
130840  -55.255  31.377  13.106 0.0000000000
130829  -54.742  31.946  13.910 0.0000000000
131587  -54.416  32.530  14.549 0.0000000000
130839  -54.430  31.194  13.503 0.0000000000
130090  -53.435  30.511  13.815 0.0000000000
129398  -53.174  29.629  14.402 0.0000000000
129388  -53.002  29.401  15.380 0.0000000000
128704  -53.590  28.783  14.954 0.0000000000
128052  -54.729  27.808  15.059 0.0000000000
128044  -55.089  27.299  15.386 0.0000000000
125901  -57.853  24.563  14.945 0.0000000000
126681  -57.556  25.052  15.610 0.0000000000
125884  -57.718  24.422  16.042 0.0000000000
125870  -57.888  23.937  16.468 0.0000000000
125867  -57.817  23.835  17.558 0.0000000000
125861  -57.525  23.666  18.716 0.0000000000
125032  -57.915  23.345  17.978 0.0000000000
122869  -57.394  21.649  19.580 0.0000000000
122868  -57.150  21.133  19.802 0.0000000000
122878  -57.236  21.491  18.848 0.0000000000
122892  -56.760  21.458  18.403 0.0000000000
124309  -55.667  23.234  14.809 0.0000000000
124299  -55.758  23.023  15.845 0.0000000000
124298  -54.811  23.397  16.027 0.0000000000
124287  -54.161  23.127  16.786 0.0000000000
124269  -53.498  22.761  17.565 0.0000000000
124251  -52.944  22.367  18.377 0.0000000000
124268  -52.402  22.885  17.677 0.0000000000
124267  -51.427  23.046  17.784 0.0000000000
126028  -53.282  25.130  7.392 0.0000000000
126010  -53.821  25.217  8.389 0.0000000000
126009  -52.785  25.372  8.109 0.0000000000
126765  -52.464  26.123  9.939 0.0000000000
126751  -52.666  26.310  11.081 0.0000000000
125930  -48.858  25.558  13.772 0.0000000000
126702  -49.267  25.736  13.220 0.0000000000
125881  -49.747  24.864  15.994 0.0000000000
125061  -50.343  24.292  16.654 0.0000000000
125060  -49.338  24.083  16.614 0.0000000000
122890  -47.648  20.426  17.244 0.0000000000
124263  -47.602  22.429  17.262 0.0000000000
123595  -46.751  21.662  16.975 0.0000000000
117985  -57.140  14.650  26.729 0.0000000000
133139  -49.981  34.688  8.299 0.0000000000
132379  -49.721  33.747  8.185 0.0000000000
133147  -50.043  34.239  7.702 0.0000000000
130934  -50.068  31.526  6.215 0.0000000000
130198  -50.338  30.700  6.195 0.0000000000
130212  -51.049  29.808  4.753 0.0000000000
129522  -51.751  28.839  3.240 0.0000000000
128826  -51.865  28.183  2.820 0.0000000000
129521  -50.822  29.070  3.065 0.0000000000
128814  -50.401  28.415  3.351 0.0000000000
128813  -49.396  28.457  3.778 0.0000000000
121350  -51.974  17.953  26.710 0.0000000000
122067  -51.862  18.844  26.568 0.0000000000
122068  -52.274  19.249  26.850 0.0000000000
122782  -52.159  19.798  26.787 0.0000000000
123498  -51.242  21.123  27.031 0.0000000000
123482  -51.801  21.174  27.307 0.0000000000
123461  -53.138  22.080  28.124 0.0000000000
124152  -53.547  22.801  28.464 0.0000000000
140465  -39.999  45.216  8.890 0.0000000000
140466  -40.865  45.098  8.815 0.0000000000
140467  -41.835  44.986  8.712 0.0000000000
140468  -42.878  44.992  8.736 0.0000000000
139799  -52.205  43.905  11.160 0.0000000000
139186  -53.689  42.474  9.622 0.0000000000
138468  -54.243  41.474  9.587 0.0000000000
138469  -54.941  41.190  9.614 0.0000000000
137715  -55.252  40.481  9.617 0.0000000000
136931  -56.080  39.587  9.583 0.0000000000
139199  -55.351  41.913  8.521 0.0000000000
128667  -53.419  28.469  20.917 0.0000000000
128655  -53.737  28.123  21.060 0.0000000000
128657  -54.539  27.341  20.912 0.0000000000
128658  -54.701  26.818  20.725 0.0000000000
128668  -54.737  26.765  20.199 0.0000000000
136892  -51.434  39.399  16.198 0.0000000000
136151  -52.890  38.071  16.069 0.0000000000
131636  -54.576  31.687  11.213 0.0000000000
130893  -54.903  30.541  9.711 0.0000000000
130894  -55.549  30.847  10.256 0.0000000000
130155  -56.132  30.548  10.471 0.0000000000
129456  -56.363  29.333  8.833 0.0000000000
129446  -56.428  29.405  9.915 0.0000000000
130142  -56.180  30.150  10.574 0.0000000000
129435  -56.075  29.149  10.645 0.0000000000
129427  -55.552  28.977  11.124 0.0000000000
128740  -55.448  28.059  11.651 0.0000000000
128071  -55.319  27.358  13.029 0.0000000000
128073  -56.660  26.743  12.572 0.0000000000
127410  -57.364  26.342  12.322 0.0000000000
126707  -57.471  25.873  13.018 0.0000000000
126739  -57.911  25.549  11.507 0.0000000000
126726  -57.952  25.065  12.354 0.0000000000
125934  -57.862  24.945  13.047 0.0000000000
126710  -58.118  23.971  13.868 0.0000000000
125096  -58.275  23.099  14.074 0.0000000000
123631  -57.867  22.553  15.415 0.0000000000
123630  -57.682  22.204  15.792 0.0000000000
123636  -57.640  22.295  14.722 0.0000000000
123642  -57.283  22.124  14.078 0.0000000000
124318  -56.589  22.735  13.618 0.0000000000
124332  -56.807  22.791  11.923 0.0000000000
124325  -56.680  22.706  12.748 0.0000000000
124317  -56.090  23.392  13.971 0.0000000000
125095  -55.424  23.836  14.188 0.0000000000
125109  -54.835  24.238  13.796 0.0000000000
125108  -54.101  24.185  14.040 0.0000000000
126763  -50.307  25.744  9.439 0.0000000000
126762  -49.293  25.386  9.248 0.0000000000
126733  -48.926  25.543  11.063 0.0000000000
125948  -48.478  25.354  11.510 0.0000000000
126717  -48.388  25.442  12.497 0.0000000000
125929  -48.206  25.386  13.185 0.0000000000
125910  -47.405  25.019  14.073 0.0000000000
125894  -46.874  24.668  14.907 0.0000000000
135437  -46.974  38.275  12.122 0.0000000000
135435  -47.296  37.680  13.161 0.0000000000
134660  -47.193  36.858  12.691 0.0000000000
133089  -47.708  35.410  12.389 0.0000000000
133091  -48.915  34.254  13.068 0.0000000000
132342  -48.581  34.274  11.084 0.0000000000
131619  -49.704  32.971  11.987 0.0000000000
131601  -49.828  33.130  12.414 0.0000000000
131621  -51.517  31.857  11.945 0.0000000000
130867  -51.841  31.289  11.277 0.0000000000
130881  -53.036  30.719  10.620 0.0000000000
130891  -50.370  31.547  9.138 0.0000000000
130160  -50.875  30.553  8.424 0.0000000000
130150  -51.523  30.413  9.081 0.0000000000
130138  -52.243  30.437  9.861 0.0000000000
130139  -53.037  30.305  9.832 0.0000000000
130140  -53.454  30.236  9.669 0.0000000000
130904  -54.377  29.507  8.574 0.0000000000
130921  -54.743  29.435  8.349 0.0000000000
129486  -55.489  28.643  7.128 0.0000000000
130230  -54.585  28.651  5.776 0.0000000000
130217  -55.268  28.669  6.053 0.0000000000
128779  -55.995  28.272  6.751 0.0000000000
128132  -56.047  27.091  6.467 0.0000000000
126804  -56.153  25.767  6.731 0.0000000000
126066  -56.036  24.970  6.569 0.0000000000
124379  -56.114  23.799  7.136 0.0000000000
125228  -55.710  24.271  6.062 0.0000000000
125210  -54.741  24.441  6.509 0.0000000000
126825  -53.836  25.823  5.620 0.0000000000
126065  -53.776  25.207  6.395 0.0000000000
126047  -53.213  25.102  6.761 0.0000000000
125173  -52.673  25.185  7.097 0.0000000000
126026  -51.452  25.386  7.270 0.0000000000
126792  -50.859  25.462  7.832 0.0000000000
128153  -51.624  27.338  3.268 0.0000000000
127482  -51.174  26.679  4.376 0.0000000000
126821  -50.728  26.161  5.014 0.0000000000
127480  -49.623  26.813  4.812 0.0000000000
126812  -50.248  25.713  5.458 0.0000000000
126813  -50.931  25.560  6.013 0.0000000000
120488  -52.786  17.302  27.343 0.0000000000
120474  -53.396  16.959  27.613 0.0000000000
119641  -54.065  16.183  27.844 0.0000000000
120475  -54.168  17.102  27.713 0.0000000000
118838  -54.654  15.523  27.470 0.0000000000
117973  -56.358  14.895  27.599 0.0000000000
117974  -57.063  14.407  27.787 0.0000000000
118841  -57.150  15.339  27.549 0.0000000000
119645  -57.114  16.331  27.076 0.0000000000
120479  -57.239  17.160  26.511 0.0000000000
120489  -57.133  17.738  26.378 0.0000000000
120490  -57.476  17.580  25.857 0.0000000000
121363  -57.438  18.298  25.422 0.0000000000
122081  -57.312  18.803  25.020 0.0000000000
122094  -57.076  19.041  24.425 0.0000000000
139160  -39.324  42.817  11.343 0.0000000000
139178  -41.149  42.784  10.995 0.0000000000
139161  -40.314  42.566  11.624 0.0000000000
139146  -40.517  42.339  12.558 0.0000000000
139147  -41.547  42.366  12.827 0.0000000000
139135  -41.744  42.476  13.754 0.0000000000
139123  -42.902  43.084  15.080 0.0000000000
139761  -43.713  43.518  15.511 0.0000000000
140402  -45.075  44.213  16.012 0.0000000000
140397  -46.304  44.620  16.706 0.0000000000
139772  -45.412  43.977  14.399 0.0000000000
141080  -46.144  45.405  15.279 0.0000000000
140404  -47.484  44.640  16.234 0.0000000000
139756  -47.593  43.837  15.796 0.0000000000
139125  -47.422  42.179  14.178 0.0000000000
138439  -47.366  41.316  12.989 0.0000000000
139823  -45.586  43.971  10.197 0.0000000000
139810  -46.541  43.988  11.381 0.0000000000
140425  -47.352  44.855  12.332 0.0000000000
141097  -48.055  45.741  13.803 0.0000000000
141107  -49.079  45.873  12.919 0.0000000000
141098  -49.130  46.088  14.255 0.0000000000
141089  -49.094  45.616  15.053 0.0000000000
139773  -48.081  43.855  14.030 0.0000000000
138440  -47.498  41.437  12.524 0.0000000000
136922  -47.108  39.621  12.147 0.0000000000
136923  -47.371  39.663  11.492 0.0000000000
135446  -47.624  37.875  10.969 0.0000000000
135447  -48.363  37.699  10.428 0.0000000000
136926  -48.774  39.576  10.377 0.0000000000
134678  -48.616  36.723  10.381 0.0000000000
134679  -49.418  36.624  9.876 0.0000000000
133902  -50.158  35.913  9.048 0.0000000000
139184  -51.982  42.884  10.700 0.0000000000
138465  -51.590  41.926  10.089 0.0000000000
137723  -51.650  40.759  9.674 0.0000000000
137724  -52.807  40.409  9.537 0.0000000000
136936  -52.164  39.566  9.455 0.0000000000
136935  -50.951  39.523  9.510 0.0000000000
134688  -50.617  36.452  8.718 0.0000000000
133913  -50.374  35.662  8.378 0.0000000000
133926  -50.856  35.671  7.670 0.0000000000
133164  -51.875  34.919  6.145 0.0000000000
133177  -51.782  34.942  5.514 0.0000000000
133168  -55.101  35.294  6.287 0.0000000000
132410  -54.686  35.080  5.836 0.0000000000
136197  -56.635  38.650  9.049 0.0000000000
136198  -57.182  38.648  8.466 0.0000000000
125711  -50.720  24.154  28.994 0.0000000000
125767  -50.584  24.482  27.071 0.0000000000
125736  -50.426  24.400  27.988 0.0000000000
124923  -51.159  24.020  28.984 0.0000000000
125722  -52.172  24.288  28.366 0.0000000000
124925  -53.103  23.700  28.461 0.0000000000
124926  -53.865  23.273  28.274 0.0000000000
126614  -51.816  25.218  22.679 0.0000000000
126601  -52.050  24.963  23.306 0.0000000000
125823  -52.566  24.873  24.031 0.0000000000
126603  -53.559  25.447  23.539 0.0000000000
126592  -53.446  25.090  24.351 0.0000000000
125799  -53.482  24.804  25.377 0.0000000000
125770  -53.438  24.579  26.253 0.0000000000
125740  -54.263  24.279  26.581 0.0000000000
124176  -54.676  22.541  26.962 0.0000000000
124194  -55.264  22.108  25.906 0.0000000000
124208  -55.707  21.629  25.411 0.0000000000
124971  -55.208  23.508  24.930 0.0000000000
124210  -55.747  22.907  24.562 0.0000000000
124209  -55.945  21.974  24.895 0.0000000000
123535  -56.490  20.930  24.395 0.0000000000
123542  -56.737  21.096  23.838 0.0000000000
123537  -56.982  20.323  23.531 0.0000000000
132300  -50.338  34.236  16.967 0.0000000000
132269  -51.103  33.334  17.908 0.0000000000
132270  -51.407  33.141  17.850 0.0000000000
134652  -47.879  36.881  13.514 0.0000000000
134641  -50.128  36.795  14.498 0.0000000000
133081  -50.441  34.661  13.900 0.0000000000
133844  -50.499  35.797  14.344 0.0000000000
135425  -50.986  37.739  14.757 0.0000000000
135426  -51.820  37.613  15.283 0.0000000000
135427  -52.722  37.192  15.422 0.0000000000
135419  -53.210  37.648  15.794 0.0000000000
131625  -54.773  32.287  11.404 0.0000000000
132330  -54.480  33.038  12.144 0.0000000000
133093  -54.168  33.738  12.937 0.0000000000
132332  -55.994  33.191  12.396 0.0000000000
133095  -55.464  33.605  12.875 0.0000000000
133860  -53.970  34.773  13.797 0.0000000000
134646  -54.366  35.900  14.983 0.0000000000
134636  -54.085  36.606  15.507 0.0000000000
135406  -54.011  37.683  16.347 0.0000000000
134610  -54.350  36.520  16.771 0.0000000000
133833  -54.113  35.552  16.912 0.0000000000
133055  -53.711  34.944  16.889 0.0000000000
131582  -54.159  33.178  15.125 0.0000000000
132302  -53.377  33.945  16.565 0.0000000000
132285  -52.748  33.953  17.264 0.0000000000
131577  -52.386  32.937  16.926 0.0000000000
131576  -51.919  32.831  17.335 0.0000000000
130817  -51.531  31.968  18.196 0.0000000000
129377  -51.831  30.644  17.791 0.0000000000
129378  -52.243  30.306  18.006 0.0000000000
129373  -53.334  29.719  18.701 0.0000000000
128693  -53.521  28.720  16.898 0.0000000000
128689  -53.784  28.832  17.887 0.0000000000
129374  -54.118  28.848  18.642 0.0000000000
128691  -54.765  27.797  18.710 0.0000000000
128023  -55.373  26.542  19.215 0.0000000000
128007  -55.770  25.981  19.562 0.0000000000
128063  -55.769  26.880  13.590 0.0000000000
127396  -56.131  26.508  14.531 0.0000000000
127388  -56.039  26.507  15.293 0.0000000000
127378  -56.792  25.799  16.212 0.0000000000
127377  -56.423  26.104  16.492 0.0000000000
127374  -56.400  25.924  17.648 0.0000000000
127367  -56.311  25.562  19.044 0.0000000000
155152  -56.118  25.527  19.799 0.0000000000
127319  -56.353  24.618  21.285 0.0000000000
126606  -56.418  24.144  21.692 0.0000000000
125020  -56.828  23.298  21.851 0.0000000000
125027  -57.655  23.181  20.199 0.0000000000
125021  -57.364  23.099  21.213 0.0000000000
155135  -56.665  22.924  22.472 0.0000000000
155134  -57.014  21.979  22.611 0.0000000000
123544  -57.002  20.572  23.174 0.0000000000
122831  -56.975  19.920  23.359 0.0000000000
122125  -56.862  19.329  23.000 0.0000000000
122124  -56.665  19.175  22.733 0.0000000000
122133  -56.588  19.591  22.312 0.0000000000
122147  -57.091  20.691  20.357 0.0000000000
122132  -56.151  19.691  22.012 0.0000000000
122131  -55.243  19.608  22.029 0.0000000000
122917  -57.520  22.010  16.737 0.0000000000
122909  -56.876  21.754  17.867 0.0000000000
123584  -56.249  21.471  18.388 0.0000000000
123627  -56.084  22.501  16.648 0.0000000000
123600  -55.673  21.830  17.937 0.0000000000
123583  -55.733  21.377  18.698 0.0000000000
122864  -55.042  20.899  20.192 0.0000000000
122855  -54.612  20.703  20.763 0.0000000000
122845  -53.520  19.840  21.662 0.0000000000
122844  -52.765  19.521  21.586 0.0000000000
122138  -52.101  19.602  21.198 0.0000000000
122863  -51.291  20.835  20.153 0.0000000000
124368  -55.576  23.653  8.379 0.0000000000
125163  -55.425  23.816  8.827 0.0000000000
125155  -55.093  24.571  9.917 0.0000000000
125994  -54.291  25.165  9.592 0.0000000000
125154  -54.771  25.057  10.529 0.0000000000
125143  -55.360  24.761  10.985 0.0000000000
125130  -54.535  24.874  12.478 0.0000000000
125950  -53.785  25.153  13.083 0.0000000000
125933  -53.719  24.583  13.826 0.0000000000
126749  -50.533  26.002  10.572 0.0000000000
126703  -50.262  25.942  13.356 0.0000000000
126720  -50.883  26.172  12.729 0.0000000000
126721  -51.822  26.035  12.995 0.0000000000
126706  -52.599  25.444  13.721 0.0000000000
125915  -52.493  25.197  14.443 0.0000000000
125900  -52.854  24.702  14.967 0.0000000000
125077  -52.149  24.573  16.007 0.0000000000
125043  -51.902  23.537  17.133 0.0000000000
125041  -49.909  23.503  17.157 0.0000000000
124266  -50.447  22.991  17.760 0.0000000000
117958  -56.528  14.924  28.102 0.0000000000
117959  -56.734  14.802  28.234 0.0000000000
118824  -56.584  15.188  28.179 0.0000000000
118825  -57.052  15.178  28.377 0.0000000000
118837  -53.815  15.293  27.632 0.0000000000
118840  -56.325  15.696  27.550 0.0000000000
118861  -57.577  16.736  24.773 0.0000000000
119630  -57.125  15.864  28.036 0.0000000000
119640  -53.488  16.005  27.563 0.0000000000
119676  -57.290  17.539  24.219 0.0000000000
119689  -57.000  17.629  23.784 0.0000000000
120487  -52.269  17.168  26.972 0.0000000000
120498  -51.763  17.461  26.518 0.0000000000
121353  -57.232  18.118  26.009 0.0000000000
121364  -57.436  18.369  24.863 0.0000000000
121399  -54.926  18.277  22.825 0.0000000000
121408  -56.529  19.336  22.443 0.0000000000
121409  -56.653  19.229  22.625 0.0000000000
122069  -55.575  19.628  26.859 0.0000000000
122070  -55.962  19.443  26.473 0.0000000000
122092  -56.528  19.519  25.198 0.0000000000
122093  -56.850  19.289  24.769 0.0000000000
122123  -55.793  19.185  22.477 0.0000000000
122141  -56.997  20.521  21.080 0.0000000000
122146  -56.919  20.400  20.474 0.0000000000
122772  -52.003  20.466  26.958 0.0000000000
122797  -55.587  20.583  25.977 0.0000000000
122819  -56.980  19.793  23.847 0.0000000000
122848  -56.058  20.231  21.204 0.0000000000
122853  -52.581  20.244  21.043 0.0000000000
122857  -56.277  20.440  20.614 0.0000000000
122875  -56.023  20.983  19.359 0.0000000000
122879  -57.407  21.905  18.652 0.0000000000
122893  -57.149  21.617  18.273 0.0000000000
122895  -57.619  22.099  17.769 0.0000000000
122911  -57.647  21.997  17.097 0.0000000000
122912  -57.802  22.145  17.054 0.0000000000
122918  -57.729  22.012  16.348 0.0000000000
123463  -54.424  22.202  27.622 0.0000000000
123481  -50.797  21.652  27.589 0.0000000000
123499  -54.871  21.052  26.595 0.0000000000
123518  -55.610  21.168  25.674 0.0000000000
123519  -56.068  21.067  25.142 0.0000000000
123536  -56.877  20.494  23.851 0.0000000000
123543  -56.918  20.886  23.436 0.0000000000
123551  -56.940  21.483  22.808 0.0000000000
123563  -53.717  21.059  20.248 0.0000000000
123565  -57.524  21.611  20.935 0.0000000000
123569  -51.795  21.484  19.751 0.0000000000
123572  -54.853  21.262  19.562 0.0000000000
123573  -55.470  21.198  19.253 0.0000000000
123574  -57.627  22.226  19.490 0.0000000000
123599  -55.144  21.722  18.245 0.0000000000
123601  -56.409  21.815  17.876 0.0000000000
123616  -55.926  22.141  17.286 0.0000000000
123629  -57.341  22.168  15.946 0.0000000000
123637  -57.823  22.693  14.414 0.0000000000
123641  -56.888  22.189  14.233 0.0000000000
123643  -57.609  22.410  13.816 0.0000000000
123649  -57.250  22.240  13.183 0.0000000000
123655  -56.947  22.348  12.683 0.0000000000
123656  -57.242  22.469  12.438 0.0000000000
123658  -57.593  23.209  12.344 0.0000000000
124135  -51.453  23.281  29.170 0.0000000000
124153  -54.313  22.770  28.018 0.0000000000
124177  -54.921  22.770  26.238 0.0000000000
124196  -55.369  23.042  25.072 0.0000000000
124216  -56.429  21.621  24.060 0.0000000000
124225  -57.331  22.105  22.242 0.0000000000
124226  -57.074  22.582  22.205 0.0000000000
124235  -57.629  22.046  21.708 0.0000000000
124243  -53.369  21.869  19.038 0.0000000000
124244  -53.919  21.770  19.036 0.0000000000
124253  -54.703  21.868  18.282 0.0000000000
124272  -57.951  22.960  17.243 0.0000000000
124308  -55.037  23.409  15.291 0.0000000000
124310  -56.400  22.685  14.487 0.0000000000
124311  -57.881  23.141  14.066 0.0000000000
124312  -57.883  23.342  13.792 0.0000000000
124319  -57.744  23.088  13.332 0.0000000000
124326  -57.687  23.378  12.757 0.0000000000
124327  -57.763  23.846  12.598 0.0000000000
124334  -57.381  23.216  11.621 0.0000000000
124343  -57.075  23.295  10.800 0.0000000000
124345  -57.616  24.139  11.179 0.0000000000
124350  -56.331  23.900  10.272 0.0000000000
124359  -56.147  23.997  9.200 0.0000000000
124361  -56.571  24.431  9.456 0.0000000000
124367  -55.230  23.541  8.166 0.0000000000
124369  -55.962  23.901  8.184 0.0000000000
124377  -55.197  23.541  7.860 0.0000000000
124378  -55.562  23.529  7.439 0.0000000000
124380  -56.231  24.136  7.333 0.0000000000
124387  -55.735  23.555  6.731 0.0000000000
124388  -56.028  23.699  6.484 0.0000000000
124913  -50.943  23.750  29.156 0.0000000000
124914  -51.510  23.545  29.122 0.0000000000
124924  -51.843  23.842  29.031 0.0000000000
124944  -53.438  24.041  27.940 0.0000000000
124945  -54.158  23.668  27.620 0.0000000000
124947  -54.923  23.671  25.358 0.0000000000
124969  -55.083  22.894  25.840 0.0000000000
124970  -55.104  23.243  25.451 0.0000000000
124986  -55.612  23.559  24.295 0.0000000000
124987  -55.990  23.412  23.718 0.0000000000
125013  -57.016  22.964  21.986 0.0000000000
125029  -57.714  23.233  19.112 0.0000000000
125064  -53.324  23.648  16.331 0.0000000000
125081  -58.021  23.520  14.564 0.0000000000
125082  -58.538  23.261  14.018 0.0000000000
125092  -53.298  24.314  15.025 0.0000000000
125097  -57.933  23.673  13.912 0.0000000000
125110  -55.649  24.035  13.444 0.0000000000
125111  -57.785  23.957  13.108 0.0000000000
125119  -54.303  24.537  13.359 0.0000000000
125121  -55.833  24.102  12.526 0.0000000000
125122  -57.789  24.112  12.494 0.0000000000
125133  -57.797  24.308  11.685 0.0000000000
125134  -57.837  24.261  12.102 0.0000000000
125142  -54.719  25.066  11.466 0.0000000000
125157  -57.103  24.605  9.749 0.0000000000
125162  -55.017  24.157  9.102 0.0000000000
125165  -56.508  24.713  9.111 0.0000000000
125174  -52.846  25.134  6.919 0.0000000000
125176  -55.318  23.635  8.454 0.0000000000
125177  -56.243  24.531  8.027 0.0000000000
125178  -56.400  24.837  8.617 0.0000000000
125189  -52.346  25.178  6.740 0.0000000000
125190  -52.656  25.120  6.537 0.0000000000
125191  -54.772  23.927  7.338 0.0000000000
125193  -56.285  24.061  6.926 0.0000000000
125194  -56.256  24.300  6.984 0.0000000000
125207  -51.964  25.214  6.401 0.0000000000
125208  -52.324  25.113  6.312 0.0000000000
125211  -55.556  23.905  6.245 0.0000000000
125212  -56.180  24.188  6.466 0.0000000000
125213  -56.269  24.313  6.686 0.0000000000
125226  -54.856  24.749  6.167 0.0000000000
125227  -55.259  24.512  6.148 0.0000000000
125710  -50.186  24.179  29.254 0.0000000000
125720  -50.232  24.382  28.759 0.0000000000
125721  -51.130  24.225  28.614 0.0000000000
125723  -52.922  24.230  28.012 0.0000000000
125742  -54.877  23.891  25.166 0.0000000000
125743  -54.968  23.703  25.047 0.0000000000
125766  -49.662  24.364  27.259 0.0000000000
125772  -54.554  24.442  25.216 0.0000000000
125773  -54.979  23.977  24.845 0.0000000000
125774  -55.225  23.973  24.556 0.0000000000
125795  -49.865  24.353  26.402 0.0000000000
125808  -50.753  24.579  24.974 0.0000000000
125810  -52.771  24.822  24.633 0.0000000000
125811  -53.392  24.905  24.855 0.0000000000
125812  -55.949  24.316  23.189 0.0000000000
125822  -51.965  24.801  23.812 0.0000000000
125832  -50.181  24.782  22.721 0.0000000000
125834  -51.757  24.939  23.220 0.0000000000
125843  -49.994  25.033  22.031 0.0000000000
125844  -56.810  23.496  21.417 0.0000000000
125845  -57.245  23.359  20.842 0.0000000000
125853  -48.512  25.188  20.944 0.0000000000
125858  -56.599  24.796  18.863 0.0000000000
125859  -56.716  24.446  19.349 0.0000000000
125860  -57.022  24.051  19.424 0.0000000000
125864  -56.800  24.606  18.571 0.0000000000
125885  -57.963  24.007  15.393 0.0000000000
125898  -51.323  25.436  15.154 0.0000000000
125903  -58.238  23.837  14.239 0.0000000000
125912  -49.541  25.618  14.295 0.0000000000
125913  -50.100  25.656  14.549 0.0000000000
125914  -51.865  25.371  14.727 0.0000000000
125916  -53.303  24.594  14.421 0.0000000000
125917  -53.716  24.284  14.207 0.0000000000
125918  -57.794  24.758  13.941 0.0000000000
125919  -58.015  24.329  14.198 0.0000000000
125920  -58.137  23.873  14.024 0.0000000000
125931  -52.536  25.353  13.962 0.0000000000
125932  -53.096  25.210  13.805 0.0000000000
125935  -57.930  24.352  13.508 0.0000000000
125936  -57.912  24.078  13.627 0.0000000000
125951  -57.922  25.035  12.606 0.0000000000
125952  -57.922  24.754  12.671 0.0000000000
125966  -57.983  25.052  11.340 0.0000000000
125968  -57.865  24.379  12.400 0.0000000000
125981  -57.879  24.703  11.330 0.0000000000
125996  -57.667  24.921  9.848 0.0000000000
126011  -54.522  24.590  8.715 0.0000000000
126027  -52.352  25.270  7.289 0.0000000000
126032  -56.567  25.101  8.991 0.0000000000
126046  -51.902  25.256  6.889 0.0000000000
126049  -56.211  25.051  6.918 0.0000000000
126063  -52.165  25.065  6.007 0.0000000000
126064  -52.793  25.091  6.163 0.0000000000
126067  -56.228  24.513  6.788 0.0000000000
126076  -51.796  25.376  5.554 0.0000000000
126078  -52.428  25.145  5.771 0.0000000000
126081  -55.604  24.883  6.250 0.0000000000
126545  -54.790  24.235  24.981 0.0000000000
126556  -54.700  24.626  24.719 0.0000000000
126557  -54.957  24.451  24.410 0.0000000000
126579  -53.739  24.938  24.950 0.0000000000
126580  -54.171  24.922  24.678 0.0000000000
126591  -52.870  24.934  24.145 0.0000000000
126594  -54.897  25.288  23.979 0.0000000000
126596  -56.144  24.302  22.642 0.0000000000
126605  -54.833  25.563  23.706 0.0000000000
126616  -53.698  25.779  22.926 0.0000000000
126617  -53.978  25.819  23.015 0.0000000000
126628  -52.589  25.852  21.982 0.0000000000
126629  -57.017  23.374  21.094 0.0000000000
126650  -56.460  25.198  18.878 0.0000000000
126651  -56.831  24.244  19.687 0.0000000000
126652  -56.764  24.281  20.026 0.0000000000
126657  -57.244  24.395  18.051 0.0000000000
126661  -57.364  24.551  17.532 0.0000000000
126667  -56.810  25.716  16.498 0.0000000000
126668  -57.114  25.465  16.259 0.0000000000
126678  -50.946  25.603  14.730 0.0000000000
126679  -51.244  25.547  14.756 0.0000000000
126682  -58.603  23.993  14.383 0.0000000000
126683  -58.583  23.931  14.515 0.0000000000
126690  -50.455  25.720  14.237 0.0000000000
126693  -57.270  25.783  13.981 0.0000000000
126695  -58.243  23.949  14.241 0.0000000000
126696  -58.519  23.927  14.119 0.0000000000
126701  -48.672  25.568  12.758 0.0000000000
126708  -57.632  25.321  13.482 0.0000000000
126709  -58.092  24.179  13.955 0.0000000000
126722  -52.753  25.638  13.201 0.0000000000
126723  -53.312  25.464  13.040 0.0000000000
126724  -57.582  25.906  12.512 0.0000000000
126725  -57.774  25.453  12.441 0.0000000000
126740  -58.002  25.093  12.032 0.0000000000
126753  -57.974  25.553  10.701 0.0000000000
126781  -57.417  25.537  9.432 0.0000000000
126793  -56.375  26.148  7.327 0.0000000000
126794  -56.513  25.827  8.106 0.0000000000
126795  -56.710  25.522  8.964 0.0000000000
126800  -48.595  25.807  6.469 0.0000000000
126815  -53.271  25.287  5.753 0.0000000000
126823  -52.037  25.469  5.220 0.0000000000
126824  -52.388  25.288  5.437 0.0000000000
126826  -54.649  25.678  5.733 0.0000000000
126827  -55.223  25.624  5.855 0.0000000000
126841  -53.751  26.772  4.361 0.0000000000
126842  -54.066  26.727  4.608 0.0000000000
127276  -54.904  24.772  24.271 0.0000000000
127277  -55.166  24.845  24.012 0.0000000000
127278  -55.523  24.930  23.854 0.0000000000
127293  -55.153  25.093  24.023 0.0000000000
127295  -55.769  25.031  23.594 0.0000000000
127307  -54.938  25.710  23.991 0.0000000000
127309  -55.801  24.972  23.145 0.0000000000
127315  -54.360  25.851  23.115 0.0000000000
127316  -54.782  25.808  23.195 0.0000000000
127317  -55.013  25.801  22.963 0.0000000000
127326  -52.825  25.921  22.056 0.0000000000
127331  -56.437  24.771  20.291 0.0000000000
127340  -53.952  26.702  21.852 0.0000000000
127349  -49.008  26.314  20.160 0.0000000000
127354  -56.044  25.805  19.488 0.0000000000
127366  -56.063  26.003  19.115 0.0000000000
127371  -56.363  25.697  18.530 0.0000000000
127387  -55.450  26.877  15.618 0.0000000000
127421  -57.723  26.031  11.801 0.0000000000
127429  -57.593  26.718  10.907 0.0000000000
127430  -57.815  26.271  10.880 0.0000000000
127446  -57.680  26.136  9.369 0.0000000000
127451  -56.409  26.588  7.269 0.0000000000
127460  -56.249  26.684  6.830 0.0000000000
127470  -48.862  26.810  5.571 0.0000000000
127472  -49.770  25.939  5.158 0.0000000000
127473  -53.039  25.446  5.262 0.0000000000
127474  -53.086  25.317  5.469 0.0000000000
127475  -55.846  26.471  6.262 0.0000000000
127481  -50.109  26.416  4.772 0.0000000000
127485  -53.213  25.545  5.302 0.0000000000
127492  -51.458  27.090  3.657 0.0000000000
127497  -55.009  26.468  4.957 0.0000000000
127503  -52.547  27.177  3.063 0.0000000000
127517  -53.627  27.158  1.588 0.0000000000
127518  -53.354  26.867  2.005 0.0000000000
127519  -53.319  26.939  3.416 0.0000000000
127531  -54.111  27.240  0.953 0.0000000000
127532  -54.074  27.000  1.376 0.0000000000
127949  -55.403  25.245  23.832 0.0000000000
127950  -55.500  25.205  23.756 0.0000000000
127951  -56.044  24.965  23.174 0.0000000000
127971  -55.374  25.560  23.767 0.0000000000
127972  -55.392  25.583  23.400 0.0000000000
127979  -54.961  25.889  22.645 0.0000000000
127986  -54.839  26.179  21.859 0.0000000000
127987  -55.291  25.781  21.870 0.0000000000
127988  -55.516  25.702  21.527 0.0000000000
127994  -54.053  27.317  21.435 0.0000000000
127995  -54.479  26.991  21.329 0.0000000000
127996  -55.947  25.507  20.541 0.0000000000
128006  -53.281  28.123  20.939 0.0000000000
128008  -55.351  26.055  20.083 0.0000000000
128009  -55.117  26.200  20.625 0.0000000000
128024  -54.867  26.739  19.718 0.0000000000
128028  -54.833  27.666  18.004 0.0000000000
128034  -54.631  27.606  16.721 0.0000000000
128035  -55.087  27.174  16.147 0.0000000000
128045  -55.451  26.925  15.056 0.0000000000
128054  -55.670  26.830  14.421 0.0000000000
128055  -56.139  26.574  14.066 0.0000000000
128062  -55.105  27.417  13.835 0.0000000000
128072  -55.956  26.934  12.794 0.0000000000
128080  -55.514  27.484  12.348 0.0000000000
128088  -57.292  27.154  10.836 0.0000000000
128097  -57.351  27.343  10.047 0.0000000000
128098  -57.758  26.691  10.211 0.0000000000
128119  -56.218  27.075  6.733 0.0000000000
128133  -55.933  27.659  6.302 0.0000000000
128141  -54.845  27.979  4.257 0.0000000000
128142  -55.020  27.766  4.542 0.0000000000
128143  -55.644  27.126  5.859 0.0000000000
128154  -54.829  27.804  4.468 0.0000000000
128155  -54.752  27.533  4.492 0.0000000000
128162  -51.531  27.765  2.963 0.0000000000
128163  -52.125  27.507  2.902 0.0000000000
128164  -52.813  27.532  2.918 0.0000000000
128165  -54.516  27.540  4.495 0.0000000000
128166  -53.991  27.310  4.304 0.0000000000
128177  -53.444  27.367  2.427 0.0000000000
128179  -53.547  27.317  3.448 0.0000000000
128187  -53.788  27.699  0.963 0.0000000000
128188  -54.202  27.483  1.479 0.0000000000
128649  -55.039  26.185  21.344 0.0000000000
128650  -55.265  25.899  21.486 0.0000000000
128656  -54.173  27.719  21.151 0.0000000000
128666  -52.965  28.605  20.774 0.0000000000
128669  -54.901  26.457  20.685 0.0000000000
128683  -54.819  27.473  19.317 0.0000000000
128684  -54.734  27.134  19.796 0.0000000000
128690  -54.588  28.111  18.178 0.0000000000
128694  -54.250  28.177  17.284 0.0000000000
128696  -53.478  28.687  15.892 0.0000000000
128715  -53.728  28.827  14.076 0.0000000000
128716  -54.207  28.253  14.568 0.0000000000
128723  -53.903  28.917  13.597 0.0000000000
128724  -54.372  28.372  13.495 0.0000000000
128732  -54.461  28.737  12.756 0.0000000000
128747  -56.573  28.619  10.337 0.0000000000
128754  -56.570  28.910  9.995 0.0000000000
128760  -56.648  28.338  8.512 0.0000000000
128778  -55.782  28.593  7.112 0.0000000000
128791  -55.695  28.115  6.129 0.0000000000
128801  -52.332  28.835  4.913 0.0000000000
128802  -52.430  28.796  5.116 0.0000000000
128803  -55.037  27.932  4.374 0.0000000000
128804  -54.825  27.799  4.350 0.0000000000
128805  -55.495  27.660  5.413 0.0000000000
128806  -55.548  27.985  5.636 0.0000000000
128816  -52.518  28.724  4.819 0.0000000000
128818  -54.608  27.967  4.442 0.0000000000
128820  -55.362  27.966  5.043 0.0000000000
128821  -55.429  27.957  5.295 0.0000000000
128829  -54.080  27.539  4.245 0.0000000000
128830  -53.861  27.736  4.050 0.0000000000
128840  -53.617  27.616  2.641 0.0000000000
128841  -53.816  27.679  2.136 0.0000000000
128842  -53.667  27.967  3.207 0.0000000000
128848  -53.657  27.871  1.636 0.0000000000
128849  -53.818  27.679  1.427 0.0000000000
129338  -53.847  28.483  20.979 0.0000000000
129339  -54.002  28.289  21.039 0.0000000000
129340  -54.478  28.048  20.804 0.0000000000
129341  -54.587  27.657  20.518 0.0000000000
129350  -53.614  28.860  20.744 0.0000000000
129353  -54.731  27.634  20.161 0.0000000000
129363  -53.776  29.588  19.249 0.0000000000
129365  -54.827  28.452  19.781 0.0000000000
129372  -52.675  30.171  18.542 0.0000000000
129381  -51.778  30.629  17.480 0.0000000000
129387  -52.378  30.066  15.736 0.0000000000
129397  -52.672  30.067  14.970 0.0000000000
129416  -53.956  29.638  13.077 0.0000000000
129417  -54.235  29.269  12.848 0.0000000000
129418  -54.606  29.269  12.320 0.0000000000
129436  -56.265  29.541  10.420 0.0000000000
129453  -53.051  29.346  7.937 0.0000000000
129454  -53.272  29.312  8.010 0.0000000000
129465  -52.170  29.337  7.068 0.0000000000
129466  -52.924  29.216  7.553 0.0000000000
129468  -55.869  29.046  8.043 0.0000000000
129469  -56.235  28.711  8.045 0.0000000000
129485  -53.368  28.952  7.320 0.0000000000
129487  -55.824  28.478  6.917 0.0000000000
129499  -55.200  28.624  6.755 0.0000000000
129500  -55.462  28.514  6.409 0.0000000000
129510  -52.693  28.769  5.427 0.0000000000
129511  -54.954  28.581  5.485 0.0000000000
129512  -55.273  28.616  5.662 0.0000000000
129513  -55.449  28.466  5.905 0.0000000000
129524  -52.857  28.596  4.816 0.0000000000
129525  -54.086  28.298  4.786 0.0000000000
129526  -54.847  28.292  4.957 0.0000000000
129528  -55.371  28.193  5.456 0.0000000000
129534  -52.163  28.433  2.933 0.0000000000
129537  -53.672  28.110  4.127 0.0000000000
129538  -54.041  27.981  4.386 0.0000000000
129548  -53.664  27.903  2.850 0.0000000000
129549  -53.541  27.936  3.454 0.0000000000
130050  -54.805  29.016  20.314 0.0000000000
130051  -54.971  28.809  19.989 0.0000000000
130064  -55.008  29.039  20.011 0.0000000000
130076  -51.655  31.053  17.860 0.0000000000
130077  -51.934  30.691  18.376 0.0000000000
130089  -52.969  30.682  14.509 0.0000000000
130103  -55.227  30.858  12.681 0.0000000000
130113  -54.148  29.861  12.830 0.0000000000
130116  -56.100  30.800  11.916 0.0000000000
130117  -56.368  31.128  11.793 0.0000000000
130128  -56.349  30.819  11.272 0.0000000000
130129  -56.473  30.972  11.058 0.0000000000
130136  -50.740  30.989  9.738 0.0000000000
130137  -51.417  30.636  9.825 0.0000000000
130141  -56.119  29.730  10.724 0.0000000000
130143  -56.287  30.777  10.832 0.0000000000
130149  -50.743  30.778  9.069 0.0000000000
130151  -52.279  30.211  9.057 0.0000000000
130152  -52.949  29.999  9.073 0.0000000000
130153  -53.601  29.914  9.267 0.0000000000
130154  -56.198  30.125  9.835 0.0000000000
130165  -55.830  29.508  8.572 0.0000000000
130178  -51.488  29.745  7.168 0.0000000000
130180  -52.798  29.399  7.840 0.0000000000
130182  -54.489  29.087  7.820 0.0000000000
130200  -53.412  28.835  7.108 0.0000000000
130201  -53.875  28.848  7.296 0.0000000000
130203  -54.981  28.731  6.866 0.0000000000
130213  -53.454  28.764  6.716 0.0000000000
130215  -54.536  28.697  6.389 0.0000000000
130216  -55.013  28.713  6.231 0.0000000000
130228  -53.421  28.750  6.079 0.0000000000
130231  -55.075  28.726  5.900 0.0000000000
130232  -55.323  29.001  5.832 0.0000000000
130240  -51.146  29.368  3.541 0.0000000000
130242  -53.877  28.523  5.273 0.0000000000
130253  -53.301  28.545  4.898 0.0000000000
130254  -53.605  28.350  4.582 0.0000000000
130810  -51.365  31.800  18.959 0.0000000000
130821  -51.717  32.138  17.325 0.0000000000
130830  -55.415  32.165  13.664 0.0000000000
130831  -55.686  32.400  13.492 0.0000000000
130838  -53.876  30.981  13.650 0.0000000000
130841  -55.880  31.966  12.994 0.0000000000
130842  -56.235  32.032  12.638 0.0000000000
130853  -55.456  30.952  12.613 0.0000000000
130868  -52.810  31.252  11.302 0.0000000000
130869  -53.707  31.315  11.249 0.0000000000
130870  -54.245  31.444  11.205 0.0000000000
130871  -56.432  31.448  11.563 0.0000000000
130883  -55.111  31.231  10.522 0.0000000000
130885  -56.379  31.088  10.857 0.0000000000
130892  -54.296  29.956  9.292 0.0000000000
130895  -56.006  30.726  10.367 0.0000000000
130896  -56.220  30.865  10.616 0.0000000000
130905  -54.818  29.870  8.944 0.0000000000
130907  -55.850  30.363  9.736 0.0000000000
130920  -54.443  29.288  8.195 0.0000000000
131568  -50.586  33.368  17.747 0.0000000000
131569  -51.684  32.856  17.754 0.0000000000
131570  -52.108  33.280  17.390 0.0000000000
131578  -52.983  33.170  16.492 0.0000000000
131581  -53.390  32.955  15.696 0.0000000000
131583  -54.828  33.096  14.788 0.0000000000
131586  -53.773  32.588  14.890 0.0000000000
131588  -55.072  32.596  14.260 0.0000000000
131591  -50.626  33.175  13.105 0.0000000000
131593  -55.904  32.680  13.315 0.0000000000
131602  -50.315  33.014  12.703 0.0000000000
131603  -51.343  32.557  12.679 0.0000000000
131607  -56.153  32.752  12.714 0.0000000000
131608  -56.319  32.268  12.385 0.0000000000
131623  -53.441  31.884  11.828 0.0000000000
131626  -56.229  32.674  12.143 0.0000000000
131627  -56.345  32.169  11.659 0.0000000000
131628  -56.343  31.702  11.233 0.0000000000
131637  -54.980  31.884  11.036 0.0000000000
131638  -55.479  31.883  10.867 0.0000000000
131639  -55.998  32.038  10.984 0.0000000000
131640  -56.269  31.451  10.897 0.0000000000
131648  -55.697  31.526  10.690 0.0000000000
131650  -56.191  31.103  10.688 0.0000000000
131684  -50.089  32.046  5.631 0.0000000000
132282  -50.185  33.688  17.251 0.0000000000
132286  -53.272  34.475  17.019 0.0000000000
132301  -52.920  33.483  16.876 0.0000000000
132308  -53.899  33.942  15.724 0.0000000000
132310  -55.035  33.587  14.728 0.0000000000
132311  -55.315  33.383  14.342 0.0000000000
132313  -55.553  33.279  13.807 0.0000000000
132319  -53.617  33.705  13.235 0.0000000000
132320  -55.844  33.256  13.146 0.0000000000
132325  -49.457  33.451  12.560 0.0000000000
132326  -50.035  33.439  13.050 0.0000000000
132327  -52.085  32.708  12.913 0.0000000000
132328  -52.740  32.872  12.934 0.0000000000
132329  -53.661  33.227  12.766 0.0000000000
132331  -54.892  33.276  12.011 0.0000000000
132343  -49.013  33.463  11.474 0.0000000000
132344  -54.698  32.629  11.651 0.0000000000
132345  -55.150  32.823  11.553 0.0000000000
132346  -55.971  32.831  11.604 0.0000000000
132354  -48.762  34.506  10.509 0.0000000000
132357  -55.660  32.448  11.197 0.0000000000
132358  -55.948  32.486  11.239 0.0000000000
132398  -53.797  34.863  5.963 0.0000000000
132399  -54.032  34.806  5.968 0.0000000000
132400  -54.509  34.963  5.977 0.0000000000
132418  -53.684  35.258  5.633 0.0000000000
132419  -54.328  35.296  5.613 0.0000000000
132420  -54.735  35.427  5.612 0.0000000000
133040  -53.160  34.999  17.253 0.0000000000
133056  -54.155  35.130  16.538 0.0000000000
133063  -54.372  34.757  15.851 0.0000000000
133065  -55.153  33.797  14.609 0.0000000000
133071  -51.222  35.090  14.235 0.0000000000
133073  -52.984  34.925  14.130 0.0000000000
133074  -53.468  34.930  14.037 0.0000000000
133076  -54.908  34.445  14.375 0.0000000000
133085  -54.325  34.336  13.550 0.0000000000
133086  -54.930  34.071  13.520 0.0000000000
133090  -48.237  34.821  12.631 0.0000000000
133094  -54.870  33.642  12.592 0.0000000000
133105  -55.112  33.354  11.991 0.0000000000
133154  -56.118  35.961  7.221 0.0000000000
133155  -56.243  36.224  7.149 0.0000000000
133166  -53.663  34.996  6.193 0.0000000000
133169  -55.911  35.847  6.586 0.0000000000
133180  -54.998  35.458  5.740 0.0000000000
133191  -54.960  35.704  5.475 0.0000000000
133192  -55.146  35.737  5.638 0.0000000000
133816  -53.726  35.831  17.304 0.0000000000
133817  -54.242  36.068  17.039 0.0000000000
133832  -50.553  36.304  16.945 0.0000000000
133836  -54.567  35.453  15.662 0.0000000000
133837  -54.850  35.246  15.069 0.0000000000
133843  -50.013  36.151  14.378 0.0000000000
133848  -54.124  35.225  14.303 0.0000000000
133849  -54.630  35.289  14.733 0.0000000000
133858  -49.956  35.269  14.087 0.0000000000
133859  -53.739  34.964  14.013 0.0000000000
133864  -47.611  36.064  13.026 0.0000000000
133865  -48.052  35.451  13.030 0.0000000000
133875  -47.306  36.064  12.066 0.0000000000
133876  -47.662  35.716  11.548 0.0000000000
133890  -47.548  36.310  11.372 0.0000000000
133914  -54.702  36.477  8.116 0.0000000000
133916  -55.693  36.548  8.370 0.0000000000
133917  -56.148  36.743  8.262 0.0000000000
133933  -56.245  36.591  7.543 0.0000000000
133934  -56.392  37.282  7.710 0.0000000000
133944  -56.085  36.311  6.467 0.0000000000
133945  -56.243  36.458  6.873 0.0000000000
134606  -51.356  36.924  17.294 0.0000000000
134609  -54.028  36.659  17.183 0.0000000000
134637  -54.538  36.015  15.461 0.0000000000
134640  -49.351  37.340  14.423 0.0000000000
134642  -51.236  36.768  14.607 0.0000000000
134644  -53.052  36.356  14.969 0.0000000000
134645  -53.798  36.135  14.931 0.0000000000
134647  -54.599  35.731  15.096 0.0000000000
134654  -49.414  36.674  14.323 0.0000000000
134659  -47.038  37.651  12.382 0.0000000000
134665  -47.007  37.774  11.905 0.0000000000
134689  -55.921  37.469  9.451 0.0000000000
134690  -56.048  37.325  9.254 0.0000000000
134691  -56.652  38.053  8.524 0.0000000000
134702  -50.967  36.295  8.148 0.0000000000
134703  -51.702  36.566  8.191 0.0000000000
134709  -56.420  37.523  8.598 0.0000000000
134722  -52.141  36.222  7.766 0.0000000000
134724  -53.885  36.581  7.761 0.0000000000
134725  -54.299  36.545  7.927 0.0000000000
134727  -56.297  37.217  7.130 0.0000000000
135381  -51.428  37.997  17.299 0.0000000000
135383  -52.813  37.641  17.234 0.0000000000
135385  -54.184  36.995  16.933 0.0000000000
135407  -54.288  37.077  16.556 0.0000000000
135418  -52.519  37.909  15.734 0.0000000000
135420  -53.859  37.546  15.820 0.0000000000
135421  -54.383  37.001  15.952 0.0000000000
135434  -47.113  38.335  12.766 0.0000000000
135438  -47.223  38.114  11.588 0.0000000000
135464  -55.100  38.052  9.546 0.0000000000
135465  -55.711  37.859  9.702 0.0000000000
135467  -56.598  38.130  8.762 0.0000000000
135468  -56.935  38.404  8.324 0.0000000000
135483  -56.248  37.431  9.088 0.0000000000
136101  -52.874  38.248  16.928 0.0000000000
136102  -53.402  37.997  16.572 0.0000000000
136127  -53.464  37.992  16.192 0.0000000000
136150  -51.798  38.768  15.868 0.0000000000
136152  -53.445  37.905  15.946 0.0000000000
136165  -47.495  39.096  13.530 0.0000000000
136169  -47.220  39.034  13.090 0.0000000000
136171  -47.062  38.957  12.430 0.0000000000
136172  -47.111  38.895  11.779 0.0000000000
136176  -47.495  38.802  11.141 0.0000000000
136180  -55.798  39.217  9.721 0.0000000000
136195  -55.435  38.935  9.685 0.0000000000
136209  -54.640  38.073  9.021 0.0000000000
136871  -51.601  39.245  16.340 0.0000000000
136891  -51.090  39.689  15.941 0.0000000000
136913  -47.482  39.778  13.550 0.0000000000
136925  -47.875  39.634  10.787 0.0000000000
136930  -55.535  39.665  9.675 0.0000000000
136934  -50.288  38.979  9.548 0.0000000000
136939  -54.901  39.495  9.553 0.0000000000
136940  -55.276  39.516  9.659 0.0000000000
136941  -56.602  39.300  9.089 0.0000000000
136942  -57.215  39.068  8.602 0.0000000000
137694  -47.300  40.502  12.950 0.0000000000
137695  -47.372  40.933  12.610 0.0000000000
137702  -47.229  40.062  12.468 0.0000000000
137703  -47.324  40.533  12.115 0.0000000000
137711  -50.492  40.808  9.955 0.0000000000
137714  -54.718  40.728  9.621 0.0000000000
137716  -55.761  40.331  9.554 0.0000000000
137722  -50.910  40.293  9.687 0.0000000000
137729  -57.649  39.288  8.455 0.0000000000
138426  -47.398  41.738  13.927 0.0000000000
138427  -47.609  41.556  14.499 0.0000000000
138432  -47.433  41.235  13.614 0.0000000000
138451  -48.513  41.767  11.546 0.0000000000
138461  -48.256  41.109  11.247 0.0000000000
138462  -48.946  41.302  10.988 0.0000000000
138470  -55.385  40.875  9.557 0.0000000000
138482  -55.232  41.278  9.445 0.0000000000
138488  -55.481  41.409  9.138 0.0000000000
139124  -43.586  43.367  15.004 0.0000000000
139137  -43.813  43.160  14.364 0.0000000000
139139  -47.385  41.974  13.468 0.0000000000
139150  -44.563  43.141  13.439 0.0000000000
139152  -47.430  41.837  12.901 0.0000000000
139166  -44.806  43.044  12.773 0.0000000000
139170  -51.256  43.360  11.276 0.0000000000
139181  -43.768  42.739  11.889 0.0000000000
139182  -50.424  42.407  10.822 0.0000000000
139755  -45.008  44.069  15.688 0.0000000000
139762  -44.504  43.769  15.373 0.0000000000
139770  -44.019  43.535  15.003 0.0000000000
139781  -44.956  43.470  14.045 0.0000000000
139782  -45.467  43.694  13.420 0.0000000000
139784  -48.636  43.607  13.289 0.0000000000
139785  -49.423  43.918  13.216 0.0000000000
139786  -50.279  44.116  12.975 0.0000000000
139787  -50.971  44.215  12.594 0.0000000000
139793  -44.685  42.864  11.945 0.0000000000
139797  -50.997  43.817  11.957 0.0000000000
139798  -51.648  43.888  11.537 0.0000000000
139811  -52.054  43.531  11.075 0.0000000000
139818  -40.657  43.946  9.728 0.0000000000
140396  -45.390  44.425  16.421 0.0000000000
140398  -47.038  44.620  16.656 0.0000000000
140403  -45.405  44.774  15.688 0.0000000000
140407  -45.618  44.933  14.777 0.0000000000
140408  -46.117  45.244  14.309 0.0000000000
140409  -47.834  44.765  15.514 0.0000000000
140410  -48.537  45.109  15.239 0.0000000000
140411  -49.185  45.152  15.141 0.0000000000
140418  -48.762  44.676  14.717 0.0000000000
140419  -49.595  44.885  14.619 0.0000000000
140423  -46.069  44.442  13.310 0.0000000000
140424  -46.712  44.647  12.766 0.0000000000
140426  -50.200  44.931  13.844 0.0000000000
140428  -51.204  44.597  12.445 0.0000000000
140433  -47.009  44.327  11.838 0.0000000000
140436  -51.467  44.455  11.885 0.0000000000
140437  -51.937  44.345  11.380 0.0000000000
140441  -46.085  44.159  10.170 0.0000000000
140449  -38.661  44.850  9.962 0.0000000000
140451  -40.312  44.589  9.255 0.0000000000
140464  -39.521  45.343  8.974 0.0000000000
141072  -46.066  45.331  16.183 0.0000000000
141073  -46.883  45.304  16.413 0.0000000000
141074  -47.260  45.058  16.382 0.0000000000
141081  -46.930  45.634  15.635 0.0000000000
141090  -49.506  45.359  14.996 0.0000000000
141099  -49.753  45.522  14.497 0.0000000000
141105  -47.301  45.104  12.754 0.0000000000
155137  -56.460  22.936  22.797 0.0000000000
155138  -56.234  23.643  22.851 0.0000000000
155140  -56.257  23.079  23.147 0.0000000000
155141  -56.350  23.816  22.283 0.0000000000
155142  -56.578  23.352  22.289 0.0000000000
155143  -56.124  23.814  23.007 0.0000000000
155144  -56.309  23.741  22.582 0.0000000000
155145  -56.490  23.726  22.051 0.0000000000
155147  -56.653  23.764  21.383 0.0000000000
155149  -56.338  25.354  19.316 0.0000000000
155150  -56.803  23.645  21.177 0.0000000000
155151  -56.474  24.297  21.250 0.0000000000
155153  -56.192  25.646  19.366 0.0000000000
155154  -56.712  24.397  19.852 0.0000000000
155155  -56.779  23.816  20.865 0.0000000000
