#!ascii label  , from subject 3411 vox2ras=TkReg
1211
83134  -22.907  -16.548  -21.525 0.5555555820
84456  -22.975  -15.830  -21.804 0.6666666865
84475  -24.064  -15.518  -22.705 0.7777777910
84489  -24.595  -15.570  -23.181 0.7777777910
87140  -24.569  -13.658  -23.908 0.8888888955
85830  -26.967  -14.569  -24.789 0.8888888955
83119  -21.308  -16.454  -20.483 0.5555555820
84455  -22.165  -15.515  -21.504 0.5555555820
84473  -22.640  -15.157  -21.952 0.6666666865
85793  -23.395  -14.584  -22.774 0.8888888955
84490  -25.205  -15.501  -23.597 0.8888888955
85828  -25.592  -14.246  -24.188 0.8888888955
88383  -26.799  -13.064  -25.180 1.0000000000
87161  -28.135  -13.933  -25.036 0.8888888955
88406  -29.537  -12.796  -25.709 1.0000000000
85776  -22.062  -14.583  -21.999 0.7777777910
87138  -23.077  -13.213  -23.161 1.0000000000
89560  -23.201  -11.823  -24.011 1.0000000000
88364  -23.935  -12.679  -24.129 1.0000000000
88402  -25.900  -12.015  -25.449 1.0000000000
88380  -24.135  -12.217  -24.524 1.0000000000
89594  -26.910  -11.788  -25.663 1.0000000000
89592  -25.289  -11.625  -25.496 1.0000000000
89603  -26.511  -11.196  -25.835 1.0000000000
89604  -27.197  -11.204  -25.935 1.0000000000
89607  -29.753  -12.003  -26.946 1.0000000000
90835  -27.428  -10.538  -26.304 1.0000000000
90837  -29.123  -10.993  -26.939 1.0000000000
89618  -30.163  -11.867  -27.556 1.0000000000
92002  -29.699  -9.679  -27.719 1.0000000000
90864  -31.080  -10.887  -28.429 0.7777777910
90781  -22.734  -10.850  -24.104 0.8888888955
89574  -23.697  -11.783  -24.483 1.0000000000
90821  -26.093  -10.998  -25.915 1.0000000000
90819  -24.465  -10.765  -25.495 1.0000000000
90833  -25.669  -10.120  -26.161 1.0000000000
91985  -27.560  -9.836  -26.583 1.0000000000
90848  -28.673  -9.970  -27.123 1.0000000000
92014  -30.510  -9.800  -28.147 1.0000000000
92015  -31.410  -9.837  -28.697 0.8888888955
92028  -31.924  -9.492  -29.280 1.0000000000
92029  -32.435  -9.924  -30.123 0.7777777910
92043  -33.259  -9.634  -30.940 0.7777777910
91962  -22.597  -9.156  -25.063 0.5555555820
94261  -25.084  -7.805  -26.774 0.7777777910
93120  -24.042  -8.672  -26.205 0.8888888955
91998  -26.209  -9.039  -26.639 1.0000000000
91984  -26.756  -9.767  -26.387 1.0000000000
93134  -26.451  -8.250  -26.878 0.8888888955
93135  -27.353  -8.328  -27.150 1.0000000000
93137  -29.180  -8.570  -27.826 1.0000000000
94289  -30.778  -7.742  -28.809 1.0000000000
93153  -31.430  -8.683  -28.913 0.8888888955
94290  -31.411  -7.838  -29.398 1.0000000000
94303  -31.916  -7.855  -30.111 0.8888888955
154678  -32.842  -7.850  -31.687 0.7777777910
93192  -34.367  -8.563  -32.112 0.6666666865
93191  -33.515  -8.301  -31.736 0.6666666865
94258  -22.263  -7.432  -26.229 0.4444444478
94259  -23.238  -7.504  -26.568 0.7777777910
95386  -24.391  -6.747  -27.018 0.6666666865
95399  -26.998  -6.593  -27.799 0.7777777910
94273  -26.676  -7.447  -27.364 0.8888888955
94275  -28.498  -7.571  -27.873 0.8888888955
93151  -29.778  -8.301  -28.194 1.0000000000
95402  -29.633  -6.768  -28.333 1.0000000000
95412  -30.257  -6.838  -28.694 1.0000000000
95414  -31.516  -7.227  -29.735 1.0000000000
96593  -31.668  -6.184  -30.397 0.8888888955
154683  -32.119  -6.743  -30.775 0.7777777910
154686  -32.727  -7.228  -31.882 0.7777777910
96624  -32.968  -6.326  -33.063 0.7777777910
154689  -33.859  -6.470  -33.498 0.6666666865
96560  -25.563  -5.452  -27.450 0.6666666865
95396  -24.213  -6.150  -27.313 0.6666666865
96562  -27.463  -5.716  -27.949 0.7777777910
96561  -26.566  -5.581  -27.646 0.7777777910
96563  -28.330  -5.778  -28.219 0.8888888955
96564  -29.367  -5.745  -28.451 0.8888888955
97736  -30.618  -5.411  -29.553 1.0000000000
96578  -31.024  -5.977  -29.661 0.8888888955
97755  -31.321  -5.178  -31.793 0.8888888955
154693  -32.145  -5.792  -32.299 0.8888888955
97762  -31.323  -4.589  -32.879 0.7777777910
97775  -31.988  -4.930  -33.870 0.7777777910
96630  -33.859  -6.138  -33.754 0.7777777910
154697  -34.381  -6.177  -33.755 0.6666666865
96558  -23.677  -4.924  -27.417 0.6666666865
96546  -23.720  -5.641  -27.385 0.5555555820
97722  -27.157  -4.713  -27.795 0.7777777910
97723  -27.922  -4.951  -28.119 0.8888888955
97724  -28.612  -4.924  -28.418 0.8888888955
97734  -29.301  -4.724  -28.786 1.0000000000
97735  -30.089  -4.799  -29.450 1.0000000000
98912  -30.350  -4.459  -31.109 1.0000000000
97749  -30.881  -5.223  -30.420 0.8888888955
98930  -31.464  -4.189  -33.517 0.7777777910
98948  -32.009  -3.549  -34.167 0.7777777910
98949  -33.135  -3.934  -34.634 0.6666666865
98950  -34.099  -4.426  -34.202 0.5555555820
97777  -34.661  -5.272  -33.557 0.5555555820
97721  -26.168  -4.494  -27.593 0.7777777910
98879  -25.678  -3.431  -27.769 0.6666666865
98882  -28.227  -4.466  -28.294 0.8888888955
98895  -29.265  -3.875  -29.272 1.0000000000
98903  -29.861  -3.882  -30.263 1.0000000000
100025  -30.295  -3.290  -32.587 0.8888888955
98922  -30.504  -3.972  -32.153 0.8888888955
100024  -29.800  -2.852  -33.247 0.8888888955
97768  -31.429  -4.340  -33.341 0.8888888955
98947  -31.312  -2.907  -34.314 0.7777777910
101071  -31.394  -1.717  -35.069 0.7777777910
100045  -31.704  -2.463  -34.550 0.7777777910
100047  -33.487  -3.394  -34.264 0.5555555820
101084  -30.234  -1.089  -35.219 0.7777777910
101072  -32.210  -1.495  -35.014 0.5555555820
100037  -33.100  -2.566  -33.758 0.5555555820
101086  -32.005  -0.929  -35.595 0.6666666865
99965  -22.502  -2.244  -27.027 0.4444444478
98893  -27.868  -3.190  -28.288 0.7777777910
99983  -29.049  -3.217  -28.878 1.0000000000
100000  -29.436  -2.681  -30.895 1.0000000000
100011  -29.971  -2.719  -32.031 0.8888888955
101041  -29.327  -1.865  -32.645 0.8888888955
101056  -29.195  -1.763  -33.794 0.8888888955
100035  -29.872  -2.678  -34.314 0.8888888955
101085  -31.060  -1.027  -35.471 0.6666666865
102250  -32.398  -0.789  -35.531 0.5555555820
102188  -29.158  -0.702  -28.980 0.6666666865
99991  -29.155  -2.004  -28.955 0.6666666865
101016  -28.926  -1.299  -30.525 0.7777777910
101025  -29.091  -1.830  -31.593 0.8888888955
101040  -28.804  -1.085  -32.187 0.7777777910
101055  -28.894  -1.106  -33.050 0.7777777910
102233  -28.575  -0.606  -33.859 0.7777777910
103438  -28.300  0.353  -34.572 0.7777777910
102247  -28.840  -0.345  -34.767 0.7777777910
102248  -29.533  -0.630  -35.218 0.6666666865
105834  -27.439  2.225  -35.103 0.6666666865
104685  -28.973  1.425  -35.934 0.6666666865
103459  -29.431  0.868  -36.028 0.6666666865
102268  -30.440  -0.382  -35.784 0.5555555820
105841  -27.656  3.395  -36.221 0.6666666865
105843  -29.391  2.251  -35.958 0.5555555820
105844  -30.404  1.951  -35.954 0.5555555820
103462  -32.202  0.406  -36.246 0.4444444478
104574  -25.352  1.564  -27.497 0.3333333433
103360  -27.735  0.642  -27.591 0.3333333433
103400  -28.730  0.456  -30.646 0.5555555820
102200  -28.959  -0.027  -30.588 0.6666666865
103386  -28.514  0.912  -30.665 0.5555555820
102211  -28.407  -0.361  -31.801 0.7777777910
103412  -27.910  0.452  -32.404 0.7777777910
104646  -27.643  1.361  -33.238 0.6666666865
103425  -27.799  0.273  -33.554 0.6666666865
104658  -27.654  1.239  -34.325 0.6666666865
105826  -27.269  2.275  -34.017 0.6666666865
105825  -27.105  3.304  -34.732 0.6666666865
106973  -27.194  4.093  -36.390 0.6666666865
106975  -28.996  3.378  -36.048 0.5555555820
108172  -29.605  4.102  -35.518 0.5555555820
108171  -28.678  4.644  -36.049 0.6666666865
104578  -28.866  1.631  -28.331 0.4444444478
104575  -26.365  1.549  -27.405 0.4444444478
103372  -29.106  0.719  -28.584 0.4444444478
104592  -29.325  1.678  -28.946 0.5555555820
104606  -28.457  1.337  -30.683 0.5555555820
104617  -28.264  1.940  -31.208 0.6666666865
104632  -27.921  1.610  -32.114 0.6666666865
106958  -27.051  3.452  -33.654 0.6666666865
106957  -26.500  4.362  -34.404 0.6666666865
109342  -26.591  7.111  -35.547 0.6666666865
110493  -28.447  7.362  -35.964 0.5555555820
108163  -29.335  5.347  -35.364 0.6666666865
105761  -28.543  2.550  -28.166 0.4444444478
105811  -28.531  2.876  -31.402 0.6666666865
105810  -28.182  2.875  -31.900 0.6666666865
105818  -27.729  2.545  -33.007 0.6666666865
108154  -26.485  5.675  -34.272 0.6666666865
85811  -24.445  -14.582  -23.489 0.8888888955
87123  -22.594  -13.594  -22.739 1.0000000000
87139  -23.737  -13.547  -23.510 1.0000000000
88381  -24.741  -12.646  -24.560 1.0000000000
88404  -27.515  -12.674  -25.420 1.0000000000
95384  -22.477  -6.444  -26.802 0.5555555820
154690  -31.622  -5.778  -30.814 0.8888888955
97719  -24.139  -4.253  -27.512 0.5555555820
99967  -24.141  -2.384  -27.879 0.5555555820
98881  -27.800  -4.104  -28.105 0.7777777910
100036  -30.331  -2.939  -34.329 0.8888888955
103465  -31.604  0.197  -36.329 0.6666666865
102223  -28.294  -0.460  -32.803 0.7777777910
104688  -31.910  1.083  -36.229 0.4444444478
105798  -28.417  2.568  -31.339 0.6666666865
106941  -29.301  3.671  -30.857 0.6666666865
108164  -30.196  4.765  -34.859 0.5555555820
106959  -30.822  4.117  -34.304 0.5555555820
105757  -24.931  2.582  -27.506 0.2222222239
104577  -28.192  1.597  -27.778 0.3333333433
109350  -29.813  5.919  -34.498 0.5555555820
81868  -22.060  -17.542  -20.649 0.5555555820
81869  -23.036  -17.669  -21.241 0.5555555820
83135  -23.731  -16.595  -22.026 0.5555555820
83151  -24.750  -16.732  -22.809 0.5555555820
84501  -26.785  -15.369  -24.555 0.7777777910
84502  -27.474  -15.272  -24.655 0.8888888955
83167  -25.089  -16.135  -23.319 0.6666666865
84491  -26.004  -15.411  -24.090 0.8888888955
85832  -28.715  -14.626  -24.983 0.7777777910
85847  -29.292  -14.295  -25.271 0.7777777910
87193  -29.968  -13.132  -25.833 0.8888888955
83102  -20.983  -16.926  -19.889 0.4444444478
85763  -21.206  -14.538  -21.006 0.5555555820
88414  -29.726  -12.412  -26.241 1.0000000000
87088  -21.206  -13.721  -21.407 0.2222222239
87122  -21.878  -13.350  -22.456 0.6666666865
89619  -30.985  -12.429  -28.081 0.8888888955
90865  -31.967  -11.087  -28.939 0.6666666865
92016  -32.108  -10.306  -29.316 0.7777777910
90875  -33.601  -10.899  -30.665 0.6666666865
89558  -21.739  -11.462  -23.076 0.5555555820
90885  -33.846  -10.294  -31.204 0.6666666865
91926  -22.136  -10.263  -23.864 0.4444444478
90898  -34.841  -9.912  -32.177 0.5555555820
93193  -35.116  -8.401  -32.141 0.5555555820
93099  -21.424  -8.172  -24.573 0.2222222239
94327  -34.452  -7.567  -31.968 0.5555555820
95383  -21.709  -6.374  -26.172 0.4444444478
154702  -34.653  -6.011  -32.841 0.5555555820
97698  -21.423  -4.255  -26.017 0.3333333433
154703  -34.343  -5.089  -32.611 0.5555555820
98877  -23.717  -3.295  -27.551 0.4444444478
100038  -33.864  -3.427  -33.576 0.4444444478
99955  -21.662  -2.066  -26.593 0.3333333433
101058  -32.440  -1.615  -34.124 0.5555555820
102249  -32.208  -0.268  -35.189 0.4444444478
103358  -25.790  0.562  -27.517 0.3333333433
103357  -24.772  0.564  -27.509 0.3333333433
102168  -26.238  -0.379  -27.675 0.4444444478
104673  -31.335  1.608  -35.865 0.4444444478
105827  -30.973  2.972  -34.667 0.4444444478
108156  -31.091  4.562  -33.332 0.2222222239
105759  -26.950  2.537  -27.387 0.3333333433
105775  -29.439  2.666  -29.409 0.6666666865
106948  -28.761  3.503  -31.486 0.6666666865
106952  -27.727  3.836  -32.768 0.6666666865
108145  -28.152  5.295  -32.716 0.6666666865
108146  -28.792  5.387  -32.223 0.6666666865
109336  -29.182  6.266  -32.432 0.6666666865
109334  -27.631  6.749  -33.876 0.6666666865
110478  -29.067  7.242  -33.980 0.6666666865
109345  -30.226  6.455  -33.547 0.4444444478
108155  -30.524  5.298  -33.902 0.3333333433
106929  -29.498  3.662  -29.148 0.5555555820
84439  -21.623  -15.810  -21.001 0.5555555820
83120  -22.156  -16.583  -21.072 0.5555555820
84474  -23.355  -15.452  -22.266 0.7777777910
83150  -24.020  -16.046  -22.384 0.7777777910
85794  -24.061  -14.900  -23.067 0.8888888955
87158  -25.559  -13.542  -24.429 1.0000000000
88365  -24.530  -13.076  -24.200 1.0000000000
85812  -25.261  -14.567  -23.901 0.8888888955
87160  -27.311  -13.794  -25.009 1.0000000000
85829  -26.150  -14.520  -24.444 0.8888888955
84454  -21.537  -15.138  -21.139 0.6666666865
85792  -22.660  -14.549  -22.353 0.8888888955
87124  -23.313  -13.835  -23.076 0.8888888955
85813  -25.754  -14.699  -24.157 0.8888888955
87159  -26.435  -13.676  -24.780 1.0000000000
87179  -28.400  -13.303  -25.310 1.0000000000
88382  -25.771  -12.590  -25.034 1.0000000000
88403  -26.485  -12.285  -25.432 1.0000000000
87180  -29.387  -13.507  -25.513 1.0000000000
88413  -29.038  -11.842  -26.074 1.0000000000
87106  -21.558  -13.694  -22.024 0.6666666865
87107  -22.072  -13.981  -22.387 0.8888888955
85775  -21.581  -14.530  -21.527 0.6666666865
88351  -22.540  -12.624  -23.068 0.8888888955
88363  -23.156  -12.586  -23.546 0.8888888955
89559  -22.469  -11.728  -23.440 0.8888888955
90782  -23.291  -11.323  -24.358 1.0000000000
89576  -24.913  -12.028  -25.076 1.0000000000
89591  -24.597  -11.504  -25.270 1.0000000000
89595  -27.728  -11.868  -25.717 1.0000000000
90800  -24.191  -11.235  -25.167 1.0000000000
90820  -25.467  -10.676  -25.896 1.0000000000
89605  -28.237  -11.416  -26.182 1.0000000000
88415  -29.976  -12.879  -27.197 0.8888888955
89617  -29.530  -11.388  -27.067 1.0000000000
90836  -28.440  -10.525  -26.770 1.0000000000
90849  -29.365  -10.574  -27.265 1.0000000000
90850  -30.325  -10.738  -27.772 1.0000000000
89631  -30.811  -11.636  -28.141 0.8888888955
91946  -23.043  -10.115  -24.705 1.0000000000
90798  -22.937  -10.358  -24.493 0.5555555820
90799  -23.540  -10.829  -24.850 1.0000000000
90780  -21.925  -10.812  -23.471 0.5555555820
91965  -24.796  -10.153  -25.806 1.0000000000
91964  -24.167  -9.653  -25.722 0.8888888955
91983  -25.895  -9.703  -26.415 1.0000000000
92000  -28.047  -9.349  -26.984 1.0000000000
92001  -28.861  -9.432  -27.395 1.0000000000
93138  -29.895  -9.033  -28.134 1.0000000000
93152  -30.555  -8.706  -28.432 1.0000000000
93166  -31.936  -8.749  -29.701 0.8888888955
92057  -33.624  -9.126  -31.445 0.6666666865
93084  -21.725  -8.839  -24.450 0.5555555820
91945  -22.363  -9.664  -24.451 0.5555555820
93101  -22.767  -8.800  -25.500 0.6666666865
93102  -23.425  -9.017  -25.747 0.6666666865
91963  -23.233  -9.666  -25.151 0.7777777910
94271  -24.900  -7.175  -26.908 0.6666666865
94272  -25.697  -7.414  -27.023 0.8888888955
93121  -24.906  -8.522  -26.589 0.8888888955
91981  -24.390  -9.299  -26.074 0.8888888955
91997  -25.508  -9.061  -26.588 1.0000000000
94274  -27.595  -7.516  -27.646 0.8888888955
95428  -31.879  -7.019  -30.272 0.8888888955
94304  -32.415  -7.590  -31.109 0.8888888955
93180  -32.977  -8.596  -31.241 0.7777777910
154692  -32.879  -7.001  -32.176 0.6666666865
92077  -35.442  -9.397  -32.521 0.5555555820
154679  -33.945  -7.335  -32.150 0.6666666865
94257  -21.702  -7.086  -25.750 0.3333333433
94245  -21.941  -7.738  -25.627 0.3333333433
93119  -22.978  -8.299  -26.073 0.6666666865
95397  -25.033  -6.405  -27.248 0.6666666865
95398  -26.086  -6.486  -27.403 0.7777777910
95400  -27.922  -6.652  -28.003 0.8888888955
94276  -29.310  -7.580  -28.130 1.0000000000
96577  -30.307  -5.843  -28.954 1.0000000000
154688  -32.268  -6.320  -31.495 0.7777777910
154696  -34.225  -6.626  -33.158 0.5555555820
97783  -32.648  -4.409  -34.365 0.7777777910
97776  -33.080  -5.660  -33.801 0.7777777910
97784  -33.355  -5.063  -34.228 0.6666666865
96544  -21.870  -5.324  -26.510 0.4444444478
98904  -30.279  -4.568  -30.476 1.0000000000
98939  -30.840  -3.192  -34.052 0.7777777910
98941  -34.278  -4.386  -33.339 0.5555555820
98880  -26.893  -3.458  -28.017 0.6666666865
98894  -28.610  -3.877  -28.548 0.8888888955
98911  -30.139  -3.464  -31.357 1.0000000000
98929  -30.797  -3.718  -33.261 0.8888888955
101070  -30.510  -1.743  -34.982 0.8888888955
100046  -32.559  -2.747  -34.273 0.6666666865
101069  -29.729  -1.645  -34.719 0.8888888955
99968  -25.158  -2.427  -27.963 0.5555555820
98892  -27.374  -2.846  -28.277 0.5555555820
99992  -29.209  -2.618  -29.568 1.0000000000
99982  -28.690  -2.519  -28.588 0.7777777910
102236  -32.305  -0.966  -34.842 0.5555555820
102178  -27.920  -0.739  -28.128 0.5555555820
100999  -28.253  -1.472  -28.361 0.5555555820
102179  -28.680  -0.375  -28.436 0.4444444478
101007  -29.191  -1.396  -29.374 0.6666666865
102199  -28.668  -0.529  -31.044 0.6666666865
99980  -26.990  -2.387  -28.297 0.7777777910
100997  -26.551  -1.753  -28.185 0.6666666865
103450  -29.031  0.366  -35.567 0.6666666865
104672  -28.220  1.335  -35.285 0.6666666865
105833  -27.391  3.286  -35.714 0.6666666865
105842  -28.213  2.592  -35.961 0.6666666865
104686  -29.861  1.322  -36.104 0.5555555820
104687  -30.979  1.004  -36.244 0.5555555820
105835  -30.702  2.464  -35.409 0.4444444478
103453  -32.165  0.727  -35.702 0.4444444478
106967  -30.483  3.597  -35.168 0.5555555820
102180  -29.229  0.011  -28.940 0.4444444478
103373  -29.210  0.772  -29.320 0.5555555820
103399  -28.452  0.644  -31.132 0.6666666865
108162  -26.373  5.258  -35.286 0.6666666865
108178  -26.984  5.702  -36.791 0.6666666865
104593  -29.067  1.753  -29.669 0.5555555820
105788  -29.238  2.680  -30.200 0.6666666865
106951  -26.880  4.786  -33.283 0.6666666865
108144  -27.349  6.077  -33.610 0.6666666865
97707  -22.697  -3.995  -26.956 0.4444444478
100988  -23.718  -1.393  -27.592 0.3333333433
97706  -22.087  -4.205  -26.605 0.4444444478
106960  -31.326  3.417  -33.764 0.3333333433
108147  -30.765  5.736  -32.877 0.3333333433
83184  -27.267  -15.766  -24.506 0.6666666865
81856  -21.432  -17.588  -20.090 0.4444444478
80553  -21.911  -18.316  -20.306 0.5555555820
84438  -21.209  -15.354  -20.716 0.4444444478
90866  -32.653  -11.134  -29.745 0.6666666865
89543  -22.017  -12.046  -22.929 0.7777777910
93118  -22.391  -8.155  -25.732 0.3333333433
93100  -22.044  -8.516  -25.109 0.3333333433
93083  -21.171  -8.592  -23.909 0.1111111119
94244  -21.423  -7.413  -25.084 0.1111111119
96535  -21.220  -5.322  -25.688 0.4444444478
102166  -24.234  -0.434  -27.513 0.3333333433
110470  -29.641  7.037  -32.752 0.6666666865
109337  -30.236  6.760  -32.338 0.4444444478
79263  -25.753  -19.753  -22.829 0.4444444478
77954  -27.078  -20.281  -20.909 0.2222222239
80555  -23.436  -18.838  -21.241 0.4444444478
79250  -23.811  -19.766  -21.580 0.4444444478
81870  -23.639  -18.311  -21.477 0.4444444478
80571  -24.584  -18.842  -22.265 0.4444444478
80583  -25.222  -18.849  -22.738 0.4444444478
80585  -26.557  -19.042  -23.377 0.4444444478
80586  -27.877  -18.811  -22.194 0.2222222239
81903  -25.371  -18.032  -22.935 0.4444444478
83152  -25.627  -17.517  -23.217 0.4444444478
81917  -26.249  -17.882  -23.466 0.4444444478
80588  -29.255  -17.747  -22.322 0.1111111119
81888  -29.928  -17.386  -21.976 0.1111111119
81918  -26.915  -17.654  -23.815 0.4444444478
81919  -27.854  -17.416  -23.728 0.3333333433
81920  -28.835  -17.245  -23.485 0.3333333433
81906  -29.535  -17.393  -22.843 0.2222222239
83169  -27.056  -16.438  -24.291 0.4444444478
83168  -25.873  -16.664  -23.557 0.5555555820
83172  -30.117  -16.663  -24.185 0.2222222239
83173  -30.835  -16.331  -23.979 0.1111111119
83175  -32.721  -15.475  -23.384 0.1111111119
83187  -29.648  -16.176  -24.702 0.3333333433
83188  -30.540  -16.122  -24.641 0.3333333433
85833  -29.468  -14.886  -25.194 0.4444444478
85848  -30.045  -14.515  -25.498 0.5555555820
85863  -30.999  -14.329  -26.286 0.6666666865
85851  -32.450  -14.163  -26.166 0.4444444478
87194  -30.290  -13.583  -26.464 0.6666666865
154573  -33.889  -13.870  -27.166 0.3333333433
87207  -31.240  -13.816  -27.344 0.6666666865
88437  -32.658  -12.827  -28.118 0.5555555820
88423  -30.678  -13.061  -27.737 0.6666666865
89633  -33.008  -12.061  -28.828 0.5555555820
88438  -34.006  -13.099  -27.893 0.4444444478
89634  -34.429  -12.296  -28.824 0.3333333433
89632  -31.776  -12.146  -28.414 0.5555555820
89659  -35.196  -11.151  -30.671 0.4444444478
90886  -34.796  -10.528  -31.512 0.5555555820
89645  -33.686  -11.529  -29.581 0.4444444478
90900  -36.441  -10.123  -32.535 0.4444444478
106947  -28.496  4.196  -32.155 0.5555555820
108138  -29.095  4.893  -31.646 0.5555555820
108137  -28.673  4.935  -32.194 0.5555555820
109326  -29.701  6.171  -31.218 0.5555555820
110462  -30.056  6.640  -30.746 0.5555555820
79251  -24.538  -19.915  -22.135 0.4444444478
77966  -27.045  -20.160  -22.204 0.2222222239
81885  -23.404  -17.154  -21.654 0.4444444478
81905  -28.922  -17.727  -22.895 0.2222222239
81922  -30.470  -16.729  -23.529 0.2222222239
83153  -31.162  -16.496  -23.183 0.1111111119
85834  -31.334  -15.092  -25.140 0.4444444478
84507  -31.701  -15.235  -24.650 0.3333333433
84505  -30.155  -15.451  -25.187 0.4444444478
87196  -31.489  -14.267  -26.653 0.6666666865
87208  -32.294  -14.128  -26.994 0.4444444478
89646  -34.717  -11.410  -29.863 0.3333333433
90887  -36.199  -10.951  -32.112 0.4444444478
94315  -34.136  -6.844  -31.740 0.4444444478
109308  -29.420  5.685  -29.678 0.5555555820
109301  -28.965  5.654  -29.026 0.5555555820
83136  -24.326  -17.265  -22.265 0.4444444478
85837  -33.588  -14.014  -26.206 0.2222222239
77950  -23.198  -20.645  -20.890 0.4444444478
77963  -24.297  -20.740  -21.610 0.4444444478
76737  -24.754  -21.208  -21.527 0.4444444478
77965  -26.367  -20.688  -21.899 0.2222222239
80542  -22.142  -19.034  -20.251 0.4444444478
80574  -29.405  -18.029  -21.398 0.1111111119
79240  -27.605  -19.845  -20.746 0.1111111119
80575  -30.365  -17.640  -21.209 0.1111111119
81907  -30.473  -17.035  -22.719 0.1111111119
81909  -32.675  -17.103  -22.195 0.1111111119
83176  -33.932  -15.753  -23.469 0.1111111119
84494  -33.317  -14.772  -24.364 0.1111111119
85838  -34.640  -14.454  -25.901 0.2222222239
87222  -34.336  -13.624  -27.547 0.1111111119
154575  -34.073  -14.107  -26.868 0.2222222239
89647  -35.744  -11.550  -30.104 0.2222222239
93183  -36.085  -8.908  -31.757 0.4444444478
93182  -35.285  -8.536  -30.914 0.3333333433
94314  -34.198  -7.725  -30.639 0.3333333433
154701  -34.191  -5.972  -31.680 0.3333333433
100990  -25.786  -1.415  -27.982 0.4444444478
104660  -31.277  1.430  -34.500 0.3333333433
106928  -28.851  3.568  -28.581 0.4444444478
109327  -30.562  6.431  -31.095 0.5555555820
108116  -29.200  4.653  -29.030 0.5555555820
108122  -29.435  4.722  -29.786 0.5555555820
109318  -29.618  5.753  -30.339 0.5555555820
110452  -29.835  6.447  -30.242 0.5555555820
80554  -22.653  -18.680  -20.709 0.4444444478
84503  -28.286  -15.312  -24.672 0.6666666865
87181  -30.104  -13.754  -25.781 0.6666666865
154699  -34.259  -5.846  -32.078 0.4444444478
104659  -31.131  1.840  -35.087 0.3333333433
81886  -24.012  -17.813  -21.793 0.4444444478
83186  -28.729  -16.046  -24.490 0.3333333433
79262  -25.046  -19.535  -22.541 0.4444444478
77974  -26.456  -20.299  -22.716 0.4444444478
77973  -25.824  -20.496  -22.446 0.3333333433
79264  -26.606  -19.691  -23.256 0.4444444478
79252  -25.269  -20.194  -22.430 0.4444444478
79253  -27.625  -19.488  -21.466 0.1111111119
79239  -23.220  -19.684  -21.055 0.4444444478
80570  -24.031  -18.919  -21.724 0.4444444478
77962  -23.623  -20.392  -21.334 0.4444444478
81887  -24.711  -17.935  -22.485 0.4444444478
80584  -25.958  -18.897  -23.137 0.4444444478
79265  -27.369  -19.506  -22.884 0.4444444478
79274  -27.260  -19.037  -23.386 0.4444444478
80597  -26.855  -18.613  -23.555 0.4444444478
80598  -27.703  -18.481  -23.273 0.4444444478
80587  -28.568  -18.189  -22.435 0.1111111119
80599  -28.394  -17.870  -23.222 0.2222222239
83171  -29.224  -16.663  -24.100 0.3333333433
83170  -28.250  -16.649  -24.111 0.3333333433
81921  -29.776  -17.000  -23.509 0.2222222239
83189  -31.047  -15.952  -24.347 0.2222222239
83174  -31.588  -15.772  -23.870 0.1111111119
85815  -32.410  -14.790  -24.711 0.1111111119
83154  -32.165  -16.322  -22.876 0.1111111119
84504  -29.168  -15.428  -24.863 0.3333333433
85849  -30.979  -14.851  -25.521 0.4444444478
85864  -31.398  -14.400  -26.327 0.4444444478
85835  -31.802  -14.904  -25.001 0.4444444478
85836  -32.674  -14.386  -25.328 0.3333333433
154576  -34.488  -14.064  -27.336 0.1111111119
88425  -33.239  -13.633  -27.370 0.4444444478
88424  -31.850  -13.155  -27.868 0.5555555820
92046  -36.288  -9.647  -31.235 0.4444444478
108130  -29.432  4.853  -30.615 0.5555555820
110461  -29.856  6.319  -30.627 0.5555555820
77964  -25.318  -21.038  -21.834 0.4444444478
84508  -33.477  -14.351  -25.232 0.2222222239
76728  -23.635  -21.504  -20.929 0.4444444478
77952  -25.656  -21.318  -21.305 0.4444444478
77953  -26.167  -21.127  -20.895 0.2222222239
79238  -22.643  -19.734  -20.536 0.4444444478
79228  -22.089  -19.734  -20.010 0.4444444478
80573  -28.503  -18.574  -21.579 0.1111111119
79254  -28.370  -19.013  -20.973 0.1111111119
81889  -30.943  -17.326  -21.689 0.1111111119
70814  -22.904  -26.312  -16.412 0.1111111119
74473  -20.504  -23.562  -17.957 0.3333333433
72115  -22.217  -25.327  -17.692 0.2222222239
72098  -23.004  -25.578  -16.866 0.2222222239
70815  -23.500  -26.057  -16.307 0.1111111119
73377  -23.449  -24.974  -17.007 0.1111111119
76686  -20.326  -21.597  -18.338 0.3333333433
75579  -19.663  -22.602  -17.690 0.3333333433
74493  -21.681  -23.402  -18.785 0.3333333433
73408  -22.489  -24.165  -18.688 0.3333333433
72116  -22.909  -25.058  -17.598 0.2222222239
73409  -23.055  -24.085  -18.758 0.2222222239
73393  -23.355  -24.386  -17.931 0.2222222239
77927  -20.291  -20.569  -18.385 0.2222222239
77915  -19.852  -20.963  -17.971 0.2222222239
75596  -20.995  -22.405  -18.642 0.3333333433
74492  -20.947  -23.143  -18.401 0.3333333433
74475  -23.854  -23.901  -17.981 0.1111111119
79219  -21.190  -19.759  -19.050 0.2222222239
77928  -20.956  -20.536  -18.928 0.3333333433
79227  -21.646  -19.754  -19.484 0.3333333433
76712  -21.941  -21.377  -19.601 0.3333333433
76699  -20.926  -21.450  -18.835 0.3333333433
75598  -22.645  -22.792  -19.709 0.3333333433
75611  -22.410  -22.102  -19.826 0.3333333433
74508  -23.242  -23.298  -19.645 0.3333333433
75612  -23.269  -22.446  -20.231 0.3333333433
74509  -24.029  -23.340  -19.711 0.3333333433
74496  -24.593  -23.261  -18.658 0.1111111119
74510  -24.583  -22.876  -19.465 0.2222222239
80540  -21.083  -18.207  -19.174 0.2222222239
80527  -21.007  -18.839  -18.898 0.2222222239
80541  -21.539  -18.690  -19.641 0.3333333433
77949  -22.590  -20.605  -20.318 0.3333333433
76713  -22.535  -21.445  -20.084 0.3333333433
76727  -23.098  -21.457  -20.549 0.3333333433
75623  -23.490  -21.916  -20.627 0.3333333433
75613  -24.283  -22.681  -20.201 0.3333333433
81837  -20.678  -17.782  -18.816 0.3333333433
75624  -23.930  -22.162  -20.746 0.3333333433
76729  -24.461  -21.572  -21.139 0.3333333433
76730  -25.378  -21.500  -21.004 0.3333333433
90877  -36.577  -10.580  -30.872 0.2222222239
92045  -35.897  -9.384  -30.643 0.2222222239
100027  -33.687  -3.651  -32.231 0.3333333433
73391  -21.383  -24.613  -18.113 0.3333333433
73392  -22.392  -24.768  -18.248 0.3333333433
73378  -24.197  -24.667  -16.854 0.1111111119
79218  -20.584  -19.649  -18.605 0.3333333433
75597  -21.778  -22.320  -19.301 0.3333333433
74494  -22.617  -23.534  -19.239 0.3333333433
74495  -23.669  -23.766  -18.782 0.3333333433
77936  -21.527  -20.542  -19.339 0.3333333433
75625  -24.528  -22.124  -20.495 0.3333333433
70813  -21.945  -26.659  -16.469 0.1111111119
70796  -22.850  -26.848  -15.968 0.1111111119
74472  -19.559  -23.593  -17.433 0.3333333433
73390  -20.382  -24.672  -17.549 0.3333333433
72114  -21.331  -25.456  -17.651 0.3333333433
72097  -22.117  -25.953  -17.098 0.3333333433
69491  -23.248  -27.089  -15.585 0.1111111119
76685  -19.736  -21.677  -17.838 0.3333333433
72099  -24.127  -25.635  -16.276 0.1111111119
77926  -19.691  -20.276  -17.852 0.2222222239
79217  -19.915  -19.558  -18.056 0.2222222239
74476  -24.365  -23.656  -17.912 0.1111111119
75599  -24.990  -22.705  -18.920 0.1111111119
75614  -24.983  -22.182  -19.668 0.1111111119
76731  -25.825  -21.377  -20.471 0.1111111119
83087  -20.553  -16.862  -18.612 0.1111111119
100014  -33.517  -2.933  -31.526 0.2222222239
154700  -33.387  -3.640  -31.220 0.2222222239
83118  -20.806  -16.250  -19.927 0.2222222239
88350  -21.938  -12.707  -22.703 0.5555555820
84437  -20.874  -15.530  -20.216 0.3333333433
81855  -21.075  -17.620  -19.471 0.3333333433
96594  -33.981  -6.056  -30.672 0.2222222239
74474  -21.275  -23.794  -18.353 0.3333333433
75580  -20.334  -22.505  -18.180 0.3333333433
73407  -21.828  -24.213  -18.529 0.3333333433
73394  -24.250  -24.080  -17.437 0.1111111119
80526  -20.314  -18.686  -18.339 0.2222222239
76700  -21.399  -21.250  -19.227 0.3333333433
77937  -22.059  -20.575  -19.792 0.3333333433
76715  -25.496  -21.575  -20.106 0.1111111119
70795  -22.326  -27.039  -16.011 0.1111111119
73389  -19.662  -24.333  -17.313 0.3333333433
73376  -20.266  -25.267  -17.294 0.3333333433
72113  -20.685  -25.538  -17.447 0.3333333433
72096  -21.221  -26.186  -17.276 0.3333333433
76684  -19.074  -21.687  -17.328 0.2222222239
93181  -34.342  -8.343  -30.096 0.1111111119
92030  -35.570  -9.368  -29.992 0.1111111119
93155  -33.884  -8.728  -28.234 0.1111111119
93168  -34.049  -8.454  -29.220 0.1111111119
95416  -33.518  -6.675  -29.176 0.1111111119
154704  -33.620  -5.265  -31.215 0.1111111119
96579  -33.489  -5.616  -29.388 0.1111111119
101057  -32.362  -1.139  -33.481 0.2222222239
97737  -33.149  -4.344  -29.457 0.1111111119
103426  -31.817  0.440  -33.200 0.1111111119
103440  -31.663  0.559  -34.528 0.2222222239
105828  -31.156  2.287  -34.100 0.1111111119
102224  -32.257  -0.764  -32.885 0.1111111119
104633  -31.814  1.670  -32.391 0.1111111119
108103  -27.515  4.524  -27.806 0.4444444478
106953  -31.559  3.776  -32.767 0.1111111119
108139  -30.935  5.906  -31.832 0.2222222239
108140  -31.492  5.113  -31.416 0.1111111119
110438  -28.677  6.548  -29.018 0.4444444478
111501  -28.355  7.758  -28.965 0.4444444478
110443  -29.552  6.806  -29.637 0.4444444478
111502  -28.915  7.577  -29.282 0.4444444478
110444  -30.150  7.461  -29.832 0.4444444478
111510  -30.490  8.015  -29.964 0.4444444478
110453  -30.493  7.168  -30.450 0.2222222239
109319  -31.216  6.716  -30.900 0.2222222239
110454  -31.573  7.186  -30.672 0.2222222239
109328  -31.311  5.985  -31.028 0.2222222239
115684  -29.086  11.297  -32.768 0.1111111119
113522  -30.211  9.394  -31.465 0.1111111119
111512  -32.215  7.697  -30.602 0.1111111119
110429  -27.211  6.207  -27.594 0.4444444478
110436  -27.544  6.397  -28.103 0.4444444478
111491  -27.897  7.348  -28.575 0.3333333433
111492  -28.329  7.147  -28.922 0.4444444478
112511  -28.666  8.436  -29.129 0.4444444478
112512  -29.317  8.514  -29.465 0.4444444478
111503  -29.773  7.859  -29.624 0.4444444478
112513  -30.098  8.713  -29.717 0.4444444478
114573  -28.160  10.223  -29.468 0.3333333433
113509  -30.056  9.346  -30.423 0.1111111119
112521  -30.798  8.722  -30.285 0.1111111119
111511  -31.212  7.964  -30.465 0.2222222239
113510  -31.058  9.275  -30.816 0.1111111119
113482  -28.190  9.049  -28.585 0.3333333433
113493  -28.459  9.275  -29.077 0.3333333433
113494  -28.971  9.265  -29.403 0.4444444478
114588  -28.227  10.306  -30.487 0.2222222239
113508  -29.017  9.664  -30.300 0.2222222239
113521  -29.379  9.721  -31.199 0.1111111119
115660  -27.817  11.299  -31.030 0.1111111119
114605  -28.360  10.648  -31.282 0.1111111119
114606  -28.984  10.439  -31.755 0.1111111119
111490  -27.402  7.193  -27.980 0.3333333433
112499  -27.824  8.146  -28.258 0.3333333433
113470  -27.565  9.216  -27.070 0.3333333433
114545  -27.744  10.161  -27.705 0.3333333433
114559  -28.286  9.645  -28.927 0.3333333433
115648  -27.889  11.176  -29.452 0.2222222239
115649  -27.905  11.038  -30.218 0.2222222239
116699  -27.765  11.674  -30.595 0.1111111119
115659  -27.571  11.970  -31.651 0.1111111119
115669  -28.400  11.428  -31.964 0.1111111119
117653  -26.716  13.428  -33.651 0.1111111119
113452  -27.419  9.452  -25.127 0.1111111119
114526  -27.293  10.457  -25.768 0.1111111119
114535  -27.458  10.304  -26.756 0.2222222239
115619  -27.418  11.195  -27.444 0.2222222239
116657  -27.020  12.117  -28.127 0.2222222239
114572  -28.007  10.614  -29.003 0.3333333433
115632  -27.728  11.101  -28.505 0.3333333433
116678  -27.501  12.289  -29.364 0.1111111119
118477  -26.343  14.465  -29.957 0.1111111119
117613  -27.132  13.619  -29.900 0.1111111119
118496  -26.221  13.747  -30.924 0.1111111119
116711  -26.416  12.858  -31.664 0.1111111119
117642  -25.775  13.587  -32.241 0.1111111119
115668  -27.659  12.255  -32.382 0.1111111119
115683  -28.386  12.246  -32.825 0.1111111119
114632  -29.520  10.615  -33.403 0.1111111119
114520  -27.582  10.489  -24.735 0.1111111119
115589  -27.963  11.315  -24.360 0.1111111119
115612  -27.312  11.328  -26.489 0.1111111119
115602  -27.787  11.579  -25.498 0.1111111119
117576  -27.567  13.180  -26.470 0.1111111119
117587  -27.009  13.274  -27.460 0.1111111119
117600  -26.844  13.181  -28.723 0.2222222239
117599  -26.743  14.035  -28.443 0.1111111119
117611  -26.364  14.364  -28.850 0.1111111119
119289  -25.977  15.307  -29.227 0.1111111119
119295  -25.889  15.307  -30.339 0.1111111119
118495  -25.692  14.362  -31.364 0.1111111119
115603  -28.548  11.868  -24.790 0.1111111119
115604  -28.866  12.060  -24.337 0.1111111119
118449  -27.593  13.916  -26.706 0.1111111119
118462  -27.870  15.254  -27.344 0.1111111119
118461  -27.342  14.607  -27.706 0.1111111119
119286  -27.582  15.626  -28.148 0.1111111119
119290  -26.731  15.628  -28.667 0.1111111119
118433  -28.852  13.988  -25.469 0.1111111119
117565  -29.582  13.515  -24.671 0.1111111119
93156  -34.518  -8.904  -28.881 0.1111111119
94305  -33.821  -7.666  -29.699 0.1111111119
94292  -33.415  -7.774  -28.514 0.1111111119
100002  -33.408  -2.931  -31.275 0.1111111119
100013  -33.430  -2.379  -31.748 0.1111111119
108114  -27.977  5.075  -28.258 0.4444444478
106949  -31.585  4.050  -31.751 0.1111111119
113523  -31.074  9.120  -31.781 0.1111111119
115670  -28.994  10.937  -32.246 0.1111111119
116641  -27.106  12.039  -27.163 0.2222222239
116620  -28.357  12.518  -25.476 0.1111111119
119285  -27.213  15.183  -28.237 0.1111111119
120102  -25.694  16.716  -30.261 0.1111111119
118450  -28.336  14.849  -26.348 0.1111111119
118451  -29.109  15.237  -25.915 0.1111111119
94278  -33.470  -7.791  -27.361 0.1111111119
94291  -33.466  -8.311  -27.828 0.1111111119
100026  -33.398  -2.466  -32.798 0.2222222239
102235  -32.135  -0.556  -34.056 0.2222222239
105819  -31.534  2.612  -33.125 0.1111111119
108115  -28.353  4.562  -28.451 0.4444444478
109300  -28.303  5.654  -28.569 0.4444444478
112500  -28.202  8.315  -28.787 0.4444444478
113495  -29.555  9.235  -29.719 0.2222222239
115579  -28.717  11.726  -22.949 0.1111111119
115591  -29.130  12.136  -23.856 0.1111111119
117577  -28.176  13.512  -25.933 0.1111111119
93140  -33.967  -8.768  -27.302 0.1111111119
92019  -35.966  -9.936  -29.342 0.1111111119
92005  -35.463  -9.946  -28.643 0.1111111119
92003  -34.259  -9.118  -27.956 0.1111111119
95374  -33.776  -7.501  -25.881 0.1111111119
93122  -33.939  -8.660  -26.435 0.1111111119
96567  -33.373  -5.756  -27.393 0.1111111119
96566  -33.030  -5.690  -27.985 0.1111111119
97725  -32.713  -4.722  -28.383 0.1111111119
101008  -33.185  -1.730  -30.131 0.1111111119
99993  -33.240  -2.353  -29.915 0.1111111119
98905  -33.139  -3.440  -30.161 0.1111111119
101018  -32.717  -1.489  -30.930 0.1111111119
103401  -32.225  -0.188  -31.217 0.1111111119
103414  -32.314  1.112  -31.243 0.1111111119
104634  -32.136  1.464  -31.530 0.1111111119
104619  -32.004  2.313  -31.416 0.1111111119
108131  -31.917  5.362  -30.727 0.1111111119
106942  -32.081  4.381  -30.977 0.1111111119
109289  -27.204  5.454  -27.582 0.4444444478
109299  -27.764  5.606  -28.137 0.4444444478
110445  -32.594  6.772  -30.124 0.1111111119
112523  -32.468  8.434  -30.817 0.1111111119
111482  -27.200  6.979  -27.465 0.2222222239
112491  -27.473  7.976  -27.434 0.2222222239
112475  -27.165  8.492  -25.570 0.1111111119
113440  -27.550  9.462  -24.048 0.1111111119
114516  -27.951  11.070  -22.978 0.1111111119
114506  -28.007  11.121  -22.179 0.1111111119
115700  -28.778  12.393  -33.031 0.1111111119
114493  -27.992  11.110  -21.211 0.1111111119
115564  -28.759  11.731  -21.700 0.1111111119
120100  -24.526  16.745  -31.042 0.1111111119
119310  -24.537  15.936  -31.992 0.1111111119
119329  -25.295  14.821  -33.728 0.1111111119
119338  -26.536  14.816  -34.136 0.1111111119
115580  -29.633  12.240  -23.192 0.1111111119
116604  -29.705  12.728  -23.929 0.1111111119
120077  -28.088  16.346  -28.233 0.1111111119
154984  -27.213  17.459  -29.070 0.1111111119
101043  -32.593  -1.563  -33.071 0.1111111119
108148  -31.208  4.878  -32.314 0.1111111119
95429  -33.880  -6.869  -30.329 0.1111111119
104647  -31.350  1.460  -33.589 0.2222222239
110437  -28.058  6.466  -28.562 0.4444444478
96580  -33.819  -6.280  -29.875 0.1111111119
95403  -33.233  -6.085  -28.087 0.1111111119
102213  -32.493  -1.183  -32.517 0.1111111119
103413  -32.237  0.466  -31.894 0.1111111119
105812  -31.665  2.949  -32.079 0.1111111119
109320  -31.935  6.308  -30.589 0.1111111119
114621  -29.381  10.527  -32.547 0.1111111119
115682  -27.724  12.615  -32.817 0.1111111119
113531  -29.601  9.808  -32.105 0.1111111119
113536  -29.879  10.015  -33.008 0.1111111119
113532  -30.302  9.452  -32.453 0.1111111119
111504  -32.499  7.173  -30.372 0.1111111119
110455  -32.229  6.937  -30.459 0.1111111119
112522  -31.658  8.611  -30.652 0.2222222239
113507  -28.564  9.821  -29.720 0.3333333433
113481  -27.861  9.076  -27.951 0.3333333433
114589  -28.643  9.996  -31.086 0.1111111119
114558  -28.049  9.978  -28.599 0.3333333433
116679  -27.979  11.845  -30.133 0.1111111119
116698  -27.132  12.495  -30.869 0.1111111119
116697  -26.541  12.827  -31.243 0.1111111119
116724  -26.414  13.025  -32.433 0.1111111119
116725  -27.075  12.928  -32.917 0.1111111119
117652  -26.145  13.542  -33.252 0.1111111119
116726  -27.698  12.867  -33.063 0.1111111119
117673  -25.709  13.841  -34.600 0.1111111119
113462  -27.240  9.405  -26.144 0.1111111119
118476  -26.129  14.551  -29.165 0.1111111119
118478  -26.402  13.943  -30.530 0.1111111119
117628  -26.271  13.280  -31.253 0.1111111119
117651  -25.385  13.919  -33.168 0.1111111119
118507  -25.334  14.086  -32.239 0.1111111119
116619  -27.812  12.324  -25.826 0.1111111119
114515  -27.684  10.541  -23.611 0.1111111119
116630  -27.421  12.367  -26.391 0.1111111119
116631  -27.842  12.789  -26.001 0.1111111119
118460  -27.011  14.335  -28.203 0.1111111119
118466  -26.639  14.746  -28.491 0.1111111119
118465  -26.135  14.688  -28.861 0.1111111119
120095  -25.955  15.875  -30.057 0.1111111119
154989  -25.738  17.010  -30.164 0.1111111119
119311  -25.125  15.557  -31.366 0.1111111119
120119  -24.631  16.101  -31.427 0.1111111119
118494  -24.996  15.187  -32.105 0.1111111119
115578  -28.082  11.357  -23.571 0.1111111119
116621  -29.123  12.522  -24.682 0.1111111119
117564  -28.871  13.207  -25.289 0.1111111119
119291  -27.144  16.062  -28.659 0.1111111119
120097  -26.741  16.593  -29.124 0.1111111119
92004  -34.813  -9.607  -27.929 0.1111111119
95404  -33.317  -6.462  -27.764 0.1111111119
101027  -32.907  -1.525  -32.054 0.1111111119
113511  -31.947  9.067  -31.120 0.1111111119
120948  -24.758  17.629  -30.465 0.1111111119
119275  -28.322  15.857  -27.399 0.1111111119
95387  -33.739  -6.839  -26.491 0.1111111119
102201  -32.269  -0.940  -31.143 0.1111111119
103402  -32.392  0.722  -30.759 0.1111111119
109309  -32.289  6.114  -30.199 0.1111111119
113512  -32.412  8.482  -31.323 0.1111111119
113533  -31.105  9.301  -32.776 0.1111111119
113537  -30.274  9.577  -33.453 0.1111111119
120135  -24.370  16.894  -32.351 0.1111111119
118506  -25.118  14.531  -32.780 0.1111111119
120089  -27.453  16.474  -28.633 0.1111111119
154986  -25.825  17.517  -29.939 0.1111111119
73375  -19.675  -24.949  -17.100 0.2222222239
90766  -21.117  -10.790  -22.846 0.2222222239
91925  -21.461  -9.734  -23.538 0.2222222239
89542  -21.363  -11.921  -22.693 0.3333333433
106920  -28.151  3.421  -28.118 0.3333333433
106918  -26.662  3.524  -27.505 0.2222222239
109280  -26.564  5.802  -27.080 0.1111111119
110428  -26.949  6.213  -27.217 0.1111111119
103355  -22.772  0.579  -27.473 0.2222222239
102157  -21.744  -0.643  -26.949 0.1111111119
89525  -21.000  -12.122  -22.209 0.2222222239
102163  -21.689  -0.042  -27.033 0.1111111119
105755  -22.694  2.648  -27.382 0.1111111119
105739  -22.317  3.202  -27.140 0.1111111119
109298  -24.633  4.948  -27.228 0.1111111119
109279  -26.111  5.486  -26.915 0.1111111119
110425  -26.737  6.138  -27.052 0.1111111119
111481  -27.082  6.837  -27.123 0.1111111119
106919  -27.500  3.420  -27.731 0.2222222239
106915  -23.544  3.616  -27.416 0.1111111119
85762  -21.058  -14.711  -20.472 0.2222222239
88311  -21.135  -12.883  -21.841 0.2222222239
88333  -21.443  -12.766  -22.330 0.3333333433
95370  -21.241  -6.416  -25.465 0.2222222239
106917  -25.607  3.560  -27.469 0.1111111119
95355  -20.811  -6.480  -24.749 0.1111111119
96519  -20.811  -5.714  -25.131 0.3333333433
108104  -27.835  3.976  -28.100 0.3333333433
108102  -26.428  4.498  -27.403 0.3333333433
109288  -26.384  5.390  -27.199 0.1111111119
108100  -24.242  4.516  -27.362 0.1111111119
108101  -25.194  4.546  -27.288 0.1111111119
109287  -25.251  5.061  -27.060 0.1111111119
108098  -22.580  4.408  -26.989 0.1111111119
109285  -23.057  5.001  -26.928 0.1111111119
109277  -23.492  5.363  -26.425 0.1111111119
108099  -23.344  4.460  -27.293 0.1111111119
84509  -34.311  -14.485  -25.181 0.1111111119
72094  -19.547  -25.560  -16.471 0.1111111119
72095  -20.331  -25.844  -17.033 0.1111111119
70812  -20.953  -26.708  -16.734 0.1111111119
73364  -18.492  -24.990  -16.098 0.1111111119
74458  -18.392  -23.547  -16.549 0.1111111119
74459  -19.084  -24.084  -17.069 0.1111111119
75578  -18.948  -22.574  -17.186 0.1111111119
85745  -20.867  -14.821  -19.982 0.1111111119
91908  -20.772  -9.769  -22.771 0.1111111119
90765  -20.737  -10.262  -22.472 0.1111111119
98866  -21.534  -3.195  -26.265 0.2222222239
98867  -22.251  -3.160  -26.719 0.2222222239
99939  -20.623  -2.486  -25.523 0.2222222239
99953  -20.542  -1.792  -25.564 0.2222222239
73374  -18.744  -24.633  -16.495 0.1111111119
91944  -21.667  -9.215  -24.105 0.1111111119
73363  -17.891  -24.489  -15.935 0.1111111119
70811  -20.225  -26.309  -16.426 0.1111111119
74457  -17.757  -23.519  -16.104 0.1111111119
75570  -18.353  -22.587  -16.655 0.1111111119
76670  -18.365  -21.736  -16.880 0.1111111119
77913  -18.542  -20.892  -17.011 0.1111111119
77914  -19.278  -20.739  -17.448 0.1111111119
85744  -20.952  -14.899  -19.449 0.1111111119
87067  -21.127  -14.231  -20.287 0.1111111119
89505  -20.945  -12.134  -21.741 0.1111111119
98852  -20.526  -3.125  -25.193 0.2222222239
100967  -20.400  -1.062  -25.272 0.2222222239
100978  -20.595  -1.124  -25.858 0.1111111119
72077  -19.222  -25.743  -15.966 0.1111111119
100979  -21.051  -1.190  -26.366 0.2222222239
100980  -21.532  -1.116  -26.717 0.1111111119
87087  -21.087  -13.813  -20.783 0.1111111119
97697  -20.886  -4.140  -25.370 0.2222222239
80505  -19.754  -18.665  -17.662 0.1111111119
84423  -20.780  -15.682  -19.557 0.1111111119
74471  -18.846  -23.277  -17.002 0.1111111119
90748  -20.888  -11.438  -22.409 0.1111111119
90730  -20.748  -11.563  -22.047 0.1111111119
72093  -18.898  -25.289  -16.158 0.1111111119
73373  -18.163  -24.056  -16.310 0.1111111119
98837  -20.379  -2.796  -24.659 0.1111111119
75569  -17.808  -22.728  -16.226 0.1111111119
84422  -20.836  -15.541  -19.081 0.1111111119
85728  -21.023  -15.026  -18.907 0.1111111119
100954  -20.328  -1.039  -24.672 0.1111111119
102143  -20.374  -0.204  -25.546 0.1111111119
103356  -23.752  0.574  -27.459 0.1111111119
96534  -20.723  -4.905  -25.075 0.1111111119
103354  -21.938  0.625  -27.279 0.1111111119
104571  -22.334  1.519  -27.397 0.1111111119
104573  -24.313  1.583  -27.464 0.1111111119
76714  -24.951  -21.788  -20.493 0.3333333433
76738  -24.975  -21.368  -21.409 0.4444444478
77951  -23.797  -21.019  -21.263 0.4444444478
77975  -27.031  -20.142  -22.955 0.4444444478
79273  -26.975  -19.289  -23.469 0.4444444478
80528  -21.367  -19.249  -19.234 0.2222222239
80572  -28.047  -18.945  -21.552 0.1111111119
80596  -26.301  -18.550  -23.382 0.4444444478
81904  -25.899  -18.193  -23.242 0.4444444478
83185  -27.832  -15.909  -24.414 0.6666666865
84492  -31.661  -15.413  -24.424 0.1111111119
84493  -32.163  -15.148  -24.360 0.3333333433
84506  -31.173  -15.446  -24.832 0.4444444478
84516  -30.479  -15.031  -25.384 0.4444444478
84517  -30.707  -15.228  -25.255 0.4444444478
85810  -23.780  -14.287  -23.198 0.8888888955
85814  -32.133  -14.960  -24.688 0.3333333433
85831  -27.809  -14.591  -24.843 0.7777777910
85850  -31.738  -14.491  -25.990 0.4444444478
85862  -30.506  -14.187  -25.885 0.6666666865
87141  -25.183  -13.869  -24.101 0.8888888955
87157  -24.914  -13.349  -24.221 1.0000000000
87162  -28.797  -13.933  -25.207 0.7777777910
87178  -27.738  -13.396  -25.193 1.0000000000
87182  -32.005  -14.313  -26.473 0.4444444478
87195  -30.826  -14.076  -26.892 0.6666666865
87206  -30.517  -13.580  -27.232 0.7777777910
87223  -34.833  -13.725  -27.576 0.1111111119
88384  -27.334  -13.248  -25.221 1.0000000000
88405  -28.742  -12.418  -25.661 1.0000000000
88426  -33.997  -13.630  -27.426 0.3333333433
88436  -32.094  -12.720  -28.152 0.5555555820
89575  -24.236  -11.760  -24.880 1.0000000000
89593  -26.083  -11.524  -25.698 1.0000000000
89606  -29.166  -11.468  -26.584 1.0000000000
89648  -36.434  -11.283  -30.478 0.3333333433
89660  -35.937  -11.224  -31.108 0.4444444478
89661  -36.652  -11.112  -31.376 0.4444444478
90818  -23.842  -10.237  -25.319 0.8888888955
90834  -26.364  -10.532  -26.111 1.0000000000
90867  -36.346  -10.690  -29.844 0.1111111119
90876  -34.570  -11.000  -30.697 0.4444444478
90888  -36.852  -10.417  -31.792 0.4444444478
90899  -35.498  -10.151  -32.400 0.4444444478
90901  -36.277  -9.745  -32.605 0.4444444478
90912  -35.386  -9.863  -32.475 0.4444444478
90913  -35.843  -9.943  -32.650 0.4444444478
90914  -36.147  -9.952  -32.684 0.4444444478
91982  -24.968  -9.562  -26.223 0.8888888955
91999  -27.088  -9.046  -26.647 1.0000000000
92017  -34.535  -9.155  -28.385 0.1111111119
92018  -35.179  -9.354  -28.946 0.1111111119
92031  -36.156  -9.977  -30.339 0.1111111119
92044  -33.929  -9.832  -31.469 0.6666666865
92058  -34.260  -9.395  -31.934 0.5555555820
92059  -34.887  -9.421  -32.346 0.5555555820
92060  -36.813  -9.545  -31.976 0.4444444478
92061  -36.361  -9.485  -32.480 0.4444444478
92078  -35.947  -9.466  -32.648 0.4444444478
92079  -36.144  -9.418  -32.635 0.4444444478
93104  -33.814  -8.411  -26.115 0.1111111119
93133  -25.637  -8.356  -26.757 0.8888888955
93136  -28.249  -8.453  -27.474 1.0000000000
93139  -33.786  -8.568  -27.416 0.1111111119
93154  -33.722  -8.572  -27.628 0.1111111119
93167  -32.477  -8.724  -30.521 0.8888888955
93169  -34.835  -8.847  -29.683 0.1111111119
93194  -36.012  -8.972  -32.254 0.4444444478
93195  -36.139  -9.243  -32.528 0.4444444478
93205  -35.797  -9.022  -32.535 0.5555555820
93206  -36.030  -9.141  -32.598 0.4444444478
93207  -36.090  -9.157  -32.817 0.4444444478
94260  -24.305  -7.532  -26.645 0.7777777910
94262  -33.651  -8.026  -26.471 0.1111111119
94277  -33.639  -8.387  -27.467 0.1111111119
94288  -30.060  -7.637  -28.385 1.0000000000
95385  -23.558  -6.500  -27.095 0.5555555820
95401  -28.835  -6.672  -28.141 0.8888888955
95413  -30.923  -6.864  -29.290 1.0000000000
95415  -33.317  -6.100  -28.485 0.1111111119
95427  -31.437  -6.625  -29.804 1.0000000000
96545  -22.857  -5.173  -27.129 0.4444444478
96559  -24.474  -5.328  -27.436 0.6666666865
96565  -29.936  -6.261  -28.498 1.0000000000
96576  -29.862  -5.197  -28.758 1.0000000000
97718  -23.331  -4.153  -27.284 0.4444444478
97720  -25.101  -4.384  -27.510 0.5555555820
97748  -30.277  -4.604  -30.124 1.0000000000
97785  -34.330  -5.587  -34.035 0.6666666865
97786  -34.594  -5.993  -33.580 0.6666666865
98853  -20.962  -3.238  -25.725 0.2222222239
98876  -22.955  -3.206  -27.168 0.4444444478
98878  -24.639  -3.366  -27.692 0.5555555820
98913  -33.469  -3.159  -31.426 0.1111111119
98921  -30.269  -3.338  -31.912 1.0000000000
98928  -30.215  -3.172  -33.871 0.8888888955
98938  -30.229  -3.056  -34.183 0.8888888955
98940  -31.470  -3.876  -33.728 0.7777777910
99954  -20.877  -2.183  -26.076 0.2222222239
99966  -23.279  -2.323  -27.470 0.4444444478
99969  -26.154  -2.487  -28.096 0.7777777910
99981  -27.768  -2.309  -28.301 0.7777777910
100001  -33.251  -2.674  -30.927 0.1111111119
100012  -30.298  -3.309  -32.176 0.8888888955
100043  -30.135  -2.212  -34.708 0.8888888955
100044  -30.712  -2.537  -34.608 0.7777777910
100986  -22.081  -1.306  -26.969 0.1111111119
100987  -22.845  -1.349  -27.276 0.3333333433
100989  -24.692  -1.415  -27.810 0.4444444478
100991  -26.617  -1.076  -27.953 0.5555555820
100998  -27.326  -1.434  -28.191 0.5555555820
101006  -28.941  -1.422  -28.708 0.6666666865
101015  -28.640  -0.996  -30.931 0.7777777910
101017  -32.442  -1.240  -31.135 0.1111111119
101024  -28.643  -1.058  -31.323 0.7777777910
101026  -32.500  -1.231  -31.424 0.1111111119
101042  -32.397  -1.157  -33.164 0.2222222239
101087  -32.379  -0.667  -35.566 0.5555555820
102128  -20.185  -0.166  -24.930 0.1111111119
102164  -22.295  -0.377  -27.260 0.1111111119
102165  -23.253  -0.408  -27.419 0.1111111119
102167  -25.243  -0.428  -27.656 0.3333333433
102169  -27.256  -0.400  -27.697 0.4444444478
102170  -28.059  -0.052  -27.908 0.4444444478
102189  -29.217  -0.269  -29.704 0.6666666865
102202  -32.420  -0.362  -30.524 0.1111111119
102212  -32.360  -0.793  -31.870 0.1111111119
102225  -32.450  -1.174  -32.806 0.1111111119
102234  -29.146  -1.011  -34.463 0.7777777910
102269  -31.655  -0.319  -36.117 0.6666666865
102270  -32.676  -0.340  -36.004 0.4444444478
102271  -32.514  -0.478  -35.733 0.5555555820
102284  -31.882  0.004  -36.337 0.6666666865
102285  -32.153  -0.006  -36.290 0.6666666865
103344  -21.481  0.556  -26.754 0.1111111119
103359  -26.794  0.550  -27.371 0.3333333433
103361  -28.533  0.679  -27.992 0.3333333433
103387  -28.762  0.808  -30.256 0.5555555820
103439  -31.538  1.152  -35.159 0.3333333433
103451  -29.708  -0.081  -35.734 0.6666666865
103452  -31.640  1.302  -35.682 0.4444444478
103460  -30.024  0.448  -36.074 0.6666666865
103461  -30.996  0.214  -36.246 0.6666666865
103466  -31.961  0.241  -36.362 0.6666666865
104572  -23.262  1.589  -27.507 0.1111111119
104576  -27.342  1.564  -27.400 0.4444444478
104607  -28.663  1.879  -30.314 0.5555555820
104618  -28.458  1.945  -30.739 0.6666666865
104674  -32.011  1.351  -35.974 0.4444444478
104701  -31.336  0.500  -36.312 0.6666666865
104702  -31.714  0.587  -36.318 0.4444444478
105756  -23.864  2.608  -27.459 0.1111111119
105758  -25.971  2.554  -27.502 0.3333333433
105760  -27.802  2.515  -27.701 0.4444444478
105774  -29.180  2.618  -28.713 0.4444444478
105799  -28.737  2.614  -30.938 0.6666666865
106914  -22.719  3.706  -27.278 0.1111111119
106916  -24.546  3.593  -27.455 0.1111111119
106935  -29.497  3.701  -29.980 0.5555555820
106966  -26.804  4.221  -35.520 0.6666666865
106974  -28.039  3.843  -36.399 0.6666666865
106976  -29.933  2.942  -35.670 0.5555555820
108112  -24.405  4.807  -27.347 0.1111111119
108113  -24.611  4.720  -27.319 0.1111111119
108153  -26.319  6.312  -35.232 0.6666666865
108161  -26.308  5.915  -35.877 0.6666666865
108168  -26.558  6.203  -36.330 0.6666666865
108169  -26.655  5.269  -36.340 0.6666666865
108170  -27.589  5.302  -36.491 0.6666666865
108176  -26.725  6.478  -36.542 0.6666666865
108177  -26.811  6.113  -36.636 0.6666666865
109286  -24.126  5.162  -27.210 0.1111111119
109297  -24.304  4.943  -27.305 0.1111111119
109321  -32.336  6.443  -30.234 0.1111111119
109335  -28.295  6.679  -33.458 0.6666666865
109343  -27.227  7.049  -34.637 0.6666666865
109344  -27.812  7.070  -33.990 0.6666666865
109349  -29.052  6.574  -35.170 0.5555555820
109354  -26.366  6.652  -35.961 0.6666666865
109355  -27.785  6.721  -36.373 0.6666666865
109356  -28.412  6.001  -35.863 0.6666666865
109360  -26.650  6.842  -36.414 0.6666666865
109361  -26.893  6.784  -36.703 0.6666666865
109362  -27.200  6.330  -36.746 0.6666666865
110468  -28.746  7.142  -33.737 0.6666666865
110469  -29.183  6.976  -33.274 0.6666666865
110476  -27.839  7.636  -34.839 0.6666666865
110477  -28.264  7.362  -34.330 0.6666666865
110479  -29.731  7.093  -33.331 0.6666666865
110485  -28.175  7.811  -35.068 0.6666666865
110486  -28.725  7.576  -35.065 0.5555555820
110487  -29.413  6.836  -34.218 0.4444444478
110492  -27.975  7.664  -36.428 0.5555555820
110496  -26.636  7.386  -36.154 0.6666666865
110497  -26.898  7.448  -36.576 0.6666666865
110498  -27.362  7.372  -36.618 0.6666666865
111505  -32.791  7.263  -30.216 0.1111111119
111532  -27.692  7.916  -35.370 0.6666666865
111533  -28.209  8.119  -35.584 0.5555555820
111534  -28.447  8.116  -35.947 0.5555555820
111538  -27.702  8.246  -36.298 0.6666666865
111539  -28.235  7.995  -36.282 0.5555555820
111541  -26.986  7.846  -35.710 0.6666666865
111542  -26.992  7.916  -36.370 0.6666666865
111543  -27.206  7.863  -36.574 0.6666666865
112490  -27.242  7.335  -27.243 0.2222222239
115590  -28.546  11.743  -23.985 0.1111111119
116712  -26.886  12.388  -32.030 0.1111111119
116737  -27.277  13.211  -33.464 0.1111111119
117586  -27.047  14.028  -27.964 0.1111111119
117598  -26.472  14.484  -28.647 0.1111111119
117612  -26.506  14.008  -29.135 0.1111111119
117629  -26.632  13.423  -30.677 0.1111111119
117641  -25.300  14.008  -32.621 0.1111111119
117660  -25.571  13.862  -34.023 0.1111111119
117661  -26.151  13.744  -34.143 0.1111111119
117674  -26.030  13.848  -34.696 0.1111111119
118467  -27.012  15.001  -28.304 0.1111111119
118515  -25.152  14.267  -33.856 0.1111111119
118523  -25.433  14.131  -34.639 0.1111111119
118524  -25.572  14.297  -34.918 0.1111111119
118533  -25.684  13.893  -34.905 0.1111111119
118534  -25.908  14.058  -35.038 0.1111111119
119288  -25.873  14.825  -29.091 0.1111111119
119294  -25.994  14.890  -29.460 0.1111111119
119336  -25.284  14.483  -34.277 0.1111111119
119337  -25.701  14.607  -34.481 0.1111111119
119344  -25.816  14.350  -34.891 0.1111111119
119345  -26.224  14.332  -34.629 0.1111111119
120096  -26.027  16.403  -29.757 0.1111111119
120101  -25.252  16.457  -30.735 0.1111111119
120118  -23.992  16.611  -31.489 0.1111111119
120949  -25.069  17.717  -30.366 0.1111111119
120952  -24.450  17.214  -30.880 0.1111111119
120967  -23.738  17.162  -31.255 0.1111111119
154566  -33.660  -13.996  -26.932 0.3333333433
154570  -35.019  -14.119  -27.534 0.1111111119
154677  -32.863  -8.129  -31.520 0.7777777910
154680  -33.058  -7.566  -31.971 0.7777777910
154681  -32.680  -7.475  -31.685 0.7777777910
154682  -32.539  -7.103  -31.591 0.7777777910
154684  -34.070  -5.951  -31.170 0.2222222239
154685  -34.316  -7.079  -32.473 0.5555555820
154687  -32.578  -6.927  -31.810 0.7777777910
154691  -33.932  -5.757  -31.028 0.2222222239
154694  -31.933  -5.390  -32.818 0.8888888955
154695  -34.165  -6.501  -33.604 0.6666666865
154698  -31.525  -5.591  -31.114 0.8888888955
154991  -25.536  16.894  -30.391 0.1111111119
154994  -25.276  17.277  -30.442 0.1111111119
