#!ascii label  , from subject 3411 vox2ras=TkReg
476
94289  -30.778  -7.742  -28.809 0.0000000000
89574  -23.697  -11.783  -24.483 0.0000000000
87207  -31.240  -13.816  -27.344 0.0000000000
83168  -25.873  -16.664  -23.557 0.0000000000
110438  -28.677  6.548  -29.018 0.0000000000
106973  -27.194  4.093  -36.390 0.0000000000
99992  -29.209  -2.618  -29.568 0.0000000000
77950  -23.198  -20.645  -20.890 0.0000000000
87140  -24.569  -13.658  -23.908 0.0000000000
84473  -22.640  -15.157  -21.952 0.0000000000
108146  -28.792  5.387  -32.223 0.0000000000
104632  -27.921  1.610  -32.114 0.0000000000
94272  -25.697  -7.414  -27.023 0.0000000000
96558  -23.677  -4.924  -27.417 0.0000000000
97735  -30.089  -4.799  -29.450 0.0000000000
100024  -29.800  -2.852  -33.247 0.0000000000
154693  -32.145  -5.792  -32.299 0.0000000000
93191  -33.515  -8.301  -31.736 0.0000000000
91962  -22.597  -9.156  -25.063 0.0000000000
91984  -26.756  -9.767  -26.387 0.0000000000
90864  -31.080  -10.887  -28.429 0.0000000000
89595  -27.728  -11.868  -25.717 0.0000000000
85832  -28.715  -14.626  -24.983 0.0000000000
81920  -28.835  -17.245  -23.485 0.0000000000
102188  -29.158  -0.702  -28.980 0.0000000000
102233  -28.575  -0.606  -33.859 0.0000000000
104687  -30.979  1.004  -36.244 0.0000000000
81868  -22.060  -17.542  -20.649 0.0000000000
80571  -24.584  -18.842  -22.265 0.0000000000
85792  -22.660  -14.549  -22.353 0.0000000000
84454  -21.537  -15.138  -21.139 0.0000000000
105811  -28.531  2.876  -31.402 0.0000000000
104606  -28.457  1.337  -30.683 0.0000000000
94275  -28.498  -7.571  -27.873 0.0000000000
96563  -28.330  -5.778  -28.219 0.0000000000
96577  -30.307  -5.843  -28.954 0.0000000000
97749  -30.881  -5.223  -30.420 0.0000000000
96593  -31.668  -6.184  -30.397 0.0000000000
154686  -32.727  -7.228  -31.882 0.0000000000
94303  -31.916  -7.855  -30.111 0.0000000000
91946  -23.043  -10.115  -24.705 0.0000000000
91981  -24.390  -9.299  -26.074 0.0000000000
90820  -25.467  -10.676  -25.896 0.0000000000
90835  -27.428  -10.538  -26.304 0.0000000000
88402  -25.900  -12.015  -25.449 0.0000000000
84490  -25.205  -15.501  -23.597 0.0000000000
85829  -26.150  -14.520  -24.444 0.0000000000
84501  -26.785  -15.369  -24.555 0.0000000000
83186  -28.729  -16.046  -24.490 0.0000000000
83169  -27.056  -16.438  -24.291 0.0000000000
109300  -28.303  5.654  -28.569 0.0000000000
110436  -27.544  6.397  -28.103 0.0000000000
111492  -28.329  7.147  -28.922 0.0000000000
113493  -28.459  9.275  -29.077 0.0000000000
110443  -29.552  6.806  -29.637 0.0000000000
108154  -26.485  5.675  -34.272 0.0000000000
98881  -27.800  -4.104  -28.105 0.0000000000
98892  -27.374  -2.846  -28.277 0.0000000000
99991  -29.155  -2.004  -28.955 0.0000000000
102211  -28.407  -0.361  -31.801 0.0000000000
101025  -29.091  -1.830  -31.593 0.0000000000
98947  -31.312  -2.907  -34.314 0.0000000000
101084  -30.234  -1.089  -35.219 0.0000000000
101086  -32.005  -0.929  -35.595 0.0000000000
89619  -30.985  -12.429  -28.081 0.0000000000
90866  -32.653  -11.134  -29.745 0.0000000000
79228  -22.089  -19.734  -20.010 0.0000000000
80554  -22.653  -18.680  -20.709 0.0000000000
81869  -23.036  -17.669  -21.241 0.0000000000
79250  -23.811  -19.766  -21.580 0.0000000000
88363  -23.156  -12.586  -23.546 0.0000000000
88364  -23.935  -12.679  -24.129 0.0000000000
87138  -23.077  -13.213  -23.161 0.0000000000
85793  -23.395  -14.584  -22.774 0.0000000000
83150  -24.020  -16.046  -22.384 0.0000000000
108122  -29.435  4.722  -29.786 0.0000000000
109318  -29.618  5.753  -30.339 0.0000000000
108138  -29.095  4.893  -31.646 0.0000000000
106952  -27.727  3.836  -32.768 0.0000000000
106958  -27.051  3.452  -33.654 0.0000000000
94259  -23.238  -7.504  -26.568 0.0000000000
95397  -25.033  -6.405  -27.248 0.0000000000
97723  -27.922  -4.951  -28.119 0.0000000000
98895  -29.265  -3.875  -29.272 0.0000000000
100011  -29.971  -2.719  -32.031 0.0000000000
98912  -30.350  -4.459  -31.109 0.0000000000
97768  -31.429  -4.340  -33.341 0.0000000000
97783  -32.648  -4.409  -34.365 0.0000000000
96630  -33.859  -6.138  -33.754 0.0000000000
75623  -23.490  -21.916  -20.627 0.0000000000
77963  -24.297  -20.740  -21.610 0.0000000000
93120  -24.042  -8.672  -26.205 0.0000000000
93134  -26.451  -8.250  -26.878 0.0000000000
93137  -29.180  -8.570  -27.826 0.0000000000
93152  -30.555  -8.706  -28.432 0.0000000000
90848  -28.673  -9.970  -27.123 0.0000000000
89617  -29.530  -11.388  -27.067 0.0000000000
88414  -29.726  -12.412  -26.241 0.0000000000
88382  -25.771  -12.590  -25.034 0.0000000000
87179  -28.400  -13.303  -25.310 0.0000000000
87181  -30.104  -13.754  -25.781 0.0000000000
84505  -30.155  -15.451  -25.187 0.0000000000
83172  -30.117  -16.663  -24.185 0.0000000000
110462  -30.056  6.640  -30.746 0.0000000000
103399  -28.452  0.644  -31.132 0.0000000000
104646  -27.643  1.361  -33.238 0.0000000000
105834  -27.439  2.225  -35.103 0.0000000000
101056  -29.195  -1.763  -33.794 0.0000000000
103450  -29.031  0.366  -35.567 0.0000000000
105843  -29.391  2.251  -35.958 0.0000000000
92029  -32.435  -9.924  -30.123 0.0000000000
90885  -33.846  -10.294  -31.204 0.0000000000
84439  -21.623  -15.810  -21.001 0.0000000000
83134  -22.907  -16.548  -21.525 0.0000000000
83135  -23.731  -16.595  -22.026 0.0000000000
81903  -25.371  -18.032  -22.935 0.0000000000
79251  -24.538  -19.915  -22.135 0.0000000000
80583  -25.222  -18.849  -22.738 0.0000000000
81917  -26.249  -17.882  -23.466 0.0000000000
103372  -29.106  0.719  -28.584 0.0000000000
94276  -29.310  -7.580  -28.130 0.0000000000
95402  -29.633  -6.768  -28.333 0.0000000000
95412  -30.257  -6.838  -28.694 0.0000000000
96578  -31.024  -5.977  -29.661 0.0000000000
95414  -31.516  -7.227  -29.735 0.0000000000
95428  -31.879  -7.019  -30.272 0.0000000000
94290  -31.411  -7.838  -29.398 0.0000000000
90782  -23.291  -11.323  -24.358 0.0000000000
90781  -22.734  -10.850  -24.104 0.0000000000
90799  -23.540  -10.829  -24.850 0.0000000000
90819  -24.465  -10.765  -25.495 0.0000000000
90800  -24.191  -11.235  -25.167 0.0000000000
89592  -25.289  -11.625  -25.496 0.0000000000
89591  -24.597  -11.504  -25.270 0.0000000000
84491  -26.004  -15.411  -24.090 0.0000000000
109301  -28.965  5.654  -29.026 0.0000000000
110437  -28.058  6.466  -28.562 0.0000000000
111501  -28.355  7.758  -28.965 0.0000000000
111502  -28.915  7.577  -29.282 0.0000000000
108162  -26.373  5.258  -35.286 0.0000000000
109342  -26.591  7.111  -35.547 0.0000000000
108178  -26.984  5.702  -36.791 0.0000000000
108171  -28.678  4.644  -36.049 0.0000000000
99983  -29.049  -3.217  -28.878 0.0000000000
98880  -26.893  -3.458  -28.017 0.0000000000
98893  -27.868  -3.190  -28.288 0.0000000000
99982  -28.690  -2.519  -28.588 0.0000000000
100000  -29.436  -2.681  -30.895 0.0000000000
100045  -31.704  -2.463  -34.550 0.0000000000
101071  -31.394  -1.717  -35.069 0.0000000000
88423  -30.678  -13.061  -27.737 0.0000000000
89632  -31.776  -12.146  -28.414 0.0000000000
88424  -31.850  -13.155  -27.868 0.0000000000
77949  -22.590  -20.605  -20.318 0.0000000000
79238  -22.643  -19.734  -20.536 0.0000000000
80542  -22.142  -19.034  -20.251 0.0000000000
79239  -23.220  -19.684  -21.055 0.0000000000
80555  -23.436  -18.838  -21.241 0.0000000000
88351  -22.540  -12.624  -23.068 0.0000000000
87123  -22.594  -13.594  -22.739 0.0000000000
84474  -23.355  -15.452  -22.266 0.0000000000
84475  -24.064  -15.518  -22.705 0.0000000000
108116  -29.200  4.653  -29.030 0.0000000000
106941  -29.301  3.671  -30.857 0.0000000000
105810  -28.182  2.875  -31.900 0.0000000000
105818  -27.729  2.545  -33.007 0.0000000000
94271  -24.900  -7.175  -26.908 0.0000000000
95398  -26.086  -6.486  -27.403 0.0000000000
96564  -29.367  -5.745  -28.451 0.0000000000
96562  -27.463  -5.716  -27.949 0.0000000000
97724  -28.612  -4.924  -28.418 0.0000000000
98882  -28.227  -4.466  -28.294 0.0000000000
97734  -29.301  -4.724  -28.786 0.0000000000
98903  -29.861  -3.882  -30.263 0.0000000000
98904  -30.279  -4.568  -30.476 0.0000000000
97755  -31.321  -5.178  -31.793 0.0000000000
97762  -31.323  -4.589  -32.879 0.0000000000
98930  -31.464  -4.189  -33.517 0.0000000000
97775  -31.988  -4.930  -33.870 0.0000000000
97776  -33.080  -5.660  -33.801 0.0000000000
96624  -32.968  -6.326  -33.063 0.0000000000
154678  -32.842  -7.850  -31.687 0.0000000000
154692  -32.879  -7.001  -32.176 0.0000000000
93192  -34.367  -8.563  -32.112 0.0000000000
75612  -23.269  -22.446  -20.231 0.0000000000
75624  -23.930  -22.162  -20.746 0.0000000000
93101  -22.767  -8.800  -25.500 0.0000000000
93119  -22.978  -8.299  -26.073 0.0000000000
93102  -23.425  -9.017  -25.747 0.0000000000
91983  -25.895  -9.703  -26.415 0.0000000000
91997  -25.508  -9.061  -26.588 0.0000000000
91998  -26.209  -9.039  -26.639 0.0000000000
93135  -27.353  -8.328  -27.150 0.0000000000
92000  -28.047  -9.349  -26.984 0.0000000000
92001  -28.861  -9.432  -27.395 0.0000000000
91985  -27.560  -9.836  -26.583 0.0000000000
89604  -27.197  -11.204  -25.935 0.0000000000
90837  -29.123  -10.993  -26.939 0.0000000000
89605  -28.237  -11.416  -26.182 0.0000000000
89607  -29.753  -12.003  -26.946 0.0000000000
88413  -29.038  -11.842  -26.074 0.0000000000
88365  -24.530  -13.076  -24.200 0.0000000000
88381  -24.741  -12.646  -24.560 0.0000000000
87158  -25.559  -13.542  -24.429 0.0000000000
85830  -26.967  -14.569  -24.789 0.0000000000
87160  -27.311  -13.794  -25.009 0.0000000000
87161  -28.135  -13.933  -25.036 0.0000000000
87180  -29.387  -13.507  -25.513 0.0000000000
85847  -29.292  -14.295  -25.271 0.0000000000
85848  -30.045  -14.515  -25.498 0.0000000000
85833  -29.468  -14.886  -25.194 0.0000000000
83170  -28.250  -16.649  -24.111 0.0000000000
83187  -29.648  -16.176  -24.702 0.0000000000
83171  -29.224  -16.663  -24.100 0.0000000000
81922  -30.470  -16.729  -23.529 0.0000000000
110461  -29.856  6.319  -30.627 0.0000000000
109326  -29.701  6.171  -31.218 0.0000000000
96546  -23.720  -5.641  -27.385 0.0000000000
102178  -27.920  -0.739  -28.128 0.0000000000
102179  -28.680  -0.375  -28.436 0.0000000000
103400  -28.730  0.456  -30.646 0.0000000000
102200  -28.959  -0.027  -30.588 0.0000000000
102223  -28.294  -0.460  -32.803 0.0000000000
103412  -27.910  0.452  -32.404 0.0000000000
103425  -27.799  0.273  -33.554 0.0000000000
104658  -27.654  1.239  -34.325 0.0000000000
103438  -28.300  0.353  -34.572 0.0000000000
101041  -29.327  -1.865  -32.645 0.0000000000
102268  -30.440  -0.382  -35.784 0.0000000000
102248  -29.533  -0.630  -35.218 0.0000000000
103459  -29.431  0.868  -36.028 0.0000000000
104685  -28.973  1.425  -35.934 0.0000000000
104686  -29.861  1.322  -36.104 0.0000000000
105844  -30.404  1.951  -35.954 0.0000000000
92014  -30.510  -9.800  -28.147 0.0000000000
92028  -31.924  -9.492  -29.280 0.0000000000
92015  -31.410  -9.837  -28.697 0.0000000000
90875  -33.601  -10.899  -30.665 0.0000000000
83119  -21.308  -16.454  -20.483 0.0000000000
83120  -22.156  -16.583  -21.072 0.0000000000
81870  -23.639  -18.311  -21.477 0.0000000000
81885  -23.404  -17.154  -21.654 0.0000000000
81886  -24.012  -17.813  -21.793 0.0000000000
83136  -24.326  -17.265  -22.265 0.0000000000
81887  -24.711  -17.935  -22.485 0.0000000000
80584  -25.958  -18.897  -23.137 0.0000000000
87107  -22.072  -13.981  -22.387 0.0000000000
85776  -22.062  -14.583  -21.999 0.0000000000
84455  -22.165  -15.515  -21.504 0.0000000000
105788  -29.238  2.680  -30.200 0.0000000000
105798  -28.417  2.568  -31.339 0.0000000000
104617  -28.264  1.940  -31.208 0.0000000000
94273  -26.676  -7.447  -27.364 0.0000000000
95399  -26.998  -6.593  -27.799 0.0000000000
95400  -27.922  -6.652  -28.003 0.0000000000
97736  -30.618  -5.411  -29.553 0.0000000000
154690  -31.622  -5.778  -30.814 0.0000000000
154688  -32.268  -6.320  -31.495 0.0000000000
154683  -32.119  -6.743  -30.775 0.0000000000
94304  -32.415  -7.590  -31.109 0.0000000000
93180  -32.977  -8.596  -31.241 0.0000000000
90798  -22.937  -10.358  -24.493 0.0000000000
91963  -23.233  -9.666  -25.151 0.0000000000
91964  -24.167  -9.653  -25.722 0.0000000000
91965  -24.796  -10.153  -25.806 0.0000000000
90833  -25.669  -10.120  -26.161 0.0000000000
90821  -26.093  -10.998  -25.915 0.0000000000
89603  -26.511  -11.196  -25.835 0.0000000000
89594  -26.910  -11.788  -25.663 0.0000000000
85812  -25.261  -14.567  -23.901 0.0000000000
85828  -25.592  -14.246  -24.188 0.0000000000
85813  -25.754  -14.699  -24.157 0.0000000000
84502  -27.474  -15.272  -24.655 0.0000000000
84503  -28.286  -15.312  -24.672 0.0000000000
83184  -27.267  -15.766  -24.506 0.0000000000
81919  -27.854  -17.416  -23.728 0.0000000000
109299  -27.764  5.606  -28.137 0.0000000000
111491  -27.897  7.348  -28.575 0.0000000000
112500  -28.202  8.315  -28.787 0.0000000000
111503  -29.773  7.859  -29.624 0.0000000000
108144  -27.349  6.077  -33.610 0.0000000000
109336  -29.182  6.266  -32.432 0.0000000000
109334  -27.631  6.749  -33.876 0.0000000000
99968  -25.158  -2.427  -27.963 0.0000000000
99980  -26.990  -2.387  -28.297 0.0000000000
101007  -29.191  -1.396  -29.374 0.0000000000
102199  -28.668  -0.529  -31.044 0.0000000000
101016  -28.926  -1.299  -30.525 0.0000000000
101040  -28.804  -1.085  -32.187 0.0000000000
101055  -28.894  -1.106  -33.050 0.0000000000
100036  -30.331  -2.939  -34.329 0.0000000000
100035  -29.872  -2.678  -34.314 0.0000000000
101070  -30.510  -1.743  -34.982 0.0000000000
101085  -31.060  -1.027  -35.471 0.0000000000
103465  -31.604  0.197  -36.329 0.0000000000
89631  -30.811  -11.636  -28.141 0.0000000000
90865  -31.967  -11.087  -28.939 0.0000000000
89633  -33.008  -12.061  -28.828 0.0000000000
80553  -21.911  -18.316  -20.306 0.0000000000
80570  -24.031  -18.919  -21.724 0.0000000000
89559  -22.469  -11.728  -23.440 0.0000000000
89560  -23.201  -11.823  -24.011 0.0000000000
88380  -24.135  -12.217  -24.524 0.0000000000
87139  -23.737  -13.547  -23.510 0.0000000000
87124  -23.313  -13.835  -23.076 0.0000000000
85811  -24.445  -14.582  -23.489 0.0000000000
85794  -24.061  -14.900  -23.067 0.0000000000
84489  -24.595  -15.570  -23.181 0.0000000000
83167  -25.089  -16.135  -23.319 0.0000000000
108103  -27.515  4.524  -27.806 0.0000000000
108114  -27.977  5.075  -28.258 0.0000000000
109308  -29.420  5.685  -29.678 0.0000000000
108130  -29.432  4.853  -30.615 0.0000000000
108137  -28.673  4.935  -32.194 0.0000000000
106948  -28.761  3.503  -31.486 0.0000000000
106947  -28.496  4.196  -32.155 0.0000000000
108145  -28.152  5.295  -32.716 0.0000000000
106951  -26.880  4.786  -33.283 0.0000000000
106957  -26.500  4.362  -34.404 0.0000000000
105825  -27.105  3.304  -34.732 0.0000000000
96560  -25.563  -5.452  -27.450 0.0000000000
96561  -26.566  -5.581  -27.646 0.0000000000
97722  -27.157  -4.713  -27.795 0.0000000000
98894  -28.610  -3.877  -28.548 0.0000000000
98911  -30.139  -3.464  -31.357 0.0000000000
100025  -30.295  -3.290  -32.587 0.0000000000
98922  -30.504  -3.972  -32.153 0.0000000000
98929  -30.797  -3.718  -33.261 0.0000000000
98939  -30.840  -3.192  -34.052 0.0000000000
98948  -32.009  -3.549  -34.167 0.0000000000
98949  -33.135  -3.934  -34.634 0.0000000000
97784  -33.355  -5.063  -34.228 0.0000000000
87196  -31.489  -14.267  -26.653 0.0000000000
76727  -23.098  -21.457  -20.549 0.0000000000
77962  -23.623  -20.392  -21.334 0.0000000000
94261  -25.084  -7.805  -26.774 0.0000000000
93121  -24.906  -8.522  -26.589 0.0000000000
94274  -27.595  -7.516  -27.646 0.0000000000
93151  -29.778  -8.301  -28.194 0.0000000000
93138  -29.895  -9.033  -28.134 0.0000000000
92002  -29.699  -9.679  -27.719 0.0000000000
90836  -28.440  -10.525  -26.770 0.0000000000
90849  -29.365  -10.574  -27.265 0.0000000000
90850  -30.325  -10.738  -27.772 0.0000000000
89618  -30.163  -11.867  -27.556 0.0000000000
88415  -29.976  -12.879  -27.197 0.0000000000
89576  -24.913  -12.028  -25.076 0.0000000000
88403  -26.485  -12.285  -25.432 0.0000000000
87159  -26.435  -13.676  -24.780 0.0000000000
88383  -26.799  -13.064  -25.180 0.0000000000
88404  -27.515  -12.674  -25.420 0.0000000000
88406  -29.537  -12.796  -25.709 0.0000000000
87193  -29.968  -13.132  -25.833 0.0000000000
87194  -30.290  -13.583  -26.464 0.0000000000
85863  -30.999  -14.329  -26.286 0.0000000000
85849  -30.979  -14.851  -25.521 0.0000000000
84504  -29.168  -15.428  -24.863 0.0000000000
83188  -30.540  -16.122  -24.641 0.0000000000
110452  -29.835  6.447  -30.242 0.0000000000
103373  -29.210  0.772  -29.320 0.0000000000
103386  -28.514  0.912  -30.665 0.0000000000
105826  -27.269  2.275  -34.017 0.0000000000
105833  -27.391  3.286  -35.714 0.0000000000
101069  -29.729  -1.645  -34.719 0.0000000000
102247  -28.840  -0.345  -34.767 0.0000000000
104672  -28.220  1.335  -35.285 0.0000000000
105842  -28.213  2.592  -35.961 0.0000000000
105841  -27.656  3.395  -36.221 0.0000000000
106975  -28.996  3.378  -36.048 0.0000000000
93153  -31.430  -8.683  -28.913 0.0000000000
93166  -31.936  -8.749  -29.701 0.0000000000
92043  -33.259  -9.634  -30.940 0.0000000000
92016  -32.108  -10.306  -29.316 0.0000000000
92057  -33.624  -9.126  -31.445 0.0000000000
84456  -22.975  -15.830  -21.804 0.0000000000
83151  -24.750  -16.732  -22.809 0.0000000000
83152  -25.627  -17.517  -23.217 0.0000000000
79262  -25.046  -19.535  -22.541 0.0000000000
81918  -26.915  -17.654  -23.815 0.0000000000
76728  -23.635  -21.504  -20.929 0.0000000000
77951  -23.797  -21.019  -21.263 0.0000000000
80596  -26.301  -18.550  -23.382 0.0000000000
81904  -25.899  -18.193  -23.242 0.0000000000
83185  -27.832  -15.909  -24.414 0.0000000000
84516  -30.479  -15.031  -25.384 0.0000000000
85810  -23.780  -14.287  -23.198 0.0000000000
85831  -27.809  -14.591  -24.843 0.0000000000
85862  -30.506  -14.187  -25.885 0.0000000000
87141  -25.183  -13.869  -24.101 0.0000000000
87157  -24.914  -13.349  -24.221 0.0000000000
87162  -28.797  -13.933  -25.207 0.0000000000
87178  -27.738  -13.396  -25.193 0.0000000000
87195  -30.826  -14.076  -26.892 0.0000000000
87206  -30.517  -13.580  -27.232 0.0000000000
88384  -27.334  -13.248  -25.221 0.0000000000
88405  -28.742  -12.418  -25.661 0.0000000000
88436  -32.094  -12.720  -28.152 0.0000000000
89575  -24.236  -11.760  -24.880 0.0000000000
89593  -26.083  -11.524  -25.698 0.0000000000
89606  -29.166  -11.468  -26.584 0.0000000000
90818  -23.842  -10.237  -25.319 0.0000000000
90834  -26.364  -10.532  -26.111 0.0000000000
91982  -24.968  -9.562  -26.223 0.0000000000
91999  -27.088  -9.046  -26.647 0.0000000000
92044  -33.929  -9.832  -31.469 0.0000000000
93133  -25.637  -8.356  -26.757 0.0000000000
93136  -28.249  -8.453  -27.474 0.0000000000
93167  -32.477  -8.724  -30.521 0.0000000000
94260  -24.305  -7.532  -26.645 0.0000000000
94288  -30.060  -7.637  -28.385 0.0000000000
95401  -28.835  -6.672  -28.141 0.0000000000
95413  -30.923  -6.864  -29.290 0.0000000000
95427  -31.437  -6.625  -29.804 0.0000000000
96559  -24.474  -5.328  -27.436 0.0000000000
96565  -29.936  -6.261  -28.498 0.0000000000
96576  -29.862  -5.197  -28.758 0.0000000000
97748  -30.277  -4.604  -30.124 0.0000000000
98921  -30.269  -3.338  -31.912 0.0000000000
98928  -30.215  -3.172  -33.871 0.0000000000
98938  -30.229  -3.056  -34.183 0.0000000000
98940  -31.470  -3.876  -33.728 0.0000000000
99969  -26.154  -2.487  -28.096 0.0000000000
99981  -27.768  -2.309  -28.301 0.0000000000
100012  -30.298  -3.309  -32.176 0.0000000000
100043  -30.135  -2.212  -34.708 0.0000000000
100044  -30.712  -2.537  -34.608 0.0000000000
100991  -26.617  -1.076  -27.953 0.0000000000
101006  -28.941  -1.422  -28.708 0.0000000000
101015  -28.640  -0.996  -30.931 0.0000000000
101024  -28.643  -1.058  -31.323 0.0000000000
102189  -29.217  -0.269  -29.704 0.0000000000
102234  -29.146  -1.011  -34.463 0.0000000000
102269  -31.655  -0.319  -36.117 0.0000000000
102284  -31.882  0.004  -36.337 0.0000000000
102285  -32.153  -0.006  -36.290 0.0000000000
103387  -28.762  0.808  -30.256 0.0000000000
103451  -29.708  -0.081  -35.734 0.0000000000
103460  -30.024  0.448  -36.074 0.0000000000
103461  -30.996  0.214  -36.246 0.0000000000
103466  -31.961  0.241  -36.362 0.0000000000
104618  -28.458  1.945  -30.739 0.0000000000
104701  -31.336  0.500  -36.312 0.0000000000
105799  -28.737  2.614  -30.938 0.0000000000
106966  -26.804  4.221  -35.520 0.0000000000
106974  -28.039  3.843  -36.399 0.0000000000
108153  -26.319  6.312  -35.232 0.0000000000
108161  -26.308  5.915  -35.877 0.0000000000
108168  -26.558  6.203  -36.330 0.0000000000
108169  -26.655  5.269  -36.340 0.0000000000
108170  -27.589  5.302  -36.491 0.0000000000
108176  -26.725  6.478  -36.542 0.0000000000
108177  -26.811  6.113  -36.636 0.0000000000
109335  -28.295  6.679  -33.458 0.0000000000
109343  -27.227  7.049  -34.637 0.0000000000
109344  -27.812  7.070  -33.990 0.0000000000
109354  -26.366  6.652  -35.961 0.0000000000
109355  -27.785  6.721  -36.373 0.0000000000
109360  -26.650  6.842  -36.414 0.0000000000
109361  -26.893  6.784  -36.703 0.0000000000
109362  -27.200  6.330  -36.746 0.0000000000
110476  -27.839  7.636  -34.839 0.0000000000
110496  -26.636  7.386  -36.154 0.0000000000
110497  -26.898  7.448  -36.576 0.0000000000
110498  -27.362  7.372  -36.618 0.0000000000
111532  -27.692  7.916  -35.370 0.0000000000
111538  -27.702  8.246  -36.298 0.0000000000
111541  -26.986  7.846  -35.710 0.0000000000
111542  -26.992  7.916  -36.370 0.0000000000
111543  -27.206  7.863  -36.574 0.0000000000
154677  -32.863  -8.129  -31.520 0.0000000000
154680  -33.058  -7.566  -31.971 0.0000000000
154681  -32.680  -7.475  -31.685 0.0000000000
154682  -32.539  -7.103  -31.591 0.0000000000
154687  -32.578  -6.927  -31.810 0.0000000000
154694  -31.933  -5.390  -32.818 0.0000000000
154698  -31.525  -5.591  -31.114 0.0000000000
