#!ascii label  , from subject 3411 vox2ras=TkReg
1185
67212  33.848  -20.783  40.934 0.0000000000
86555  40.598  -4.178  26.253 0.0000000000
76934  34.819  -13.752  35.833 0.0000000000
53889  12.373  -31.165  55.013 0.0000000000
64634  25.968  -20.788  48.344 0.0000000000
80735  34.329  -9.307  33.643 0.0000000000
56233  19.536  -29.236  50.125 0.0000000000
52876  17.919  -33.391  52.396 0.0000000000
61097  21.184  -25.748  47.294 0.0000000000
84113  45.166  -6.768  25.305 0.0000000000
69506  39.390  -18.167  41.361 0.0000000000
72939  39.908  -15.683  39.550 0.0000000000
65990  39.992  -21.112  41.762 0.0000000000
89062  45.146  -1.980  26.274 0.0000000000
87865  48.090  -3.540  22.937 0.0000000000
86506  37.204  -4.260  30.431 0.0000000000
81822  41.196  -8.188  29.255 0.0000000000
80775  37.197  -9.345  30.625 0.0000000000
76944  39.195  -13.404  33.904 0.0000000000
63594  30.793  -23.962  44.176 0.0000000000
51701  12.078  -35.242  58.532 0.0000000000
49474  6.628  -35.678  60.173 0.0000000000
49405  4.029  -35.407  64.709 0.0000000000
68290  29.860  -18.992  44.410 0.0000000000
62410  25.690  -25.296  45.323 0.0000000000
74182  31.998  -14.679  40.480 0.0000000000
76845  38.132  -12.435  40.661 0.0000000000
89099  52.692  -2.914  22.989 0.0000000000
84115  43.248  -5.958  25.466 0.0000000000
84083  42.644  -6.911  27.084 0.0000000000
68350  36.512  -19.533  41.479 0.0000000000
68363  39.012  -19.281  40.311 0.0000000000
65993  37.483  -21.554  41.183 0.0000000000
89025  41.167  -2.164  28.530 0.0000000000
90248  43.458  -0.814  28.294 0.0000000000
89080  42.921  -2.996  25.585 0.0000000000
86570  44.690  -4.395  24.216 0.0000000000
44958  6.178  -40.069  65.013 0.0000000000
84046  36.787  -6.897  29.696 0.0000000000
82887  35.601  -7.331  31.975 0.0000000000
78247  33.618  -11.462  34.438 0.0000000000
78273  35.678  -11.637  32.647 0.0000000000
76946  37.163  -14.068  34.260 0.0000000000
76883  37.729  -13.013  37.021 0.0000000000
53925  14.331  -31.453  54.004 0.0000000000
51772  16.708  -34.203  55.167 0.0000000000
52824  13.941  -33.416  56.016 0.0000000000
51716  14.293  -34.544  58.060 0.0000000000
51735  11.856  -33.673  56.824 0.0000000000
52785  6.832  -32.808  59.771 0.0000000000
49445  4.529  -35.631  62.396 0.0000000000
65912  28.337  -19.382  47.060 0.0000000000
65957  26.746  -21.244  44.206 0.0000000000
64681  25.189  -21.520  44.918 0.0000000000
56232  23.863  -29.714  48.727 0.0000000000
59757  23.837  -26.899  48.927 0.0000000000
71802  42.172  -16.312  40.360 0.0000000000
75502  39.171  -14.208  39.612 0.0000000000
80733  35.914  -7.478  33.925 0.0000000000
80676  33.730  -8.690  36.454 0.0000000000
79492  32.079  -10.446  36.857 0.0000000000
53956  21.856  -32.384  48.725 0.0000000000
51794  20.592  -34.029  52.075 0.0000000000
53975  18.561  -31.735  49.980 0.0000000000
55015  15.685  -30.768  52.263 0.0000000000
56153  13.320  -29.158  54.054 0.0000000000
65918  22.116  -21.619  47.014 0.0000000000
64638  20.151  -22.888  48.358 0.0000000000
57429  20.548  -27.980  48.271 0.0000000000
72896  38.642  -15.016  42.230 0.0000000000
72913  37.387  -15.397  41.404 0.0000000000
71813  39.709  -16.779  40.101 0.0000000000
68373  40.821  -18.660  40.019 0.0000000000
87830  49.064  -2.885  25.032 0.0000000000
87844  45.949  -2.908  24.490 0.0000000000
85315  47.027  -4.847  23.260 0.0000000000
87808  39.010  -3.462  28.148 0.0000000000
84063  41.034  -6.909  27.718 0.0000000000
84065  38.845  -6.719  28.315 0.0000000000
80783  39.000  -9.203  29.490 0.0000000000
78283  40.281  -11.021  31.373 0.0000000000
79586  35.849  -9.718  31.699 0.0000000000
78270  38.736  -11.737  31.806 0.0000000000
65965  32.055  -21.727  42.536 0.0000000000
64716  34.579  -22.455  43.132 0.0000000000
87799  39.835  -2.639  30.327 0.0000000000
53852  9.499  -31.083  57.152 0.0000000000
51721  8.977  -33.637  57.871 0.0000000000
50595  8.974  -35.489  59.197 0.0000000000
49442  9.441  -36.691  61.793 0.0000000000
48146  7.242  -37.129  61.614 0.0000000000
45983  5.222  -38.173  62.805 0.0000000000
46966  3.859  -37.183  65.289 0.0000000000
45914  2.797  -37.210  66.130 0.0000000000
68339  31.398  -19.880  42.189 0.0000000000
65968  29.449  -21.729  42.372 0.0000000000
62420  28.712  -24.885  44.721 0.0000000000
62413  22.813  -24.139  45.737 0.0000000000
75529  32.801  -14.090  37.299 0.0000000000
74179  35.420  -15.266  40.557 0.0000000000
76864  35.686  -14.303  38.749 0.0000000000
76885  36.078  -13.733  37.563 0.0000000000
63606  38.117  -23.194  43.814 0.0000000000
89116  54.222  -2.406  21.623 0.0000000000
89102  50.544  -2.925  22.428 0.0000000000
89119  51.642  -3.310  21.022 0.0000000000
85295  41.867  -4.908  25.682 0.0000000000
84100  42.403  -6.224  26.132 0.0000000000
84101  41.617  -5.804  26.236 0.0000000000
68366  35.281  -19.977  40.749 0.0000000000
67209  36.082  -20.454  40.578 0.0000000000
65995  35.575  -21.615  41.049 0.0000000000
87825  40.717  -3.374  26.462 0.0000000000
89065  41.862  -2.482  26.545 0.0000000000
87824  41.350  -3.389  25.994 0.0000000000
86562  42.715  -4.295  25.204 0.0000000000
43808  5.120  -40.086  64.749 0.0000000000
82885  36.744  -5.923  32.188 0.0000000000
81786  36.809  -6.465  33.375 0.0000000000
76949  34.119  -12.754  34.735 0.0000000000
76959  35.417  -12.905  34.005 0.0000000000
76948  35.192  -13.388  34.764 0.0000000000
76908  37.930  -13.730  36.210 0.0000000000
76909  36.985  -13.695  36.460 0.0000000000
53908  13.463  -31.307  54.476 0.0000000000
53886  14.379  -32.716  55.002 0.0000000000
53866  12.991  -32.252  55.485 0.0000000000
52810  13.478  -33.778  56.633 0.0000000000
52826  11.949  -32.562  55.755 0.0000000000
65914  26.492  -20.281  46.785 0.0000000000
65933  26.636  -20.416  46.087 0.0000000000
64663  25.389  -20.890  46.109 0.0000000000
53942  24.202  -32.017  50.177 0.0000000000
75456  34.577  -14.393  43.657 0.0000000000
72924  42.217  -15.212  40.514 0.0000000000
79511  32.952  -9.097  36.730 0.0000000000
79482  32.335  -9.425  38.206 0.0000000000
53987  20.395  -30.910  48.599 0.0000000000
52907  19.946  -32.648  49.839 0.0000000000
55058  19.310  -30.238  49.441 0.0000000000
56204  16.911  -29.840  51.108 0.0000000000
57368  15.189  -28.717  52.561 0.0000000000
57355  14.482  -29.287  53.032 0.0000000000
65868  22.255  -21.086  49.003 0.0000000000
59738  19.572  -26.577  50.404 0.0000000000
59747  19.456  -25.923  49.234 0.0000000000
57412  20.457  -28.407  48.698 0.0000000000
55074  21.616  -30.358  47.949 0.0000000000
71795  39.607  -15.644  41.175 0.0000000000
70710  39.544  -17.632  40.439 0.0000000000
66009  39.343  -20.730  41.004 0.0000000000
68362  39.858  -19.341  40.189 0.0000000000
67205  40.397  -19.839  40.673 0.0000000000
68348  41.750  -19.022  41.089 0.0000000000
67182  41.330  -20.658  42.356 0.0000000000
89043  44.552  -1.548  26.931 0.0000000000
89089  46.906  -2.759  25.572 0.0000000000
89077  45.731  -2.352  25.697 0.0000000000
85304  44.971  -5.094  24.159 0.0000000000
86579  45.459  -4.289  23.824 0.0000000000
85303  45.634  -5.527  24.073 0.0000000000
87809  38.320  -3.401  28.941 0.0000000000
85257  38.476  -5.453  28.086 0.0000000000
85258  37.684  -5.122  28.458 0.0000000000
81814  37.255  -8.620  30.016 0.0000000000
82909  37.516  -7.909  29.430 0.0000000000
80774  38.228  -9.602  30.135 0.0000000000
79600  39.889  -10.177  30.368 0.0000000000
79601  39.207  -10.211  30.460 0.0000000000
80716  34.871  -8.400  34.475 0.0000000000
80734  35.034  -8.248  33.453 0.0000000000
80749  34.613  -9.301  32.948 0.0000000000
76956  38.367  -13.353  33.087 0.0000000000
78272  36.719  -11.755  32.321 0.0000000000
78258  38.516  -12.614  32.408 0.0000000000
78256  40.442  -12.253  32.938 0.0000000000
64700  31.528  -23.449  44.046 0.0000000000
64677  32.810  -23.135  44.380 0.0000000000
86505  38.428  -3.642  31.116 0.0000000000
87800  38.984  -2.939  30.411 0.0000000000
89027  39.472  -2.566  28.773 0.0000000000
52875  18.771  -33.622  51.940 0.0000000000
51783  19.371  -34.391  53.451 0.0000000000
51700  13.010  -35.079  58.703 0.0000000000
51699  13.884  -34.976  58.934 0.0000000000
51683  13.493  -35.450  59.732 0.0000000000
50580  11.945  -35.753  60.081 0.0000000000
53834  8.549  -30.267  59.197 0.0000000000
52814  9.250  -32.424  57.315 0.0000000000
52802  8.124  -31.910  58.219 0.0000000000
50584  6.054  -34.349  60.132 0.0000000000
50596  7.916  -34.844  59.094 0.0000000000
49489  7.844  -35.465  59.730 0.0000000000
49471  9.368  -35.936  60.362 0.0000000000
48158  7.900  -36.374  60.773 0.0000000000
48145  8.042  -36.750  61.247 0.0000000000
48160  6.443  -36.568  60.784 0.0000000000
49419  4.273  -35.493  63.993 0.0000000000
48136  4.493  -36.679  62.570 0.0000000000
48110  4.060  -36.328  63.976 0.0000000000
45969  4.309  -37.844  63.919 0.0000000000
48099  3.937  -36.268  65.032 0.0000000000
68288  31.444  -19.105  45.056 0.0000000000
68322  32.448  -19.441  43.256 0.0000000000
68305  30.566  -19.131  43.745 0.0000000000
67175  29.971  -20.170  42.364 0.0000000000
67159  28.797  -19.797  43.395 0.0000000000
63598  26.016  -23.520  43.847 0.0000000000
64723  27.215  -23.051  43.296 0.0000000000
62409  27.098  -25.317  45.134 0.0000000000
64668  21.376  -23.001  46.506 0.0000000000
64667  22.304  -22.708  45.808 0.0000000000
62399  22.129  -24.589  46.540 0.0000000000
61080  23.841  -26.164  49.123 0.0000000000
82923  40.797  -7.365  28.287 0.0000000000
82922  41.391  -7.291  28.282 0.0000000000
82905  41.785  -7.684  29.042 0.0000000000
75497  31.090  -13.511  40.258 0.0000000000
76865  30.933  -12.529  38.877 0.0000000000
74210  31.820  -14.452  38.865 0.0000000000
72941  38.241  -15.359  40.190 0.0000000000
74161  35.666  -15.482  41.573 0.0000000000
74196  37.508  -15.071  40.029 0.0000000000
76855  37.997  -13.112  40.219 0.0000000000
76857  36.787  -13.875  39.434 0.0000000000
76862  36.843  -13.372  39.239 0.0000000000
76871  36.113  -13.801  38.317 0.0000000000
78179  36.600  -13.051  38.645 0.0000000000
78178  37.178  -12.554  38.423 0.0000000000
63608  36.470  -23.134  43.778 0.0000000000
89108  53.530  -2.705  22.332 0.0000000000
87853  48.517  -3.082  23.259 0.0000000000
87841  49.306  -2.826  24.007 0.0000000000
87863  49.545  -3.271  21.992 0.0000000000
87871  51.188  -3.751  20.734 0.0000000000
87897  52.058  -4.101  19.843 0.0000000000
57387  19.437  -27.858  51.015 0.0000000000
56218  18.400  -29.224  50.444 0.0000000000
84114  44.195  -6.295  25.295 0.0000000000
84097  45.479  -7.138  26.308 0.0000000000
84098  44.435  -6.974  26.248 0.0000000000
69508  38.147  -18.984  41.426 0.0000000000
69516  39.096  -18.598  40.502 0.0000000000
68364  37.813  -19.441  40.906 0.0000000000
66011  37.837  -20.894  40.831 0.0000000000
65992  38.541  -21.539  41.421 0.0000000000
89002  42.634  -1.129  28.855 0.0000000000
89024  42.143  -1.821  28.288 0.0000000000
89044  43.493  -1.595  26.973 0.0000000000
89063  44.085  -1.993  26.174 0.0000000000
89092  44.765  -2.896  24.766 0.0000000000
87834  43.365  -3.617  25.099 0.0000000000
85306  43.790  -4.972  24.826 0.0000000000
45949  7.116  -38.887  64.309 0.0000000000
85224  37.597  -4.508  31.422 0.0000000000
86508  36.556  -5.499  29.700 0.0000000000
85215  36.607  -5.640  31.072 0.0000000000
82896  36.504  -7.573  30.381 0.0000000000
81815  36.456  -8.623  30.821 0.0000000000
79551  33.995  -10.442  33.944 0.0000000000
79568  34.712  -10.566  32.850 0.0000000000
78262  34.526  -11.937  33.666 0.0000000000
76958  36.293  -13.285  33.632 0.0000000000
76945  38.245  -13.854  34.044 0.0000000000
76907  38.859  -13.732  35.911 0.0000000000
78194  39.780  -12.841  37.269 0.0000000000
62406  30.020  -24.979  45.738 0.0000000000
53923  15.633  -32.349  53.379 0.0000000000
52860  17.049  -33.505  53.541 0.0000000000
52862  15.570  -32.947  54.155 0.0000000000
52835  15.404  -33.980  55.627 0.0000000000
51750  15.450  -34.416  57.115 0.0000000000
52801  13.134  -34.187  57.147 0.0000000000
51718  12.299  -34.396  57.500 0.0000000000
52784  7.044  -31.637  60.293 0.0000000000
51667  5.926  -33.224  61.158 0.0000000000
51668  5.945  -33.910  61.300 0.0000000000
49475  5.604  -35.856  60.699 0.0000000000
50557  5.174  -34.229  62.236 0.0000000000
50527  4.777  -34.208  63.998 0.0000000000
50504  4.766  -33.703  65.956 0.0000000000
67124  28.881  -18.910  46.057 0.0000000000
67160  27.978  -20.120  44.042 0.0000000000
65947  26.744  -20.557  45.174 0.0000000000
64703  25.647  -22.330  44.156 0.0000000000
63599  25.378  -23.271  44.151 0.0000000000
58569  22.498  -27.621  47.352 0.0000000000
59768  22.761  -26.720  47.588 0.0000000000
57393  24.131  -28.638  49.083 0.0000000000
81810  41.668  -8.625  30.005 0.0000000000
75481  32.530  -14.565  42.083 0.0000000000
72938  40.625  -15.625  39.534 0.0000000000
74194  39.146  -14.983  39.519 0.0000000000
74192  40.781  -14.858  39.613 0.0000000000
75488  40.263  -13.676  40.336 0.0000000000
87827  51.946  -2.870  24.365 0.0000000000
43792  3.479  -40.379  65.448 0.0000000000
80696  35.561  -7.641  35.246 0.0000000000
80697  34.783  -8.377  35.387 0.0000000000
80698  34.001  -9.059  35.600 0.0000000000
79539  33.428  -10.177  34.953 0.0000000000
79530  32.872  -10.656  35.717 0.0000000000
76936  33.123  -12.557  35.784 0.0000000000
52889  22.418  -33.324  50.129 0.0000000000
51780  22.722  -34.511  52.466 0.0000000000
52890  21.254  -33.479  50.567 0.0000000000
52891  20.049  -33.484  50.968 0.0000000000
52893  17.958  -32.820  51.373 0.0000000000
56219  17.624  -29.739  50.414 0.0000000000
55030  16.770  -30.882  51.123 0.0000000000
53945  16.195  -31.409  52.040 0.0000000000
55016  15.054  -30.802  53.009 0.0000000000
54999  13.658  -29.895  53.765 0.0000000000
54971  12.372  -30.129  54.689 0.0000000000
64652  24.595  -21.107  47.365 0.0000000000
65894  23.090  -21.065  48.210 0.0000000000
65896  21.249  -21.936  48.009 0.0000000000
63540  20.171  -24.066  47.612 0.0000000000
63506  19.287  -23.753  49.591 0.0000000000
61083  19.726  -25.455  48.421 0.0000000000
59770  20.743  -26.620  47.484 0.0000000000
56271  21.932  -29.120  47.421 0.0000000000
53970  22.906  -31.622  48.343 0.0000000000
74132  36.980  -14.763  43.426 0.0000000000
74145  36.791  -15.190  42.627 0.0000000000
72912  38.175  -15.265  41.606 0.0000000000
72927  39.138  -15.455  40.735 0.0000000000
72940  39.354  -15.610  39.992 0.0000000000
69515  39.337  -18.061  40.109 0.0000000000
70718  39.808  -17.447  39.814 0.0000000000
70717  40.280  -17.350  39.610 0.0000000000
69513  41.841  -17.692  40.452 0.0000000000
69504  42.080  -18.135  40.974 0.0000000000
87821  48.031  -3.030  26.124 0.0000000000
87843  47.057  -2.854  24.716 0.0000000000
87854  47.367  -3.402  23.471 0.0000000000
87856  45.484  -3.478  24.090 0.0000000000
86578  46.449  -4.077  23.383 0.0000000000
86547  39.560  -4.178  27.306 0.0000000000
84085  40.573  -6.105  27.187 0.0000000000
85275  39.501  -5.115  27.375 0.0000000000
84064  40.020  -6.589  27.829 0.0000000000
82924  39.881  -7.360  28.385 0.0000000000
84045  37.747  -6.810  28.813 0.0000000000
82908  38.671  -7.720  28.875 0.0000000000
81823  40.613  -8.496  29.230 0.0000000000
80771  41.149  -9.357  30.202 0.0000000000
80760  40.883  -10.166  30.762 0.0000000000
82868  35.767  -7.194  32.572 0.0000000000
81803  35.569  -8.431  31.584 0.0000000000
80763  36.201  -9.244  31.279 0.0000000000
79567  35.878  -10.652  32.010 0.0000000000
79566  37.074  -11.032  31.811 0.0000000000
79584  37.499  -10.528  31.309 0.0000000000
78285  39.236  -11.479  31.533 0.0000000000
65998  32.808  -21.154  41.666 0.0000000000
64748  34.518  -21.887  41.711 0.0000000000
64717  33.603  -22.352  43.134 0.0000000000
63592  34.070  -23.117  44.542 0.0000000000
89004  40.748  -2.161  29.379 0.0000000000
87807  39.808  -2.853  27.919 0.0000000000
54953  10.975  -29.851  55.580 0.0000000000
54934  9.914  -30.008  56.991 0.0000000000
53869  10.460  -30.865  56.006 0.0000000000
52813  10.279  -32.403  56.595 0.0000000000
51737  10.198  -33.491  57.233 0.0000000000
50603  10.426  -34.486  58.147 0.0000000000
52803  7.892  -33.242  58.253 0.0000000000
50605  9.128  -34.719  58.504 0.0000000000
50594  9.960  -35.225  58.980 0.0000000000
50582  9.903  -35.752  59.961 0.0000000000
50570  10.700  -35.989  60.795 0.0000000000
47001  7.789  -37.793  62.777 0.0000000000
48148  5.585  -36.779  61.348 0.0000000000
47003  5.899  -37.857  62.235 0.0000000000
46989  6.590  -38.301  62.935 0.0000000000
45967  5.833  -38.621  63.245 0.0000000000
45951  5.249  -39.009  64.043 0.0000000000
45953  3.683  -39.045  64.890 0.0000000000
48086  3.573  -36.424  65.898 0.0000000000
46951  3.403  -37.064  65.743 0.0000000000
45924  3.046  -37.670  66.133 0.0000000000
68352  34.279  -19.796  41.315 0.0000000000
68337  33.358  -19.598  42.292 0.0000000000
68353  33.151  -19.868  41.523 0.0000000000
67198  31.820  -20.821  41.883 0.0000000000
65967  30.712  -22.039  42.583 0.0000000000
63609  30.569  -23.649  43.512 0.0000000000
65969  28.088  -21.923  42.769 0.0000000000
63611  28.770  -23.670  43.505 0.0000000000
63595  29.578  -24.407  44.350 0.0000000000
64665  23.974  -21.696  45.622 0.0000000000
64683  23.799  -22.694  44.997 0.0000000000
62411  24.333  -24.670  45.552 0.0000000000
61095  23.278  -26.004  47.966 0.0000000000
62397  23.968  -24.855  46.632 0.0000000000
62396  24.877  -25.327  46.555 0.0000000000
84084  41.565  -6.491  26.952 0.0000000000
78181  31.468  -10.812  38.190 0.0000000000
76888  31.726  -12.830  36.694 0.0000000000
75545  33.546  -13.743  36.692 0.0000000000
74146  35.896  -15.253  42.552 0.0000000000
74162  34.567  -15.442  41.555 0.0000000000
74180  34.346  -15.294  40.556 0.0000000000
75492  37.099  -14.327  39.820 0.0000000000
75494  35.146  -14.949  39.781 0.0000000000
75508  33.767  -15.085  39.113 0.0000000000
75515  34.334  -14.708  38.273 0.0000000000
75528  34.114  -14.182  37.504 0.0000000000
76911  35.225  -14.036  36.949 0.0000000000
76884  36.803  -13.013  37.417 0.0000000000
64734  35.945  -22.406  42.383 0.0000000000
64732  37.864  -22.580  42.353 0.0000000000
64711  39.524  -22.537  43.213 0.0000000000
64694  39.386  -22.895  44.285 0.0000000000
65964  40.655  -21.814  43.442 0.0000000000
90278  54.915  -2.193  21.772 0.0000000000
87840  50.372  -2.811  23.859 0.0000000000
87850  51.596  -2.925  23.096 0.0000000000
87862  50.220  -3.407  21.609 0.0000000000
89111  50.901  -3.068  21.755 0.0000000000
89110  51.851  -3.130  21.835 0.0000000000
89118  52.592  -3.064  21.155 0.0000000000
89125  53.426  -2.861  20.412 0.0000000000
85284  41.323  -4.970  25.932 0.0000000000
85273  40.941  -5.649  26.522 0.0000000000
68367  34.564  -20.184  40.716 0.0000000000
67210  35.159  -20.551  40.482 0.0000000000
66014  34.966  -21.133  40.649 0.0000000000
86554  41.265  -4.193  25.868 0.0000000000
86563  41.889  -4.234  25.616 0.0000000000
43809  4.551  -40.067  64.816 0.0000000000
76935  33.819  -13.120  35.615 0.0000000000
76933  36.048  -13.884  35.606 0.0000000000
53888  13.334  -31.983  55.203 0.0000000000
53867  12.530  -32.047  55.363 0.0000000000
53868  11.480  -31.322  55.364 0.0000000000
64649  26.369  -20.378  47.521 0.0000000000
64662  26.037  -20.533  46.468 0.0000000000
64650  25.653  -20.775  47.314 0.0000000000
52871  23.775  -33.413  51.011 0.0000000000
53936  24.753  -31.948  51.373 0.0000000000
75455  35.475  -14.308  43.844 0.0000000000
55076  19.910  -30.378  48.914 0.0000000000
57394  20.053  -28.280  49.965 0.0000000000
58545  19.959  -27.448  49.677 0.0000000000
56256  20.235  -29.346  48.976 0.0000000000
71794  40.014  -16.203  41.523 0.0000000000
70701  39.645  -17.557  41.251 0.0000000000
65991  39.516  -21.137  41.461 0.0000000000
67193  40.284  -20.702  41.493 0.0000000000
67192  41.275  -19.817  41.221 0.0000000000
67183  40.653  -20.994  42.178 0.0000000000
89021  44.975  -1.285  27.633 0.0000000000
89042  45.544  -1.762  27.056 0.0000000000
89061  46.068  -2.191  26.478 0.0000000000
84128  45.026  -5.979  24.617 0.0000000000
84127  45.874  -6.310  24.507 0.0000000000
46978  8.473  -37.952  64.531 0.0000000000
86518  37.855  -3.789  29.619 0.0000000000
86533  37.579  -4.404  28.833 0.0000000000
86519  37.023  -4.822  29.225 0.0000000000
81813  37.882  -8.927  29.793 0.0000000000
80761  37.731  -10.004  30.886 0.0000000000
76955  39.294  -13.031  33.034 0.0000000000
63593  31.365  -23.821  44.369 0.0000000000
64679  32.027  -23.572  44.709 0.0000000000
63573  31.606  -23.964  44.973 0.0000000000
86517  38.432  -3.361  30.240 0.0000000000
87801  38.506  -3.182  29.702 0.0000000000
51796  18.772  -33.912  52.750 0.0000000000
51784  18.188  -34.027  53.507 0.0000000000
51684  12.610  -35.553  59.686 0.0000000000
51685  11.841  -35.530  59.327 0.0000000000
50597  7.058  -35.040  59.608 0.0000000000
49490  7.335  -35.503  59.972 0.0000000000
49473  7.736  -35.924  60.336 0.0000000000
48159  7.341  -36.445  60.769 0.0000000000
68273  30.678  -18.948  45.482 0.0000000000
68272  31.235  -18.839  45.872 0.0000000000
68289  30.647  -19.059  44.696 0.0000000000
68304  31.517  -19.221  44.049 0.0000000000
68325  29.534  -19.720  42.873 0.0000000000
68306  29.584  -19.192  43.587 0.0000000000
62423  25.580  -24.190  44.300 0.0000000000
62422  26.481  -24.620  44.342 0.0000000000
61117  26.899  -25.672  45.873 0.0000000000
62382  21.606  -24.860  47.072 0.0000000000
63558  21.529  -24.034  46.556 0.0000000000
82906  40.685  -7.886  28.786 0.0000000000
82894  42.177  -8.003  29.804 0.0000000000
75482  31.667  -13.951  41.713 0.0000000000
75483  31.232  -13.347  41.084 0.0000000000
75496  31.366  -14.028  40.808 0.0000000000
74200  31.219  -14.051  39.765 0.0000000000
74183  31.376  -14.240  40.181 0.0000000000
72942  37.668  -15.300  40.297 0.0000000000
74195  38.332  -15.055  39.737 0.0000000000
76846  37.729  -12.571  40.209 0.0000000000
76856  37.412  -13.233  39.666 0.0000000000
78162  37.098  -12.759  39.165 0.0000000000
78145  37.522  -12.252  39.853 0.0000000000
78161  37.665  -11.922  39.215 0.0000000000
89088  52.802  -2.818  23.959 0.0000000000
89098  53.620  -2.655  23.332 0.0000000000
87864  48.762  -3.539  22.373 0.0000000000
58527  19.508  -26.842  51.934 0.0000000000
57378  19.077  -27.369  52.088 0.0000000000
58526  19.387  -26.800  52.604 0.0000000000
59731  19.599  -26.179  51.535 0.0000000000
84099  43.409  -6.704  26.195 0.0000000000
68349  37.373  -19.209  41.666 0.0000000000
66012  36.816  -21.021  40.628 0.0000000000
67208  37.176  -20.303  40.675 0.0000000000
87823  42.205  -2.968  25.822 0.0000000000
89045  42.491  -1.893  27.217 0.0000000000
89064  42.921  -2.250  26.180 0.0000000000
89079  43.673  -2.685  25.513 0.0000000000
85293  43.179  -5.027  25.053 0.0000000000
86561  43.282  -4.325  24.998 0.0000000000
85292  43.848  -5.498  24.969 0.0000000000
45950  6.263  -39.312  64.205 0.0000000000
85214  37.166  -5.230  31.653 0.0000000000
82886  36.059  -6.516  31.638 0.0000000000
82897  35.885  -7.781  31.148 0.0000000000
76947  36.144  -13.762  34.556 0.0000000000
76957  37.303  -13.510  33.262 0.0000000000
76930  39.053  -13.728  34.884 0.0000000000
76931  38.119  -14.131  35.155 0.0000000000
76882  38.701  -13.209  36.783 0.0000000000
78195  38.498  -12.609  37.642 0.0000000000
85223  38.253  -4.256  31.910 0.0000000000
52861  16.026  -32.881  53.668 0.0000000000
53924  15.098  -32.014  53.857 0.0000000000
52836  14.474  -33.199  55.309 0.0000000000
52822  15.390  -34.202  56.267 0.0000000000
52823  14.960  -34.088  56.534 0.0000000000
52808  14.847  -34.241  57.100 0.0000000000
52811  12.471  -33.502  56.553 0.0000000000
51650  6.253  -32.727  62.401 0.0000000000
51651  5.968  -33.716  61.891 0.0000000000
51635  5.687  -33.147  62.867 0.0000000000
50515  4.725  -33.841  64.923 0.0000000000
65931  28.129  -19.351  46.215 0.0000000000
67142  27.922  -19.873  45.030 0.0000000000
65932  27.524  -19.979  45.910 0.0000000000
64680  25.989  -21.056  44.985 0.0000000000
64704  25.051  -22.540  44.344 0.0000000000
57426  22.869  -28.571  47.454 0.0000000000
57410  23.626  -28.731  48.098 0.0000000000
75470  32.143  -13.880  42.816 0.0000000000
75469  33.135  -14.515  42.789 0.0000000000
71803  41.240  -16.416  39.780 0.0000000000
72925  41.407  -15.453  39.951 0.0000000000
74174  42.156  -14.486  40.859 0.0000000000
74175  41.286  -14.274  40.386 0.0000000000
43771  3.015  -40.135  65.657 0.0000000000
79529  33.230  -9.570  35.928 0.0000000000
79512  32.665  -10.013  36.439 0.0000000000
79531  32.573  -11.313  36.010 0.0000000000
78237  32.917  -11.645  35.588 0.0000000000
78238  32.542  -12.014  36.002 0.0000000000
52872  22.346  -33.785  50.968 0.0000000000
52906  21.169  -32.749  49.336 0.0000000000
53958  18.945  -32.133  49.957 0.0000000000
52908  19.022  -32.792  50.457 0.0000000000
52909  18.456  -32.748  50.828 0.0000000000
53959  17.969  -31.925  50.523 0.0000000000
56203  17.423  -28.791  51.229 0.0000000000
56188  15.774  -29.543  51.914 0.0000000000
55031  16.269  -30.823  51.678 0.0000000000
53944  16.868  -32.037  51.527 0.0000000000
53938  15.914  -32.008  52.740 0.0000000000
56152  13.759  -29.154  53.721 0.0000000000
56169  13.997  -29.634  53.493 0.0000000000
54985  13.255  -30.385  54.133 0.0000000000
56154  12.787  -29.213  54.436 0.0000000000
65893  24.073  -20.977  48.468 0.0000000000
65867  23.266  -20.844  49.254 0.0000000000
64637  20.666  -22.144  48.561 0.0000000000
65869  21.367  -21.535  48.794 0.0000000000
64653  20.762  -22.684  47.572 0.0000000000
63520  19.807  -23.689  48.190 0.0000000000
58558  20.192  -27.419  48.733 0.0000000000
59760  19.604  -25.794  48.751 0.0000000000
59759  19.978  -26.399  48.427 0.0000000000
61082  20.295  -25.623  47.787 0.0000000000
58571  20.572  -27.458  47.927 0.0000000000
58570  21.369  -27.597  47.311 0.0000000000
57428  21.029  -28.521  47.754 0.0000000000
55057  21.499  -31.080  48.184 0.0000000000
55056  22.321  -31.006  48.128 0.0000000000
53955  22.793  -32.373  48.583 0.0000000000
52904  23.273  -32.724  49.026 0.0000000000
74144  37.770  -15.057  42.636 0.0000000000
71804  39.791  -16.486  40.683 0.0000000000
72926  39.655  -16.000  40.323 0.0000000000
69525  39.270  -18.335  40.069 0.0000000000
68376  39.249  -18.579  40.063 0.0000000000
68374  40.220  -18.704  39.842 0.0000000000
69523  39.944  -18.078  39.646 0.0000000000
69522  40.623  -18.076  39.667 0.0000000000
70709  40.993  -17.311  39.642 0.0000000000
69514  41.386  -18.117  40.197 0.0000000000
67191  41.889  -19.438  41.489 0.0000000000
90233  43.506  -0.443  29.302 0.0000000000
89058  48.536  -2.977  26.813 0.0000000000
89059  47.629  -2.914  26.728 0.0000000000
87832  47.479  -2.888  25.695 0.0000000000
87846  44.522  -3.593  24.465 0.0000000000
87845  45.179  -3.108  24.444 0.0000000000
87857  45.026  -3.474  24.226 0.0000000000
85316  46.056  -4.931  23.640 0.0000000000
86577  47.096  -4.060  23.106 0.0000000000
86531  38.990  -4.708  27.838 0.0000000000
85256  39.282  -5.750  27.784 0.0000000000
82925  39.275  -7.456  28.575 0.0000000000
85226  36.398  -5.769  30.177 0.0000000000
85241  36.861  -5.898  29.301 0.0000000000
81825  38.382  -8.805  29.459 0.0000000000
81824  39.557  -8.854  29.258 0.0000000000
82907  39.767  -7.980  28.813 0.0000000000
81811  40.623  -9.118  29.707 0.0000000000
81812  40.033  -9.394  29.695 0.0000000000
79599  40.419  -10.337  30.663 0.0000000000
79581  40.819  -10.630  31.264 0.0000000000
81772  36.062  -7.269  33.496 0.0000000000
80748  35.177  -9.227  32.251 0.0000000000
81788  35.462  -7.747  32.700 0.0000000000
80764  35.661  -9.163  31.683 0.0000000000
78274  35.051  -11.653  33.032 0.0000000000
78271  37.757  -11.863  32.070 0.0000000000
79565  38.026  -11.241  31.577 0.0000000000
79583  38.666  -10.871  31.080 0.0000000000
65980  32.507  -21.558  42.249 0.0000000000
65979  33.225  -21.571  42.008 0.0000000000
64718  32.475  -22.225  43.020 0.0000000000
63571  33.359  -23.445  44.975 0.0000000000
64698  33.258  -22.882  43.971 0.0000000000
87797  40.926  -2.073  29.890 0.0000000000
89005  40.045  -2.393  29.508 0.0000000000
87816  39.636  -3.451  27.601 0.0000000000
51793  21.801  -34.137  51.678 0.0000000000
51781  21.617  -34.631  53.010 0.0000000000
51771  17.186  -34.124  54.667 0.0000000000
51715  15.009  -34.616  58.437 0.0000000000
56121  11.742  -28.811  56.005 0.0000000000
54915  10.008  -29.965  58.330 0.0000000000
53851  10.016  -31.217  56.545 0.0000000000
52828  10.409  -31.645  56.257 0.0000000000
51738  9.588  -33.446  57.464 0.0000000000
51720  10.050  -33.986  57.854 0.0000000000
52792  7.325  -32.499  59.087 0.0000000000
52793  7.117  -33.254  59.237 0.0000000000
51722  8.282  -34.228  58.413 0.0000000000
50606  8.580  -34.860  58.747 0.0000000000
50581  11.024  -35.549  59.660 0.0000000000
49457  9.096  -36.322  60.862 0.0000000000
49456  9.852  -36.177  60.931 0.0000000000
48132  8.516  -37.279  62.384 0.0000000000
48133  7.675  -37.518  62.275 0.0000000000
49459  5.162  -35.221  61.625 0.0000000000
49476  5.566  -36.373  61.070 0.0000000000
49460  5.220  -36.155  61.462 0.0000000000
47004  4.770  -37.598  62.586 0.0000000000
48135  5.052  -36.950  61.922 0.0000000000
46980  4.003  -37.258  64.342 0.0000000000
45952  4.189  -38.388  64.537 0.0000000000
45937  3.808  -37.877  65.168 0.0000000000
48085  3.741  -35.980  65.962 0.0000000000
48073  3.446  -35.817  66.242 0.0000000000
46935  3.022  -36.771  66.061 0.0000000000
45938  3.463  -38.262  65.394 0.0000000000
68351  35.407  -19.688  41.395 0.0000000000
68321  33.594  -19.779  43.588 0.0000000000
68338  32.316  -19.622  42.262 0.0000000000
68354  32.293  -20.092  41.695 0.0000000000
67186  29.850  -20.889  42.284 0.0000000000
65983  30.285  -21.365  42.317 0.0000000000
64720  30.492  -23.056  43.046 0.0000000000
64721  29.099  -22.901  42.926 0.0000000000
65956  27.462  -21.051  43.597 0.0000000000
65970  27.235  -22.114  43.390 0.0000000000
63596  28.263  -24.260  43.969 0.0000000000
63612  27.847  -23.570  43.504 0.0000000000
62407  29.080  -25.194  45.454 0.0000000000
62408  28.191  -25.360  45.280 0.0000000000
65916  23.983  -21.050  47.366 0.0000000000
65935  24.272  -21.248  46.488 0.0000000000
65936  23.482  -21.403  46.395 0.0000000000
63579  22.648  -23.787  45.626 0.0000000000
64684  23.054  -23.045  45.246 0.0000000000
63578  23.028  -23.770  45.421 0.0000000000
63577  23.687  -23.753  45.100 0.0000000000
62412  23.446  -24.359  45.742 0.0000000000
59758  23.406  -26.830  48.208 0.0000000000
61081  23.583  -26.422  48.561 0.0000000000
62358  23.959  -25.476  49.074 0.0000000000
62380  23.667  -25.261  47.782 0.0000000000
62379  24.558  -25.314  47.674 0.0000000000
79472  31.905  -10.110  38.694 0.0000000000
78164  31.527  -10.824  39.145 0.0000000000
75518  31.022  -13.334  38.088 0.0000000000
75531  31.120  -12.941  37.482 0.0000000000
75530  31.672  -13.470  37.099 0.0000000000
75546  32.622  -13.330  36.468 0.0000000000
74160  36.672  -15.455  41.671 0.0000000000
74178  36.725  -15.188  40.488 0.0000000000
75503  38.424  -14.397  39.751 0.0000000000
75504  37.710  -14.556  39.822 0.0000000000
75493  36.139  -14.521  39.763 0.0000000000
75506  35.639  -14.465  39.256 0.0000000000
75495  34.307  -15.131  39.726 0.0000000000
75507  34.905  -14.761  39.000 0.0000000000
76886  35.197  -14.117  37.668 0.0000000000
76910  36.095  -13.983  36.690 0.0000000000
78177  38.073  -12.032  38.419 0.0000000000
64735  34.977  -22.282  42.374 0.0000000000
64747  35.304  -22.047  41.644 0.0000000000
63607  37.267  -23.226  43.769 0.0000000000
64713  37.562  -22.949  43.087 0.0000000000
64731  38.817  -22.314  42.306 0.0000000000
64712  38.604  -22.907  43.335 0.0000000000
64693  40.335  -22.362  44.020 0.0000000000
65963  41.038  -21.299  43.051 0.0000000000
89124  54.173  -2.395  20.657 0.0000000000
87820  48.853  -2.990  25.970 0.0000000000
87852  49.690  -2.867  22.836 0.0000000000
87851  50.793  -2.819  23.075 0.0000000000
89127  51.800  -3.649  20.420 0.0000000000
89120  50.846  -3.481  21.217 0.0000000000
84116  42.590  -5.576  25.512 0.0000000000
85283  41.995  -5.436  25.804 0.0000000000
68365  36.354  -19.880  40.901 0.0000000000
66013  35.837  -21.100  40.568 0.0000000000
65994  36.505  -21.600  41.072 0.0000000000
89047  40.648  -2.557  27.730 0.0000000000
89046  41.567  -2.288  27.544 0.0000000000
87814  41.007  -2.809  26.846 0.0000000000
87835  42.483  -3.599  25.452 0.0000000000
87836  41.962  -3.551  25.686 0.0000000000
85294  42.292  -4.949  25.382 0.0000000000
44975  5.564  -39.768  64.522 0.0000000000
82866  36.914  -5.987  32.921 0.0000000000
82867  36.149  -6.716  32.608 0.0000000000
76960  34.794  -12.768  34.238 0.0000000000
76932  37.060  -14.088  35.413 0.0000000000
54984  13.867  -31.165  54.112 0.0000000000
53907  14.151  -31.809  54.534 0.0000000000
52837  13.876  -32.755  55.405 0.0000000000
52838  13.544  -32.746  55.565 0.0000000000
52825  13.038  -32.793  55.793 0.0000000000
52812  11.433  -33.022  56.395 0.0000000000
51623  5.837  -32.881  64.012 0.0000000000
65913  27.084  -19.944  47.063 0.0000000000
55042  24.030  -30.814  49.502 0.0000000000
71793  42.539  -16.793  40.795 0.0000000000
71792  42.979  -16.247  41.126 0.0000000000
79490  32.776  -8.753  37.623 0.0000000000
79491  32.449  -9.631  37.255 0.0000000000
53972  20.850  -31.641  48.580 0.0000000000
52916  20.497  -32.077  49.052 0.0000000000
53973  19.714  -31.487  49.151 0.0000000000
53974  18.928  -31.531  49.666 0.0000000000
56187  16.539  -28.507  51.944 0.0000000000
56189  15.122  -30.002  52.529 0.0000000000
64625  20.118  -22.492  49.250 0.0000000000
59732  19.459  -25.850  50.918 0.0000000000
61048  19.180  -25.213  49.792 0.0000000000
59739  19.307  -25.922  50.115 0.0000000000
59746  19.691  -26.660  49.421 0.0000000000
57411  20.751  -28.776  48.148 0.0000000000
55075  20.690  -30.457  48.296 0.0000000000
72911  39.300  -15.335  41.653 0.0000000000
71805  39.749  -15.873  40.937 0.0000000000
67206  39.452  -20.240  40.659 0.0000000000
67204  40.885  -19.509  40.622 0.0000000000
68360  41.229  -19.040  40.511 0.0000000000
67181  42.092  -19.824  42.007 0.0000000000
89022  43.959  -1.045  27.565 0.0000000000
89075  47.164  -2.832  26.148 0.0000000000
89076  46.534  -2.544  25.956 0.0000000000
89090  46.273  -2.683  25.258 0.0000000000
86569  45.033  -4.612  24.033 0.0000000000
85317  45.515  -4.984  23.875 0.0000000000
85302  46.428  -5.674  23.836 0.0000000000
84138  47.200  -5.703  23.619 0.0000000000
86532  38.162  -4.265  28.406 0.0000000000
84066  37.986  -6.021  28.359 0.0000000000
82910  36.922  -7.610  29.801 0.0000000000
81826  37.742  -8.578  29.645 0.0000000000
80784  38.726  -9.351  29.707 0.0000000000
80773  39.387  -9.618  29.870 0.0000000000
79582  39.881  -10.721  30.876 0.0000000000
80715  35.698  -7.632  34.486 0.0000000000
81773  35.584  -7.675  33.405 0.0000000000
78260  36.474  -12.594  32.879 0.0000000000
78259  37.499  -12.702  32.565 0.0000000000
78257  39.459  -12.471  32.444 0.0000000000
64719  31.508  -22.641  43.164 0.0000000000
64699  32.316  -22.960  43.869 0.0000000000
64678  32.401  -23.322  44.580 0.0000000000
86496  39.117  -3.683  32.182 0.0000000000
86504  39.387  -3.271  31.515 0.0000000000
87793  39.128  -3.158  31.031 0.0000000000
89006  39.335  -2.614  29.674 0.0000000000
89007  38.838  -2.805  29.756 0.0000000000
52874  19.593  -33.749  51.710 0.0000000000
51782  20.415  -34.504  53.258 0.0000000000
51795  19.596  -34.033  52.528 0.0000000000
51717  13.444  -34.611  57.943 0.0000000000
51698  14.693  -34.976  59.151 0.0000000000
51666  13.159  -35.680  60.505 0.0000000000
53840  9.443  -29.907  58.977 0.0000000000
53841  8.965  -30.724  57.976 0.0000000000
51686  6.319  -33.272  60.129 0.0000000000
51704  6.919  -33.934  59.430 0.0000000000
49488  8.336  -35.465  59.478 0.0000000000
50583  9.247  -35.772  59.895 0.0000000000
49472  8.640  -35.809  60.094 0.0000000000
49458  8.379  -36.322  60.774 0.0000000000
49443  8.712  -36.684  61.396 0.0000000000
49430  4.443  -35.077  63.539 0.0000000000
49446  4.400  -36.190  62.852 0.0000000000
48121  4.273  -36.577  63.131 0.0000000000
47005  4.404  -37.070  62.864 0.0000000000
46990  4.642  -37.850  63.058 0.0000000000
46991  4.246  -37.395  63.352 0.0000000000
68323  31.427  -19.371  43.004 0.0000000000
68340  30.665  -20.142  42.256 0.0000000000
68324  30.416  -19.530  42.791 0.0000000000
67176  29.209  -20.429  42.534 0.0000000000
64702  26.438  -22.448  43.761 0.0000000000
63597  27.042  -23.922  43.597 0.0000000000
62421  27.629  -24.825  44.438 0.0000000000
65938  21.893  -22.171  46.505 0.0000000000
65937  22.590  -21.752  46.328 0.0000000000
63557  22.164  -23.858  45.923 0.0000000000
58536  24.528  -27.484  50.242 0.0000000000
59745  24.137  -26.855  49.741 0.0000000000
76848  31.183  -12.540  40.739 0.0000000000
78138  31.290  -11.797  40.303 0.0000000000
78148  31.196  -11.655  39.512 0.0000000000
76858  31.024  -12.611  39.838 0.0000000000
75510  31.053  -13.735  39.173 0.0000000000
75517  31.810  -14.275  38.237 0.0000000000
72928  37.693  -15.410  40.747 0.0000000000
72929  37.079  -15.468  41.053 0.0000000000
74197  37.103  -14.815  40.029 0.0000000000
75490  38.537  -13.662  40.012 0.0000000000
75491  37.830  -13.852  39.882 0.0000000000
76863  36.304  -13.881  39.034 0.0000000000
78180  36.438  -13.473  38.734 0.0000000000
76870  36.460  -12.952  38.075 0.0000000000
76869  36.874  -12.739  37.990 0.0000000000
64696  35.057  -22.822  43.850 0.0000000000
64715  35.651  -22.713  43.285 0.0000000000
63590  35.882  -23.310  44.317 0.0000000000
63589  36.957  -23.479  44.473 0.0000000000
63588  37.887  -23.424  44.491 0.0000000000
87842  48.208  -2.897  24.282 0.0000000000
87881  51.621  -4.148  20.242 0.0000000000
89126  52.505  -3.319  20.279 0.0000000000
87880  52.142  -3.773  19.927 0.0000000000
56217  18.754  -28.112  51.155 0.0000000000
61030  19.210  -24.995  50.921 0.0000000000
58537  19.703  -27.205  50.758 0.0000000000
69507  38.998  -18.560  41.255 0.0000000000
70702  39.373  -18.138  41.132 0.0000000000
69517  38.477  -18.883  40.957 0.0000000000
67207  38.322  -20.158  40.592 0.0000000000
66010  38.829  -20.816  40.889 0.0000000000
65977  39.249  -21.746  41.995 0.0000000000
89023  42.970  -1.204  27.788 0.0000000000
89078  44.712  -2.415  25.402 0.0000000000
87833  44.132  -3.119  24.961 0.0000000000
87847  43.962  -3.678  24.805 0.0000000000
86571  43.870  -4.333  24.734 0.0000000000
85305  44.238  -5.001  24.551 0.0000000000
84129  44.446  -5.604  24.684 0.0000000000
85225  36.810  -5.009  30.883 0.0000000000
84032  36.326  -6.373  30.720 0.0000000000
84023  36.697  -5.834  31.640 0.0000000000
80717  34.118  -9.242  34.629 0.0000000000
78261  35.539  -12.361  33.258 0.0000000000
76906  39.681  -13.567  35.614 0.0000000000
78219  40.080  -13.337  36.288 0.0000000000
76881  39.424  -13.389  36.430 0.0000000000
63574  30.642  -24.546  45.247 0.0000000000
63555  31.503  -24.581  45.991 0.0000000000
62391  30.945  -25.037  46.360 0.0000000000
52877  16.939  -32.823  52.516 0.0000000000
52859  17.519  -33.451  52.970 0.0000000000
52878  16.437  -32.847  53.076 0.0000000000
52847  16.572  -33.589  54.091 0.0000000000
52848  16.084  -33.725  54.647 0.0000000000
52849  15.111  -33.145  54.615 0.0000000000
52799  14.181  -34.362  57.567 0.0000000000
52800  13.843  -34.303  57.410 0.0000000000
52777  6.417  -32.234  60.751 0.0000000000
50585  5.869  -35.124  60.371 0.0000000000
50572  5.712  -34.551  61.130 0.0000000000
50558  4.710  -34.760  62.382 0.0000000000
50540  5.106  -33.628  63.442 0.0000000000
50541  4.622  -34.506  62.987 0.0000000000
49418  4.396  -34.742  64.388 0.0000000000
49404  4.130  -34.411  65.297 0.0000000000
67123  30.227  -18.798  46.278 0.0000000000
67141  28.805  -19.295  44.697 0.0000000000
65946  27.289  -20.421  44.662 0.0000000000
59769  21.789  -26.703  47.244 0.0000000000
61096  22.237  -25.885  47.261 0.0000000000
58557  23.206  -27.354  47.799 0.0000000000
58556  23.736  -27.710  48.454 0.0000000000
56216  24.519  -29.655  49.871 0.0000000000
57386  24.625  -28.419  49.909 0.0000000000
74164  32.500  -14.842  41.270 0.0000000000
74193  39.965  -14.794  39.313 0.0000000000
74176  40.426  -14.316  39.798 0.0000000000
75501  39.830  -14.056  39.738 0.0000000000
75489  39.327  -13.507  40.240 0.0000000000
76854  38.626  -13.007  40.557 0.0000000000
87838  52.069  -2.932  23.554 0.0000000000
86587  48.773  -4.395  22.165 0.0000000000
44960  3.375  -39.585  65.233 0.0000000000
80714  36.645  -7.171  34.577 0.0000000000
79540  33.160  -11.204  35.090 0.0000000000
78248  33.340  -12.088  35.068 0.0000000000
76950  33.600  -12.640  35.276 0.0000000000
51792  23.028  -34.068  51.603 0.0000000000
52873  21.721  -33.846  51.064 0.0000000000
51802  21.015  -33.845  51.270 0.0000000000
52894  17.412  -32.784  51.930 0.0000000000
56234  19.002  -29.791  49.909 0.0000000000
55043  18.065  -29.940  49.878 0.0000000000
55044  17.807  -30.656  50.001 0.0000000000
55045  17.295  -30.837  50.598 0.0000000000
53943  17.595  -32.274  51.116 0.0000000000
53937  16.537  -32.325  52.207 0.0000000000
53939  15.215  -31.532  53.215 0.0000000000
54997  14.902  -31.269  53.408 0.0000000000
56190  14.633  -29.942  52.968 0.0000000000
54998  14.263  -30.773  53.618 0.0000000000
54970  12.916  -31.017  54.655 0.0000000000
53890  11.764  -30.379  55.152 0.0000000000
64635  25.322  -21.168  48.096 0.0000000000
64636  24.680  -21.124  47.852 0.0000000000
65917  22.867  -21.244  47.194 0.0000000000
65895  22.050  -21.454  47.930 0.0000000000
65919  21.487  -22.067  47.226 0.0000000000
63539  20.806  -23.831  47.104 0.0000000000
62383  20.623  -24.801  47.445 0.0000000000
63505  19.663  -23.260  48.991 0.0000000000
62333  19.219  -24.605  49.326 0.0000000000
62332  19.417  -24.111  48.758 0.0000000000
62359  19.845  -24.667  48.054 0.0000000000
57427  22.005  -28.428  47.269 0.0000000000
56253  22.895  -29.556  47.712 0.0000000000
56254  21.864  -29.710  47.662 0.0000000000
55073  22.422  -30.318  47.906 0.0000000000
55055  23.297  -30.760  48.352 0.0000000000
53954  23.674  -31.961  48.987 0.0000000000
52888  23.507  -32.962  49.689 0.0000000000
74133  36.118  -14.831  43.347 0.0000000000
74159  37.354  -15.337  42.001 0.0000000000
70711  39.364  -18.131  40.863 0.0000000000
70719  39.555  -17.629  40.024 0.0000000000
68375  39.586  -18.670  39.931 0.0000000000
69524  39.478  -18.117  39.900 0.0000000000
71812  39.935  -16.575  39.742 0.0000000000
71811  40.490  -16.508  39.600 0.0000000000
70708  41.655  -17.201  40.132 0.0000000000
69505  41.607  -18.594  40.680 0.0000000000
70700  42.201  -17.258  40.609 0.0000000000
87831  48.118  -2.958  25.318 0.0000000000
89091  45.451  -2.647  24.984 0.0000000000
87855  46.275  -3.429  23.949 0.0000000000
86588  47.781  -4.141  22.726 0.0000000000
86546  40.018  -4.181  26.766 0.0000000000
85285  40.684  -5.009  26.289 0.0000000000
85274  40.115  -5.076  26.785 0.0000000000
84086  39.878  -5.757  27.381 0.0000000000
85240  37.373  -5.773  28.726 0.0000000000
84044  38.417  -7.086  28.670 0.0000000000
80772  40.534  -9.789  30.223 0.0000000000
81787  36.149  -7.042  33.094 0.0000000000
81816  35.952  -8.380  31.158 0.0000000000
81802  36.020  -8.684  31.195 0.0000000000
80762  36.999  -9.744  31.125 0.0000000000
79585  36.572  -10.165  31.518 0.0000000000
78284  39.762  -11.285  31.411 0.0000000000
78269  39.745  -11.884  31.918 0.0000000000
78268  40.678  -11.397  31.952 0.0000000000
67196  33.109  -20.575  41.328 0.0000000000
66015  34.300  -21.114  40.844 0.0000000000
65997  33.768  -21.353  41.398 0.0000000000
64736  33.953  -21.996  42.288 0.0000000000
64697  34.246  -22.759  43.877 0.0000000000
89026  40.312  -2.381  28.634 0.0000000000
87815  40.173  -3.371  27.046 0.0000000000
56139  11.959  -29.075  55.390 0.0000000000
54972  11.789  -29.485  55.222 0.0000000000
54933  10.697  -29.074  56.661 0.0000000000
54954  10.365  -29.874  56.220 0.0000000000
52827  10.938  -32.041  55.952 0.0000000000
51736  11.174  -33.657  56.987 0.0000000000
51719  11.042  -34.477  57.904 0.0000000000
52791  7.810  -31.053  59.761 0.0000000000
51703  7.507  -33.719  58.818 0.0000000000
50604  9.889  -34.539  58.270 0.0000000000
50593  10.649  -34.945  58.595 0.0000000000
51702  11.358  -35.203  58.773 0.0000000000
50569  11.582  -36.000  60.823 0.0000000000
50556  11.195  -36.135  61.560 0.0000000000
48131  9.328  -36.975  62.543 0.0000000000
46987  8.198  -37.936  63.514 0.0000000000
46988  7.351  -38.295  63.393 0.0000000000
48161  5.800  -36.638  60.897 0.0000000000
48147  6.221  -37.027  61.407 0.0000000000
48134  5.802  -37.208  61.734 0.0000000000
47016  6.530  -37.378  61.936 0.0000000000
47002  7.033  -37.756  62.442 0.0000000000
45966  6.655  -38.692  63.607 0.0000000000
45968  4.789  -38.242  63.442 0.0000000000
44976  4.789  -39.514  64.472 0.0000000000
44977  4.110  -39.507  64.720 0.0000000000
44978  3.730  -39.516  64.947 0.0000000000
49391  3.790  -35.179  65.689 0.0000000000
46967  3.634  -37.625  65.421 0.0000000000
44943  2.980  -38.781  65.935 0.0000000000
74143  38.592  -14.812  42.983 0.0000000000
67195  33.875  -20.275  41.006 0.0000000000
68336  34.510  -19.746  42.237 0.0000000000
65999  32.206  -21.106  41.882 0.0000000000
65981  31.739  -21.313  42.195 0.0000000000
67184  31.228  -20.654  42.070 0.0000000000
65982  30.978  -21.355  42.298 0.0000000000
65966  31.562  -21.874  42.648 0.0000000000
64701  30.927  -23.548  43.652 0.0000000000
67177  28.297  -20.731  42.911 0.0000000000
64722  27.992  -22.931  43.100 0.0000000000
63610  29.890  -23.737  43.456 0.0000000000
63575  29.927  -24.680  45.113 0.0000000000
64651  24.974  -21.032  47.067 0.0000000000
64664  24.725  -21.281  45.932 0.0000000000
64666  23.187  -22.159  45.644 0.0000000000
64682  24.444  -22.057  44.775 0.0000000000
63576  24.667  -23.653  44.595 0.0000000000
62381  22.644  -25.238  47.117 0.0000000000
62398  22.934  -24.749  46.372 0.0000000000
61094  23.727  -25.699  48.477 0.0000000000
62395  25.695  -25.682  46.710 0.0000000000
84062  41.971  -7.109  28.008 0.0000000000
79471  32.379  -9.452  39.235 0.0000000000
79483  31.944  -10.189  37.750 0.0000000000
78198  31.588  -10.967  37.274 0.0000000000
78165  31.128  -11.587  38.571 0.0000000000
78182  31.223  -11.605  37.658 0.0000000000
78199  31.466  -11.690  36.967 0.0000000000
76913  32.167  -12.536  36.357 0.0000000000
75561  32.971  -12.977  36.135 0.0000000000
75559  33.993  -13.542  36.185 0.0000000000
74134  35.364  -14.833  43.269 0.0000000000
74147  34.835  -15.145  42.648 0.0000000000
74148  33.945  -15.073  42.372 0.0000000000
74163  33.443  -15.066  41.569 0.0000000000
74181  33.274  -15.109  40.300 0.0000000000
75505  37.319  -14.685  39.914 0.0000000000
74198  32.634  -14.951  39.393 0.0000000000
75516  33.066  -14.828  38.246 0.0000000000
76872  35.204  -14.376  38.287 0.0000000000
76887  34.738  -14.379  37.889 0.0000000000
75544  34.411  -13.830  36.735 0.0000000000
78196  37.554  -12.594  37.829 0.0000000000
65996  34.717  -21.544  41.154 0.0000000000
64746  36.223  -22.117  41.625 0.0000000000
64714  36.625  -22.860  43.089 0.0000000000
64733  36.893  -22.559  42.329 0.0000000000
64745  37.173  -22.145  41.652 0.0000000000
64744  38.075  -22.062  41.745 0.0000000000
64730  39.653  -22.044  42.576 0.0000000000
63587  38.742  -23.184  44.424 0.0000000000
64710  40.068  -22.051  43.033 0.0000000000
65976  40.187  -21.476  42.361 0.0000000000
87828  51.051  -2.907  24.588 0.0000000000
87839  51.308  -2.894  23.774 0.0000000000
87849  52.093  -2.976  23.068 0.0000000000
87874  49.234  -3.600  21.927 0.0000000000
89112  50.145  -3.023  22.076 0.0000000000
87872  50.418  -3.994  21.112 0.0000000000
89101  51.277  -2.965  22.457 0.0000000000
89100  52.033  -3.035  22.587 0.0000000000
89109  52.705  -3.015  22.049 0.0000000000
89117  53.444  -2.753  21.373 0.0000000000
43810  4.125  -40.007  64.875 0.0000000000
45913  3.023  -37.297  66.118 0.0000000000
45984  4.861  -38.007  62.942 0.0000000000
46950  3.675  -36.683  65.730 0.0000000000
47017  6.141  -37.305  61.873 0.0000000000
49431  4.303  -35.874  63.314 0.0000000000
49444  4.814  -34.910  62.070 0.0000000000
50571  5.941  -34.028  60.936 0.0000000000
51801  21.439  -33.871  51.125 0.0000000000
52892  18.951  -33.295  51.150 0.0000000000
52905  22.516  -32.933  49.203 0.0000000000
52917  20.307  -32.281  49.299 0.0000000000
53887  14.159  -32.446  55.071 0.0000000000
53906  14.551  -32.533  54.726 0.0000000000
53957  19.363  -31.991  49.597 0.0000000000
53960  17.217  -31.429  50.904 0.0000000000
53971  22.040  -31.743  48.322 0.0000000000
53988  20.196  -31.115  48.768 0.0000000000
54916  9.360  -30.397  57.688 0.0000000000
54935  9.539  -30.278  57.519 0.0000000000
54986  12.765  -29.555  54.397 0.0000000000
55017  14.454  -30.296  53.221 0.0000000000
55059  18.699  -30.496  49.719 0.0000000000
55060  18.361  -31.293  49.860 0.0000000000
56170  13.660  -29.551  53.776 0.0000000000
56205  16.470  -30.266  51.465 0.0000000000
56220  17.426  -30.260  50.512 0.0000000000
56255  20.928  -29.366  48.042 0.0000000000
56270  22.442  -28.955  47.388 0.0000000000
56272  21.427  -29.204  47.671 0.0000000000
57342  13.623  -28.715  53.970 0.0000000000
57353  15.073  -28.228  53.081 0.0000000000
57370  14.800  -29.625  52.756 0.0000000000
58544  24.167  -27.634  49.424 0.0000000000
58568  23.282  -27.994  47.743 0.0000000000
61065  19.374  -25.326  49.012 0.0000000000
62360  19.446  -24.842  48.677 0.0000000000
62405  30.636  -24.806  45.798 0.0000000000
62419  29.466  -24.836  45.080 0.0000000000
63556  30.937  -24.726  45.851 0.0000000000
63586  39.156  -23.051  44.608 0.0000000000
63605  38.581  -23.111  43.885 0.0000000000
64624  20.746  -21.842  49.530 0.0000000000
64654  20.242  -23.374  47.691 0.0000000000
64685  22.616  -23.425  45.546 0.0000000000
64695  38.838  -23.049  43.978 0.0000000000
64729  39.963  -21.864  42.665 0.0000000000
64737  33.143  -21.915  42.535 0.0000000000
64743  38.539  -21.948  41.845 0.0000000000
65915  24.545  -21.085  46.989 0.0000000000
65934  24.695  -21.154  46.619 0.0000000000
65975  40.807  -21.114  42.491 0.0000000000
65978  38.778  -21.885  41.895 0.0000000000
67102  29.410  -18.873  46.940 0.0000000000
67125  28.178  -19.435  45.617 0.0000000000
67140  29.832  -18.933  45.304 0.0000000000
67185  30.469  -20.760  42.204 0.0000000000
67194  39.628  -20.710  41.135 0.0000000000
67197  32.303  -20.672  41.660 0.0000000000
67211  34.412  -20.656  40.651 0.0000000000
68287  31.989  -19.048  45.569 0.0000000000
68355  31.790  -20.403  41.866 0.0000000000
68361  40.575  -19.213  40.247 0.0000000000
71801  42.604  -15.803  40.675 0.0000000000
74177  37.365  -15.258  40.369 0.0000000000
74199  31.692  -14.475  39.449 0.0000000000
74209  32.195  -14.659  38.824 0.0000000000
75509  31.552  -14.297  38.923 0.0000000000
75527  34.734  -14.004  37.224 0.0000000000
75547  32.037  -13.073  36.604 0.0000000000
75560  33.354  -13.221  36.134 0.0000000000
76873  31.010  -12.383  37.953 0.0000000000
76889  31.319  -12.448  37.069 0.0000000000
76912  32.726  -12.781  36.171 0.0000000000
76914  31.703  -12.498  36.644 0.0000000000
76937  32.668  -12.476  36.091 0.0000000000
78163  36.665  -13.282  38.953 0.0000000000
78197  37.086  -12.661  37.935 0.0000000000
78220  31.984  -11.467  36.461 0.0000000000
78221  31.673  -12.131  36.627 0.0000000000
79513  32.426  -10.771  36.275 0.0000000000
79564  38.474  -11.300  31.478 0.0000000000
80776  36.733  -9.229  30.996 0.0000000000
82895  37.002  -7.963  29.867 0.0000000000
86507  36.561  -4.970  29.999 0.0000000000
86520  36.706  -5.288  29.497 0.0000000000
86580  45.004  -3.830  24.078 0.0000000000
86631  52.162  -4.432  19.863 0.0000000000
87792  39.623  -2.945  30.986 0.0000000000
87822  47.576  -2.959  26.183 0.0000000000
89028  38.723  -2.770  29.094 0.0000000000
