#!ascii label  , from subject 4021 vox2ras=TkReg
1072
114843  -38.294  42.860  41.943 0.0000000000
125044  -24.255  57.501  34.808 0.0000000000
117937  -27.283  47.204  39.370 0.0000000000
119463  -34.937  49.616  33.277 0.0000000000
127147  -28.935  60.397  34.476 0.0000000000
122916  -31.857  55.223  37.314 0.0000000000
123661  -34.086  55.649  32.728 0.0000000000
118032  -31.272  47.337  31.613 0.0000000000
112578  -30.755  39.970  46.943 0.0000000000
114763  -32.783  44.113  45.515 0.0000000000
124347  -17.098  56.890  32.113 0.0000000000
125838  -23.202  58.640  31.135 0.0000000000
127913  -27.949  61.912  29.235 0.0000000000
116384  -32.358  45.711  41.246 0.0000000000
120860  -25.940  51.516  36.476 0.0000000000
120820  -33.323  51.634  40.117 0.0000000000
117232  -36.844  46.195  36.465 0.0000000000
115672  -32.540  44.929  34.113 0.0000000000
113502  -29.407  41.649  30.685 0.0000000000
114860  -36.854  43.128  39.438 0.0000000000
127200  -30.498  60.245  33.417 0.0000000000
125786  -32.256  58.331  34.209 0.0000000000
124326  -31.838  56.848  33.472 0.0000000000
121565  -31.376  52.581  33.957 0.0000000000
113355  -32.535  41.749  46.291 0.0000000000
114093  -30.213  42.846  43.831 0.0000000000
125054  -13.221  57.455  33.687 0.0000000000
126524  -25.249  60.016  30.420 0.0000000000
117157  -30.264  46.591  42.869 0.0000000000
117916  -30.218  47.314  41.575 0.0000000000
123643  -21.936  55.746  34.622 0.0000000000
122938  -25.450  54.517  34.741 0.0000000000
121533  -33.178  52.726  35.967 0.0000000000
122214  -32.306  53.219  38.280 0.0000000000
119437  -32.461  49.708  36.966 0.0000000000
117958  -33.496  48.079  38.310 0.0000000000
117241  -34.442  47.036  35.295 0.0000000000
115674  -36.450  45.016  34.211 0.0000000000
117264  -34.787  46.576  33.304 0.0000000000
114927  -30.313  44.102  31.454 0.0000000000
125047  -27.089  58.603  34.837 0.0000000000
123635  -28.238  55.889  35.247 0.0000000000
125007  -30.833  57.614  35.837 0.0000000000
123637  -33.347  55.402  34.859 0.0000000000
121568  -35.533  52.233  32.516 0.0000000000
118757  -34.997  48.756  31.594 0.0000000000
120230  -34.141  50.601  32.303 0.0000000000
118735  -31.272  48.499  33.741 0.0000000000
112581  -33.604  40.384  46.865 0.0000000000
114049  -35.691  42.406  47.662 0.0000000000
114785  -36.266  43.413  44.602 0.0000000000
123617  -13.990  55.697  36.592 0.0000000000
124303  -17.271  56.590  34.805 0.0000000000
125758  -20.237  58.043  34.521 0.0000000000
126482  -23.266  59.359  34.063 0.0000000000
126485  -26.073  60.403  33.531 0.0000000000
127888  -27.648  62.171  32.506 0.0000000000
127900  -28.714  61.855  31.727 0.0000000000
127237  -28.536  60.919  29.314 0.0000000000
115537  -30.536  45.317  43.764 0.0000000000
115570  -32.598  44.584  43.344 0.0000000000
114113  -35.483  43.380  41.471 0.0000000000
119433  -26.835  49.667  37.906 0.0000000000
122229  -29.439  53.648  36.439 0.0000000000
120844  -29.773  50.919  37.374 0.0000000000
118671  -30.519  49.135  39.965 0.0000000000
118662  -33.750  48.937  40.894 0.0000000000
116398  -35.194  45.748  39.596 0.0000000000
115610  -38.045  44.518  38.490 0.0000000000
115618  -36.075  44.126  37.143 0.0000000000
115633  -32.798  44.884  36.386 0.0000000000
114903  -30.049  44.001  35.462 0.0000000000
138376  -33.001  45.347  31.547 0.0000000000
114920  -31.151  42.681  31.804 0.0000000000
113475  -28.327  41.608  33.086 0.0000000000
114095  -38.740  42.003  43.259 0.0000000000
113420  -38.625  42.112  41.793 0.0000000000
114129  -38.456  42.101  40.212 0.0000000000
126497  -30.278  59.591  33.232 0.0000000000
125080  -31.462  58.021  33.092 0.0000000000
125061  -31.072  57.541  33.325 0.0000000000
123654  -31.161  55.739  33.438 0.0000000000
117923  -29.092  46.996  40.455 0.0000000000
124307  -22.480  56.591  34.803 0.0000000000
120186  -34.041  50.742  34.444 0.0000000000
120874  -32.975  51.413  36.327 0.0000000000
119441  -32.894  49.873  35.013 0.0000000000
117977  -33.155  47.811  35.851 0.0000000000
117996  -34.084  47.968  34.241 0.0000000000
117252  -35.375  46.469  33.807 0.0000000000
118737  -35.131  48.547  32.939 0.0000000000
126450  -27.704  59.332  34.695 0.0000000000
125028  -28.692  57.680  35.051 0.0000000000
126436  -29.691  58.799  34.991 0.0000000000
124340  -33.920  56.219  32.818 0.0000000000
124313  -32.843  56.877  34.161 0.0000000000
123650  -34.184  55.670  33.526 0.0000000000
122942  -34.986  54.102  33.546 0.0000000000
122961  -35.064  53.552  32.467 0.0000000000
120929  -34.978  51.588  31.538 0.0000000000
121590  -34.109  52.444  32.599 0.0000000000
120198  -31.871  50.312  34.203 0.0000000000
114057  -32.741  42.657  45.816 0.0000000000
113336  -34.080  41.601  47.197 0.0000000000
114755  -34.888  43.731  47.088 0.0000000000
114766  -36.725  43.470  46.214 0.0000000000
115520  -35.224  44.509  45.912 0.0000000000
125070  -15.052  56.705  32.073 0.0000000000
124320  -15.216  56.244  34.029 0.0000000000
124322  -17.124  56.785  33.750 0.0000000000
125019  -18.901  57.407  35.157 0.0000000000
125056  -18.483  57.598  33.312 0.0000000000
125096  -21.455  57.977  31.260 0.0000000000
125808  -21.706  57.917  32.488 0.0000000000
125810  -23.440  58.981  32.905 0.0000000000
126483  -24.061  59.593  33.951 0.0000000000
126509  -24.321  59.030  31.839 0.0000000000
127234  -26.171  61.033  29.817 0.0000000000
127213  -26.393  60.790  31.098 0.0000000000
128572  -27.815  62.252  31.086 0.0000000000
128555  -29.084  62.302  32.219 0.0000000000
128574  -28.549  62.279  30.533 0.0000000000
127226  -28.330  61.167  30.250 0.0000000000
127920  -28.930  61.668  29.103 0.0000000000
117091  -25.787  46.829  45.372 0.0000000000
116335  -24.819  45.654  45.027 0.0000000000
117111  -27.518  46.448  44.896 0.0000000000
116361  -28.386  45.618  43.947 0.0000000000
116321  -29.388  46.376  45.015 0.0000000000
116376  -31.481  45.822  42.331 0.0000000000
116364  -31.087  45.749  43.317 0.0000000000
115577  -32.659  44.711  41.855 0.0000000000
115579  -34.125  43.740  42.665 0.0000000000
115582  -33.675  44.674  41.118 0.0000000000
120859  -24.981  51.477  36.423 0.0000000000
120164  -25.621  50.277  37.394 0.0000000000
120178  -26.291  50.832  36.945 0.0000000000
123622  -29.865  55.652  35.742 0.0000000000
122913  -29.000  54.647  35.729 0.0000000000
122914  -30.203  54.704  36.411 0.0000000000
121506  -33.217  52.281  39.491 0.0000000000
120846  -31.554  52.500  38.080 0.0000000000
120818  -31.624  51.307  39.723 0.0000000000
120153  -30.201  50.346  39.183 0.0000000000
120125  -31.946  50.761  40.379 0.0000000000
119378  -32.184  49.293  41.216 0.0000000000
120128  -34.300  50.172  41.510 0.0000000000
117960  -35.556  46.764  37.718 0.0000000000
117942  -34.979  47.112  39.205 0.0000000000
117216  -36.762  45.986  38.461 0.0000000000
116400  -36.489  45.405  39.063 0.0000000000
116410  -37.549  45.014  37.543 0.0000000000
115620  -37.741  44.260  37.490 0.0000000000
115638  -37.510  44.590  36.149 0.0000000000
116435  -33.492  45.085  34.753 0.0000000000
116419  -34.456  45.067  35.707 0.0000000000
116416  -32.453  45.183  35.601 0.0000000000
115613  -31.408  44.637  36.524 0.0000000000
115651  -30.660  44.492  34.923 0.0000000000
118756  -34.019  48.755  31.444 0.0000000000
118033  -33.756  47.552  31.695 0.0000000000
116481  -32.265  45.708  31.464 0.0000000000
114210  -29.692  42.241  30.568 0.0000000000
114212  -31.386  42.924  30.747 0.0000000000
113493  -29.962  41.508  31.052 0.0000000000
114190  -29.430  42.097  32.497 0.0000000000
113482  -28.698  41.719  32.114 0.0000000000
112741  -27.772  40.384  31.399 0.0000000000
113380  -37.526  41.469  44.468 0.0000000000
114858  -35.189  43.331  39.160 0.0000000000
127869  -30.296  60.955  34.271 0.0000000000
126454  -30.833  59.238  34.581 0.0000000000
126486  -31.492  59.427  33.970 0.0000000000
125063  -32.357  58.101  33.481 0.0000000000
123656  -33.566  55.915  32.944 0.0000000000
122266  -33.146  54.316  33.180 0.0000000000
122949  -31.727  54.805  33.524 0.0000000000
112579  -31.718  40.576  46.869 0.0000000000
113353  -30.967  41.079  45.474 0.0000000000
114782  -32.210  43.453  45.065 0.0000000000
125104  -14.624  57.475  30.690 0.0000000000
126523  -24.465  59.441  30.678 0.0000000000
126552  -27.264  60.686  28.753 0.0000000000
127246  -28.096  61.238  28.579 0.0000000000
117857  -29.216  47.420  44.905 0.0000000000
117903  -29.930  46.857  42.296 0.0000000000
117178  -31.271  46.729  41.874 0.0000000000
122244  -26.208  53.272  35.805 0.0000000000
122917  -32.812  54.469  36.459 0.0000000000
122907  -32.090  54.620  37.564 0.0000000000
121532  -33.202  52.867  36.839 0.0000000000
120847  -33.141  51.976  38.187 0.0000000000
120154  -33.256  51.210  38.718 0.0000000000
119425  -33.507  49.821  39.259 0.0000000000
117965  -33.009  48.228  37.610 0.0000000000
117967  -34.387  46.854  36.771 0.0000000000
117231  -35.990  46.501  36.087 0.0000000000
116438  -37.100  45.389  34.855 0.0000000000
117253  -36.181  45.708  34.539 0.0000000000
116455  -35.544  45.369  34.007 0.0000000000
116468  -33.853  45.712  33.751 0.0000000000
116480  -30.827  45.542  31.671 0.0000000000
117949  -25.487  47.611  38.763 0.0000000000
125045  -25.322  57.768  34.635 0.0000000000
124311  -26.411  56.846  34.506 0.0000000000
125026  -26.978  57.367  34.530 0.0000000000
124272  -29.370  56.560  35.392 0.0000000000
124274  -31.341  56.784  36.306 0.0000000000
125751  -31.091  58.030  35.490 0.0000000000
124275  -32.195  56.763  36.315 0.0000000000
123625  -32.598  55.551  36.373 0.0000000000
122928  -33.578  54.199  34.679 0.0000000000
121548  -34.258  52.506  34.458 0.0000000000
120885  -35.166  51.485  33.461 0.0000000000
119483  -35.435  49.601  32.537 0.0000000000
120232  -35.919  50.704  31.748 0.0000000000
119499  -34.116  49.395  31.658 0.0000000000
118745  -33.095  48.914  32.085 0.0000000000
121567  -32.814  51.834  33.572 0.0000000000
119482  -32.366  49.330  33.392 0.0000000000
112569  -32.795  40.541  47.989 0.0000000000
113337  -34.764  41.564  47.093 0.0000000000
113338  -35.964  41.694  46.745 0.0000000000
113340  -37.212  42.214  46.244 0.0000000000
114079  -37.157  42.840  44.749 0.0000000000
114816  -37.073  43.341  43.525 0.0000000000
123619  -16.225  55.505  36.290 0.0000000000
123640  -15.680  55.893  35.541 0.0000000000
124284  -17.102  56.138  35.896 0.0000000000
124286  -19.435  56.773  35.417 0.0000000000
124288  -21.374  57.140  35.076 0.0000000000
125022  -21.920  57.697  35.397 0.0000000000
125093  -18.587  57.225  31.306 0.0000000000
125058  -19.738  57.755  32.875 0.0000000000
125778  -21.569  58.536  34.332 0.0000000000
125780  -23.300  58.613  34.869 0.0000000000
126469  -24.734  59.343  34.427 0.0000000000
126470  -25.998  59.694  34.228 0.0000000000
127163  -26.800  60.576  33.893 0.0000000000
127196  -25.855  60.273  31.797 0.0000000000
127181  -26.752  61.205  33.109 0.0000000000
127866  -28.143  61.546  33.741 0.0000000000
128540  -29.445  62.091  33.407 0.0000000000
127890  -29.466  61.726  32.640 0.0000000000
126512  -28.081  60.185  31.793 0.0000000000
127225  -27.843  60.338  30.553 0.0000000000
127247  -28.774  60.794  28.555 0.0000000000
115569  -30.966  44.077  43.759 0.0000000000
115538  -31.094  44.872  44.025 0.0000000000
117113  -30.277  46.133  44.080 0.0000000000
116342  -31.305  45.203  43.868 0.0000000000
115540  -33.581  44.549  44.745 0.0000000000
114783  -34.291  43.837  44.187 0.0000000000
114815  -35.973  43.293  43.374 0.0000000000
114842  -37.776  43.354  41.721 0.0000000000
118682  -26.824  48.517  38.490 0.0000000000
122939  -26.494  55.037  34.693 0.0000000000
122245  -27.202  53.835  35.589 0.0000000000
121528  -27.617  52.457  36.511 0.0000000000
122218  -31.316  53.522  37.463 0.0000000000
120863  -29.388  51.965  36.982 0.0000000000
120862  -28.391  51.296  36.854 0.0000000000
120150  -28.238  50.127  37.930 0.0000000000
118684  -28.577  49.104  38.858 0.0000000000
118669  -28.830  48.299  39.303 0.0000000000
118660  -30.688  48.581  40.669 0.0000000000
118648  -31.478  48.496  41.343 0.0000000000
117193  -33.466  46.986  40.682 0.0000000000
117940  -34.292  48.341  39.828 0.0000000000
117194  -34.184  46.894  40.230 0.0000000000
115587  -34.048  45.203  40.378 0.0000000000
115588  -34.793  44.704  40.146 0.0000000000
115590  -36.903  44.043  40.437 0.0000000000
115601  -38.048  43.462  40.037 0.0000000000
114869  -38.058  43.200  38.796 0.0000000000
114867  -36.202  43.605  38.213 0.0000000000
114866  -34.985  43.679  38.459 0.0000000000
115636  -35.779  44.730  35.829 0.0000000000
115617  -34.884  44.508  37.073 0.0000000000
114864  -32.996  44.113  38.340 0.0000000000
114874  -31.597  43.821  37.848 0.0000000000
114150  -29.660  43.288  37.154 0.0000000000
118024  -34.905  47.390  32.128 0.0000000000
138372  -33.912  46.039  32.209 0.0000000000
115697  -32.682  44.613  32.434 0.0000000000
115702  -31.445  44.535  31.292 0.0000000000
115696  -31.897  44.077  31.825 0.0000000000
115687  -31.812  44.429  32.965 0.0000000000
114911  -29.655  43.325  33.427 0.0000000000
114176  -28.602  42.793  34.789 0.0000000000
114114  -38.696  42.274  42.262 0.0000000000
114120  -38.448  42.624  41.401 0.0000000000
114119  -38.262  42.374  41.091 0.0000000000
114130  -38.453  42.684  40.500 0.0000000000
125814  -29.800  58.771  33.224 0.0000000000
125799  -30.363  58.012  33.316 0.0000000000
125060  -29.899  57.232  33.333 0.0000000000
117205  -28.476  46.437  40.335 0.0000000000
117938  -28.645  47.140  39.921 0.0000000000
125043  -23.500  57.132  34.822 0.0000000000
124308  -23.281  56.410  34.675 0.0000000000
124309  -24.113  56.503  34.589 0.0000000000
119442  -33.486  50.153  34.535 0.0000000000
119462  -34.154  49.727  34.084 0.0000000000
118720  -33.714  48.854  34.285 0.0000000000
118721  -34.432  48.665  33.609 0.0000000000
126451  -28.207  59.447  34.683 0.0000000000
126452  -29.364  59.110  34.890 0.0000000000
124341  -34.170  55.925  32.789 0.0000000000
124328  -34.068  56.271  32.999 0.0000000000
123657  -34.436  55.646  32.975 0.0000000000
122951  -34.742  54.963  33.190 0.0000000000
122960  -34.495  54.689  32.777 0.0000000000
122275  -34.640  53.296  32.497 0.0000000000
112567  -31.404  39.770  47.323 0.0000000000
114764  -33.365  43.621  46.021 0.0000000000
114047  -33.957  42.811  46.543 0.0000000000
114754  -33.998  44.096  46.276 0.0000000000
115513  -34.845  44.518  46.508 0.0000000000
115512  -34.216  44.465  46.287 0.0000000000
124346  -16.413  56.732  32.186 0.0000000000
124335  -16.347  56.655  33.001 0.0000000000
124336  -17.139  56.816  32.863 0.0000000000
125055  -17.761  57.304  33.550 0.0000000000
125071  -17.742  57.202  32.625 0.0000000000
125836  -22.035  58.642  30.156 0.0000000000
125111  -21.523  58.349  30.533 0.0000000000
125825  -22.748  58.389  31.387 0.0000000000
125097  -22.162  58.053  31.583 0.0000000000
125826  -23.542  58.537  31.787 0.0000000000
125827  -23.916  58.776  32.319 0.0000000000
126508  -23.863  58.787  31.480 0.0000000000
127235  -27.003  61.469  29.456 0.0000000000
127224  -26.602  61.455  30.296 0.0000000000
127907  -27.702  62.170  30.141 0.0000000000
128573  -28.279  62.370  30.705 0.0000000000
127908  -28.358  62.457  29.964 0.0000000000
128580  -29.006  62.366  30.098 0.0000000000
127914  -28.795  62.389  29.492 0.0000000000
117853  -25.189  47.399  45.197 0.0000000000
117854  -26.194  47.486  45.127 0.0000000000
117109  -26.390  46.603  45.259 0.0000000000
117093  -27.900  46.850  45.192 0.0000000000
116319  -28.312  46.619  45.030 0.0000000000
116383  -31.684  46.216  41.607 0.0000000000
115581  -33.001  45.141  41.392 0.0000000000
116385  -33.151  45.348  41.105 0.0000000000
121526  -25.551  52.175  36.211 0.0000000000
120861  -27.001  51.538  36.646 0.0000000000
123623  -30.852  55.780  36.443 0.0000000000
122915  -31.252  54.917  37.191 0.0000000000
121500  -33.285  52.078  39.731 0.0000000000
121498  -32.316  52.373  39.416 0.0000000000
120819  -32.605  51.830  40.102 0.0000000000
120807  -31.936  51.120  40.207 0.0000000000
120809  -32.958  51.209  40.545 0.0000000000
120126  -32.752  50.451  40.932 0.0000000000
120127  -33.607  50.514  40.874 0.0000000000
117223  -36.178  46.485  37.143 0.0000000000
117215  -36.159  46.535  38.081 0.0000000000
117224  -36.967  46.298  37.512 0.0000000000
117225  -37.390  45.724  37.835 0.0000000000
117233  -37.391  45.681  36.941 0.0000000000
116422  -37.616  44.968  36.478 0.0000000000
115653  -32.904  44.922  34.500 0.0000000000
116434  -32.647  45.185  35.156 0.0000000000
115652  -31.895  45.251  35.007 0.0000000000
115671  -31.690  44.891  33.994 0.0000000000
118754  -32.685  48.061  31.626 0.0000000000
138378  -32.803  47.000  31.854 0.0000000000
138375  -32.158  46.838  31.554 0.0000000000
113503  -30.131  41.807  30.626 0.0000000000
113483  -29.503  41.756  31.656 0.0000000000
113492  -29.192  41.315  31.081 0.0000000000
113491  -28.505  40.874  31.178 0.0000000000
113501  -28.282  41.176  30.404 0.0000000000
114138  -36.387  42.721  39.840 0.0000000000
114859  -36.208  43.254  39.264 0.0000000000
127879  -30.289  61.167  33.820 0.0000000000
127167  -31.058  59.883  34.149 0.0000000000
127184  -31.051  60.032  33.869 0.0000000000
125081  -31.856  58.323  33.238 0.0000000000
125062  -32.085  57.781  33.176 0.0000000000
124327  -33.207  57.083  33.087 0.0000000000
123655  -32.513  55.982  33.302 0.0000000000
122950  -32.873  54.978  33.263 0.0000000000
122948  -30.457  54.655  33.483 0.0000000000
113352  -30.063  40.955  45.231 0.0000000000
114076  -31.550  42.521  45.026 0.0000000000
114075  -30.631  42.761  44.274 0.0000000000
125103  -13.904  57.510  30.951 0.0000000000
126538  -26.380  60.668  29.401 0.0000000000
126567  -26.803  59.693  28.243 0.0000000000
117191  -29.413  46.831  41.251 0.0000000000
117915  -29.702  46.836  41.701 0.0000000000
117177  -30.524  46.794  42.116 0.0000000000
117917  -30.998  47.577  41.712 0.0000000000
123641  -20.420  55.459  34.801 0.0000000000
122924  -25.821  53.843  35.273 0.0000000000
122232  -33.055  53.610  36.263 0.0000000000
122231  -33.123  53.761  37.161 0.0000000000
120181  -32.740  50.692  36.649 0.0000000000
120864  -32.963  51.835  37.137 0.0000000000
120169  -32.785  50.698  37.743 0.0000000000
119435  -32.659  49.569  37.769 0.0000000000
118692  -32.622  48.826  37.280 0.0000000000
117240  -33.851  47.365  35.552 0.0000000000
117229  -33.918  47.011  36.059 0.0000000000
117230  -34.836  46.508  35.981 0.0000000000
117243  -36.556  45.994  35.396 0.0000000000
117242  -35.473  46.621  34.834 0.0000000000
125046  -26.500  58.060  34.742 0.0000000000
125029  -29.221  57.663  35.202 0.0000000000
124293  -29.096  57.238  35.298 0.0000000000
125006  -29.825  57.597  35.363 0.0000000000
124273  -30.425  56.664  35.807 0.0000000000
126473  -31.302  59.300  34.297 0.0000000000
125767  -30.689  58.791  34.841 0.0000000000
125769  -31.915  58.012  34.670 0.0000000000
124295  -33.056  56.263  34.706 0.0000000000
124294  -32.583  56.610  35.406 0.0000000000
123636  -32.881  55.974  35.372 0.0000000000
123626  -32.839  54.951  35.816 0.0000000000
122943  -35.380  53.703  33.080 0.0000000000
122258  -34.752  53.327  34.113 0.0000000000
121555  -35.395  52.335  33.174 0.0000000000
120906  -35.642  51.431  32.732 0.0000000000
120222  -35.961  50.554  32.298 0.0000000000
120924  -36.069  51.483  32.060 0.0000000000
120923  -34.490  51.532  32.144 0.0000000000
120231  -34.704  50.714  31.679 0.0000000000
118755  -33.552  48.951  31.642 0.0000000000
122273  -32.844  53.160  33.459 0.0000000000
121588  -33.058  52.870  33.446 0.0000000000
121566  -32.465  52.436  33.686 0.0000000000
119481  -31.823  49.334  34.110 0.0000000000
120220  -32.212  49.804  33.869 0.0000000000
113334  -32.321  41.255  46.653 0.0000000000
112580  -32.452  40.771  47.188 0.0000000000
114048  -34.862  42.554  47.332 0.0000000000
112583  -35.062  41.319  46.821 0.0000000000
113339  -37.080  41.964  46.548 0.0000000000
114050  -36.626  42.566  47.344 0.0000000000
114765  -36.077  43.935  45.699 0.0000000000
114060  -37.206  42.841  45.594 0.0000000000
114078  -36.792  43.146  44.730 0.0000000000
114786  -37.203  43.233  44.283 0.0000000000
123611  -14.283  55.307  37.407 0.0000000000
122897  -14.629  55.024  37.936 0.0000000000
123612  -14.815  54.968  37.164 0.0000000000
122910  -15.844  54.812  36.694 0.0000000000
123618  -15.021  55.437  36.423 0.0000000000
125038  -13.041  57.455  34.496 0.0000000000
124318  -13.511  56.624  34.220 0.0000000000
124321  -16.275  56.337  33.919 0.0000000000
124301  -14.991  55.991  34.950 0.0000000000
124302  -16.077  55.976  35.141 0.0000000000
124285  -18.233  56.581  35.569 0.0000000000
125041  -19.247  57.713  34.665 0.0000000000
125020  -19.990  57.508  34.796 0.0000000000
125021  -21.046  57.673  35.169 0.0000000000
125759  -20.832  58.136  34.793 0.0000000000
125073  -19.267  57.396  32.161 0.0000000000
125074  -20.123  57.574  32.094 0.0000000000
125797  -22.525  58.967  33.692 0.0000000000
125796  -21.316  58.212  33.261 0.0000000000
126481  -22.870  59.091  34.260 0.0000000000
125779  -22.595  58.711  34.577 0.0000000000
126467  -23.140  58.990  34.464 0.0000000000
126468  -23.767  59.158  34.557 0.0000000000
126484  -25.088  59.950  33.556 0.0000000000
126510  -25.184  59.720  31.337 0.0000000000
127212  -25.692  60.304  30.970 0.0000000000
127899  -27.576  62.154  31.897 0.0000000000
127197  -26.602  60.949  32.084 0.0000000000
127875  -27.351  61.699  32.827 0.0000000000
127876  -27.711  61.759  33.295 0.0000000000
128545  -28.264  62.208  33.241 0.0000000000
128539  -29.266  61.934  33.647 0.0000000000
128546  -28.849  62.346  33.304 0.0000000000
128565  -28.916  62.231  31.884 0.0000000000
127889  -29.074  61.750  32.177 0.0000000000
127198  -28.684  60.914  32.358 0.0000000000
127215  -28.054  61.050  31.288 0.0000000000
127236  -28.111  60.411  29.874 0.0000000000
115565  -27.586  45.069  43.302 0.0000000000
116363  -29.892  45.337  43.642 0.0000000000
115567  -29.486  44.741  43.326 0.0000000000
115568  -30.375  44.726  43.586 0.0000000000
117873  -29.822  47.243  43.926 0.0000000000
117112  -30.034  46.649  44.486 0.0000000000
117133  -30.138  46.646  43.701 0.0000000000
116365  -31.726  45.227  43.380 0.0000000000
115539  -32.292  44.611  44.610 0.0000000000
115571  -33.727  44.036  43.492 0.0000000000
114832  -34.624  43.147  41.933 0.0000000000
114814  -34.784  43.541  43.201 0.0000000000
114833  -35.636  42.919  41.944 0.0000000000
114834  -36.874  43.115  42.417 0.0000000000
114841  -36.824  43.574  41.323 0.0000000000
119432  -25.964  49.647  37.768 0.0000000000
119418  -26.340  49.091  38.171 0.0000000000
124312  -27.039  56.226  34.649 0.0000000000
123648  -26.669  55.837  34.612 0.0000000000
122940  -27.062  55.442  34.764 0.0000000000
122246  -27.965  54.391  35.582 0.0000000000
122228  -28.137  53.538  36.129 0.0000000000
122227  -27.036  53.079  36.071 0.0000000000
121529  -28.795  52.610  36.596 0.0000000000
122220  -32.562  53.591  37.744 0.0000000000
122219  -31.900  53.519  37.943 0.0000000000
120845  -30.970  51.789  37.769 0.0000000000
121512  -30.197  52.229  37.373 0.0000000000
120843  -28.946  50.857  37.145 0.0000000000
120167  -28.627  50.481  37.428 0.0000000000
120168  -29.213  50.444  37.791 0.0000000000
119423  -30.111  49.884  39.413 0.0000000000
119422  -29.695  49.815  39.056 0.0000000000
119404  -29.323  49.154  39.199 0.0000000000
118670  -29.883  48.577  39.794 0.0000000000
119379  -33.061  49.746  41.542 0.0000000000
118649  -32.346  48.846  41.324 0.0000000000
117919  -32.473  48.317  41.052 0.0000000000
117927  -33.061  48.015  40.728 0.0000000000
118686  -33.499  49.006  38.967 0.0000000000
118672  -34.263  48.776  39.746 0.0000000000
117952  -33.921  48.183  39.427 0.0000000000
117207  -35.794  46.451  39.051 0.0000000000
117206  -34.847  46.678  39.609 0.0000000000
116393  -34.452  45.822  40.070 0.0000000000
115597  -35.377  45.212  39.571 0.0000000000
115609  -37.369  44.808  38.494 0.0000000000
115599  -36.882  44.580  39.215 0.0000000000
115600  -37.891  44.105  39.634 0.0000000000
115591  -37.641  43.663  40.379 0.0000000000
115611  -38.485  43.774  39.243 0.0000000000
114861  -38.286  43.148  39.900 0.0000000000
115621  -38.344  43.737  38.486 0.0000000000
115619  -37.189  44.112  36.928 0.0000000000
114877  -37.331  43.692  37.764 0.0000000000
114876  -36.779  43.826  37.465 0.0000000000
115608  -35.549  43.857  37.918 0.0000000000
115675  -36.839  44.881  34.390 0.0000000000
115676  -37.080  44.786  34.688 0.0000000000
115655  -36.216  44.858  34.515 0.0000000000
115634  -33.681  44.903  36.491 0.0000000000
115635  -34.623  44.862  36.372 0.0000000000
115616  -33.884  44.706  37.219 0.0000000000
115606  -34.013  44.445  37.886 0.0000000000
115615  -32.795  44.407  37.390 0.0000000000
114875  -32.332  44.025  38.057 0.0000000000
115614  -31.835  44.635  36.969 0.0000000000
114891  -30.478  43.950  35.993 0.0000000000
114872  -30.188  43.644  36.556 0.0000000000
114890  -29.737  43.546  36.022 0.0000000000
114167  -29.213  43.067  36.359 0.0000000000
114177  -29.149  43.150  35.616 0.0000000000
119492  -35.613  49.708  31.962 0.0000000000
118746  -35.347  48.545  32.247 0.0000000000
138377  -33.272  46.216  31.705 0.0000000000
138373  -33.794  46.469  32.061 0.0000000000
138370  -33.664  45.372  31.840 0.0000000000
138366  -33.415  44.996  32.467 0.0000000000
115704  -32.987  44.777  31.848 0.0000000000
115701  -30.655  44.525  31.516 0.0000000000
114937  -30.747  43.591  30.987 0.0000000000
114200  -31.234  42.379  31.070 0.0000000000
114201  -31.570  42.825  30.988 0.0000000000
115695  -31.482  43.031  31.933 0.0000000000
115686  -30.886  43.682  32.559 0.0000000000
115669  -30.132  43.889  33.602 0.0000000000
115685  -30.217  43.395  33.074 0.0000000000
114185  -28.711  42.192  33.473 0.0000000000
114901  -28.951  43.114  33.809 0.0000000000
114175  -28.128  41.938  34.333 0.0000000000
114081  -38.654  41.573  43.675 0.0000000000
113411  -38.997  41.467  42.464 0.0000000000
113419  -38.267  41.690  41.717 0.0000000000
126498  -31.176  59.416  33.642 0.0000000000
125815  -31.000  58.595  33.360 0.0000000000
125800  -30.961  57.984  33.197 0.0000000000
124325  -30.512  56.541  33.444 0.0000000000
117190  -29.022  46.611  40.841 0.0000000000
117924  -29.548  47.254  40.757 0.0000000000
124306  -21.631  56.546  34.866 0.0000000000
123644  -22.850  55.653  34.586 0.0000000000
120876  -33.812  51.662  34.807 0.0000000000
120875  -33.334  51.700  35.690 0.0000000000
120185  -33.324  50.830  34.984 0.0000000000
120184  -32.967  50.704  35.782 0.0000000000
119440  -32.528  49.771  35.988 0.0000000000
118700  -32.458  48.762  36.358 0.0000000000
118701  -32.748  48.884  35.399 0.0000000000
117995  -33.389  48.322  34.885 0.0000000000
117979  -34.615  47.317  34.559 0.0000000000
117997  -34.919  47.487  33.697 0.0000000000
118013  -35.119  47.480  32.905 0.0000000000
125784  -27.133  59.055  34.824 0.0000000000
125765  -28.462  58.526  34.915 0.0000000000
125766  -29.236  58.170  35.064 0.0000000000
125749  -29.767  58.483  35.095 0.0000000000
125048  -32.580  57.624  33.807 0.0000000000
125031  -32.174  57.440  34.773 0.0000000000
124314  -33.589  56.351  33.788 0.0000000000
122941  -34.194  54.748  33.915 0.0000000000
122952  -35.125  54.156  32.893 0.0000000000
122953  -35.314  53.469  32.655 0.0000000000
121611  -35.336  52.349  31.912 0.0000000000
122276  -35.050  53.049  31.914 0.0000000000
121591  -34.799  52.408  31.997 0.0000000000
120922  -33.699  51.456  32.689 0.0000000000
120904  -31.738  51.645  34.209 0.0000000000
111768  -33.409  39.828  48.214 0.0000000000
113335  -32.974  41.759  47.105 0.0000000000
114046  -33.282  42.523  46.372 0.0000000000
114040  -35.473  43.167  47.766 0.0000000000
114042  -36.416  43.133  47.715 0.0000000000
114749  -35.676  43.533  47.651 0.0000000000
114756  -35.774  43.857  46.794 0.0000000000
115542  -35.504  44.130  45.191 0.0000000000
123610  -13.664  56.047  37.151 0.0000000000
125068  -13.559  57.274  32.747 0.0000000000
124332  -13.681  56.708  33.523 0.0000000000
124334  -15.322  56.570  32.971 0.0000000000
124304  -18.101  57.194  34.906 0.0000000000
125039  -17.733  57.204  34.303 0.0000000000
125040  -18.560  57.656  34.292 0.0000000000
125776  -19.583  58.111  34.224 0.0000000000
125110  -20.836  58.100  30.465 0.0000000000
125075  -21.080  57.805  32.179 0.0000000000
125076  -21.851  57.744  31.999 0.0000000000
125809  -22.474  58.216  32.430 0.0000000000
125798  -23.191  59.255  33.578 0.0000000000
126492  -24.249  59.403  33.026 0.0000000000
126493  -25.115  59.797  32.438 0.0000000000
127223  -25.913  60.674  30.333 0.0000000000
127898  -27.295  61.619  31.298 0.0000000000
128562  -27.674  62.229  31.523 0.0000000000
128554  -28.724  62.521  32.419 0.0000000000
128563  -28.026  62.565  31.796 0.0000000000
128564  -28.591  62.306  31.499 0.0000000000
127909  -28.435  61.921  30.814 0.0000000000
127915  -29.033  61.867  29.800 0.0000000000
117867  -24.600  47.497  44.778 0.0000000000
117852  -24.312  47.246  45.176 0.0000000000
117090  -24.761  46.850  45.457 0.0000000000
116318  -25.146  46.274  45.388 0.0000000000
116360  -27.643  45.593  44.154 0.0000000000
116338  -28.104  46.246  44.703 0.0000000000
116339  -29.077  45.990  44.674 0.0000000000
116340  -30.023  45.847  44.370 0.0000000000
117158  -30.847  46.289  42.680 0.0000000000
117134  -30.539  46.138  43.453 0.0000000000
116377  -32.022  45.154  42.399 0.0000000000
115578  -33.370  44.110  42.353 0.0000000000
114831  -34.078  43.832  41.698 0.0000000000
114839  -34.858  43.881  41.077 0.0000000000
120177  -25.304  50.833  36.831 0.0000000000
120165  -26.583  50.256  37.526 0.0000000000
123621  -28.892  55.811  35.288 0.0000000000
122927  -28.138  55.244  35.409 0.0000000000
121505  -32.903  52.630  38.823 0.0000000000
121504  -32.075  52.938  38.542 0.0000000000
120831  -31.499  52.082  38.775 0.0000000000
120830  -30.567  51.098  38.734 0.0000000000
120829  -30.054  50.730  38.102 0.0000000000
120817  -31.032  51.036  39.298 0.0000000000
120139  -31.378  50.394  40.018 0.0000000000
119407  -31.212  49.902  40.243 0.0000000000
119391  -31.089  49.397  40.354 0.0000000000
119392  -31.872  49.861  40.620 0.0000000000
119380  -33.997  49.643  41.628 0.0000000000
117959  -34.627  47.254  37.751 0.0000000000
117953  -34.436  47.534  38.907 0.0000000000
117954  -35.348  47.039  38.485 0.0000000000
117208  -36.285  45.947  39.025 0.0000000000
116399  -35.877  45.671  39.363 0.0000000000
116405  -37.010  45.214  38.529 0.0000000000
116436  -34.464  45.198  34.883 0.0000000000
116437  -35.300  45.070  35.053 0.0000000000
116418  -33.619  45.128  35.662 0.0000000000
115632  -32.041  45.045  36.006 0.0000000000
115631  -31.134  44.650  35.949 0.0000000000
138374  -32.618  46.430  31.556 0.0000000000
138369  -32.912  45.715  31.455 0.0000000000
114936  -29.814  42.953  30.975 0.0000000000
114211  -30.569  42.454  30.757 0.0000000000
114199  -30.572  41.903  31.052 0.0000000000
114192  -30.779  42.195  31.626 0.0000000000
114919  -30.280  42.702  32.531 0.0000000000
114191  -30.113  41.986  31.858 0.0000000000
113481  -27.904  41.295  32.239 0.0000000000
113379  -36.776  41.237  44.528 0.0000000000
127861  -29.621  60.963  34.404 0.0000000000
127148  -29.813  60.081  34.607 0.0000000000
127149  -30.526  60.050  34.408 0.0000000000
125785  -31.915  59.023  34.164 0.0000000000
125816  -31.684  58.757  33.488 0.0000000000
125802  -32.155  58.825  33.773 0.0000000000
122959  -33.665  54.922  32.832 0.0000000000
122265  -32.358  53.707  33.525 0.0000000000
122264  -30.946  53.669  33.678 0.0000000000
112597  -30.493  40.216  45.892 0.0000000000
112598  -31.193  40.617  46.185 0.0000000000
113373  -29.795  41.808  44.319 0.0000000000
113374  -30.623  41.896  45.051 0.0000000000
113354  -31.827  41.604  45.874 0.0000000000
114056  -32.088  42.381  45.468 0.0000000000
114077  -32.175  42.753  45.294 0.0000000000
125088  -13.732  57.458  31.716 0.0000000000
125089  -14.444  57.005  31.456 0.0000000000
125090  -15.494  56.990  31.530 0.0000000000
126522  -23.617  58.929  30.888 0.0000000000
126537  -25.573  60.296  29.761 0.0000000000
127245  -27.652  61.457  28.933 0.0000000000
126553  -27.953  60.804  28.356 0.0000000000
117902  -29.437  47.309  42.743 0.0000000000
117179  -32.030  46.818  41.385 0.0000000000
121545  -25.333  52.736  35.871 0.0000000000
121546  -25.880  52.708  36.125 0.0000000000
123614  -32.445  55.063  37.177 0.0000000000
122908  -32.695  54.577  37.186 0.0000000000
121515  -33.047  52.875  37.709 0.0000000000
120865  -33.047  52.121  36.395 0.0000000000
120155  -33.525  50.586  39.379 0.0000000000
120140  -33.831  50.852  40.096 0.0000000000
119424  -32.998  49.856  38.646 0.0000000000
118688  -33.075  48.850  38.157 0.0000000000
117976  -32.657  48.025  36.853 0.0000000000
117966  -33.562  47.553  37.040 0.0000000000
117222  -35.201  46.451  36.959 0.0000000000
116421  -37.278  45.540  35.862 0.0000000000
116456  -36.666  45.109  34.324 0.0000000000
116454  -34.276  45.142  34.149 0.0000000000
116453  -33.690  45.023  34.086 0.0000000000
115673  -33.216  44.909  33.868 0.0000000000
117280  -31.377  46.426  31.640 0.0000000000
116476  -30.281  45.988  32.184 0.0000000000
116479  -30.352  45.026  31.856 0.0000000000
115694  -30.023  44.577  31.806 0.0000000000
114926  -29.782  43.844  31.480 0.0000000000
114935  -29.263  42.633  30.892 0.0000000000
114209  -28.817  42.147  30.779 0.0000000000
124310  -25.113  56.681  34.472 0.0000000000
124290  -26.936  57.042  34.377 0.0000000000
124291  -27.335  56.820  34.583 0.0000000000
125027  -27.660  57.848  34.728 0.0000000000
124292  -28.440  56.660  35.054 0.0000000000
124271  -28.921  56.333  35.218 0.0000000000
123624  -31.799  55.824  36.861 0.0000000000
126453  -30.223  59.210  34.816 0.0000000000
125750  -30.465  58.358  35.169 0.0000000000
125008  -31.631  57.527  35.627 0.0000000000
123613  -32.196  55.313  37.192 0.0000000000
122918  -33.035  54.342  35.553 0.0000000000
122247  -33.365  53.468  35.396 0.0000000000
122929  -34.375  53.979  34.206 0.0000000000
122248  -33.998  53.354  34.685 0.0000000000
121547  -33.697  52.574  35.219 0.0000000000
120884  -34.423  51.582  34.070 0.0000000000
120200  -34.729  50.606  33.737 0.0000000000
120201  -35.459  50.528  33.033 0.0000000000
119501  -35.364  50.105  31.653 0.0000000000
120930  -35.545  51.527  31.677 0.0000000000
120237  -35.176  50.771  31.415 0.0000000000
119500  -34.743  49.759  31.611 0.0000000000
122274  -33.574  53.563  33.112 0.0000000000
121589  -33.291  52.279  33.264 0.0000000000
120905  -32.467  51.334  33.923 0.0000000000
120221  -32.636  50.327  33.614 0.0000000000
120229  -33.364  50.476  32.812 0.0000000000
112568  -32.190  40.059  47.421 0.0000000000
112560  -33.784  39.987  48.460 0.0000000000
113327  -33.485  40.908  48.050 0.0000000000
113328  -34.171  40.699  47.896 0.0000000000
112571  -34.242  40.539  47.709 0.0000000000
112602  -35.193  41.037  46.391 0.0000000000
113358  -35.974  41.297  45.628 0.0000000000
113359  -36.800  41.662  45.653 0.0000000000
113360  -37.232  42.068  45.583 0.0000000000
114767  -37.186  42.937  46.490 0.0000000000
114061  -37.294  42.449  45.891 0.0000000000
114080  -37.816  42.163  44.392 0.0000000000
114094  -38.230  42.292  43.637 0.0000000000
114836  -38.365  42.582  42.852 0.0000000000
114835  -37.777  43.062  42.690 0.0000000000
124268  -14.229  55.924  36.093 0.0000000000
124319  -14.241  56.241  34.077 0.0000000000
124282  -14.555  55.971  35.604 0.0000000000
123628  -15.285  55.921  35.643 0.0000000000
124269  -16.468  55.820  36.188 0.0000000000
123620  -17.023  55.440  36.342 0.0000000000
123630  -17.867  55.448  35.894 0.0000000000
123631  -18.940  55.755  35.478 0.0000000000
123632  -20.035  55.907  35.047 0.0000000000
123633  -20.601  56.322  34.900 0.0000000000
124287  -20.485  56.879  34.951 0.0000000000
124305  -21.007  56.584  34.839 0.0000000000
124289  -22.035  57.106  35.226 0.0000000000
125023  -22.798  57.489  35.082 0.0000000000
125092  -17.574  57.021  31.517 0.0000000000
125072  -18.447  57.339  32.339 0.0000000000
125794  -19.382  57.971  33.491 0.0000000000
125795  -20.152  58.125  33.504 0.0000000000
125777  -20.573  58.335  34.174 0.0000000000
125760  -21.739  58.241  35.081 0.0000000000
125761  -22.616  58.212  35.193 0.0000000000
125763  -23.783  58.111  35.158 0.0000000000
125781  -24.225  58.454  35.035 0.0000000000
125782  -25.534  58.779  34.737 0.0000000000
125783  -26.574  59.004  34.760 0.0000000000
126471  -27.307  59.683  34.483 0.0000000000
126472  -28.096  60.277  34.437 0.0000000000
127180  -25.860  60.494  32.801 0.0000000000
127182  -27.210  61.179  33.636 0.0000000000
127164  -27.747  61.005  34.109 0.0000000000
127860  -29.146  60.966  34.335 0.0000000000
127867  -28.832  61.422  34.025 0.0000000000
127868  -29.758  61.608  33.900 0.0000000000
127878  -29.696  61.707  33.356 0.0000000000
128547  -29.379  62.357  32.870 0.0000000000
127891  -30.054  61.048  33.374 0.0000000000
127199  -29.695  60.617  33.059 0.0000000000
126496  -29.149  59.733  32.958 0.0000000000
127214  -27.795  60.084  31.236 0.0000000000
127919  -28.548  61.794  28.823 0.0000000000
114830  -29.141  43.173  42.858 0.0000000000
115566  -28.602  44.907  43.281 0.0000000000
114810  -29.749  43.790  43.152 0.0000000000
114811  -30.470  43.470  43.675 0.0000000000
114812  -30.955  43.646  43.911 0.0000000000
114781  -31.428  43.656  44.234 0.0000000000
115517  -32.830  44.593  45.359 0.0000000000
117095  -29.676  46.758  44.971 0.0000000000
116341  -30.606  45.567  43.781 0.0000000000
115518  -33.494  44.446  45.670 0.0000000000
115519  -34.315  44.637  45.815 0.0000000000
115541  -34.677  44.400  45.119 0.0000000000
114813  -34.239  43.760  43.567 0.0000000000
114784  -35.202  43.681  44.360 0.0000000000
118681  -25.900  48.389  38.439 0.0000000000
117950  -26.482  47.750  38.764 0.0000000000
117951  -27.301  47.928  38.740 0.0000000000
123647  -25.833  55.738  34.482 0.0000000000
122925  -26.421  54.208  35.204 0.0000000000
122926  -27.303  54.809  35.098 0.0000000000
122226  -26.567  52.962  36.102 0.0000000000
121527  -26.464  52.491  36.305 0.0000000000
122906  -31.480  54.072  37.447 0.0000000000
122230  -30.641  53.672  37.060 0.0000000000
121530  -29.806  52.831  36.929 0.0000000000
121513  -31.159  52.843  37.515 0.0000000000
121531  -30.441  52.882  37.197 0.0000000000
120179  -27.285  50.802  37.181 0.0000000000
120166  -27.599  50.158  37.710 0.0000000000
120152  -29.681  50.368  38.349 0.0000000000
119420  -28.050  49.617  38.309 0.0000000000
118683  -27.812  48.655  38.708 0.0000000000
118668  -27.976  47.841  39.162 0.0000000000
117939  -29.466  47.762  39.912 0.0000000000
118659  -30.035  47.946  40.353 0.0000000000
117925  -30.228  47.855  40.984 0.0000000000
118661  -31.495  49.106  40.862 0.0000000000
118647  -30.690  48.043  41.391 0.0000000000
117918  -31.825  47.807  41.399 0.0000000000
117926  -32.409  47.585  41.121 0.0000000000
116391  -32.942  46.325  40.747 0.0000000000
120141  -34.228  50.187  40.722 0.0000000000
118673  -34.366  49.184  40.335 0.0000000000
118663  -34.216  48.921  40.645 0.0000000000
117941  -34.423  47.963  39.906 0.0000000000
117928  -33.943  47.992  40.497 0.0000000000
116392  -33.476  45.818  40.560 0.0000000000
115583  -34.392  44.356  40.895 0.0000000000
114847  -35.403  44.083  40.809 0.0000000000
115598  -35.843  44.947  39.571 0.0000000000
115589  -35.854  44.350  40.346 0.0000000000
115585  -36.435  43.980  40.985 0.0000000000
114849  -37.733  43.557  40.954 0.0000000000
114850  -38.373  43.254  40.877 0.0000000000
114148  -38.215  42.875  39.523 0.0000000000
114146  -37.785  43.111  39.129 0.0000000000
114878  -38.020  43.492  38.211 0.0000000000
114868  -37.298  43.364  38.812 0.0000000000
116439  -37.629  45.011  35.370 0.0000000000
115637  -36.905  44.393  35.941 0.0000000000
116420  -35.053  44.982  35.744 0.0000000000
115607  -34.940  44.178  37.899 0.0000000000
114865  -34.001  43.863  38.465 0.0000000000
114863  -32.142  43.618  38.517 0.0000000000
114873  -30.765  44.105  36.951 0.0000000000
117273  -33.281  46.633  32.905 0.0000000000
138364  -32.833  46.496  33.595 0.0000000000
138363  -32.794  45.863  33.676 0.0000000000
115688  -32.766  44.836  33.353 0.0000000000
114938  -31.624  43.794  30.801 0.0000000000
114939  -31.643  43.688  31.288 0.0000000000
115670  -30.862  44.333  33.730 0.0000000000
115650  -30.242  44.195  34.264 0.0000000000
114902  -29.581  43.707  34.674 0.0000000000
114910  -29.495  42.549  33.112 0.0000000000
111759  -33.097  40.043  48.302 0.0000000000
111760  -33.389  40.016  48.414 0.0000000000
111767  -32.790  39.854  47.805 0.0000000000
112559  -33.367  40.322  48.361 0.0000000000
112570  -34.088  40.044  47.923 0.0000000000
112582  -34.363  40.882  47.102 0.0000000000
113319  -33.813  40.416  48.344 0.0000000000
113320  -34.111  40.215  48.331 0.0000000000
113329  -34.253  40.909  47.532 0.0000000000
113375  -31.219  41.792  45.361 0.0000000000
114041  -36.114  43.111  48.088 0.0000000000
114051  -37.147  42.478  46.641 0.0000000000
114058  -33.324  42.941  46.194 0.0000000000
114059  -36.681  43.253  45.298 0.0000000000
114074  -30.090  42.496  43.949 0.0000000000
114112  -35.188  43.396  41.502 0.0000000000
114117  -35.245  43.702  41.216 0.0000000000
114118  -35.412  43.572  41.333 0.0000000000
114139  -37.470  42.765  39.621 0.0000000000
114140  -38.178  42.445  39.698 0.0000000000
114141  -38.333  42.700  39.807 0.0000000000
114147  -38.051  42.943  39.302 0.0000000000
114184  -28.254  41.763  33.670 0.0000000000
114213  -31.622  43.189  30.974 0.0000000000
114748  -35.419  43.480  47.510 0.0000000000
114750  -36.201  43.483  47.697 0.0000000000
114757  -36.590  43.184  47.099 0.0000000000
114758  -37.006  42.804  46.967 0.0000000000
114780  -30.881  43.386  44.021 0.0000000000
114787  -37.555  42.795  44.287 0.0000000000
114817  -37.825  42.750  43.630 0.0000000000
114818  -38.345  42.417  43.345 0.0000000000
114838  -34.254  44.189  41.221 0.0000000000
114840  -35.743  43.815  41.165 0.0000000000
114846  -35.206  44.250  40.592 0.0000000000
114848  -37.310  43.761  40.795 0.0000000000
114870  -38.288  43.253  39.176 0.0000000000
114879  -38.252  43.380  38.617 0.0000000000
114918  -29.868  42.253  32.576 0.0000000000
114928  -31.495  42.776  31.304 0.0000000000
114929  -31.622  43.232  31.252 0.0000000000
115511  -33.885  44.545  46.136 0.0000000000
115572  -34.226  43.798  43.248 0.0000000000
115584  -36.238  44.120  40.789 0.0000000000
115592  -38.003  43.446  40.564 0.0000000000
115605  -33.402  44.399  37.720 0.0000000000
115654  -33.365  44.918  34.258 0.0000000000
115656  -36.788  44.677  34.954 0.0000000000
115657  -37.324  44.752  35.180 0.0000000000
116320  -28.699  46.522  45.023 0.0000000000
116362  -29.276  45.555  43.764 0.0000000000
116406  -37.498  45.156  38.151 0.0000000000
116417  -32.845  45.181  35.625 0.0000000000
116433  -32.247  45.193  35.470 0.0000000000
116457  -37.256  44.961  34.632 0.0000000000
117089  -23.888  46.724  45.349 0.0000000000
117092  -26.760  47.037  45.335 0.0000000000
117107  -24.663  47.447  44.542 0.0000000000
117108  -24.905  47.496  44.556 0.0000000000
117110  -26.942  46.537  45.051 0.0000000000
117192  -32.731  46.898  41.018 0.0000000000
117217  -37.239  45.579  38.243 0.0000000000
117858  -29.725  47.204  44.670 0.0000000000
117872  -29.337  47.692  44.046 0.0000000000
117882  -24.187  47.338  44.504 0.0000000000
117883  -24.420  47.400  44.528 0.0000000000
117957  -33.187  48.382  37.989 0.0000000000
117978  -33.888  47.592  35.031 0.0000000000
118650  -33.091  49.019  41.169 0.0000000000
118685  -33.197  49.235  38.549 0.0000000000
118689  -33.344  48.636  38.454 0.0000000000
118719  -33.173  49.085  34.774 0.0000000000
119381  -34.370  49.928  41.697 0.0000000000
119393  -32.522  49.822  41.143 0.0000000000
119394  -34.133  49.368  41.109 0.0000000000
119395  -34.338  49.692  41.111 0.0000000000
119405  -30.031  49.405  39.524 0.0000000000
119406  -30.641  49.913  39.808 0.0000000000
119408  -34.102  49.820  39.887 0.0000000000
119409  -34.339  49.744  40.550 0.0000000000
119421  -29.030  49.651  38.592 0.0000000000
119434  -27.395  49.676  38.079 0.0000000000
119461  -33.435  49.529  34.499 0.0000000000
119491  -34.376  49.978  31.921 0.0000000000
120116  -33.380  50.280  41.465 0.0000000000
120117  -33.870  50.190  41.818 0.0000000000
120118  -34.320  50.037  41.964 0.0000000000
120138  -30.910  50.680  39.446 0.0000000000
120151  -28.768  50.157  38.110 0.0000000000
120180  -27.961  50.604  37.194 0.0000000000
120199  -32.263  50.739  34.060 0.0000000000
120238  -35.568  50.792  31.537 0.0000000000
120808  -32.294  51.176  40.384 0.0000000000
120832  -33.325  52.014  38.825 0.0000000000
120833  -33.379  51.769  39.446 0.0000000000
120883  -31.959  51.008  34.231 0.0000000000
120921  -33.127  51.277  33.413 0.0000000000
121499  -33.026  52.288  39.698 0.0000000000
121514  -31.675  53.021  38.087 0.0000000000
121554  -34.837  52.442  33.747 0.0000000000
121592  -35.487  52.193  32.083 0.0000000000
121610  -35.178  52.315  31.787 0.0000000000
122213  -32.074  53.296  38.323 0.0000000000
122259  -35.208  53.225  33.439 0.0000000000
122267  -35.484  52.983  33.159 0.0000000000
122277  -35.419  52.866  32.368 0.0000000000
122289  -35.250  52.823  31.902 0.0000000000
122290  -35.398  52.774  32.054 0.0000000000
122903  -14.810  54.873  37.628 0.0000000000
122962  -35.298  53.177  32.241 0.0000000000
122968  -35.188  53.363  31.832 0.0000000000
122969  -35.353  53.028  32.008 0.0000000000
123605  -13.674  55.912  38.072 0.0000000000
123606  -14.454  55.412  38.409 0.0000000000
123616  -13.662  56.166  36.626 0.0000000000
123629  -15.798  55.854  35.853 0.0000000000
123634  -27.581  55.861  34.995 0.0000000000
123639  -15.534  55.921  35.359 0.0000000000
123642  -20.951  55.818  34.769 0.0000000000
123649  -27.103  55.830  34.753 0.0000000000
123662  -34.263  55.559  32.807 0.0000000000
124267  -13.689  56.179  36.208 0.0000000000
124270  -16.704  55.851  36.192 0.0000000000
124281  -13.797  56.105  35.583 0.0000000000
124283  -16.415  55.975  36.002 0.0000000000
124333  -14.341  56.516  33.211 0.0000000000
124345  -15.732  56.635  32.324 0.0000000000
125009  -32.231  57.168  35.690 0.0000000000
125024  -23.619  57.748  35.093 0.0000000000
125025  -23.977  57.968  35.130 0.0000000000
125030  -31.722  57.803  34.930 0.0000000000
125037  -12.896  57.920  34.203 0.0000000000
125042  -22.996  56.938  34.795 0.0000000000
125053  -12.962  57.748  34.037 0.0000000000
125057  -19.050  57.628  32.976 0.0000000000
125059  -20.485  57.847  32.834 0.0000000000
125069  -14.349  56.805  32.310 0.0000000000
125082  -32.048  58.560  33.464 0.0000000000
125762  -23.390  58.137  35.174 0.0000000000
125764  -27.630  58.934  34.856 0.0000000000
125768  -31.360  58.422  34.766 0.0000000000
125773  -12.908  58.271  34.451 0.0000000000
125774  -13.020  58.037  34.988 0.0000000000
125775  -18.941  57.996  33.772 0.0000000000
125793  -18.958  57.825  33.426 0.0000000000
125801  -31.907  59.144  33.902 0.0000000000
125811  -24.048  58.982  32.578 0.0000000000
125817  -31.973  58.821  33.604 0.0000000000
125824  -22.097  58.448  30.935 0.0000000000
125837  -22.853  58.794  30.605 0.0000000000
126437  -29.935  58.801  35.029 0.0000000000
126466  -22.898  58.917  34.432 0.0000000000
126487  -31.710  59.168  33.785 0.0000000000
126491  -23.627  59.364  33.552 0.0000000000
126499  -31.850  59.005  33.680 0.0000000000
127150  -30.946  59.646  34.356 0.0000000000
127165  -28.384  60.812  34.312 0.0000000000
127166  -30.705  60.511  34.054 0.0000000000
127183  -30.606  60.541  33.719 0.0000000000
127201  -30.873  60.079  33.651 0.0000000000
127862  -30.115  60.591  34.482 0.0000000000
127877  -28.356  61.904  33.519 0.0000000000
127887  -27.263  61.594  32.303 0.0000000000
127901  -29.120  62.071  32.097 0.0000000000
127918  -28.069  61.663  28.854 0.0000000000
128553  -28.197  62.428  32.784 0.0000000000
128579  -28.697  62.557  30.111 0.0000000000
138365  -32.762  46.281  33.422 0.0000000000
138367  -32.893  45.847  32.969 0.0000000000
138368  -32.794  46.210  33.510 0.0000000000
138371  -33.662  45.538  32.373 0.0000000000
