#!ascii label  , from subject 4021 vox2ras=TkReg
1531
64979  -36.931  -6.544  52.638 0.0000000000
85349  -44.435  11.227  46.252 0.0000000000
74351  -41.186  2.298  48.524 0.0000000000
41161  -13.016  -27.217  68.565 0.0000000000
67391  -31.170  -3.874  56.944 0.0000000000
53551  -24.887  -16.509  69.697 0.0000000000
57949  -33.744  -12.325  68.109 0.0000000000
62416  -34.890  -6.936  62.813 0.0000000000
67262  -33.793  -3.937  62.022 0.0000000000
49103  -18.558  -19.233  64.581 0.0000000000
51333  -21.181  -17.743  71.242 0.0000000000
53627  -20.937  -16.499  64.690 0.0000000000
55753  -29.295  -14.188  62.460 0.0000000000
58016  -33.491  -11.457  63.018 0.0000000000
66086  -40.247  -6.020  59.241 0.0000000000
64927  -43.589  -5.762  55.793 0.0000000000
78894  -42.710  5.977  46.634 0.0000000000
68800  -39.311  -2.526  50.519 0.0000000000
83248  -41.599  10.392  42.162 0.0000000000
39092  -9.815  -29.856  69.087 0.0000000000
66035  -36.478  -5.368  61.335 0.0000000000
63781  -34.240  -7.382  55.763 0.0000000000
54711  -24.668  -15.560  63.193 0.0000000000
53598  -29.262  -16.104  68.260 0.0000000000
71020  -44.058  -0.678  54.283 0.0000000000
86600  -47.840  12.884  38.535 0.0000000000
61380  -34.173  -8.383  59.847 0.0000000000
63682  -32.979  -6.742  60.282 0.0000000000
51408  -19.594  -18.116  64.597 0.0000000000
58065  -31.460  -12.249  60.094 0.0000000000
59198  -33.610  -10.637  59.967 0.0000000000
60253  -35.679  -9.806  62.858 0.0000000000
63760  -39.333  -7.338  56.199 0.0000000000
63720  -42.256  -6.685  57.470 0.0000000000
63813  -39.837  -6.619  54.310 0.0000000000
81147  -43.932  8.246  46.805 0.0000000000
78870  -46.700  6.565  49.518 0.0000000000
86511  -46.919  11.651  46.262 0.0000000000
41193  -11.448  -27.675  65.376 0.0000000000
41149  -11.295  -28.447  69.678 0.0000000000
67329  -32.728  -3.955  59.775 0.0000000000
67286  -35.694  -3.919  62.377 0.0000000000
67354  -34.075  -4.442  59.103 0.0000000000
64872  -35.218  -6.230  58.529 0.0000000000
64923  -32.604  -5.685  56.516 0.0000000000
52464  -22.788  -16.712  69.733 0.0000000000
52388  -23.012  -16.772  73.632 0.0000000000
52411  -25.332  -16.511  72.753 0.0000000000
53492  -27.454  -16.633  72.490 0.0000000000
54749  -22.740  -15.343  61.385 0.0000000000
55793  -24.389  -14.695  59.913 0.0000000000
56834  -32.079  -13.463  65.198 0.0000000000
54676  -29.722  -15.215  65.593 0.0000000000
54648  -32.135  -14.796  67.821 0.0000000000
53558  -31.608  -15.543  69.816 0.0000000000
45065  -16.384  -24.313  66.996 0.0000000000
45033  -17.513  -23.324  70.818 0.0000000000
45014  -17.479  -23.410  74.067 0.0000000000
72164  -40.069  -0.621  49.276 0.0000000000
69977  -41.512  -1.638  52.419 0.0000000000
72144  -43.758  0.327  51.477 0.0000000000
87755  -49.410  13.908  37.252 0.0000000000
42145  -12.220  -27.266  72.676 0.0000000000
63587  -35.917  -5.631  65.783 0.0000000000
67230  -35.275  -4.407  64.632 0.0000000000
64811  -34.376  -5.470  62.867 0.0000000000
66033  -32.313  -4.804  60.105 0.0000000000
49059  -18.343  -20.232  68.142 0.0000000000
49009  -19.493  -19.054  71.243 0.0000000000
50215  -19.394  -18.809  68.107 0.0000000000
52497  -20.842  -17.101  66.994 0.0000000000
53591  -22.855  -16.253  67.142 0.0000000000
55796  -27.428  -14.038  60.335 0.0000000000
56909  -29.276  -13.490  60.260 0.0000000000
56855  -31.896  -12.478  62.994 0.0000000000
57973  -33.580  -11.991  65.776 0.0000000000
59147  -36.073  -10.283  65.489 0.0000000000
62380  -36.627  -7.948  65.549 0.0000000000
48101  -17.177  -20.896  64.265 0.0000000000
67311  -41.938  -4.395  61.173 0.0000000000
67295  -45.567  -3.748  61.593 0.0000000000
66064  -43.754  -5.210  59.603 0.0000000000
64882  -45.834  -5.834  58.476 0.0000000000
76578  -42.233  3.608  48.648 0.0000000000
74337  -44.515  2.561  51.049 0.0000000000
75452  -45.520  4.028  50.121 0.0000000000
34627  -5.861  -33.114  72.895 0.0000000000
66210  -37.599  -4.973  51.464 0.0000000000
71123  -37.473  -0.929  47.654 0.0000000000
76592  -38.091  4.163  47.444 0.0000000000
77794  -39.358  5.588  46.229 0.0000000000
81161  -39.411  7.922  45.454 0.0000000000
83217  -40.942  9.919  45.207 0.0000000000
83220  -43.428  10.030  44.272 0.0000000000
82196  -38.962  9.611  42.531 0.0000000000
40129  -10.561  -29.079  72.316 0.0000000000
38035  -8.723  -30.442  72.755 0.0000000000
36928  -6.384  -31.512  73.320 0.0000000000
69874  -41.699  -1.815  64.754 0.0000000000
68606  -36.853  -3.489  64.715 0.0000000000
68629  -38.726  -3.032  63.771 0.0000000000
67268  -40.329  -3.418  62.395 0.0000000000
64852  -38.546  -5.729  59.953 0.0000000000
63737  -36.925  -6.991  57.281 0.0000000000
63809  -35.518  -7.537  54.632 0.0000000000
51300  -20.976  -17.687  73.780 0.0000000000
54688  -22.130  -16.200  63.660 0.0000000000
53613  -24.433  -16.332  66.479 0.0000000000
54734  -27.248  -15.006  63.017 0.0000000000
53635  -27.032  -15.745  65.900 0.0000000000
53576  -26.819  -16.514  68.499 0.0000000000
53512  -29.466  -16.530  70.747 0.0000000000
42210  -12.876  -26.623  66.111 0.0000000000
44141  -14.564  -25.649  65.815 0.0000000000
43150  -13.995  -25.926  68.683 0.0000000000
66172  -40.822  -4.465  53.732 0.0000000000
67428  -43.543  -3.479  54.179 0.0000000000
69951  -47.877  -1.787  54.283 0.0000000000
73177  -45.530  1.627  54.167 0.0000000000
83236  -45.541  10.683  43.590 0.0000000000
84310  -46.710  11.898  42.520 0.0000000000
86543  -48.544  13.615  41.869 0.0000000000
86581  -45.821  12.753  39.410 0.0000000000
87719  -49.435  14.432  40.372 0.0000000000
61407  -33.900  -8.796  59.477 0.0000000000
62516  -32.993  -7.366  58.828 0.0000000000
61428  -32.158  -8.414  57.868 0.0000000000
59213  -32.451  -11.162  59.244 0.0000000000
60325  -32.818  -9.875  58.581 0.0000000000
60283  -34.426  -9.816  59.995 0.0000000000
63811  -37.770  -7.353  54.026 0.0000000000
63786  -39.634  -7.142  55.239 0.0000000000
64964  -38.228  -6.518  53.433 0.0000000000
82134  -43.951  9.517  46.525 0.0000000000
82136  -45.317  8.965  47.621 0.0000000000
83190  -46.225  10.493  48.035 0.0000000000
84262  -46.603  11.433  47.396 0.0000000000
85366  -45.570  11.454  46.469 0.0000000000
41172  -12.233  -27.431  66.801 0.0000000000
41171  -11.568  -28.157  66.879 0.0000000000
41150  -12.108  -27.895  69.332 0.0000000000
67351  -32.260  -4.279  58.645 0.0000000000
67330  -33.506  -3.951  59.619 0.0000000000
67374  -33.043  -4.352  58.228 0.0000000000
66109  -33.347  -4.958  57.784 0.0000000000
66130  -32.160  -5.136  57.013 0.0000000000
47050  -18.435  -21.546  72.927 0.0000000000
52465  -23.736  -16.720  69.775 0.0000000000
52429  -24.249  -16.563  71.717 0.0000000000
52451  -24.623  -16.561  70.856 0.0000000000
53491  -26.614  -16.378  72.601 0.0000000000
53531  -26.482  -16.538  70.638 0.0000000000
56827  -32.645  -13.212  66.418 0.0000000000
55705  -31.943  -14.326  66.681 0.0000000000
55694  -32.547  -13.953  67.815 0.0000000000
55684  -32.239  -13.891  68.913 0.0000000000
47074  -18.016  -21.785  69.557 0.0000000000
47067  -18.231  -21.910  70.657 0.0000000000
46002  -17.803  -22.651  72.307 0.0000000000
69892  -44.331  -2.796  64.049 0.0000000000
72183  -40.561  0.431  48.691 0.0000000000
72166  -41.362  -0.113  50.092 0.0000000000
73249  -41.865  0.969  49.720 0.0000000000
63617  -35.353  -6.456  64.347 0.0000000000
64796  -34.739  -5.407  63.982 0.0000000000
63646  -34.271  -6.444  62.487 0.0000000000
64831  -32.293  -5.388  60.096 0.0000000000
64830  -31.954  -5.135  59.473 0.0000000000
67304  -31.845  -4.788  59.277 0.0000000000
49086  -18.121  -20.118  65.878 0.0000000000
49060  -18.720  -19.542  67.586 0.0000000000
50257  -19.190  -18.886  65.770 0.0000000000
52536  -20.131  -16.894  64.047 0.0000000000
51388  -20.476  -17.549  66.199 0.0000000000
52510  -20.967  -16.828  66.274 0.0000000000
52499  -21.498  -16.691  67.480 0.0000000000
53629  -21.685  -16.273  65.417 0.0000000000
56936  -28.094  -13.659  58.739 0.0000000000
58031  -32.516  -11.735  61.891 0.0000000000
56890  -31.731  -12.134  61.688 0.0000000000
58015  -32.579  -11.905  62.629 0.0000000000
57999  -32.914  -12.602  63.626 0.0000000000
58000  -33.784  -12.012  64.084 0.0000000000
59145  -34.724  -11.419  65.635 0.0000000000
58002  -34.963  -11.011  64.746 0.0000000000
61331  -35.934  -8.371  62.655 0.0000000000
61287  -36.310  -8.557  64.258 0.0000000000
62398  -36.015  -7.632  64.571 0.0000000000
62360  -36.592  -6.694  65.911 0.0000000000
49101  -17.369  -20.332  64.098 0.0000000000
66061  -40.560  -5.376  59.836 0.0000000000
66042  -43.375  -4.787  60.386 0.0000000000
66063  -42.760  -5.248  59.627 0.0000000000
64905  -42.923  -6.454  56.509 0.0000000000
64880  -43.987  -6.273  58.024 0.0000000000
64907  -44.681  -5.817  57.186 0.0000000000
66111  -46.433  -5.026  56.788 0.0000000000
66133  -44.979  -5.043  55.659 0.0000000000
77761  -41.909  4.607  47.355 0.0000000000
76579  -43.241  3.707  48.786 0.0000000000
76599  -44.561  4.662  48.595 0.0000000000
80001  -47.539  7.869  51.102 0.0000000000
77777  -38.720  5.116  46.656 0.0000000000
78893  -37.936  5.513  46.414 0.0000000000
80067  -37.904  7.157  45.141 0.0000000000
82158  -38.620  8.449  44.491 0.0000000000
82146  -40.339  9.069  45.361 0.0000000000
82170  -39.343  8.835  44.297 0.0000000000
82184  -39.484  9.090  43.410 0.0000000000
40153  -9.638  -29.510  67.441 0.0000000000
39084  -8.646  -30.529  69.605 0.0000000000
42132  -11.740  -27.368  74.590 0.0000000000
41132  -11.624  -27.844  72.839 0.0000000000
41125  -10.557  -27.886  74.138 0.0000000000
39066  -9.061  -29.381  74.229 0.0000000000
39057  -7.843  -30.285  74.115 0.0000000000
38034  -7.861  -30.849  72.699 0.0000000000
38020  -7.263  -30.494  74.167 0.0000000000
35757  -6.804  -31.803  74.129 0.0000000000
67243  -35.187  -4.094  63.755 0.0000000000
68605  -36.232  -3.615  64.818 0.0000000000
68626  -35.786  -3.699  63.708 0.0000000000
66018  -35.873  -4.651  62.001 0.0000000000
67264  -36.393  -3.849  62.907 0.0000000000
67287  -38.096  -4.334  62.315 0.0000000000
68652  -39.320  -3.216  63.177 0.0000000000
67288  -38.817  -4.051  62.042 0.0000000000
66038  -39.688  -4.979  61.100 0.0000000000
64835  -38.060  -5.708  60.567 0.0000000000
63735  -34.899  -6.607  57.583 0.0000000000
63715  -36.567  -6.808  58.206 0.0000000000
63757  -36.154  -7.456  56.522 0.0000000000
63783  -36.414  -7.664  55.467 0.0000000000
63808  -34.655  -7.588  54.908 0.0000000000
50175  -19.992  -18.560  70.443 0.0000000000
50139  -20.509  -18.260  72.878 0.0000000000
51317  -21.243  -17.683  72.485 0.0000000000
54730  -23.630  -15.404  62.392 0.0000000000
54729  -22.783  -15.559  62.201 0.0000000000
54690  -23.957  -16.306  63.742 0.0000000000
53650  -23.165  -16.273  64.618 0.0000000000
53652  -24.998  -15.921  64.834 0.0000000000
55772  -27.753  -14.050  61.337 0.0000000000
55751  -27.335  -14.631  61.874 0.0000000000
55752  -27.973  -14.586  62.551 0.0000000000
54661  -29.852  -15.550  66.528 0.0000000000
54675  -28.763  -15.573  65.472 0.0000000000
53617  -28.184  -16.120  67.031 0.0000000000
53596  -27.616  -16.218  67.642 0.0000000000
53578  -28.864  -16.386  68.898 0.0000000000
53554  -28.008  -16.066  69.634 0.0000000000
53556  -29.708  -16.145  69.565 0.0000000000
60186  -37.207  -9.829  68.584 0.0000000000
44133  -15.793  -24.665  66.585 0.0000000000
44125  -15.244  -24.998  67.962 0.0000000000
43161  -14.791  -25.732  67.823 0.0000000000
45007  -16.967  -24.084  74.715 0.0000000000
67468  -38.585  -3.958  50.841 0.0000000000
66194  -39.699  -4.645  53.163 0.0000000000
67455  -39.630  -3.475  52.236 0.0000000000
71037  -42.941  -1.021  53.363 0.0000000000
68732  -42.286  -2.590  53.625 0.0000000000
69947  -43.623  -1.690  53.886 0.0000000000
68736  -45.935  -2.614  54.232 0.0000000000
69949  -45.427  -1.469  53.877 0.0000000000
75399  -45.357  2.950  52.413 0.0000000000
73215  -44.766  1.954  52.441 0.0000000000
74275  -45.836  2.593  54.268 0.0000000000
82199  -42.201  9.729  42.622 0.0000000000
83234  -44.002  10.144  43.745 0.0000000000
83249  -42.664  10.416  42.215 0.0000000000
85409  -44.410  12.051  41.729 0.0000000000
85410  -45.693  12.184  41.733 0.0000000000
85412  -48.126  12.946  42.182 0.0000000000
86541  -46.459  12.749  41.342 0.0000000000
86614  -45.289  13.458  37.680 0.0000000000
86597  -44.607  13.125  38.259 0.0000000000
85450  -46.959  12.523  39.407 0.0000000000
86571  -48.175  13.766  40.623 0.0000000000
86584  -48.953  13.898  39.887 0.0000000000
86602  -49.750  13.657  38.888 0.0000000000
87737  -50.916  14.255  37.945 0.0000000000
62461  -34.979  -7.774  61.504 0.0000000000
63666  -34.063  -6.682  61.695 0.0000000000
62459  -33.590  -7.249  60.498 0.0000000000
63695  -32.255  -6.410  58.716 0.0000000000
50272  -19.102  -18.748  64.753 0.0000000000
58083  -31.805  -11.714  59.184 0.0000000000
58066  -32.342  -12.097  59.993 0.0000000000
59188  -33.394  -11.235  61.103 0.0000000000
59179  -34.501  -10.871  62.259 0.0000000000
59189  -34.730  -10.783  61.164 0.0000000000
60267  -35.310  -9.730  60.735 0.0000000000
64902  -39.505  -7.061  57.960 0.0000000000
64878  -41.528  -6.549  58.308 0.0000000000
63741  -41.149  -7.258  57.455 0.0000000000
63762  -41.478  -7.296  56.200 0.0000000000
63789  -42.219  -6.255  55.195 0.0000000000
78918  -43.157  6.993  46.493 0.0000000000
78878  -45.427  6.243  48.310 0.0000000000
80037  -45.150  7.512  47.746 0.0000000000
81109  -46.988  8.634  49.262 0.0000000000
85381  -47.773  12.062  46.101 0.0000000000
40154  -10.623  -28.825  67.299 0.0000000000
40144  -10.479  -29.253  68.775 0.0000000000
67283  -33.780  -4.008  61.390 0.0000000000
68649  -34.821  -3.734  62.527 0.0000000000
68674  -34.005  -3.976  60.977 0.0000000000
67308  -34.912  -4.156  60.736 0.0000000000
66058  -35.115  -4.901  59.667 0.0000000000
64833  -35.938  -5.633  60.354 0.0000000000
66083  -35.056  -5.516  58.923 0.0000000000
64900  -34.198  -6.188  57.644 0.0000000000
63754  -33.518  -6.447  56.282 0.0000000000
52448  -22.027  -17.024  70.498 0.0000000000
51334  -21.784  -17.334  71.584 0.0000000000
52427  -22.540  -16.706  71.822 0.0000000000
52390  -24.380  -16.495  73.375 0.0000000000
52393  -27.720  -16.695  73.676 0.0000000000
55768  -23.577  -15.185  60.661 0.0000000000
54752  -25.023  -14.889  61.823 0.0000000000
55730  -30.930  -14.426  64.276 0.0000000000
55729  -29.772  -14.938  64.591 0.0000000000
55717  -30.901  -14.533  65.560 0.0000000000
54662  -30.939  -15.183  66.641 0.0000000000
54647  -31.140  -15.351  67.806 0.0000000000
54637  -30.358  -15.511  68.841 0.0000000000
54638  -31.339  -14.899  68.719 0.0000000000
46053  -16.636  -22.507  64.935 0.0000000000
45066  -16.795  -23.576  66.783 0.0000000000
45032  -17.005  -23.865  70.343 0.0000000000
44089  -16.403  -24.325  71.783 0.0000000000
45027  -17.411  -23.277  71.843 0.0000000000
70020  -39.845  -1.724  50.241 0.0000000000
69975  -40.574  -2.280  51.829 0.0000000000
70022  -41.145  -1.580  51.200 0.0000000000
71067  -42.596  -0.865  51.740 0.0000000000
71049  -43.186  -0.530  53.143 0.0000000000
85405  -40.400  12.057  41.646 0.0000000000
84306  -42.075  11.249  41.954 0.0000000000
86536  -40.996  12.128  41.181 0.0000000000
87753  -46.638  13.882  37.129 0.0000000000
86617  -48.672  13.344  37.512 0.0000000000
87770  -47.363  14.236  36.649 0.0000000000
88841  -47.870  15.235  36.296 0.0000000000
42163  -13.721  -26.480  70.600 0.0000000000
41145  -12.589  -27.404  70.227 0.0000000000
67180  -36.242  -4.026  66.900 0.0000000000
65967  -34.927  -4.875  65.284 0.0000000000
65989  -34.565  -4.801  63.764 0.0000000000
66002  -34.381  -4.542  62.712 0.0000000000
63645  -33.711  -5.943  62.055 0.0000000000
64823  -33.243  -5.310  61.412 0.0000000000
67261  -33.448  -4.330  61.487 0.0000000000
67305  -32.244  -4.484  59.832 0.0000000000
67328  -32.275  -4.198  59.312 0.0000000000
48063  -18.481  -20.875  68.801 0.0000000000
48991  -19.073  -20.254  71.531 0.0000000000
49047  -18.804  -19.878  68.874 0.0000000000
50192  -19.575  -19.160  69.357 0.0000000000
50193  -20.221  -18.560  68.934 0.0000000000
50258  -19.710  -18.222  66.044 0.0000000000
50216  -20.264  -18.186  67.910 0.0000000000
51354  -20.930  -17.405  68.896 0.0000000000
52462  -21.476  -17.164  69.079 0.0000000000
52483  -22.805  -16.735  68.813 0.0000000000
53573  -23.754  -16.531  68.504 0.0000000000
55797  -28.426  -13.873  60.337 0.0000000000
55774  -29.670  -13.889  61.753 0.0000000000
56911  -30.656  -12.670  60.316 0.0000000000
56871  -30.983  -13.420  62.024 0.0000000000
56853  -30.695  -13.765  62.657 0.0000000000
56843  -31.953  -13.060  63.917 0.0000000000
56835  -32.698  -12.755  65.707 0.0000000000
59123  -33.763  -12.365  66.544 0.0000000000
57950  -34.657  -11.954  68.671 0.0000000000
59125  -34.826  -11.577  67.423 0.0000000000
59126  -36.117  -10.790  67.434 0.0000000000
60200  -37.217  -9.765  67.371 0.0000000000
60231  -35.702  -10.121  64.261 0.0000000000
60221  -36.711  -9.121  65.349 0.0000000000
61227  -37.494  -8.351  67.075 0.0000000000
62339  -37.170  -7.136  67.567 0.0000000000
47094  -17.204  -21.735  66.103 0.0000000000
67271  -43.140  -3.328  62.296 0.0000000000
67293  -43.546  -3.696  61.665 0.0000000000
67314  -44.912  -4.002  61.034 0.0000000000
64838  -46.016  -5.130  60.316 0.0000000000
64854  -43.269  -5.744  58.797 0.0000000000
64856  -45.124  -5.911  59.252 0.0000000000
75449  -41.370  3.123  48.486 0.0000000000
74335  -43.100  2.277  50.023 0.0000000000
76563  -42.878  3.378  49.347 0.0000000000
75435  -44.562  3.168  50.831 0.0000000000
76535  -46.096  4.044  52.754 0.0000000000
77749  -46.540  5.535  49.777 0.0000000000
76551  -46.785  5.084  51.467 0.0000000000
64993  -36.569  -6.097  51.836 0.0000000000
64980  -37.664  -6.173  52.475 0.0000000000
66223  -36.522  -5.163  50.502 0.0000000000
66245  -37.229  -4.346  49.864 0.0000000000
68798  -37.949  -3.039  49.799 0.0000000000
68818  -38.305  -2.453  49.476 0.0000000000
71111  -39.058  -1.338  48.683 0.0000000000
72195  -39.733  0.540  48.249 0.0000000000
73275  -39.877  1.560  47.939 0.0000000000
75466  -39.976  3.457  47.495 0.0000000000
76594  -39.998  4.034  47.625 0.0000000000
77759  -40.287  4.373  47.130 0.0000000000
77796  -41.114  5.714  46.281 0.0000000000
80050  -37.276  6.630  45.542 0.0000000000
78914  -39.620  6.321  45.723 0.0000000000
78928  -41.485  6.786  45.542 0.0000000000
81144  -41.947  8.234  45.701 0.0000000000
82148  -41.724  9.199  45.935 0.0000000000
84258  -42.615  10.330  45.937 0.0000000000
84270  -43.664  11.244  45.288 0.0000000000
83219  -42.449  10.029  44.789 0.0000000000
82186  -41.807  9.342  43.297 0.0000000000
83247  -40.523  10.416  42.190 0.0000000000
84304  -39.943  11.268  41.973 0.0000000000
41144  -11.997  -27.976  70.492 0.0000000000
41143  -11.355  -28.499  70.904 0.0000000000
39079  -10.356  -29.617  70.962 0.0000000000
41124  -9.850  -28.130  74.376 0.0000000000
40128  -9.909  -29.206  72.820 0.0000000000
39078  -9.689  -30.254  70.801 0.0000000000
38050  -8.359  -30.853  70.706 0.0000000000
38040  -6.858  -31.423  71.544 0.0000000000
36941  -6.067  -31.737  71.485 0.0000000000
35767  -5.739  -32.294  72.945 0.0000000000
68633  -42.565  -2.468  63.649 0.0000000000
68591  -37.992  -2.357  65.204 0.0000000000
68650  -35.772  -3.480  62.941 0.0000000000
68628  -37.695  -3.089  63.876 0.0000000000
68610  -40.170  -2.158  64.339 0.0000000000
68654  -40.907  -2.868  62.989 0.0000000000
68655  -41.875  -2.969  63.058 0.0000000000
67290  -40.715  -4.000  61.885 0.0000000000
66039  -40.456  -4.952  60.726 0.0000000000
66085  -39.579  -5.671  59.399 0.0000000000
64851  -37.629  -5.886  59.757 0.0000000000
64875  -38.446  -5.859  58.950 0.0000000000
63717  -38.605  -6.603  58.028 0.0000000000
63738  -37.958  -6.727  57.104 0.0000000000
63784  -37.520  -7.549  55.251 0.0000000000
63827  -36.628  -7.032  53.234 0.0000000000
66151  -30.231  -4.990  55.650 0.0000000000
64963  -30.804  -5.941  55.314 0.0000000000
63779  -31.765  -6.502  55.472 0.0000000000
63807  -32.764  -7.338  54.558 0.0000000000
63824  -33.245  -7.669  53.832 0.0000000000
63838  -33.599  -7.469  52.773 0.0000000000
63839  -34.683  -7.202  52.735 0.0000000000
63856  -35.465  -6.677  51.853 0.0000000000
51301  -21.657  -17.256  73.635 0.0000000000
54706  -20.617  -16.043  62.710 0.0000000000
54707  -21.340  -16.036  62.707 0.0000000000
53648  -21.585  -16.226  64.462 0.0000000000
53630  -22.456  -16.231  65.476 0.0000000000
53612  -23.538  -16.163  66.415 0.0000000000
53593  -24.599  -16.571  67.439 0.0000000000
55795  -26.464  -14.361  60.185 0.0000000000
54753  -25.919  -15.049  61.743 0.0000000000
54712  -25.700  -15.671  63.192 0.0000000000
54715  -28.186  -15.210  64.077 0.0000000000
54694  -27.738  -15.431  64.560 0.0000000000
54692  -25.815  -15.799  64.109 0.0000000000
53615  -26.409  -16.050  66.613 0.0000000000
53594  -25.650  -16.612  67.496 0.0000000000
53575  -25.936  -16.717  68.615 0.0000000000
53532  -27.437  -16.375  70.517 0.0000000000
53510  -27.809  -16.550  71.364 0.0000000000
42209  -12.293  -27.038  65.983 0.0000000000
42198  -13.348  -27.112  66.872 0.0000000000
44150  -14.830  -24.791  64.694 0.0000000000
44149  -14.000  -25.275  64.455 0.0000000000
43179  -13.890  -25.928  65.578 0.0000000000
43159  -14.013  -26.753  67.226 0.0000000000
42187  -13.622  -26.570  68.810 0.0000000000
43132  -14.193  -25.919  71.125 0.0000000000
44083  -16.310  -24.274  72.853 0.0000000000
64982  -39.231  -5.403  53.192 0.0000000000
64967  -40.607  -5.393  54.071 0.0000000000
64969  -41.962  -5.189  54.293 0.0000000000
68747  -40.958  -2.483  53.251 0.0000000000
67426  -41.983  -3.597  53.794 0.0000000000
66176  -43.911  -4.259  54.332 0.0000000000
67409  -45.101  -3.946  54.659 0.0000000000
73233  -44.209  1.363  51.094 0.0000000000
73194  -44.254  0.663  53.234 0.0000000000
72077  -44.738  0.441  54.168 0.0000000000
84271  -44.361  11.414  45.218 0.0000000000
84284  -45.632  10.898  44.873 0.0000000000
84286  -47.407  11.543  44.486 0.0000000000
84308  -44.170  11.275  42.185 0.0000000000
84309  -45.459  11.324  42.520 0.0000000000
84297  -47.843  12.071  43.446 0.0000000000
85396  -48.822  12.992  43.337 0.0000000000
86527  -49.496  13.776  43.054 0.0000000000
86568  -45.125  12.585  40.073 0.0000000000
86570  -47.159  12.921  40.435 0.0000000000
87687  -48.707  14.158  41.281 0.0000000000
86603  -50.585  13.903  38.508 0.0000000000
61429  -32.814  -8.449  58.430 0.0000000000
60299  -33.621  -9.498  59.308 0.0000000000
63812  -38.906  -6.985  54.255 0.0000000000
63828  -37.447  -6.744  53.169 0.0000000000
83188  -44.581  10.298  46.823 0.0000000000
83189  -45.741  10.119  47.416 0.0000000000
84243  -45.199  11.175  47.172 0.0000000000
84244  -46.530  11.157  47.993 0.0000000000
84261  -46.201  11.214  47.107 0.0000000000
85350  -44.736  11.306  46.500 0.0000000000
41160  -12.482  -27.656  68.046 0.0000000000
41151  -12.853  -27.420  69.205 0.0000000000
67372  -31.650  -4.393  57.732 0.0000000000
67373  -32.325  -4.333  58.064 0.0000000000
67392  -31.862  -4.382  57.315 0.0000000000
66108  -32.573  -4.750  57.637 0.0000000000
48029  -18.874  -20.927  73.085 0.0000000000
48040  -18.791  -21.170  71.935 0.0000000000
52466  -24.243  -16.609  70.297 0.0000000000
53530  -25.520  -16.651  70.842 0.0000000000
57948  -33.385  -12.655  67.823 0.0000000000
56815  -33.102  -13.215  67.436 0.0000000000
56803  -33.317  -12.990  68.490 0.0000000000
47058  -18.327  -21.886  71.735 0.0000000000
73264  -40.936  1.335  48.660 0.0000000000
73265  -41.380  1.163  49.209 0.0000000000
74352  -41.541  1.777  49.101 0.0000000000
63628  -35.054  -6.780  63.651 0.0000000000
64847  -31.375  -5.696  58.954 0.0000000000
49073  -18.732  -19.545  66.407 0.0000000000
49087  -18.620  -19.436  65.301 0.0000000000
52521  -20.621  -16.890  64.726 0.0000000000
52522  -20.936  -16.776  65.372 0.0000000000
53609  -21.274  -16.348  66.298 0.0000000000
53628  -21.216  -16.422  65.269 0.0000000000
58032  -33.030  -11.420  62.074 0.0000000000
58017  -34.048  -11.439  63.600 0.0000000000
58001  -34.555  -11.308  64.230 0.0000000000
62437  -35.655  -7.676  62.126 0.0000000000
62418  -36.107  -7.728  63.693 0.0000000000
62417  -35.646  -7.209  63.176 0.0000000000
62397  -35.531  -7.168  64.094 0.0000000000
49102  -17.784  -19.866  64.415 0.0000000000
66062  -41.695  -5.380  59.790 0.0000000000
66087  -41.129  -5.990  59.208 0.0000000000
64906  -43.725  -6.080  56.917 0.0000000000
64928  -44.429  -5.628  56.224 0.0000000000
64929  -45.200  -5.399  56.455 0.0000000000
66132  -44.244  -5.211  55.490 0.0000000000
77781  -42.610  5.289  46.954 0.0000000000
76611  -43.668  4.717  47.725 0.0000000000
77782  -43.653  5.384  47.238 0.0000000000
79991  -47.595  7.823  52.219 0.0000000000
78892  -37.093  5.465  46.284 0.0000000000
82169  -38.505  8.739  43.799 0.0000000000
82183  -38.325  9.115  43.137 0.0000000000
40143  -9.802  -29.892  68.357 0.0000000000
39091  -9.129  -30.085  68.717 0.0000000000
39085  -9.360  -30.054  69.743 0.0000000000
41126  -11.272  -27.649  73.831 0.0000000000
41120  -11.159  -27.796  74.736 0.0000000000
38021  -7.967  -30.504  74.452 0.0000000000
36920  -7.356  -31.145  74.419 0.0000000000
67263  -34.637  -3.973  62.903 0.0000000000
68625  -35.031  -3.733  63.231 0.0000000000
66019  -37.229  -4.985  62.243 0.0000000000
66005  -36.578  -4.458  62.635 0.0000000000
66020  -38.253  -4.661  61.755 0.0000000000
66036  -37.663  -5.450  61.382 0.0000000000
63756  -35.131  -6.980  56.563 0.0000000000
63782  -35.346  -7.559  55.663 0.0000000000
62580  -34.010  -7.633  54.989 0.0000000000
50176  -20.756  -18.082  70.843 0.0000000000
50159  -20.653  -18.287  71.634 0.0000000000
54731  -24.432  -15.174  62.529 0.0000000000
54710  -23.760  -15.712  63.068 0.0000000000
54691  -24.896  -16.018  63.924 0.0000000000
54645  -29.328  -15.875  67.049 0.0000000000
54660  -28.815  -15.908  66.405 0.0000000000
53597  -28.707  -16.066  67.688 0.0000000000
53579  -29.630  -16.254  68.842 0.0000000000
44099  -15.980  -24.786  70.162 0.0000000000
68778  -39.251  -3.245  51.019 0.0000000000
67454  -38.956  -3.762  51.900 0.0000000000
68760  -39.573  -3.177  51.707 0.0000000000
71019  -43.420  -1.138  53.803 0.0000000000
69948  -44.438  -1.571  53.988 0.0000000000
71021  -44.918  -0.621  54.191 0.0000000000
76519  -45.950  3.897  53.837 0.0000000000
74291  -45.501  2.700  53.450 0.0000000000
82200  -43.200  9.839  42.740 0.0000000000
85424  -44.369  12.334  41.477 0.0000000000
85425  -45.518  12.527  41.130 0.0000000000
86615  -46.236  13.334  37.748 0.0000000000
86599  -46.714  12.688  38.697 0.0000000000
86583  -47.800  13.067  39.675 0.0000000000
86585  -49.951  14.189  39.591 0.0000000000
86601  -48.782  13.383  38.774 0.0000000000
62460  -34.161  -7.765  61.067 0.0000000000
62488  -33.882  -7.723  60.284 0.0000000000
62515  -32.447  -7.192  58.447 0.0000000000
58102  -31.387  -11.554  58.505 0.0000000000
59214  -33.005  -10.521  59.315 0.0000000000
59197  -32.948  -11.423  60.016 0.0000000000
59187  -32.997  -11.176  60.598 0.0000000000
59199  -34.149  -10.784  60.443 0.0000000000
60300  -34.104  -9.112  59.591 0.0000000000
61356  -34.771  -8.857  60.516 0.0000000000
61357  -35.240  -8.645  61.330 0.0000000000
63739  -38.985  -6.885  57.194 0.0000000000
63740  -39.932  -7.414  57.262 0.0000000000
63787  -40.609  -6.834  55.184 0.0000000000
62554  -40.714  -7.526  55.903 0.0000000000
63788  -41.542  -6.681  55.298 0.0000000000
81146  -43.437  8.046  46.578 0.0000000000
80036  -44.604  7.439  47.545 0.0000000000
81129  -44.419  8.251  47.147 0.0000000000
82113  -47.462  9.263  49.837 0.0000000000
81100  -47.541  8.726  50.577 0.0000000000
82100  -47.695  9.738  50.649 0.0000000000
86512  -47.494  11.879  46.368 0.0000000000
85368  -48.027  12.236  46.433 0.0000000000
85380  -46.932  11.672  45.945 0.0000000000
41159  -11.395  -28.346  68.341 0.0000000000
68663  -33.373  -4.045  60.403 0.0000000000
68664  -33.821  -4.028  61.004 0.0000000000
68673  -33.571  -4.007  60.490 0.0000000000
67353  -33.392  -4.100  59.072 0.0000000000
67331  -34.195  -4.172  59.911 0.0000000000
67332  -34.973  -4.402  60.248 0.0000000000
66082  -34.539  -4.921  58.763 0.0000000000
66131  -32.939  -5.356  57.144 0.0000000000
64899  -33.581  -5.688  57.399 0.0000000000
64924  -33.346  -6.033  56.550 0.0000000000
64945  -32.896  -6.047  56.084 0.0000000000
52449  -22.962  -16.332  70.723 0.0000000000
52410  -24.673  -16.606  72.588 0.0000000000
52409  -23.931  -16.676  72.612 0.0000000000
53478  -27.072  -16.445  73.315 0.0000000000
55769  -24.564  -14.844  61.030 0.0000000000
54751  -24.232  -14.987  61.928 0.0000000000
56833  -31.352  -14.030  64.807 0.0000000000
55718  -31.640  -13.884  65.910 0.0000000000
55693  -32.264  -14.391  67.410 0.0000000000
55704  -31.292  -14.723  66.248 0.0000000000
54663  -31.681  -15.109  67.160 0.0000000000
54639  -32.132  -14.342  68.768 0.0000000000
55677  -32.600  -14.014  69.567 0.0000000000
46045  -16.804  -22.512  65.663 0.0000000000
46039  -16.958  -22.678  66.572 0.0000000000
45040  -17.486  -23.344  69.841 0.0000000000
45026  -16.957  -23.841  71.334 0.0000000000
47041  -17.944  -21.958  73.677 0.0000000000
45997  -17.790  -22.708  73.367 0.0000000000
71092  -40.122  -0.924  49.620 0.0000000000
70021  -40.756  -1.611  50.828 0.0000000000
71093  -40.842  -1.137  49.952 0.0000000000
72167  -42.762  -0.210  50.623 0.0000000000
71095  -42.201  -0.827  51.239 0.0000000000
72143  -43.299  -0.460  51.889 0.0000000000
71048  -42.913  -0.710  52.661 0.0000000000
72119  -43.284  -0.424  52.462 0.0000000000
87752  -45.851  14.055  37.255 0.0000000000
87769  -46.344  14.514  36.685 0.0000000000
42147  -13.377  -26.396  72.209 0.0000000000
43098  -12.546  -26.664  75.268 0.0000000000
64761  -35.706  -5.136  66.295 0.0000000000
65952  -35.466  -4.811  66.072 0.0000000000
64775  -35.202  -5.228  65.371 0.0000000000
64810  -33.717  -5.125  62.238 0.0000000000
63665  -33.555  -6.435  61.037 0.0000000000
64822  -32.642  -5.043  60.716 0.0000000000
66016  -33.108  -4.644  61.170 0.0000000000
66015  -32.747  -4.645  60.606 0.0000000000
67281  -32.585  -4.525  60.335 0.0000000000
67327  -31.463  -4.834  58.823 0.0000000000
48064  -18.723  -20.526  69.401 0.0000000000
49046  -18.546  -20.325  68.598 0.0000000000
50273  -19.564  -18.342  65.247 0.0000000000
52509  -20.734  -17.279  66.683 0.0000000000
51373  -20.491  -17.593  67.173 0.0000000000
51365  -20.603  -17.623  67.816 0.0000000000
51366  -20.871  -17.271  68.012 0.0000000000
52481  -21.314  -17.024  68.119 0.0000000000
53590  -22.053  -16.669  67.101 0.0000000000
52482  -22.036  -16.730  68.200 0.0000000000
53571  -22.470  -16.637  67.587 0.0000000000
53572  -22.943  -16.555  67.920 0.0000000000
55824  -28.061  -13.935  59.549 0.0000000000
55773  -29.029  -13.908  61.333 0.0000000000
56887  -29.621  -13.471  60.790 0.0000000000
56939  -30.325  -12.785  59.679 0.0000000000
56872  -31.519  -12.636  62.213 0.0000000000
56854  -31.150  -13.307  63.147 0.0000000000
57984  -32.996  -12.356  65.077 0.0000000000
57983  -32.635  -13.087  64.410 0.0000000000
57972  -33.186  -12.329  66.136 0.0000000000
59135  -33.848  -12.158  66.216 0.0000000000
59124  -34.247  -12.210  66.824 0.0000000000
59136  -34.309  -11.734  66.207 0.0000000000
59146  -35.374  -10.920  65.343 0.0000000000
59137  -35.245  -11.267  66.381 0.0000000000
59138  -36.016  -10.661  66.276 0.0000000000
60199  -36.539  -10.361  66.819 0.0000000000
60209  -36.598  -10.051  66.274 0.0000000000
59180  -34.986  -10.405  62.580 0.0000000000
59170  -35.143  -10.412  63.432 0.0000000000
60241  -35.667  -10.008  63.842 0.0000000000
61288  -36.447  -8.543  64.816 0.0000000000
60233  -36.547  -8.910  64.795 0.0000000000
61247  -36.926  -8.422  65.937 0.0000000000
60210  -36.897  -9.244  66.264 0.0000000000
62361  -36.943  -7.325  66.292 0.0000000000
63605  -36.035  -6.462  65.529 0.0000000000
63588  -36.429  -6.090  66.323 0.0000000000
64762  -36.071  -5.470  66.548 0.0000000000
48090  -17.374  -21.171  65.249 0.0000000000
48072  -17.972  -20.916  67.739 0.0000000000
67292  -42.554  -3.755  61.669 0.0000000000
67312  -42.965  -4.403  61.174 0.0000000000
66043  -44.450  -4.711  60.371 0.0000000000
66044  -45.478  -4.404  60.727 0.0000000000
64837  -45.233  -5.351  60.138 0.0000000000
63719  -41.941  -6.723  57.590 0.0000000000
64853  -42.200  -6.005  59.016 0.0000000000
64879  -42.705  -6.518  57.799 0.0000000000
64881  -44.959  -5.970  58.187 0.0000000000
64857  -46.163  -5.997  59.684 0.0000000000
64883  -46.541  -5.400  58.615 0.0000000000
64909  -46.241  -5.432  57.968 0.0000000000
66136  -47.374  -4.365  57.003 0.0000000000
76577  -41.422  3.575  48.251 0.0000000000
76562  -42.198  3.377  49.224 0.0000000000
76581  -44.811  3.998  49.501 0.0000000000
76564  -43.888  3.461  49.639 0.0000000000
75451  -45.001  3.586  50.245 0.0000000000
75436  -45.505  3.800  50.894 0.0000000000
76550  -46.257  4.180  51.670 0.0000000000
78869  -46.012  6.418  48.959 0.0000000000
77748  -46.003  5.764  49.116 0.0000000000
77718  -47.218  5.884  52.304 0.0000000000
35778  -5.204  -32.852  72.354 0.0000000000
34640  -4.444  -33.366  71.886 0.0000000000
67482  -36.853  -4.002  49.299 0.0000000000
67483  -37.587  -3.694  49.606 0.0000000000
67504  -37.143  -3.504  49.013 0.0000000000
68837  -37.552  -2.269  48.195 0.0000000000
70056  -37.838  -1.574  48.168 0.0000000000
70038  -38.858  -1.781  48.938 0.0000000000
71124  -38.589  -0.967  48.302 0.0000000000
72194  -38.796  0.226  47.794 0.0000000000
72213  -38.669  0.984  47.297 0.0000000000
73274  -39.261  1.065  47.663 0.0000000000
73289  -38.974  1.585  47.301 0.0000000000
74363  -39.254  2.851  47.304 0.0000000000
75465  -38.656  3.596  47.387 0.0000000000
76593  -39.050  4.074  47.547 0.0000000000
77758  -39.353  4.460  47.144 0.0000000000
77778  -39.732  5.065  46.740 0.0000000000
77779  -40.653  5.060  46.781 0.0000000000
77795  -40.185  5.687  46.251 0.0000000000
80069  -39.402  7.394  45.453 0.0000000000
80068  -38.799  7.097  45.333 0.0000000000
78915  -40.756  6.459  45.657 0.0000000000
80053  -40.089  7.473  45.585 0.0000000000
80071  -42.004  7.359  45.574 0.0000000000
81143  -40.990  8.428  45.671 0.0000000000
82160  -40.553  9.461  45.275 0.0000000000
82147  -40.975  9.343  45.547 0.0000000000
83201  -41.653  9.909  45.862 0.0000000000
83202  -42.477  9.840  46.214 0.0000000000
83209  -41.614  10.036  45.488 0.0000000000
83210  -42.102  10.198  45.283 0.0000000000
83218  -41.420  10.051  44.937 0.0000000000
82185  -40.715  9.251  43.372 0.0000000000
82197  -40.035  9.766  42.735 0.0000000000
82198  -41.139  9.667  42.604 0.0000000000
39089  -7.870  -31.077  68.768 0.0000000000
42153  -12.445  -27.176  71.825 0.0000000000
41138  -12.611  -27.651  71.129 0.0000000000
41137  -11.996  -27.908  71.706 0.0000000000
41136  -11.279  -28.531  72.053 0.0000000000
40132  -10.750  -28.982  71.327 0.0000000000
39074  -10.427  -29.389  71.632 0.0000000000
41119  -10.302  -27.880  74.956 0.0000000000
39069  -8.674  -30.077  73.228 0.0000000000
39070  -9.194  -29.707  73.099 0.0000000000
39073  -9.809  -29.678  71.940 0.0000000000
38043  -9.273  -30.448  71.802 0.0000000000
38051  -9.065  -30.745  71.072 0.0000000000
38042  -8.496  -30.744  71.778 0.0000000000
38033  -6.925  -31.029  72.555 0.0000000000
38041  -7.626  -30.925  71.650 0.0000000000
36935  -6.277  -31.669  72.345 0.0000000000
36927  -5.866  -31.846  72.774 0.0000000000
35758  -7.687  -32.041  74.367 0.0000000000
69875  -42.635  -1.895  64.638 0.0000000000
69876  -43.277  -2.061  64.474 0.0000000000
69888  -42.346  -2.015  64.217 0.0000000000
67200  -35.559  -3.971  66.129 0.0000000000
68568  -36.279  -3.542  66.549 0.0000000000
67220  -35.673  -3.892  65.549 0.0000000000
68589  -36.999  -3.162  65.735 0.0000000000
68590  -37.442  -2.740  65.388 0.0000000000
69852  -37.986  -2.160  65.932 0.0000000000
68666  -35.241  -3.737  62.290 0.0000000000
68667  -35.846  -3.607  62.728 0.0000000000
67247  -37.927  -3.695  63.509 0.0000000000
67246  -37.103  -3.777  63.488 0.0000000000
68608  -38.447  -2.426  64.596 0.0000000000
68609  -39.323  -2.216  64.348 0.0000000000
68630  -39.684  -2.705  63.732 0.0000000000
67267  -39.480  -3.566  62.523 0.0000000000
68653  -40.030  -3.023  63.037 0.0000000000
67269  -41.244  -3.379  62.369 0.0000000000
66059  -39.165  -5.476  60.416 0.0000000000
66060  -39.763  -5.229  60.100 0.0000000000
66084  -39.147  -5.605  59.700 0.0000000000
64849  -35.604  -5.926  59.429 0.0000000000
64850  -36.565  -6.022  59.680 0.0000000000
64873  -36.094  -6.537  58.952 0.0000000000
63716  -37.634  -6.660  58.139 0.0000000000
63810  -36.587  -7.450  54.352 0.0000000000
63826  -35.601  -7.350  53.547 0.0000000000
64942  -30.713  -5.532  55.533 0.0000000000
64962  -30.385  -5.692  54.948 0.0000000000
63822  -31.070  -7.228  53.850 0.0000000000
63806  -31.967  -6.973  54.688 0.0000000000
63823  -32.128  -7.493  53.727 0.0000000000
63837  -32.455  -7.536  52.728 0.0000000000
63855  -34.873  -6.799  51.841 0.0000000000
49008  -19.196  -19.586  70.708 0.0000000000
48992  -19.441  -19.612  71.757 0.0000000000
52407  -22.631  -16.877  72.893 0.0000000000
51318  -22.087  -17.230  72.676 0.0000000000
52387  -22.322  -16.892  73.653 0.0000000000
54709  -22.881  -16.058  62.873 0.0000000000
54708  -22.014  -16.058  62.777 0.0000000000
53649  -22.281  -16.210  64.583 0.0000000000
53632  -24.265  -16.235  65.596 0.0000000000
53631  -23.348  -16.213  65.531 0.0000000000
55771  -26.809  -14.727  61.210 0.0000000000
54733  -26.640  -15.059  62.432 0.0000000000
54713  -26.680  -15.476  63.431 0.0000000000
55728  -29.147  -15.273  64.200 0.0000000000
54696  -29.267  -15.335  65.031 0.0000000000
54674  -27.873  -15.603  65.463 0.0000000000
54673  -27.198  -15.846  65.173 0.0000000000
54693  -26.815  -15.885  64.413 0.0000000000
53634  -26.259  -15.946  65.598 0.0000000000
53595  -26.660  -16.327  67.558 0.0000000000
52486  -26.537  -16.697  68.702 0.0000000000
52467  -26.409  -16.803  68.996 0.0000000000
53553  -27.013  -16.690  69.450 0.0000000000
53534  -29.171  -16.382  70.325 0.0000000000
53533  -28.303  -16.205  70.495 0.0000000000
53511  -28.673  -16.641  71.216 0.0000000000
54628  -30.925  -15.394  69.429 0.0000000000
54612  -30.427  -15.761  69.744 0.0000000000
53536  -30.992  -15.802  69.973 0.0000000000
59109  -34.797  -11.604  68.147 0.0000000000
42197  -12.669  -27.053  66.627 0.0000000000
45074  -15.988  -23.893  65.972 0.0000000000
45084  -15.683  -23.580  64.762 0.0000000000
44132  -15.216  -25.501  66.671 0.0000000000
45073  -15.314  -24.596  66.014 0.0000000000
44142  -14.812  -24.973  65.494 0.0000000000
43160  -14.201  -26.041  67.574 0.0000000000
43149  -13.811  -26.287  67.923 0.0000000000
43141  -14.172  -25.991  70.068 0.0000000000
45020  -16.932  -23.843  72.383 0.0000000000
45013  -16.995  -23.979  73.503 0.0000000000
67274  -46.248  -3.620  62.403 0.0000000000
66192  -38.058  -5.277  52.145 0.0000000000
64981  -38.545  -5.731  52.889 0.0000000000
66195  -40.247  -4.214  53.376 0.0000000000
66171  -40.166  -4.810  53.769 0.0000000000
64968  -41.322  -5.277  54.164 0.0000000000
66173  -41.621  -4.436  53.978 0.0000000000
69976  -40.846  -2.086  52.379 0.0000000000
68762  -40.548  -2.530  52.753 0.0000000000
69961  -41.094  -1.761  52.962 0.0000000000
68733  -43.108  -2.560  54.131 0.0000000000
67427  -42.739  -3.508  54.118 0.0000000000
66175  -43.228  -4.356  54.281 0.0000000000
66155  -44.572  -4.591  54.803 0.0000000000
67429  -44.467  -3.566  54.182 0.0000000000
68737  -46.941  -2.472  54.300 0.0000000000
68721  -46.558  -3.193  54.580 0.0000000000
68738  -47.522  -2.585  54.540 0.0000000000
73251  -43.538  1.636  50.480 0.0000000000
74319  -44.501  2.103  51.188 0.0000000000
73195  -44.919  1.393  53.337 0.0000000000
73214  -44.259  1.077  52.318 0.0000000000
72101  -44.581  0.721  53.774 0.0000000000
73176  -45.027  1.049  54.028 0.0000000000
84281  -43.249  10.642  44.907 0.0000000000
84282  -43.844  11.050  44.677 0.0000000000
83235  -44.620  10.358  43.586 0.0000000000
83222  -45.158  10.589  44.255 0.0000000000
83223  -45.831  10.686  44.299 0.0000000000
84285  -46.423  11.110  44.600 0.0000000000
83237  -46.136  10.768  44.019 0.0000000000
84307  -43.126  11.209  41.924 0.0000000000
85408  -43.418  11.841  41.735 0.0000000000
84298  -48.609  12.481  43.990 0.0000000000
85395  -48.143  12.577  42.834 0.0000000000
85427  -48.007  13.261  41.511 0.0000000000
85413  -48.881  13.492  42.509 0.0000000000
86544  -49.167  13.858  42.195 0.0000000000
86545  -49.746  14.317  42.671 0.0000000000
86580  -44.753  12.776  39.206 0.0000000000
86556  -46.387  12.757  40.818 0.0000000000
86569  -46.160  12.605  40.212 0.0000000000
86572  -48.739  14.112  40.473 0.0000000000
87703  -49.739  14.641  41.146 0.0000000000
88788  -49.910  14.705  41.595 0.0000000000
87754  -48.940  13.761  37.118 0.0000000000
86618  -49.669  13.432  37.996 0.0000000000
86619  -50.190  13.766  38.260 0.0000000000
61379  -33.803  -8.045  59.584 0.0000000000
61406  -33.631  -8.257  59.246 0.0000000000
62536  -32.583  -7.588  58.361 0.0000000000
59237  -32.055  -10.676  58.244 0.0000000000
59238  -32.632  -10.594  58.800 0.0000000000
60282  -33.887  -9.983  59.730 0.0000000000
63785  -38.603  -7.346  55.174 0.0000000000
82135  -44.710  9.324  46.975 0.0000000000
82124  -46.033  9.546  48.098 0.0000000000
84245  -47.327  11.514  48.518 0.0000000000
85352  -47.450  12.065  48.188 0.0000000000
86491  -47.301  11.937  47.363 0.0000000000
86500  -46.545  11.592  46.411 0.0000000000
85379  -46.003  11.728  45.951 0.0000000000
41183  -11.728  -27.536  65.989 0.0000000000
41182  -11.194  -27.997  65.756 0.0000000000
68683  -32.545  -3.950  59.123 0.0000000000
68684  -32.850  -3.872  59.550 0.0000000000
68697  -32.843  -3.841  59.118 0.0000000000
66081  -33.760  -4.626  58.468 0.0000000000
64922  -31.888  -5.604  56.448 0.0000000000
47042  -18.468  -21.410  73.877 0.0000000000
52450  -23.814  -16.323  70.840 0.0000000000
52430  -25.174  -16.462  71.760 0.0000000000
53490  -25.893  -16.327  72.790 0.0000000000
52431  -25.600  -16.393  72.242 0.0000000000
53508  -25.958  -16.396  71.735 0.0000000000
53509  -26.947  -16.532  71.554 0.0000000000
55706  -32.587  -13.673  67.074 0.0000000000
54649  -32.332  -14.316  68.208 0.0000000000
55685  -32.599  -13.764  68.834 0.0000000000
56788  -33.267  -13.290  69.510 0.0000000000
46014  -17.839  -22.633  70.216 0.0000000000
46008  -17.817  -22.595  71.264 0.0000000000
47049  -18.009  -22.008  72.713 0.0000000000
72165  -40.573  -0.272  49.421 0.0000000000
63604  -35.573  -6.039  65.053 0.0000000000
64783  -35.157  -5.650  64.562 0.0000000000
64797  -35.208  -6.029  63.860 0.0000000000
63627  -34.828  -6.165  63.219 0.0000000000
63681  -32.447  -6.163  59.854 0.0000000000
64832  -32.816  -5.796  60.565 0.0000000000
64848  -32.148  -5.580  59.356 0.0000000000
66032  -31.997  -4.799  59.507 0.0000000000
66056  -31.449  -5.086  59.032 0.0000000000
49072  -18.211  -20.191  67.066 0.0000000000
50237  -19.190  -18.808  66.848 0.0000000000
51430  -19.798  -17.593  64.011 0.0000000000
51409  -20.104  -17.619  65.038 0.0000000000
51410  -20.674  -17.216  65.421 0.0000000000
51389  -20.861  -17.111  65.826 0.0000000000
52498  -21.018  -16.663  67.239 0.0000000000
53589  -21.382  -16.318  66.930 0.0000000000
53610  -21.829  -16.451  66.264 0.0000000000
58047  -31.828  -12.128  60.624 0.0000000000
56889  -31.341  -12.550  61.167 0.0000000000
56873  -31.961  -11.964  62.133 0.0000000000
57985  -34.050  -11.724  65.166 0.0000000000
57986  -34.782  -11.387  65.012 0.0000000000
60254  -35.899  -8.994  62.910 0.0000000000
60242  -35.979  -9.287  63.616 0.0000000000
61308  -36.082  -8.478  63.319 0.0000000000
61267  -36.296  -8.131  65.002 0.0000000000
62379  -36.232  -7.341  65.428 0.0000000000
62378  -35.581  -6.952  64.938 0.0000000000
48102  -17.496  -20.642  64.861 0.0000000000
66040  -41.310  -4.986  60.608 0.0000000000
66041  -42.331  -4.908  60.479 0.0000000000
63742  -42.137  -6.889  57.032 0.0000000000
64908  -45.827  -5.553  57.272 0.0000000000
66134  -45.915  -4.555  56.060 0.0000000000
76596  -41.674  4.007  47.834 0.0000000000
76597  -42.783  4.253  47.812 0.0000000000
76598  -43.707  4.335  48.365 0.0000000000
76600  -45.169  4.595  49.045 0.0000000000
78871  -47.180  7.383  49.660 0.0000000000
78863  -47.053  6.501  50.035 0.0000000000
78854  -47.283  6.921  51.554 0.0000000000
86521  -49.711  13.639  44.329 0.0000000000
77756  -38.065  4.496  47.256 0.0000000000
77757  -38.470  4.530  47.223 0.0000000000
77776  -37.736  4.717  46.826 0.0000000000
81160  -38.665  7.878  45.004 0.0000000000
81142  -40.189  8.563  45.532 0.0000000000
82159  -39.647  8.762  45.091 0.0000000000
82171  -40.428  9.387  44.549 0.0000000000
39090  -8.391  -30.511  68.644 0.0000000000
39083  -8.134  -30.935  69.293 0.0000000000
42138  -11.946  -27.289  73.656 0.0000000000
41131  -10.857  -28.318  73.152 0.0000000000
40116  -8.985  -28.713  75.175 0.0000000000
39058  -8.460  -29.558  74.796 0.0000000000
39065  -8.397  -30.019  73.809 0.0000000000
38028  -8.042  -30.503  73.423 0.0000000000
39064  -7.547  -30.251  73.823 0.0000000000
38027  -7.126  -30.512  73.581 0.0000000000
36919  -6.833  -30.984  74.048 0.0000000000
67242  -34.872  -4.492  63.989 0.0000000000
67231  -35.801  -3.945  64.753 0.0000000000
67244  -35.787  -3.878  64.221 0.0000000000
66004  -36.118  -4.155  62.494 0.0000000000
67265  -37.440  -4.338  63.027 0.0000000000
67266  -38.602  -3.856  62.947 0.0000000000
67289  -39.761  -4.115  61.845 0.0000000000
66021  -39.016  -4.501  61.508 0.0000000000
66037  -38.719  -5.305  61.138 0.0000000000
64836  -38.658  -5.603  60.519 0.0000000000
63714  -35.723  -6.687  58.170 0.0000000000
63736  -35.897  -6.939  57.395 0.0000000000
50158  -19.811  -18.785  72.017 0.0000000000
52374  -23.438  -16.623  74.394 0.0000000000
52373  -22.792  -16.807  74.508 0.0000000000
54750  -23.603  -15.244  61.624 0.0000000000
54689  -22.993  -16.257  63.720 0.0000000000
53651  -24.113  -16.279  64.694 0.0000000000
53633  -25.196  -16.158  65.637 0.0000000000
55736  -28.096  -14.787  63.254 0.0000000000
54659  -28.227  -15.687  65.965 0.0000000000
53616  -27.583  -15.937  66.551 0.0000000000
53577  -27.816  -16.289  68.630 0.0000000000
53555  -28.888  -16.406  69.778 0.0000000000
45055  -16.189  -24.274  67.756 0.0000000000
44126  -15.860  -24.792  67.380 0.0000000000
44131  -14.781  -25.819  66.331 0.0000000000
43151  -14.956  -25.409  68.739 0.0000000000
43142  -14.817  -25.614  69.708 0.0000000000
43133  -14.761  -25.593  70.765 0.0000000000
45008  -17.599  -23.440  75.251 0.0000000000
66211  -38.324  -4.525  51.680 0.0000000000
66193  -38.941  -4.804  52.456 0.0000000000
67441  -39.467  -4.074  52.508 0.0000000000
67442  -39.993  -3.622  52.861 0.0000000000
69963  -42.504  -1.543  53.292 0.0000000000
69962  -41.870  -1.887  53.064 0.0000000000
69946  -42.904  -1.782  53.688 0.0000000000
68734  -43.961  -2.574  53.912 0.0000000000
67430  -45.282  -3.340  54.226 0.0000000000
68735  -44.913  -2.549  53.842 0.0000000000
69950  -46.570  -1.451  53.800 0.0000000000
75415  -45.204  2.945  51.978 0.0000000000
74320  -44.705  2.513  51.703 0.0000000000
74305  -45.190  2.640  52.458 0.0000000000
74290  -45.288  2.208  53.014 0.0000000000
73196  -45.521  2.064  53.627 0.0000000000
82187  -42.761  9.478  43.292 0.0000000000
82188  -43.568  9.758  43.429 0.0000000000
82201  -44.053  9.933  42.890 0.0000000000
82202  -44.368  10.194  43.136 0.0000000000
84311  -47.560  12.426  42.546 0.0000000000
85411  -46.953  12.658  41.906 0.0000000000
86542  -47.033  12.867  41.427 0.0000000000
86613  -44.484  13.717  37.609 0.0000000000
86598  -45.557  12.986  38.483 0.0000000000
86582  -46.708  12.680  39.769 0.0000000000
85439  -47.171  12.667  39.610 0.0000000000
87756  -50.400  14.241  37.632 0.0000000000
87757  -51.242  14.230  37.370 0.0000000000
62436  -34.861  -6.977  61.764 0.0000000000
62487  -33.500  -7.554  59.753 0.0000000000
63696  -32.792  -6.848  59.535 0.0000000000
51446  -19.482  -17.586  63.425 0.0000000000
53646  -20.654  -16.408  63.869 0.0000000000
58082  -31.002  -12.298  59.236 0.0000000000
58048  -32.241  -11.612  61.129 0.0000000000
58049  -32.774  -11.511  61.557 0.0000000000
59178  -33.843  -11.182  62.054 0.0000000000
59168  -33.948  -10.954  62.675 0.0000000000
59190  -34.970  -10.579  61.923 0.0000000000
60268  -35.334  -9.897  61.789 0.0000000000
61330  -35.753  -8.932  62.199 0.0000000000
64876  -39.516  -6.465  58.633 0.0000000000
64877  -40.605  -6.522  58.714 0.0000000000
64903  -40.261  -7.219  58.269 0.0000000000
64904  -40.909  -6.917  58.246 0.0000000000
63761  -40.506  -7.540  56.104 0.0000000000
63763  -42.200  -6.633  55.980 0.0000000000
64926  -42.780  -6.054  55.548 0.0000000000
78895  -43.274  6.265  46.828 0.0000000000
78896  -44.476  6.310  47.416 0.0000000000
78897  -45.135  6.990  47.726 0.0000000000
80015  -45.985  7.033  48.882 0.0000000000
81118  -45.914  8.455  48.195 0.0000000000
80026  -46.176  7.756  48.579 0.0000000000
80016  -46.591  7.677  49.217 0.0000000000
80008  -47.429  7.888  50.180 0.0000000000
81090  -47.845  8.898  51.540 0.0000000000
85353  -48.146  12.592  48.118 0.0000000000
85369  -48.280  12.417  46.349 0.0000000000
85382  -48.589  12.505  45.654 0.0000000000
40163  -10.707  -28.506  66.110 0.0000000000
40162  -9.938  -29.134  66.243 0.0000000000
68648  -34.050  -3.822  61.731 0.0000000000
68665  -34.427  -3.812  61.615 0.0000000000
67284  -34.395  -3.895  61.262 0.0000000000
68686  -33.825  -3.961  60.478 0.0000000000
67307  -34.333  -4.029  60.855 0.0000000000
67285  -35.029  -3.905  61.506 0.0000000000
66017  -35.258  -4.318  61.269 0.0000000000
66034  -35.423  -4.815  60.847 0.0000000000
66110  -34.034  -5.318  58.042 0.0000000000
64871  -34.623  -5.743  58.342 0.0000000000
64901  -34.756  -6.179  58.015 0.0000000000
63734  -34.366  -6.512  57.346 0.0000000000
63755  -34.027  -6.641  56.754 0.0000000000
62564  -33.371  -7.232  55.270 0.0000000000
51343  -21.459  -17.367  70.862 0.0000000000
52408  -23.191  -16.664  72.711 0.0000000000
52428  -23.408  -16.450  71.725 0.0000000000
52389  -23.731  -16.563  73.600 0.0000000000
53474  -24.222  -16.149  73.977 0.0000000000
53477  -26.403  -16.351  73.723 0.0000000000
55738  -30.335  -14.363  63.216 0.0000000000
55716  -30.137  -14.912  65.237 0.0000000000
54677  -30.338  -15.114  66.039 0.0000000000
54646  -29.919  -15.782  67.686 0.0000000000
53557  -31.389  -15.458  69.647 0.0000000000
55676  -32.192  -14.259  69.283 0.0000000000
54629  -31.991  -14.892  69.557 0.0000000000
54613  -32.500  -14.983  70.095 0.0000000000
46044  -16.288  -23.050  65.311 0.0000000000
45075  -16.596  -23.159  66.061 0.0000000000
46030  -17.099  -22.957  67.671 0.0000000000
45056  -16.626  -23.812  67.678 0.0000000000
44100  -16.616  -24.436  69.800 0.0000000000
44094  -16.529  -24.412  70.781 0.0000000000
45021  -17.576  -23.443  72.911 0.0000000000
68779  -39.728  -2.554  51.189 0.0000000000
69995  -40.241  -2.048  51.354 0.0000000000
69996  -40.829  -1.900  51.531 0.0000000000
69997  -41.328  -1.625  51.685 0.0000000000
71094  -41.583  -1.092  50.866 0.0000000000
71066  -41.915  -1.249  51.735 0.0000000000
71047  -42.195  -1.255  52.480 0.0000000000
71036  -42.396  -1.176  53.039 0.0000000000
71038  -43.521  -0.545  53.609 0.0000000000
84305  -41.003  11.202  41.792 0.0000000000
85406  -41.524  11.805  41.431 0.0000000000
86537  -41.590  12.058  41.179 0.0000000000
87751  -45.010  14.115  37.143 0.0000000000
86616  -47.437  13.358  37.455 0.0000000000
86630  -48.184  13.560  37.059 0.0000000000
87771  -48.623  14.193  36.759 0.0000000000
88840  -46.812  15.160  36.299 0.0000000000
42162  -13.044  -26.774  69.966 0.0000000000
42154  -13.070  -26.879  71.270 0.0000000000
42133  -12.292  -26.941  74.502 0.0000000000
67199  -35.326  -4.486  65.856 0.0000000000
67219  -35.322  -4.468  65.397 0.0000000000
64782  -34.721  -5.117  64.846 0.0000000000
65976  -34.589  -4.936  64.660 0.0000000000
67229  -34.769  -4.700  64.391 0.0000000000
66003  -34.664  -4.175  63.242 0.0000000000
66001  -33.487  -4.554  61.927 0.0000000000
67282  -33.254  -4.329  60.773 0.0000000000
67306  -32.749  -4.014  60.079 0.0000000000
67350  -31.494  -4.580  58.322 0.0000000000
48047  -18.758  -20.563  70.885 0.0000000000
48055  -18.997  -20.273  69.930 0.0000000000
49028  -19.304  -19.677  69.774 0.0000000000
50174  -19.479  -19.223  70.073 0.0000000000
51341  -20.549  -17.943  69.405 0.0000000000
50238  -19.842  -18.150  67.064 0.0000000000
51342  -20.966  -17.440  70.148 0.0000000000
52447  -21.593  -17.133  69.783 0.0000000000
52463  -22.129  -17.030  69.344 0.0000000000
52484  -23.246  -16.648  69.205 0.0000000000
53550  -24.288  -16.490  69.107 0.0000000000
56938  -29.797  -13.237  59.526 0.0000000000
56910  -29.893  -13.033  60.341 0.0000000000
56888  -30.094  -13.237  61.264 0.0000000000
55754  -30.263  -14.019  62.108 0.0000000000
55739  -31.162  -14.143  63.559 0.0000000000
56842  -31.576  -13.825  64.097 0.0000000000
57960  -33.635  -12.635  67.100 0.0000000000
57961  -34.253  -12.051  67.694 0.0000000000
57962  -34.551  -11.707  67.984 0.0000000000
59127  -36.895  -10.341  68.008 0.0000000000
60187  -37.647  -9.126  68.492 0.0000000000
59156  -34.831  -10.779  63.800 0.0000000000
59157  -35.377  -10.583  64.334 0.0000000000
59158  -35.739  -10.412  64.934 0.0000000000
60232  -36.068  -9.720  64.628 0.0000000000
60220  -36.525  -9.723  65.571 0.0000000000
60201  -37.488  -8.825  67.834 0.0000000000
61204  -37.381  -7.862  68.090 0.0000000000
63589  -36.601  -6.687  66.414 0.0000000000
63565  -36.482  -6.612  67.049 0.0000000000
47104  -16.544  -22.135  64.474 0.0000000000
47105  -17.063  -21.877  64.949 0.0000000000
48080  -17.422  -21.098  65.865 0.0000000000
47095  -17.362  -21.563  66.805 0.0000000000
67272  -44.052  -3.270  62.356 0.0000000000
67313  -43.976  -4.184  61.049 0.0000000000
67315  -45.357  -4.045  61.171 0.0000000000
66023  -45.909  -4.191  61.222 0.0000000000
64855  -44.249  -5.712  58.903 0.0000000000
66065  -44.517  -5.373  59.670 0.0000000000
63683  -46.423  -5.583  60.198 0.0000000000
66112  -46.857  -5.001  57.539 0.0000000000
74333  -41.585  2.644  49.032 0.0000000000
74334  -42.216  2.178  49.479 0.0000000000
75432  -41.803  3.087  49.233 0.0000000000
75433  -42.601  2.983  49.516 0.0000000000
75434  -43.526  2.963  49.908 0.0000000000
75416  -45.568  3.470  51.832 0.0000000000
77762  -44.941  5.401  48.252 0.0000000000
77763  -45.382  5.186  48.730 0.0000000000
76582  -45.849  4.719  49.535 0.0000000000
77740  -46.970  6.159  50.317 0.0000000000
76567  -46.762  5.317  50.542 0.0000000000
76566  -46.280  4.441  50.573 0.0000000000
76536  -46.717  4.916  52.521 0.0000000000
36939  -4.914  -32.112  71.222 0.0000000000
64994  -37.353  -5.564  51.845 0.0000000000
66224  -37.225  -4.789  50.577 0.0000000000
66225  -37.955  -4.542  50.987 0.0000000000
67467  -37.847  -4.213  50.316 0.0000000000
67484  -38.115  -3.564  50.188 0.0000000000
68799  -38.650  -2.992  50.251 0.0000000000
68817  -37.561  -2.878  48.958 0.0000000000
70019  -39.043  -2.186  49.845 0.0000000000
70039  -39.373  -1.746  49.497 0.0000000000
71112  -39.566  -1.135  49.021 0.0000000000
72193  -38.039  -0.279  47.574 0.0000000000
71125  -39.373  -0.343  48.382 0.0000000000
72182  -40.051  -0.282  48.776 0.0000000000
72196  -40.284  1.085  48.400 0.0000000000
74365  -40.556  2.005  48.143 0.0000000000
74373  -38.730  2.281  47.131 0.0000000000
74364  -40.071  2.480  47.563 0.0000000000
74350  -40.699  2.840  47.998 0.0000000000
75448  -40.747  3.363  47.949 0.0000000000
76576  -40.746  3.649  47.902 0.0000000000
76595  -40.825  4.035  47.753 0.0000000000
77760  -41.115  4.555  47.361 0.0000000000
77780  -41.557  5.092  46.816 0.0000000000
77797  -41.984  5.756  46.391 0.0000000000
78912  -37.596  5.967  45.859 0.0000000000
78913  -38.603  5.931  45.868 0.0000000000
80052  -38.606  6.481  45.526 0.0000000000
78916  -41.640  6.312  45.921 0.0000000000
77798  -42.453  5.869  46.532 0.0000000000
78930  -42.353  7.072  45.793 0.0000000000
80056  -42.764  7.431  46.154 0.0000000000
81145  -42.717  8.231  46.116 0.0000000000
82150  -43.320  8.861  46.358 0.0000000000
82133  -43.172  9.627  46.364 0.0000000000
83187  -43.752  10.169  46.394 0.0000000000
84259  -43.751  10.886  45.800 0.0000000000
84260  -44.248  11.138  46.102 0.0000000000
84269  -42.936  10.401  45.421 0.0000000000
82172  -41.517  9.489  44.242 0.0000000000
82173  -42.542  9.434  44.028 0.0000000000
85404  -39.381  12.140  42.056 0.0000000000
40136  -10.773  -29.123  70.240 0.0000000000
39086  -10.148  -29.773  69.905 0.0000000000
41130  -10.215  -28.319  73.683 0.0000000000
40120  -9.318  -28.684  74.604 0.0000000000
40124  -9.710  -28.885  73.719 0.0000000000
39077  -9.074  -30.567  70.333 0.0000000000
36940  -5.436  -31.884  71.356 0.0000000000
36934  -5.522  -32.134  72.144 0.0000000000
35768  -6.347  -32.479  73.519 0.0000000000
69878  -44.150  -2.787  64.268 0.0000000000
69890  -43.739  -2.314  64.041 0.0000000000
68551  -37.360  -2.403  67.668 0.0000000000
68588  -36.259  -3.439  65.679 0.0000000000
68627  -36.678  -3.537  63.725 0.0000000000
67245  -36.541  -3.651  63.309 0.0000000000
68607  -37.542  -2.937  64.573 0.0000000000
69871  -39.199  -1.868  65.004 0.0000000000
69873  -40.739  -1.699  64.970 0.0000000000
68611  -40.941  -2.170  64.361 0.0000000000
68631  -40.536  -2.571  63.708 0.0000000000
68632  -41.566  -2.438  63.849 0.0000000000
67270  -42.199  -3.372  62.333 0.0000000000
67291  -41.594  -3.862  61.754 0.0000000000
67310  -41.035  -4.398  61.228 0.0000000000
67309  -40.343  -4.463  61.347 0.0000000000
64834  -37.034  -5.870  60.593 0.0000000000
64874  -37.140  -6.231  58.925 0.0000000000
63718  -39.130  -6.761  57.978 0.0000000000
63759  -38.304  -7.245  56.200 0.0000000000
63758  -37.256  -7.490  56.366 0.0000000000
67390  -30.151  -4.175  56.874 0.0000000000
66129  -31.415  -4.902  56.535 0.0000000000
64943  -31.197  -6.001  55.908 0.0000000000
63778  -31.262  -6.415  55.499 0.0000000000
64944  -32.251  -6.106  56.007 0.0000000000
63780  -33.117  -6.776  55.617 0.0000000000
62579  -33.417  -7.451  54.862 0.0000000000
62586  -33.886  -7.679  54.414 0.0000000000
63825  -34.451  -7.604  53.902 0.0000000000
63853  -32.786  -7.187  51.795 0.0000000000
63840  -35.656  -6.928  52.503 0.0000000000
63841  -36.353  -6.667  52.420 0.0000000000
48977  -19.394  -20.419  72.369 0.0000000000
53647  -21.130  -16.300  64.200 0.0000000000
53611  -22.666  -16.284  66.331 0.0000000000
53592  -23.690  -16.141  67.345 0.0000000000
53574  -24.834  -16.576  68.472 0.0000000000
55770  -25.689  -14.686  61.017 0.0000000000
54732  -25.386  -15.273  62.462 0.0000000000
55737  -28.821  -15.061  63.512 0.0000000000
54714  -27.674  -15.059  63.633 0.0000000000
54695  -28.679  -15.352  64.600 0.0000000000
53653  -25.834  -16.072  64.888 0.0000000000
53614  -25.429  -16.415  66.505 0.0000000000
53552  -26.020  -16.638  69.706 0.0000000000
54627  -30.240  -15.756  69.569 0.0000000000
53535  -30.085  -16.071  70.106 0.0000000000
42219  -11.867  -27.256  64.976 0.0000000000
42185  -12.841  -27.303  67.279 0.0000000000
45083  -15.265  -24.349  65.137 0.0000000000
43189  -13.545  -25.860  64.947 0.0000000000
43178  -13.281  -26.290  65.398 0.0000000000
43170  -14.404  -26.081  66.558 0.0000000000
43169  -13.618  -26.456  66.273 0.0000000000
42186  -13.320  -26.770  68.058 0.0000000000
42173  -13.313  -26.938  69.026 0.0000000000
42174  -13.646  -26.454  69.524 0.0000000000
64965  -39.133  -6.214  53.595 0.0000000000
64966  -39.869  -5.612  53.781 0.0000000000
63814  -40.434  -6.151  54.343 0.0000000000
64946  -41.034  -5.988  54.678 0.0000000000
64947  -41.790  -5.906  54.647 0.0000000000
64949  -43.148  -5.533  55.079 0.0000000000
68761  -40.129  -2.708  52.186 0.0000000000
68746  -40.383  -2.904  52.952 0.0000000000
67443  -40.584  -3.505  53.325 0.0000000000
68748  -41.633  -2.474  53.353 0.0000000000
67425  -41.224  -3.531  53.634 0.0000000000
66174  -42.437  -4.550  54.243 0.0000000000
66153  -43.021  -5.054  54.566 0.0000000000
66154  -43.665  -4.962  54.924 0.0000000000
66156  -45.310  -4.418  55.186 0.0000000000
67393  -46.351  -4.082  55.419 0.0000000000
67410  -45.931  -3.823  54.833 0.0000000000
73250  -42.788  1.314  50.204 0.0000000000
73234  -44.463  1.826  51.773 0.0000000000
72120  -43.625  -0.056  52.747 0.0000000000
72100  -44.189  0.049  53.769 0.0000000000
71009  -44.759  -0.181  54.311 0.0000000000
71010  -45.337  0.082  54.194 0.0000000000
71022  -45.978  -0.096  53.811 0.0000000000
85377  -44.262  11.346  45.580 0.0000000000
85378  -44.947  11.444  45.789 0.0000000000
84272  -45.281  11.333  45.397 0.0000000000
83221  -44.311  10.521  44.207 0.0000000000
84283  -44.730  11.014  44.770 0.0000000000
84273  -46.217  11.406  45.423 0.0000000000
84274  -47.129  11.550  45.352 0.0000000000
84275  -47.960  11.769  45.303 0.0000000000
84287  -48.394  12.053  44.599 0.0000000000
83250  -43.708  10.441  42.379 0.0000000000
83251  -44.742  10.502  42.849 0.0000000000
84295  -45.748  10.964  43.129 0.0000000000
84296  -46.425  11.269  43.539 0.0000000000
85388  -48.923  12.979  44.628 0.0000000000
86528  -50.141  14.086  43.381 0.0000000000
85432  -44.717  12.505  40.812 0.0000000000
85433  -45.590  12.557  40.605 0.0000000000
86557  -47.372  13.139  41.097 0.0000000000
87701  -48.420  14.145  41.029 0.0000000000
86559  -48.809  13.983  41.621 0.0000000000
87688  -49.268  14.353  41.583 0.0000000000
36933  -5.118  -32.171  71.678 0.0000000000
38029  -8.463  -30.272  73.312 0.0000000000
38036  -9.316  -30.125  72.411 0.0000000000
39056  -7.307  -30.278  73.797 0.0000000000
39059  -8.763  -28.907  74.758 0.0000000000
39063  -7.267  -30.279  73.548 0.0000000000
39103  -9.439  -30.098  67.949 0.0000000000
40125  -10.249  -28.735  73.117 0.0000000000
43091  -12.333  -26.845  75.719 0.0000000000
43171  -14.709  -25.941  67.157 0.0000000000
47059  -18.431  -21.679  72.320 0.0000000000
51353  -20.588  -17.827  68.504 0.0000000000
51374  -20.816  -17.259  67.451 0.0000000000
52468  -26.713  -16.761  68.881 0.0000000000
52469  -29.311  -16.391  69.328 0.0000000000
52470  -29.599  -16.273  69.334 0.0000000000
52485  -26.294  -16.707  68.640 0.0000000000
52487  -29.289  -16.410  69.043 0.0000000000
52488  -29.474  -16.356  69.144 0.0000000000
53507  -25.552  -16.515  71.452 0.0000000000
54611  -30.201  -15.847  69.801 0.0000000000
54630  -32.557  -14.403  69.800 0.0000000000
54640  -32.401  -14.077  68.415 0.0000000000
56826  -31.997  -13.641  66.077 0.0000000000
59169  -34.327  -10.822  63.240 0.0000000000
61268  -36.594  -8.530  65.236 0.0000000000
62438  -36.032  -7.836  62.931 0.0000000000
62555  -40.974  -7.508  55.881 0.0000000000
62565  -33.618  -7.362  55.319 0.0000000000
62566  -40.770  -7.383  55.673 0.0000000000
62567  -41.154  -7.247  55.578 0.0000000000
62587  -34.265  -7.657  54.544 0.0000000000
63684  -46.643  -5.313  59.942 0.0000000000
63697  -46.463  -6.033  60.008 0.0000000000
63698  -46.646  -5.678  59.824 0.0000000000
64748  -35.856  -5.133  66.643 0.0000000000
64774  -34.721  -5.013  65.118 0.0000000000
64839  -46.543  -4.931  60.092 0.0000000000
64925  -33.749  -6.177  57.114 0.0000000000
64948  -42.541  -5.608  54.686 0.0000000000
64992  -35.910  -6.585  51.933 0.0000000000
65939  -35.724  -4.991  66.585 0.0000000000
65953  -35.676  -4.369  66.346 0.0000000000
65966  -34.534  -4.936  64.956 0.0000000000
65977  -34.897  -4.709  64.883 0.0000000000
65990  -34.678  -4.379  63.505 0.0000000000
66022  -45.589  -4.090  61.219 0.0000000000
66057  -34.476  -4.593  59.359 0.0000000000
66152  -31.001  -5.024  55.838 0.0000000000
66209  -36.976  -5.479  51.123 0.0000000000
67352  -32.722  -4.048  58.671 0.0000000000
67411  -46.729  -3.692  55.095 0.0000000000
68636  -44.576  -2.972  63.876 0.0000000000
68651  -36.211  -3.492  63.080 0.0000000000
68672  -33.090  -3.881  60.071 0.0000000000
68685  -33.425  -3.846  59.955 0.0000000000
68696  -32.585  -3.966  58.892 0.0000000000
68698  -33.177  -3.847  59.466 0.0000000000
68731  -41.574  -2.902  53.545 0.0000000000
69877  -43.728  -2.513  64.334 0.0000000000
69889  -43.088  -1.984  64.085 0.0000000000
69891  -44.169  -2.635  64.052 0.0000000000
69945  -42.412  -1.953  53.394 0.0000000000
70037  -38.014  -2.037  48.787 0.0000000000
70057  -38.347  -1.629  48.512 0.0000000000
72057  -44.775  0.070  54.336 0.0000000000
72058  -45.096  0.346  54.313 0.0000000000
72076  -44.559  -0.030  54.256 0.0000000000
72168  -43.543  0.809  50.629 0.0000000000
73157  -44.994  0.687  54.262 0.0000000000
73248  -41.124  0.587  49.313 0.0000000000
73276  -40.392  1.508  48.313 0.0000000000
73290  -39.428  1.550  47.513 0.0000000000
74306  -45.421  2.694  52.940 0.0000000000
74336  -44.062  2.301  50.548 0.0000000000
74374  -39.454  2.052  47.339 0.0000000000
75385  -45.675  3.230  53.790 0.0000000000
75400  -45.541  3.192  52.856 0.0000000000
75431  -41.555  3.011  48.994 0.0000000000
75450  -41.773  3.390  48.856 0.0000000000
76565  -44.497  3.505  50.061 0.0000000000
76580  -44.055  3.935  48.943 0.0000000000
76583  -46.474  4.911  50.035 0.0000000000
76610  -43.183  4.860  47.389 0.0000000000
76612  -44.106  4.691  48.100 0.0000000000
77730  -47.243  6.026  51.223 0.0000000000
77731  -47.242  6.547  50.986 0.0000000000
77741  -47.186  6.388  50.737 0.0000000000
77783  -44.407  5.200  47.783 0.0000000000
78864  -47.297  6.880  50.412 0.0000000000
78877  -44.878  5.760  47.871 0.0000000000
78917  -42.493  6.482  46.225 0.0000000000
78926  -38.987  6.531  45.549 0.0000000000
78927  -39.386  6.950  45.454 0.0000000000
78929  -41.991  6.801  45.640 0.0000000000
80017  -47.078  8.023  49.646 0.0000000000
80025  -45.601  7.436  48.156 0.0000000000
80035  -43.776  7.365  46.986 0.0000000000
80051  -38.112  6.494  45.485 0.0000000000
80054  -41.315  7.451  45.548 0.0000000000
80055  -41.783  7.689  45.614 0.0000000000
80057  -43.287  7.464  46.541 0.0000000000
80070  -41.711  7.083  45.495 0.0000000000
80072  -42.355  7.398  45.796 0.0000000000
81110  -47.363  8.505  49.876 0.0000000000
81128  -43.869  7.989  46.896 0.0000000000
81130  -45.142  8.025  47.771 0.0000000000
81162  -42.018  7.755  45.627 0.0000000000
81163  -42.319  7.741  45.780 0.0000000000
81187  -38.160  8.827  43.493 0.0000000000
82149  -42.539  9.019  46.164 0.0000000000
82151  -43.986  8.709  46.675 0.0000000000
82174  -43.096  9.581  43.778 0.0000000000
82189  -44.122  10.053  43.319 0.0000000000
83172  -46.138  10.157  48.048 0.0000000000
83186  -43.088  10.120  46.378 0.0000000000
83200  -41.290  9.744  45.610 0.0000000000
83208  -41.102  9.818  45.485 0.0000000000
83252  -45.427  10.783  42.975 0.0000000000
84240  -42.883  10.179  46.178 0.0000000000
84241  -43.416  10.388  46.083 0.0000000000
84242  -44.291  10.877  46.357 0.0000000000
84257  -42.005  10.162  45.777 0.0000000000
84268  -42.230  10.237  45.625 0.0000000000
85351  -46.949  11.655  47.578 0.0000000000
85364  -44.022  11.274  45.640 0.0000000000
85365  -44.472  11.322  46.022 0.0000000000
85367  -46.713  11.551  46.959 0.0000000000
85421  -42.027  12.038  41.238 0.0000000000
85426  -47.491  12.956  41.569 0.0000000000
85438  -46.932  12.603  39.666 0.0000000000
85451  -47.331  12.628  39.198 0.0000000000
86502  -48.023  12.296  46.703 0.0000000000
86513  -47.749  12.059  46.428 0.0000000000
86558  -48.246  13.812  41.281 0.0000000000
86629  -47.906  13.739  36.852 0.0000000000
87689  -49.852  14.613  41.809 0.0000000000
87702  -48.903  14.314  40.871 0.0000000000
87718  -48.999  14.236  40.423 0.0000000000
87738  -51.099  14.117  38.052 0.0000000000
88789  -50.113  14.624  41.578 0.0000000000
