#!ascii label  , from subject 4021 vox2ras=TkReg
864
77310  -18.599  4.971  -2.046 0.5555555820
78476  -19.082  5.723  -2.442 0.6666666865
79610  -19.583  6.551  -2.936 0.7777777910
79611  -20.415  6.333  -3.053 0.7777777910
80756  -20.170  7.707  -3.557 0.8888888955
81792  -22.456  8.499  -3.626 0.8888888955
77289  -18.095  4.356  -1.548 0.5555555820
77309  -18.103  5.127  -1.520 0.5555555820
79609  -18.704  6.584  -2.604 0.6666666865
79630  -20.741  6.971  -3.385 0.8888888955
80757  -21.155  7.718  -3.760 0.8888888955
82811  -21.636  9.386  -4.430 1.0000000000
82798  -22.328  9.098  -4.007 0.8888888955
83857  -22.778  9.929  -4.186 1.0000000000
79593  -17.719  6.530  -1.533 0.7777777910
81768  -18.569  8.430  -2.883 1.0000000000
82794  -19.015  9.412  -3.218 1.0000000000
81789  -19.988  8.618  -3.813 1.0000000000
83842  -20.045  9.844  -4.111 1.0000000000
82795  -19.727  9.363  -3.770 1.0000000000
83855  -21.379  10.215  -4.757 1.0000000000
83853  -19.892  10.742  -4.579 1.0000000000
83854  -20.394  10.237  -4.660 1.0000000000
84917  -23.014  10.808  -4.451 1.0000000000
84915  -21.115  11.143  -4.996 1.0000000000
84916  -22.092  11.120  -4.711 1.0000000000
86084  -23.036  12.146  -4.388 1.0000000000
86083  -21.876  12.246  -5.019 1.0000000000
83820  -17.835  9.832  -2.741 0.8888888955
84914  -20.255  11.210  -4.952 1.0000000000
84900  -19.006  10.894  -3.785 1.0000000000
86082  -20.849  12.022  -5.269 1.0000000000
86094  -22.087  13.103  -5.472 1.0000000000
87232  -22.736  13.251  -5.063 1.0000000000
87233  -23.183  13.315  -4.142 0.8888888955
88375  -22.977  14.126  -4.356 1.0000000000
88376  -23.280  14.016  -3.711 0.7777777910
88362  -24.067  14.245  -3.551 0.7777777910
84898  -17.349  11.352  -3.274 0.5555555820
86078  -17.741  12.707  -4.191 0.7777777910
86066  -17.815  12.070  -3.951 0.8888888955
86091  -19.698  12.723  -5.368 1.0000000000
86081  -20.000  12.035  -5.083 1.0000000000
86090  -19.131  12.777  -5.199 0.8888888955
87243  -20.972  13.611  -5.494 1.0000000000
88384  -22.087  14.146  -5.594 1.0000000000
88374  -22.660  14.337  -5.220 0.8888888955
89402  -21.912  14.811  -5.314 1.0000000000
89392  -23.152  15.030  -4.541 0.8888888955
89381  -23.620  15.634  -3.854 0.7777777910
89382  -24.249  15.204  -3.362 0.6666666865
89368  -23.966  16.218  -3.008 0.6666666865
86064  -16.575  12.836  -3.162 0.4444444478
86065  -17.251  12.519  -3.616 0.7777777910
87216  -17.038  13.568  -3.839 0.6666666865
88372  -18.746  14.403  -4.821 0.7777777910
87231  -19.657  14.035  -5.353 0.8888888955
88381  -19.975  14.513  -5.699 1.0000000000
89401  -21.278  15.192  -5.917 1.0000000000
90444  -21.878  15.712  -5.305 0.8888888955
90436  -23.054  15.990  -4.334 0.7777777910
89369  -24.735  15.824  -2.448 0.5555555820
90424  -23.545  16.642  -3.700 0.7777777910
90412  -23.891  17.235  -2.976 0.6666666865
88370  -17.202  14.551  -4.149 0.6666666865
88360  -16.474  14.462  -3.754 0.6666666865
88371  -18.011  14.560  -4.391 0.7777777910
89388  -17.701  15.389  -4.513 0.7777777910
89390  -19.181  14.916  -5.057 0.8888888955
89399  -19.641  15.343  -5.533 0.8888888955
89398  -19.247  15.866  -5.378 1.0000000000
90442  -20.525  15.985  -5.706 1.0000000000
90443  -21.302  16.015  -5.656 1.0000000000
90434  -21.811  16.558  -5.111 0.8888888955
91449  -23.175  17.003  -4.362 0.8888888955
91447  -21.646  17.337  -4.756 0.8888888955
91448  -22.479  17.230  -4.687 0.7777777910
92415  -23.160  17.971  -4.313 0.7777777910
91424  -24.006  17.785  -3.113 0.6666666865
89380  -16.236  15.055  -3.657 0.6666666865
90440  -18.933  16.369  -5.329 1.0000000000
90441  -19.689  16.302  -5.545 1.0000000000
90433  -21.040  16.687  -5.212 1.0000000000
93415  -22.920  18.900  -4.062 0.7777777910
92407  -24.082  18.445  -3.115 0.6666666865
91425  -24.431  17.992  -2.620 0.5555555820
89387  -16.695  15.442  -4.173 0.7777777910
89386  -16.308  16.012  -4.221 0.6666666865
90431  -17.470  16.189  -4.592 0.8888888955
91455  -18.366  17.189  -5.239 1.0000000000
91456  -19.429  17.160  -5.496 1.0000000000
92425  -20.027  17.831  -5.363 0.8888888955
91446  -20.758  17.464  -4.864 0.8888888955
92412  -20.542  18.300  -4.612 0.8888888955
93396  -22.622  19.763  -3.639 0.7777777910
93398  -23.952  19.281  -2.982 0.5555555820
93395  -21.818  19.753  -3.652 0.7777777910
93397  -23.235  19.703  -3.315 0.5555555820
93379  -24.280  19.876  -2.298 0.5555555820
90408  -15.126  16.358  -2.932 0.4444444478
90429  -16.288  16.684  -4.094 0.5555555820
91443  -16.863  17.303  -4.716 0.7777777910
91444  -17.484  16.925  -4.881 0.8888888955
92423  -18.341  18.332  -5.461 1.0000000000
92424  -19.140  17.998  -5.262 0.8888888955
92411  -19.695  18.523  -4.831 0.8888888955
93413  -21.201  18.975  -4.117 0.8888888955
94390  -23.355  20.732  -2.781 0.5555555820
93419  -15.943  19.635  -5.165 0.6666666865
91436  -15.360  17.830  -3.909 0.6666666865
92421  -16.864  18.880  -5.453 0.7777777910
93422  -18.225  19.260  -5.578 0.8888888955
93421  -17.425  19.540  -5.517 0.7777777910
93410  -18.759  19.730  -5.100 0.7777777910
93423  -19.025  18.931  -5.356 0.8888888955
93411  -19.446  19.294  -4.590 0.8888888955
94429  -19.108  19.925  -4.154 0.7777777910
94430  -19.946  19.719  -3.784 0.7777777910
94431  -20.892  19.735  -3.712 0.6666666865
94406  -18.818  20.463  -3.735 0.6666666865
94408  -20.566  20.509  -3.439 0.6666666865
94409  -21.467  20.599  -3.401 0.6666666865
95421  -20.257  21.231  -3.118 0.6666666865
95422  -21.139  21.445  -3.382 0.5555555820
95424  -22.631  21.635  -3.405 0.5555555820
94411  -22.922  20.707  -3.305 0.4444444478
95423  -21.917  21.564  -3.585 0.5555555820
94404  -13.429  20.728  -3.061 0.3333333433
93392  -13.747  20.210  -3.259 0.3333333433
94426  -15.211  20.581  -4.843 0.5555555820
94439  -15.714  20.431  -5.260 0.6666666865
95446  -15.583  20.953  -5.304 0.5555555820
94440  -16.439  20.581  -5.468 0.7777777910
94441  -17.115  20.559  -5.433 0.7777777910
95440  -17.113  21.330  -5.146 0.6666666865
94428  -18.261  20.333  -4.543 0.6666666865
94427  -17.579  20.585  -5.053 0.6666666865
95419  -18.023  20.925  -3.610 0.6666666865
96389  -18.661  21.772  -2.775 0.6666666865
96390  -19.897  21.941  -2.811 0.6666666865
96392  -21.610  22.421  -3.682 0.5555555820
96391  -20.798  22.237  -3.328 0.6666666865
95416  -13.808  21.630  -3.567 0.4444444478
95415  -13.425  21.610  -2.651 0.4444444478
95437  -14.482  21.641  -4.271 0.4444444478
96405  -14.149  22.527  -4.012 0.5555555820
95438  -15.410  21.519  -4.913 0.5555555820
95439  -16.324  21.854  -5.253 0.6666666865
95417  -16.468  21.818  -4.731 0.6666666865
97432  -20.569  22.896  -2.711 0.6666666865
97433  -21.463  23.403  -3.442 0.5555555820
97426  -13.794  23.184  -3.731 0.4444444478
97450  -15.692  22.976  -4.661 0.6666666865
96386  -16.039  22.458  -4.646 0.6666666865
96387  -16.422  22.219  -3.857 0.6666666865
95418  -16.769  21.109  -3.996 0.6666666865
97431  -19.434  22.715  -2.389 0.6666666865
80737  -19.749  7.179  -3.243 0.8888888955
80735  -18.213  7.437  -2.615 1.0000000000
81788  -19.376  8.579  -3.357 1.0000000000
82796  -20.341  9.385  -4.157 1.0000000000
82812  -22.262  9.517  -4.291 1.0000000000
89379  -15.870  15.657  -3.742 0.5555555820
90407  -14.620  16.890  -2.942 0.5555555820
90430  -16.846  16.432  -4.404 0.7777777910
93414  -22.122  18.955  -4.120 0.8888888955
89365  -14.261  16.494  -2.320 0.2222222239
94442  -17.943  20.049  -5.323 0.7777777910
96407  -15.657  22.481  -4.698 0.6666666865
97449  -15.148  23.459  -4.709 0.6666666865
87215  -16.312  13.725  -3.125 0.4444444478
88359  -15.894  14.660  -3.145 0.4444444478
97434  -22.006  23.290  -4.058 0.5555555820
96385  -13.571  22.495  -3.279 0.3333333433
76150  -19.121  3.303  -1.906 0.5555555820
77291  -19.734  4.053  -1.980 0.5555555820
77311  -19.386  4.855  -2.312 0.6666666865
78477  -19.970  5.634  -2.650 0.5555555820
78478  -21.018  5.602  -2.872 0.5555555820
79632  -22.340  6.812  -3.119 0.7777777910
80759  -22.735  7.762  -3.259 0.8888888955
76149  -18.328  3.544  -1.469 0.5555555820
79612  -21.071  6.367  -3.164 0.6666666865
79631  -21.538  6.847  -3.324 0.8888888955
81793  -23.087  8.444  -3.388 0.7777777910
82799  -23.014  9.300  -3.683 0.7777777910
83843  -23.370  10.350  -3.804 0.8888888955
76147  -16.898  4.051  -0.923 0.4444444478
78458  -17.845  5.868  -1.111 0.5555555820
80722  -17.300  7.276  -1.507 0.2222222239
80723  -17.704  7.348  -2.003 0.6666666865
86067  -23.716  12.171  -3.854 0.8888888955
87234  -23.642  13.570  -3.637 0.7777777910
87219  -24.270  13.429  -3.318 0.6666666865
81766  -17.088  8.876  -2.238 0.5555555820
88349  -24.762  14.478  -2.638 0.6666666865
83818  -16.820  10.427  -2.365 0.4444444478
89353  -25.386  16.121  -1.988 0.5555555820
84877  -16.222  11.711  -2.240 0.2222222239
90391  -25.034  16.546  -1.987 0.5555555820
86063  -15.973  12.884  -2.571 0.4444444478
91426  -25.137  17.632  -1.948 0.5555555820
87204  -15.322  14.054  -2.270 0.3333333433
92396  -25.260  18.752  -1.815 0.5555555820
89367  -15.474  15.840  -2.988 0.4444444478
93380  -24.950  19.748  -1.760 0.4444444478
89366  -14.771  15.893  -2.404 0.3333333433
93376  -13.455  19.716  -2.593 0.3333333433
93393  -14.378  19.703  -3.504 0.3333333433
93394  -14.980  19.205  -3.638 0.4444444478
96364  -22.983  22.571  -3.361 0.4444444478
97435  -22.771  23.544  -4.041 0.2222222239
96384  -13.197  22.516  -2.329 0.3333333433
97448  -14.237  23.476  -4.351 0.6666666865
97428  -15.811  23.287  -4.102 0.6666666865
97429  -16.781  23.091  -2.802 0.6666666865
97401  -17.782  23.583  -2.088 0.6666666865
97402  -18.937  23.540  -1.982 0.6666666865
97403  -20.045  23.660  -2.384 0.6666666865
97404  -20.960  23.759  -2.715 0.6666666865
97452  -22.212  23.998  -4.360 0.3333333433
98534  -14.398  24.118  -4.520 0.5555555820
77312  -20.376  4.791  -2.267 0.6666666865
79629  -20.123  6.940  -3.251 0.8888888955
81790  -20.845  8.695  -4.093 1.0000000000
80755  -19.691  8.112  -3.450 1.0000000000
81791  -21.714  8.635  -4.047 1.0000000000
80758  -21.978  7.701  -3.540 0.8888888955
77288  -17.413  4.698  -1.229 0.4444444478
78473  -17.735  5.343  -1.161 0.5555555820
78474  -18.041  5.782  -1.475 0.6666666865
78475  -18.406  5.786  -2.052 0.6666666865
79608  -18.130  6.589  -2.046 0.8888888955
80736  -19.197  7.543  -3.159 0.8888888955
81806  -21.348  8.959  -4.253 1.0000000000
81805  -21.192  9.138  -4.322 1.0000000000
82810  -20.953  9.498  -4.465 1.0000000000
83856  -22.202  10.147  -4.519 1.0000000000
81767  -17.580  8.337  -2.395 0.8888888955
82774  -18.158  9.303  -2.707 0.8888888955
83841  -19.572  10.324  -3.884 1.0000000000
84901  -23.675  11.453  -3.714 0.8888888955
87218  -23.647  12.817  -3.730 0.7777777910
83840  -18.401  10.299  -3.268 1.0000000000
83819  -17.436  10.327  -2.718 0.5555555820
82773  -17.408  9.361  -2.467 0.6666666865
82772  -16.780  9.558  -2.157 0.5555555820
84913  -19.393  11.301  -4.494 1.0000000000
84899  -18.350  11.346  -3.968 0.8888888955
86080  -19.210  12.135  -4.992 1.0000000000
86092  -20.484  12.785  -5.498 1.0000000000
86093  -21.355  12.885  -5.452 1.0000000000
87244  -21.759  13.612  -5.594 1.0000000000
87245  -22.331  13.676  -5.498 1.0000000000
88361  -23.543  14.725  -3.897 0.7777777910
84878  -16.729  11.133  -2.612 0.5555555820
84879  -17.020  10.796  -2.754 0.5555555820
83839  -17.824  10.800  -3.372 0.7777777910
87229  -17.999  13.546  -4.366 0.6666666865
86079  -18.454  12.457  -4.638 0.8888888955
87230  -19.064  13.545  -5.142 0.8888888955
84912  -18.841  11.798  -4.543 0.8888888955
87242  -20.000  13.588  -5.536 0.8888888955
88383  -21.464  14.291  -5.660 1.0000000000
89391  -22.511  15.354  -4.906 0.8888888955
89370  -25.480  15.391  -2.184 0.5555555820
87217  -17.455  13.062  -4.060 0.5555555820
84896  -16.401  12.381  -2.668 0.3333333433
87228  -17.623  14.072  -3.972 0.7777777910
88373  -19.401  14.467  -5.241 0.8888888955
88382  -20.709  14.400  -5.785 1.0000000000
89407  -20.805  15.468  -6.131 1.0000000000
90435  -22.443  16.307  -4.734 0.7777777910
90413  -24.538  16.916  -2.334 0.5555555820
89389  -18.722  15.393  -4.966 0.8888888955
91437  -23.762  17.725  -3.642 0.7777777910
91438  -24.063  18.020  -3.162 0.6666666865
87214  -15.752  13.833  -2.610 0.4444444478
90432  -18.173  16.203  -4.944 0.8888888955
91457  -20.300  16.997  -5.653 1.0000000000
92414  -22.345  18.107  -4.455 0.7777777910
92406  -23.478  18.634  -3.547 0.6666666865
92395  -24.624  19.040  -2.568 0.5555555820
91445  -17.866  16.635  -4.942 0.8888888955
92413  -21.450  18.187  -4.503 0.8888888955
93412  -20.276  19.050  -4.222 0.8888888955
93378  -23.681  20.020  -2.668 0.5555555820
90423  -15.440  16.771  -3.613 0.5555555820
91454  -17.596  17.786  -5.167 1.0000000000
91453  -16.909  18.150  -5.150 0.7777777910
91442  -16.142  17.833  -4.546 0.7777777910
94391  -24.036  20.735  -2.312 0.5555555820
92404  -14.613  18.631  -3.340 0.5555555820
92405  -15.233  18.668  -3.754 0.5555555820
93409  -15.280  19.664  -4.369 0.4444444478
92410  -15.702  18.740  -4.490 0.6666666865
91452  -16.529  18.433  -5.100 0.7777777910
90422  -14.977  17.285  -3.540 0.7777777910
91435  -14.755  17.806  -3.472 0.6666666865
93420  -16.674  19.688  -5.452 0.7777777910
92422  -17.558  18.662  -5.565 0.7777777910
94407  -19.627  20.431  -3.486 0.6666666865
95420  -19.227  21.144  -3.297 0.6666666865
94410  -22.280  20.669  -3.341 0.5555555820
95399  -23.197  21.649  -3.009 0.4444444478
96393  -22.319  22.525  -3.725 0.5555555820
93408  -14.797  20.150  -4.376 0.4444444478
94425  -14.662  20.720  -4.371 0.5555555820
95453  -16.401  20.979  -5.540 0.6666666865
95448  -16.754  21.252  -5.487 0.7777777910
96406  -14.885  22.569  -4.557 0.6666666865
96388  -17.329  21.824  -3.061 0.6666666865
97430  -18.148  22.743  -2.465 0.6666666865
88348  -15.632  15.255  -3.147 0.4444444478
86062  -15.364  13.242  -2.281 0.4444444478
88358  -15.570  14.371  -2.650 0.4444444478
98511  -21.375  24.407  -4.003 0.3333333433
77290  -18.809  4.133  -2.025 0.5555555820
76148  -17.480  3.696  -1.139 0.4444444478
75042  -17.992  3.164  -1.036 0.5555555820
83821  -23.818  10.844  -3.196 0.7777777910
76126  -17.184  3.575  -0.614 0.3333333433
78457  -17.547  5.332  -0.885 0.4444444478
84897  -16.800  12.016  -2.860 0.3333333433
83801  -16.400  10.784  -1.534 0.1111111119
88347  -15.369  14.969  -2.661 0.3333333433
92393  -14.218  18.657  -2.700 0.3333333433
98485  -21.443  24.432  -3.126 0.4444444478
76154  -22.909  4.026  -1.517 0.4444444478
77253  -24.229  4.231  0.050 0.2222222239
76151  -20.076  3.195  -2.188 0.4444444478
76152  -21.122  3.243  -1.869 0.4444444478
77292  -20.661  3.994  -1.863 0.4444444478
77293  -21.252  3.924  -1.865 0.4444444478
76168  -22.311  4.117  -2.026 0.4444444478
77315  -22.949  4.981  -2.074 0.4444444478
78460  -24.099  5.614  -1.221 0.2222222239
77314  -22.483  4.884  -2.328 0.4444444478
78443  -24.693  5.934  -0.475 0.1111111119
79577  -24.880  6.426  -0.564 0.1111111119
78480  -23.057  5.587  -2.267 0.4444444478
79594  -24.108  6.123  -1.668 0.3333333433
78479  -22.171  5.673  -2.976 0.4444444478
79614  -23.866  6.524  -2.265 0.3333333433
79595  -24.688  6.629  -1.224 0.2222222239
79613  -22.996  6.282  -2.832 0.4444444478
78487  -21.592  6.118  -3.201 0.5555555820
78488  -21.938  6.293  -3.285 0.4444444478
80740  -24.423  8.118  -1.888 0.2222222239
80724  -25.129  7.806  -1.549 0.1111111119
81756  -25.540  8.713  -1.238 0.1111111119
80739  -23.928  7.795  -2.523 0.3333333433
81770  -24.297  8.796  -2.325 0.3333333433
81769  -23.664  8.792  -3.012 0.4444444478
82775  -23.628  9.880  -3.124 0.6666666865
82759  -24.598  9.846  -1.939 0.4444444478
84861  -25.209  11.573  -1.630 0.3333333433
84860  -24.898  11.798  -2.237 0.5555555820
86048  -24.777  12.256  -2.611 0.5555555820
86027  -24.919  12.245  -2.206 0.5555555820
86028  -25.111  12.312  -1.806 0.4444444478
87194  -25.311  13.196  -1.697 0.3333333433
86068  -24.298  12.284  -3.350 0.5555555820
87206  -25.359  13.921  -2.198 0.4444444478
87205  -24.690  13.186  -2.467 0.4444444478
98509  -15.744  23.868  -2.972 0.5555555820
98481  -17.324  24.234  -1.826 0.5555555820
98482  -18.392  24.371  -1.714 0.5555555820
99548  -18.987  25.276  -1.388 0.5555555820
76153  -22.308  3.079  -1.670 0.4444444478
77273  -23.482  4.359  -0.721 0.2222222239
79615  -24.401  7.358  -1.897 0.2222222239
81755  -24.882  8.820  -1.694 0.3333333433
83822  -24.143  10.436  -2.589 0.6666666865
83802  -24.707  10.970  -2.099 0.4444444478
88350  -25.734  14.667  -2.167 0.4444444478
90392  -25.699  16.961  -1.645 0.4444444478
99571  -16.030  24.715  -2.423 0.5555555820
83803  -25.265  10.640  -1.552 0.2222222239
98483  -19.560  24.442  -1.951 0.5555555820
73981  -21.626  1.658  -1.294 0.4444444478
75047  -22.153  2.146  -1.311 0.4444444478
75024  -22.644  2.583  -1.061 0.4444444478
76103  -23.592  3.181  -0.290 0.2222222239
76104  -23.973  3.281  0.149 0.2222222239
76105  -24.835  3.428  0.430 0.1111111119
75044  -19.481  2.552  -1.726 0.4444444478
75045  -20.437  2.469  -1.787 0.4444444478
77274  -24.259  4.996  -0.620 0.1111111119
79578  -25.528  6.500  -0.231 0.1111111119
79596  -25.539  7.314  -1.000 0.1111111119
80709  -26.241  7.709  -0.448 0.1111111119
81741  -26.008  8.717  -0.595 0.1111111119
82746  -25.862  9.381  -0.882 0.1111111119
83804  -25.922  10.471  -1.295 0.2222222239
86029  -25.705  12.393  -1.161 0.1111111119
84862  -25.879  11.299  -1.235 0.2222222239
87195  -26.106  13.599  -0.896 0.2222222239
88337  -26.033  14.105  -1.807 0.3333333433
89354  -25.976  16.013  -1.812 0.3333333433
90393  -26.427  16.628  -1.159 0.3333333433
90414  -25.059  17.006  -1.910 0.4444444478
96365  -23.663  22.517  -2.815 0.3333333433
97447  -13.605  23.757  -3.853 0.4444444478
98484  -20.693  24.513  -2.392 0.5555555820
99599  -14.882  24.521  -3.897 0.5555555820
99570  -15.291  24.814  -3.226 0.5555555820
99572  -16.784  24.668  -1.867 0.5555555820
99547  -17.607  25.198  -1.707 0.5555555820
80760  -23.378  7.965  -3.080 0.6666666865
80738  -23.181  7.188  -2.807 0.3333333433
76128  -23.091  3.198  -0.840 0.3333333433
76169  -22.826  4.564  -1.964 0.4444444478
77252  -23.605  3.672  -0.250 0.3333333433
75046  -21.413  2.359  -1.607 0.4444444478
77313  -21.508  4.574  -2.302 0.4444444478
76167  -21.723  3.786  -1.927 0.4444444478
77294  -23.360  4.970  -1.593 0.4444444478
77295  -23.863  4.934  -1.090 0.2222222239
78459  -23.688  5.766  -1.803 0.4444444478
78444  -25.172  5.809  -0.068 0.1111111119
80725  -25.824  8.000  -1.134 0.1111111119
82760  -25.464  9.693  -1.392 0.1111111119
82776  -23.980  9.546  -2.529 0.4444444478
84881  -24.434  11.438  -2.899 0.5555555820
89371  -26.079  15.317  -1.995 0.4444444478
98510  -16.516  23.983  -2.199 0.5555555820
76127  -22.704  2.925  -1.243 0.4444444478
99545  -15.592  25.503  -2.410 0.5555555820
82761  -26.181  9.984  -1.133 0.2222222239
75025  -23.045  2.420  -0.590 0.4444444478
74999  -23.666  2.588  -0.216 0.2222222239
78424  -24.832  5.192  0.028 0.1111111119
69576  -23.658  -2.558  3.020 0.1111111119
70742  -20.699  -1.483  0.535 0.3333333433
69607  -22.240  -1.884  2.178 0.2222222239
70699  -23.758  -1.454  2.713 0.1111111119
71813  -18.819  -0.155  0.068 0.3333333433
70741  -19.741  -1.517  0.624 0.3333333433
71795  -21.145  -0.919  0.118 0.3333333433
71796  -22.333  -0.659  0.763 0.3333333433
70731  -22.531  -1.206  1.734 0.2222222239
71777  -22.699  -0.832  1.463 0.2222222239
70732  -23.091  -1.214  2.273 0.2222222239
71778  -23.299  -0.722  1.891 0.2222222239
73938  -18.454  0.913  -0.262 0.2222222239
72860  -18.300  0.377  0.088 0.2222222239
71814  -19.519  -0.188  -0.131 0.3333333433
71794  -20.129  -0.850  0.184 0.3333333433
73958  -18.067  1.905  -0.546 0.2222222239
73959  -18.798  1.448  -0.839 0.3333333433
72877  -18.884  0.440  -0.344 0.3333333433
73960  -20.166  1.224  -0.907 0.3333333433
72878  -19.744  0.522  -0.534 0.3333333433
72879  -20.786  0.524  -0.534 0.3333333433
71817  -22.299  -0.006  -0.213 0.3333333433
72880  -21.725  0.580  -0.514 0.3333333433
72881  -22.613  0.820  -0.243 0.3333333433
72861  -22.866  0.115  0.284 0.3333333433
71797  -23.502  -0.185  0.860 0.1111111119
72862  -23.561  0.683  0.403 0.2222222239
75022  -17.667  2.738  -0.454 0.2222222239
75023  -18.211  2.150  -0.795 0.3333333433
73978  -19.106  2.085  -1.358 0.3333333433
73979  -19.790  1.937  -1.299 0.3333333433
73962  -21.971  1.275  -0.773 0.3333333433
73982  -22.122  1.670  -1.079 0.3333333433
74997  -17.061  3.166  0.276 0.3333333433
73980  -20.770  1.736  -1.414 0.3333333433
73963  -22.609  1.791  -0.650 0.3333333433
88351  -26.183  14.872  -1.764 0.2222222239
89355  -26.322  15.638  -1.234 0.2222222239
91404  -25.724  18.095  -1.184 0.2222222239
70730  -21.810  -1.648  1.517 0.3333333433
70698  -22.909  -1.721  2.594 0.2222222239
71750  -23.682  -0.905  2.471 0.1111111119
73937  -17.895  1.381  -0.017 0.3333333433
71816  -21.501  -0.231  -0.296 0.3333333433
75043  -18.524  2.588  -1.267 0.3333333433
73964  -23.336  1.941  -0.316 0.3333333433
68264  -23.554  -3.567  2.937 0.1111111119
68265  -24.543  -3.557  2.987 0.1111111119
70728  -19.587  -2.010  0.914 0.3333333433
69622  -20.026  -2.192  0.860 0.3333333433
69605  -20.657  -2.522  1.310 0.3333333433
69606  -21.571  -2.476  2.040 0.3333333433
69577  -24.641  -2.535  3.221 0.1111111119
71793  -19.268  -0.698  0.378 0.3333333433
71751  -24.157  -0.778  2.530 0.1111111119
71779  -24.399  -0.039  1.734 0.1111111119
71798  -24.059  0.283  0.939 0.1111111119
74998  -17.413  2.299  0.539 0.2222222239
72863  -24.680  0.825  0.996 0.1111111119
72882  -23.222  1.370  -0.121 0.1111111119
93359  -25.645  19.743  -1.118 0.2222222239
92379  -25.819  18.997  -0.946 0.2222222239
77272  -17.109  4.646  -0.648 0.2222222239
81754  -17.387  7.840  -1.900 0.5555555820
75021  -17.204  3.363  -0.232 0.2222222239
91405  -26.548  17.689  -0.720 0.2222222239
69575  -22.578  -2.593  2.849 0.1111111119
69623  -20.436  -1.932  0.867 0.3333333433
70729  -21.091  -1.882  1.186 0.3333333433
71792  -18.371  -0.559  0.608 0.2222222239
70740  -19.034  -1.115  0.644 0.2222222239
70743  -21.524  -1.334  0.827 0.3333333433
70744  -21.990  -1.149  1.237 0.3333333433
71815  -20.461  -0.232  -0.273 0.3333333433
73961  -21.175  1.122  -0.962 0.3333333433
69604  -19.736  -2.579  1.309 0.2222222239
68287  -21.083  -3.009  1.795 0.3333333433
71776  -18.031  -1.001  1.297 0.2222222239
90372  -26.971  16.376  -0.594 0.1111111119
89336  -26.996  15.470  -0.494 0.1111111119
90373  -27.805  16.275  -0.128 0.1111111119
91390  -27.710  17.119  -0.152 0.1111111119
91406  -27.620  17.884  -0.321 0.1111111119
94392  -24.668  20.637  -1.742 0.2222222239
92380  -26.487  18.771  -0.554 0.1111111119
92381  -27.501  18.694  -0.418 0.1111111119
96348  -24.964  22.299  -1.423 0.1111111119
95400  -23.820  21.614  -2.472 0.2222222239
95375  -25.234  21.462  -1.445 0.1111111119
97380  -25.421  22.730  -1.242 0.1111111119
97427  -15.338  23.834  -4.442 0.4444444478
97405  -23.351  23.411  -3.203 0.1111111119
99543  -13.687  25.100  -2.586 0.4444444478
99569  -14.446  25.018  -3.548 0.4444444478
98486  -23.453  23.986  -2.686 0.1111111119
99551  -21.312  24.891  -3.703 0.3333333433
98537  -22.452  24.671  -4.308 0.1111111119
98513  -23.120  24.572  -3.476 0.1111111119
99546  -16.457  25.369  -1.858 0.4444444478
100561  -16.002  26.128  -1.811 0.4444444478
101564  -16.387  26.852  -1.740 0.4444444478
100562  -17.000  26.112  -1.485 0.4444444478
100563  -18.223  26.164  -1.533 0.4444444478
100564  -19.506  26.277  -1.826 0.4444444478
100565  -20.460  26.037  -2.408 0.2222222239
100577  -20.647  26.306  -3.211 0.2222222239
99573  -21.081  25.771  -3.609 0.2222222239
100597  -21.360  26.244  -4.388 0.2222222239
99600  -21.874  25.424  -4.632 0.2222222239
103717  -19.739  28.883  -4.797 0.1111111119
102657  -20.441  27.859  -4.763 0.1111111119
100598  -22.280  26.441  -4.484 0.1111111119
100558  -13.679  25.872  -1.676 0.4444444478
100559  -14.119  26.142  -2.261 0.4444444478
100560  -15.046  26.307  -2.081 0.3333333433
101563  -15.692  26.676  -1.833 0.4444444478
101549  -16.715  27.731  -1.688 0.4444444478
101550  -17.882  27.812  -1.581 0.4444444478
101566  -18.653  27.085  -1.541 0.4444444478
102623  -17.196  28.608  -1.654 0.3333333433
101567  -19.653  27.357  -2.127 0.3333333433
101568  -20.138  27.400  -2.694 0.1111111119
101583  -20.457  27.179  -3.330 0.1111111119
101598  -20.925  27.167  -4.224 0.1111111119
100578  -21.106  26.035  -3.889 0.2222222239
100596  -20.957  26.586  -3.834 0.1111111119
101548  -15.364  27.435  -1.864 0.3333333433
101551  -18.899  27.881  -1.653 0.4444444478
102624  -18.287  28.581  -1.545 0.2222222239
102625  -19.235  28.449  -2.028 0.2222222239
102634  -20.018  28.098  -2.642 0.2222222239
102643  -20.402  27.890  -3.725 0.1111111119
103692  -18.621  29.250  -1.883 0.1111111119
103693  -19.244  29.061  -2.294 0.1111111119
103700  -19.746  29.018  -2.701 0.1111111119
103699  -19.184  29.920  -2.321 0.1111111119
103706  -19.770  29.458  -3.549 0.1111111119
103718  -20.139  28.542  -4.054 0.1111111119
100548  -14.322  26.972  -2.263 0.3333333433
102620  -13.813  28.329  -1.010 0.3333333433
102621  -14.814  28.597  -1.859 0.3333333433
102622  -16.012  28.635  -2.016 0.3333333433
103691  -17.656  29.354  -1.600 0.2222222239
103698  -18.064  30.080  -1.751 0.1111111119
104810  -19.339  30.586  -3.208 0.1111111119
104818  -18.741  30.557  -4.875 0.1111111119
102609  -13.920  28.522  0.822 0.1111111119
102614  -13.656  28.597  -0.030 0.1111111119
103688  -14.632  29.271  -1.083 0.2222222239
103683  -14.977  30.030  -0.882 0.2222222239
103689  -15.517  29.712  -1.548 0.2222222239
104798  -15.906  30.661  -1.169 0.2222222239
104804  -16.623  30.546  -1.398 0.1111111119
105784  -16.840  31.702  -0.743 0.1111111119
104805  -17.335  30.883  -1.371 0.1111111119
104806  -18.509  30.994  -1.671 0.1111111119
104807  -19.372  31.009  -2.203 0.1111111119
105792  -19.220  31.477  -2.914 0.1111111119
104819  -19.174  30.173  -4.473 0.1111111119
103730  -19.198  28.679  -5.712 0.1111111119
103681  -14.087  29.406  0.360 0.1111111119
104779  -14.226  30.092  1.086 0.1111111119
103682  -14.524  29.793  -0.363 0.1111111119
104792  -14.445  30.185  0.319 0.1111111119
105761  -15.280  31.552  0.347 0.1111111119
105773  -15.537  31.593  -0.335 0.1111111119
105782  -15.660  32.145  -0.613 0.1111111119
105783  -15.971  31.535  -0.730 0.1111111119
106655  -16.001  32.510  -0.995 0.1111111119
105790  -17.600  31.724  -1.427 0.1111111119
106665  -17.762  32.606  -1.696 0.1111111119
105791  -18.276  31.754  -1.887 0.1111111119
104759  -14.865  30.478  1.357 0.1111111119
105739  -15.122  31.413  1.107 0.1111111119
106640  -14.471  32.989  0.295 0.1111111119
106641  -14.920  32.451  0.021 0.1111111119
106653  -14.593  33.129  -0.233 0.1111111119
107433  -15.406  33.520  -1.204 0.1111111119
106596  -15.169  32.455  1.199 0.1111111119
105740  -15.998  31.229  1.481 0.1111111119
107377  -14.919  33.068  1.020 0.1111111119
89337  -27.906  15.389  0.138 0.1111111119
91391  -28.647  17.010  -0.041 0.1111111119
93360  -26.380  19.738  -0.540 0.1111111119
94371  -26.176  20.672  -0.652 0.1111111119
97407  -25.007  23.426  -1.463 0.1111111119
99549  -20.135  25.336  -2.081 0.4444444478
99550  -21.220  25.427  -2.952 0.3333333433
99574  -21.263  25.300  -4.135 0.2222222239
98536  -21.725  24.590  -4.434 0.1111111119
99601  -22.470  25.520  -4.388 0.1111111119
98514  -23.581  25.128  -2.736 0.1111111119
101599  -21.525  27.158  -4.514 0.1111111119
104794  -15.324  30.662  -0.937 0.2222222239
104799  -16.518  31.062  -1.063 0.1111111119
104780  -14.808  30.751  0.669 0.1111111119
106654  -15.232  32.763  -0.562 0.1111111119
107434  -16.349  33.426  -1.504 0.1111111119
107397  -14.725  33.385  0.487 0.1111111119
107378  -15.529  33.148  1.086 0.1111111119
90375  -29.821  16.330  -0.316 0.1111111119
90374  -28.756  16.236  0.121 0.1111111119
95401  -24.415  21.525  -1.784 0.2222222239
97406  -23.946  23.392  -2.363 0.1111111119
99568  -13.855  24.693  -3.845 0.4444444478
99544  -14.674  25.532  -2.783 0.4444444478
101565  -17.481  26.971  -1.563 0.4444444478
101552  -19.367  27.920  -1.959 0.2222222239
104736  -15.633  29.776  1.725 0.1111111119
106621  -14.849  32.328  0.673 0.1111111119
106620  -14.716  32.874  0.886 0.1111111119
89339  -29.922  15.304  -0.290 0.1111111119
88338  -26.229  14.711  -0.958 0.1111111119
89338  -29.014  15.389  0.170 0.1111111119
90376  -30.363  15.845  -0.602 0.1111111119
91408  -29.630  17.372  -0.753 0.1111111119
91407  -28.646  17.802  -0.440 0.1111111119
92383  -29.618  18.524  -1.106 0.1111111119
92382  -28.570  18.689  -0.615 0.1111111119
94372  -27.176  20.620  -0.639 0.1111111119
93361  -27.364  19.658  -0.503 0.1111111119
96350  -26.603  22.292  -1.288 0.1111111119
97381  -26.001  22.969  -1.173 0.1111111119
99597  -14.040  24.468  -4.346 0.4444444478
98488  -25.511  24.694  -1.763 0.1111111119
99576  -23.420  25.681  -3.128 0.1111111119
99552  -24.959  25.417  -2.353 0.1111111119
101584  -23.798  27.142  -3.397 0.1111111119
101600  -22.471  27.777  -4.587 0.1111111119
100546  -13.088  26.264  -0.868 0.2222222239
100547  -13.584  26.815  -1.927 0.3333333433
101546  -13.309  27.403  -1.282 0.2222222239
101618  -21.520  27.700  -5.099 0.1111111119
101535  -13.291  27.101  0.328 0.1111111119
102656  -19.781  27.924  -5.458 0.1111111119
102676  -19.336  27.724  -6.200 0.1111111119
102608  -13.516  27.881  0.521 0.1111111119
102594  -14.382  28.111  1.600 0.1111111119
104758  -14.827  29.620  1.571 0.1111111119
104735  -15.416  29.080  1.843 0.1111111119
103729  -18.271  28.414  -6.392 0.1111111119
103635  -15.479  28.766  2.711 0.1111111119
103636  -16.446  29.391  2.643 0.1111111119
107449  -17.744  33.754  -2.157 0.1111111119
107450  -18.539  33.561  -3.179 0.1111111119
106675  -18.472  32.133  -4.384 0.1111111119
106685  -17.893  32.461  -5.367 0.1111111119
105720  -15.898  30.438  1.601 0.1111111119
108225  -14.799  34.357  -0.609 0.1111111119
108263  -15.396  34.810  -1.385 0.1111111119
108182  -15.099  33.517  0.663 0.1111111119
94370  -25.468  20.627  -1.312 0.1111111119
98538  -22.817  24.196  -4.176 0.1111111119
91389  -26.991  17.132  -0.559 0.1111111119
96366  -24.224  22.469  -1.943 0.2222222239
96349  -25.711  22.196  -1.238 0.1111111119
98487  -24.107  24.570  -2.245 0.1111111119
98512  -22.722  25.072  -4.077 0.1111111119
99577  -24.147  25.549  -2.631 0.1111111119
101582  -20.205  26.963  -2.776 0.2222222239
100579  -22.669  26.011  -4.228 0.1111111119
104828  -19.235  29.460  -5.211 0.1111111119
101617  -20.909  27.323  -4.950 0.1111111119
102677  -20.559  27.772  -5.526 0.1111111119
100599  -22.794  27.151  -4.157 0.1111111119
100580  -23.102  26.575  -3.678 0.1111111119
102626  -19.622  28.693  -2.361 0.2222222239
103707  -20.095  28.629  -3.316 0.1111111119
101547  -14.140  27.652  -1.803 0.3333333433
102619  -13.191  27.774  -0.836 0.1111111119
103690  -16.615  29.449  -1.853 0.2222222239
105803  -18.733  30.831  -4.504 0.1111111119
104827  -18.478  29.888  -5.634 0.1111111119
105802  -18.447  31.277  -4.959 0.1111111119
102593  -13.841  27.803  1.204 0.1111111119
103687  -14.125  29.105  -0.459 0.1111111119
103696  -16.328  30.090  -1.577 0.2222222239
103697  -17.094  30.093  -1.723 0.1111111119
104801  -18.931  31.301  -1.852 0.1111111119
105798  -18.774  31.362  -3.936 0.1111111119
105793  -19.108  31.760  -3.027 0.1111111119
103670  -14.450  29.097  1.180 0.1111111119
104793  -15.054  30.612  -0.194 0.1111111119
105774  -15.560  31.108  -0.872 0.1111111119
106656  -17.011  32.560  -1.141 0.1111111119
106666  -18.524  32.568  -2.318 0.1111111119
105719  -15.433  30.715  1.469 0.1111111119
107417  -14.597  33.653  -0.102 0.1111111119
107432  -14.825  33.694  -0.663 0.1111111119
108246  -15.835  34.303  -1.503 0.1111111119
91392  -29.243  16.786  -0.138 0.1111111119
101619  -22.191  28.274  -5.105 0.1111111119
107448  -16.935  33.902  -1.706 0.1111111119
108199  -14.953  34.248  0.030 0.1111111119
90394  -30.057  16.835  -1.171 0.1111111119
95376  -25.942  21.494  -0.925 0.1111111119
102678  -21.877  28.824  -5.411 0.1111111119
102613  -13.071  27.971  -0.283 0.1111111119
101522  -13.573  27.146  1.165 0.1111111119
106676  -18.675  32.200  -3.815 0.1111111119
108245  -14.939  34.515  -1.241 0.1111111119
109000  -14.999  35.153  -1.233 0.1111111119
68286  -20.494  -3.233  1.775 0.2222222239
82758  -16.641  9.262  -1.425 0.2222222239
82757  -16.349  10.008  -1.765 0.2222222239
79592  -17.527  6.337  -0.905 0.3333333433
81753  -17.086  8.363  -1.667 0.3333333433
97425  -13.223  23.421  -2.945 0.2222222239
99530  -13.105  24.925  -0.965 0.1111111119
91420  -14.286  17.800  -2.798 0.1111111119
91419  -13.663  17.882  -2.323 0.1111111119
94389  -13.010  20.643  -1.918 0.1111111119
94388  -12.627  21.085  -1.478 0.1111111119
98479  -12.182  23.560  -1.183 0.1111111119
99531  -12.715  24.377  0.144 0.1111111119
99520  -12.610  25.227  0.267 0.1111111119
96363  -12.751  22.467  -1.554 0.1111111119
78442  -17.488  5.490  -0.343 0.2222222239
80708  -16.897  7.258  -0.935 0.2222222239
86047  -15.495  12.480  -2.070 0.1111111119
98507  -13.420  24.273  -3.301 0.3333333433
98480  -12.608  24.175  -1.935 0.3333333433
97399  -12.605  23.265  -1.849 0.1111111119
98464  -12.401  23.766  -0.476 0.1111111119
95371  -12.768  21.624  -0.892 0.1111111119
97375  -11.984  23.018  -0.863 0.1111111119
98447  -12.446  23.169  -0.377 0.1111111119
96362  -12.545  22.471  -1.042 0.1111111119
68262  -21.331  -3.407  2.686 0.1111111119
68284  -18.739  -3.582  1.758 0.1111111119
69603  -18.772  -2.638  1.677 0.1111111119
70727  -18.871  -1.674  1.034 0.1111111119
78423  -17.374  5.675  0.300 0.1111111119
82738  -15.998  9.900  -1.221 0.1111111119
88330  -14.969  14.890  -2.077 0.2222222239
89346  -14.387  15.559  -1.735 0.2222222239
68285  -19.573  -3.662  1.758 0.1111111119
66914  -19.063  -4.078  1.729 0.1111111119
68261  -20.440  -3.855  2.455 0.1111111119
69574  -21.878  -2.882  2.953 0.1111111119
69573  -18.306  -3.014  1.990 0.1111111119
70726  -18.087  -1.661  1.779 0.1111111119
71791  -17.624  -0.365  1.140 0.1111111119
72859  -17.746  0.376  0.668 0.1111111119
73916  -17.723  1.258  0.933 0.1111111119
77251  -17.367  4.666  0.239 0.1111111119
79560  -16.974  6.350  0.525 0.1111111119
81740  -16.919  8.286  -0.829 0.1111111119
82739  -16.739  9.232  -0.815 0.1111111119
88312  -14.846  14.863  -1.549 0.2222222239
89317  -13.890  16.119  -1.102 0.2222222239
90383  -13.359  16.685  -1.473 0.1111111119
89345  -13.924  16.220  -1.949 0.2222222239
90406  -13.795  17.046  -2.156 0.1111111119
83817  -16.579  10.689  -2.030 0.1111111119
79576  -17.293  6.421  -0.201 0.1111111119
68260  -19.923  -4.134  2.352 0.1111111119
78397  -17.099  5.434  0.822 0.1111111119
89330  -14.321  15.465  -1.251 0.1111111119
70725  -17.476  -1.661  2.343 0.1111111119
71775  -17.431  -0.807  1.987 0.1111111119
77225  -17.100  4.353  0.761 0.1111111119
90366  -13.191  16.557  -1.059 0.1111111119
90365  -12.716  17.081  -1.148 0.1111111119
92378  -13.622  19.287  -1.790 0.1111111119
87187  -15.173  14.124  -1.850 0.1111111119
92392  -13.744  18.695  -2.021 0.1111111119
93357  -13.207  19.753  -1.618 0.1111111119
77308  -17.855  5.174  -1.302 0.5555555820
82771  -16.580  10.138  -2.062 0.2222222239
82797  -22.016  9.114  -4.319 1.0000000000
82813  -22.566  9.491  -4.015 1.0000000000
84880  -24.027  11.357  -3.289 0.6666666865
84902  -24.161  11.631  -3.352 0.6666666865
86046  -14.969  13.186  -1.998 0.3333333433
87193  -24.842  12.643  -2.087 0.5555555820
87241  -19.462  13.146  -5.359 0.8888888955
89329  -13.831  16.142  -1.383 0.2222222239
89400  -20.531  15.241  -6.104 1.0000000000
89408  -20.945  15.387  -6.170 1.0000000000
90354  -12.893  17.049  -0.837 0.1111111119
90448  -20.693  15.625  -6.003 1.0000000000
90449  -20.963  15.662  -6.022 1.0000000000
92391  -13.401  18.215  -1.512 0.1111111119
92420  -16.262  18.852  -5.119 0.6666666865
93377  -13.989  19.208  -2.670 0.2222222239
94405  -14.144  20.795  -3.636 0.3333333433
94447  -16.627  20.879  -5.555 0.6666666865
94448  -16.800  20.957  -5.529 0.7777777910
95397  -12.694  21.623  -1.267 0.1111111119
95398  -13.041  21.621  -1.856 0.2222222239
95441  -17.482  20.725  -4.478 0.6666666865
95447  -16.169  21.142  -5.508 0.6666666865
95454  -16.573  21.129  -5.546 0.6666666865
97334  -12.481  22.916  -0.565 0.1111111119
97352  -12.235  22.898  -0.704 0.1111111119
97353  -13.035  23.172  -0.645 0.1111111119
97398  -12.237  23.066  -1.151 0.1111111119
97400  -17.099  23.698  -2.195 0.5555555820
97451  -21.701  23.936  -4.171 0.3333333433
97453  -22.592  24.100  -4.276 0.1111111119
98431  -12.277  23.065  -0.310 0.1111111119
98432  -12.802  23.117  -0.363 0.1111111119
98446  -12.100  23.169  -0.454 0.1111111119
98463  -11.997  23.299  -0.821 0.1111111119
98508  -15.339  24.109  -3.909 0.5555555820
98533  -13.799  24.208  -4.233 0.4444444478
98535  -14.959  24.193  -4.465 0.5555555820
99575  -22.810  25.577  -3.812 0.1111111119
99598  -14.407  24.528  -4.174 0.4444444478
100576  -20.142  26.606  -2.436 0.2222222239
102633  -19.590  27.967  -2.176 0.2222222239
103634  -15.380  28.844  2.090 0.1111111119
104800  -18.617  31.352  -1.784 0.1111111119
105785  -18.704  31.534  -1.947 0.1111111119
105786  -19.062  31.582  -2.302 0.1111111119
105787  -19.080  31.755  -2.759 0.1111111119
105797  -18.577  31.593  -4.402 0.1111111119
106595  -14.870  32.828  1.106 0.1111111119
106657  -18.603  31.819  -2.244 0.1111111119
106658  -18.783  31.911  -2.640 0.1111111119
106659  -18.966  31.921  -2.919 0.1111111119
106667  -18.798  32.115  -3.157 0.1111111119
106668  -18.929  31.912  -3.101 0.1111111119
107435  -17.194  33.266  -1.592 0.1111111119
108247  -16.460  34.130  -1.648 0.1111111119
108264  -16.051  34.890  -1.451 0.1111111119
109001  -15.374  35.507  -1.255 0.1111111119
109015  -15.085  34.945  -1.337 0.1111111119
109016  -15.411  35.219  -1.340 0.1111111119
