#!ascii label  , from subject 4021 vox2ras=TkReg
291
80709  -26.241  7.709  -0.448 0.0000000000
83821  -23.818  10.844  -3.196 0.0000000000
96390  -19.897  21.941  -2.811 0.0000000000
93398  -23.952  19.281  -2.982 0.0000000000
89355  -26.322  15.638  -1.234 0.0000000000
86004  -29.117  12.502  0.255 0.0000000000
97401  -17.782  23.583  -2.088 0.0000000000
91426  -25.137  17.632  -1.948 0.0000000000
89382  -24.249  15.204  -3.362 0.0000000000
81755  -24.882  8.820  -1.694 0.0000000000
84862  -25.879  11.299  -1.235 0.0000000000
82748  -27.431  9.686  0.102 0.0000000000
75025  -23.045  2.420  -0.590 0.0000000000
79614  -23.866  6.524  -2.265 0.0000000000
103696  -16.328  30.090  -1.577 0.0000000000
101550  -17.882  27.812  -1.581 0.0000000000
100564  -19.506  26.277  -1.826 0.0000000000
98511  -21.375  24.407  -4.003 0.0000000000
97435  -22.771  23.544  -4.041 0.0000000000
94410  -22.280  20.669  -3.341 0.0000000000
96348  -24.964  22.299  -1.423 0.0000000000
94371  -26.176  20.672  -0.652 0.0000000000
91406  -27.620  17.884  -0.321 0.0000000000
90374  -28.756  16.236  0.121 0.0000000000
87205  -24.690  13.186  -2.467 0.0000000000
88318  -27.146  14.359  -0.389 0.0000000000
90436  -23.054  15.990  -4.334 0.0000000000
89392  -23.152  15.030  -4.541 0.0000000000
80725  -25.824  8.000  -1.134 0.0000000000
82746  -25.862  9.381  -0.882 0.0000000000
81742  -26.803  8.754  -0.136 0.0000000000
71751  -24.157  -0.778  2.530 0.0000000000
71798  -24.059  0.283  0.939 0.0000000000
72863  -24.680  0.825  0.996 0.0000000000
80738  -23.181  7.188  -2.807 0.0000000000
79613  -22.996  6.282  -2.832 0.0000000000
101566  -18.653  27.085  -1.541 0.0000000000
97431  -19.434  22.715  -2.389 0.0000000000
97403  -20.045  23.660  -2.384 0.0000000000
97433  -21.463  23.403  -3.442 0.0000000000
97452  -22.212  23.998  -4.360 0.0000000000
96392  -21.610  22.421  -3.682 0.0000000000
93396  -22.622  19.763  -3.639 0.0000000000
95399  -23.197  21.649  -3.009 0.0000000000
94391  -24.036  20.735  -2.312 0.0000000000
95375  -25.234  21.462  -1.445 0.0000000000
93380  -24.950  19.748  -1.760 0.0000000000
90392  -25.699  16.961  -1.645 0.0000000000
91404  -25.724  18.095  -1.184 0.0000000000
91389  -26.991  17.132  -0.559 0.0000000000
91390  -27.710  17.119  -0.152 0.0000000000
90373  -27.805  16.275  -0.128 0.0000000000
86067  -23.716  12.171  -3.854 0.0000000000
87219  -24.270  13.429  -3.318 0.0000000000
86048  -24.777  12.256  -2.611 0.0000000000
84844  -27.213  11.688  -0.251 0.0000000000
86001  -26.417  12.790  -0.701 0.0000000000
86003  -28.033  12.559  -0.109 0.0000000000
88320  -29.392  14.469  0.233 0.0000000000
87178  -29.946  13.540  0.327 0.0000000000
76104  -23.973  3.281  0.149 0.0000000000
76128  -23.091  3.198  -0.840 0.0000000000
77253  -24.229  4.231  0.050 0.0000000000
77274  -24.259  4.996  -0.620 0.0000000000
92415  -23.160  17.971  -4.313 0.0000000000
92407  -24.082  18.445  -3.115 0.0000000000
90412  -23.891  17.235  -2.976 0.0000000000
89368  -23.966  16.218  -3.008 0.0000000000
89370  -25.480  15.391  -2.184 0.0000000000
83822  -24.143  10.436  -2.589 0.0000000000
83802  -24.707  10.970  -2.099 0.0000000000
83803  -25.265  10.640  -1.552 0.0000000000
83789  -26.466  10.802  -0.706 0.0000000000
83790  -27.372  10.657  -0.192 0.0000000000
73939  -23.989  1.665  0.244 0.0000000000
82775  -23.628  9.880  -3.124 0.0000000000
81769  -23.664  8.792  -3.012 0.0000000000
80740  -24.423  8.118  -1.888 0.0000000000
79595  -24.688  6.629  -1.224 0.0000000000
105784  -16.840  31.702  -0.743 0.0000000000
102622  -16.012  28.635  -2.016 0.0000000000
103691  -17.656  29.354  -1.600 0.0000000000
102626  -19.622  28.693  -2.361 0.0000000000
101568  -20.138  27.400  -2.694 0.0000000000
100596  -20.957  26.586  -3.834 0.0000000000
99548  -18.987  25.276  -1.388 0.0000000000
99550  -21.220  25.427  -2.952 0.0000000000
100597  -21.360  26.244  -4.388 0.0000000000
99601  -22.470  25.520  -4.388 0.0000000000
98513  -23.120  24.572  -3.476 0.0000000000
98487  -24.107  24.570  -2.245 0.0000000000
95422  -21.139  21.445  -3.382 0.0000000000
96364  -22.983  22.571  -3.361 0.0000000000
96365  -23.663  22.517  -2.815 0.0000000000
97407  -25.007  23.426  -1.463 0.0000000000
97381  -26.001  22.969  -1.173 0.0000000000
94373  -28.111  20.497  -0.835 0.0000000000
92396  -25.260  18.752  -1.815 0.0000000000
92380  -26.487  18.771  -0.554 0.0000000000
88376  -23.280  14.016  -3.711 0.0000000000
88349  -24.762  14.478  -2.638 0.0000000000
88350  -25.734  14.667  -2.167 0.0000000000
86028  -25.111  12.312  -1.806 0.0000000000
87195  -26.106  13.599  -0.896 0.0000000000
88338  -26.229  14.711  -0.958 0.0000000000
89337  -27.906  15.389  0.138 0.0000000000
89339  -29.922  15.304  -0.290 0.0000000000
78459  -23.688  5.766  -1.803 0.0000000000
78443  -24.693  5.934  -0.475 0.0000000000
79578  -25.528  6.500  -0.231 0.0000000000
81741  -26.008  8.717  -0.595 0.0000000000
80710  -27.027  7.933  0.300 0.0000000000
71779  -24.399  -0.039  1.734 0.0000000000
97432  -20.569  22.896  -2.711 0.0000000000
96391  -20.798  22.237  -3.328 0.0000000000
93415  -22.920  18.900  -4.062 0.0000000000
93397  -23.235  19.703  -3.315 0.0000000000
94390  -23.355  20.732  -2.781 0.0000000000
93378  -23.681  20.020  -2.668 0.0000000000
93379  -24.280  19.876  -2.298 0.0000000000
89354  -25.976  16.013  -1.812 0.0000000000
90393  -26.427  16.628  -1.159 0.0000000000
90372  -26.971  16.376  -0.594 0.0000000000
84901  -23.675  11.453  -3.714 0.0000000000
86068  -24.298  12.284  -3.350 0.0000000000
84881  -24.434  11.438  -2.899 0.0000000000
84845  -28.204  11.567  0.083 0.0000000000
87177  -28.750  13.500  0.325 0.0000000000
86005  -30.335  12.455  -0.011 0.0000000000
91437  -23.762  17.725  -3.642 0.0000000000
91449  -23.175  17.003  -4.362 0.0000000000
89381  -23.620  15.634  -3.854 0.0000000000
89369  -24.735  15.824  -2.448 0.0000000000
82759  -24.598  9.846  -1.939 0.0000000000
82760  -25.464  9.693  -1.392 0.0000000000
82747  -26.606  9.707  -0.552 0.0000000000
82761  -26.181  9.984  -1.133 0.0000000000
83791  -28.300  10.548  0.343 0.0000000000
71778  -23.299  -0.722  1.891 0.0000000000
70732  -23.091  -1.214  2.273 0.0000000000
73940  -25.023  1.773  0.635 0.0000000000
80739  -23.928  7.795  -2.523 0.0000000000
79615  -24.401  7.358  -1.897 0.0000000000
104798  -15.906  30.661  -1.169 0.0000000000
104799  -16.518  31.062  -1.063 0.0000000000
104804  -16.623  30.546  -1.398 0.0000000000
104805  -17.335  30.883  -1.371 0.0000000000
103697  -17.094  30.093  -1.723 0.0000000000
101549  -16.715  27.731  -1.688 0.0000000000
102623  -17.196  28.608  -1.654 0.0000000000
102624  -18.287  28.581  -1.545 0.0000000000
103693  -19.244  29.061  -2.294 0.0000000000
102625  -19.235  28.449  -2.028 0.0000000000
101567  -19.653  27.357  -2.127 0.0000000000
101582  -20.205  26.963  -2.776 0.0000000000
101583  -20.457  27.179  -3.330 0.0000000000
100577  -20.647  26.306  -3.211 0.0000000000
98482  -18.392  24.371  -1.714 0.0000000000
98485  -21.443  24.432  -3.126 0.0000000000
98484  -20.693  24.513  -2.392 0.0000000000
99551  -21.312  24.891  -3.703 0.0000000000
99573  -21.081  25.771  -3.609 0.0000000000
99574  -21.263  25.300  -4.135 0.0000000000
99600  -21.874  25.424  -4.632 0.0000000000
98536  -21.725  24.590  -4.434 0.0000000000
98538  -22.817  24.196  -4.176 0.0000000000
98514  -23.581  25.128  -2.736 0.0000000000
98486  -23.453  23.986  -2.686 0.0000000000
93395  -21.818  19.753  -3.652 0.0000000000
94409  -21.467  20.599  -3.401 0.0000000000
95423  -21.917  21.564  -3.585 0.0000000000
95424  -22.631  21.635  -3.405 0.0000000000
95400  -23.820  21.614  -2.472 0.0000000000
96366  -24.224  22.469  -1.943 0.0000000000
97380  -25.421  22.730  -1.242 0.0000000000
94370  -25.468  20.627  -1.312 0.0000000000
95376  -25.942  21.494  -0.925 0.0000000000
95377  -26.900  21.480  -0.921 0.0000000000
94372  -27.176  20.620  -0.639 0.0000000000
91425  -24.431  17.992  -2.620 0.0000000000
91405  -26.548  17.689  -0.720 0.0000000000
92381  -27.501  18.694  -0.418 0.0000000000
93361  -27.364  19.658  -0.503 0.0000000000
92382  -28.570  18.689  -0.615 0.0000000000
91391  -28.647  17.010  -0.041 0.0000000000
90375  -29.821  16.330  -0.316 0.0000000000
88375  -22.977  14.126  -4.356 0.0000000000
87206  -25.359  13.921  -2.198 0.0000000000
84861  -25.209  11.573  -1.630 0.0000000000
86029  -25.705  12.393  -1.161 0.0000000000
87175  -26.876  13.379  -0.504 0.0000000000
89336  -26.996  15.470  -0.494 0.0000000000
88319  -28.257  14.441  0.285 0.0000000000
88321  -30.168  14.449  -0.481 0.0000000000
78424  -24.832  5.192  0.028 0.0000000000
79577  -24.880  6.426  -0.564 0.0000000000
78444  -25.172  5.809  -0.068 0.0000000000
81756  -25.540  8.713  -1.238 0.0000000000
71750  -23.682  -0.905  2.471 0.0000000000
72862  -23.561  0.683  0.403 0.0000000000
80760  -23.378  7.965  -3.080 0.0000000000
80759  -22.735  7.762  -3.259 0.0000000000
103689  -15.517  29.712  -1.548 0.0000000000
101551  -18.899  27.881  -1.653 0.0000000000
100563  -18.223  26.164  -1.533 0.0000000000
97402  -18.937  23.540  -1.982 0.0000000000
97404  -20.960  23.759  -2.715 0.0000000000
97434  -22.006  23.290  -4.058 0.0000000000
94411  -22.922  20.707  -3.305 0.0000000000
95401  -24.415  21.525  -1.784 0.0000000000
94392  -24.668  20.637  -1.742 0.0000000000
93359  -25.645  19.743  -1.118 0.0000000000
90414  -25.059  17.006  -1.910 0.0000000000
87218  -23.647  12.817  -3.730 0.0000000000
84843  -26.353  11.931  -0.575 0.0000000000
86002  -27.072  12.639  -0.349 0.0000000000
87176  -27.696  13.479  -0.158 0.0000000000
87179  -30.495  13.539  -0.773 0.0000000000
86030  -30.909  12.636  -1.324 0.0000000000
74999  -23.666  2.588  -0.216 0.0000000000
76103  -23.592  3.181  -0.290 0.0000000000
77252  -23.605  3.672  -0.250 0.0000000000
77273  -23.482  4.359  -0.721 0.0000000000
77295  -23.863  4.934  -1.090 0.0000000000
92406  -23.478  18.634  -3.547 0.0000000000
91438  -24.063  18.020  -3.162 0.0000000000
91424  -24.006  17.785  -3.113 0.0000000000
90424  -23.545  16.642  -3.700 0.0000000000
90413  -24.538  16.916  -2.334 0.0000000000
90391  -25.034  16.546  -1.987 0.0000000000
89353  -25.386  16.121  -1.988 0.0000000000
83804  -25.922  10.471  -1.295 0.0000000000
84846  -29.298  11.436  0.272 0.0000000000
82749  -28.210  9.569  0.452 0.0000000000
70698  -22.909  -1.721  2.594 0.0000000000
72882  -23.222  1.370  -0.121 0.0000000000
73964  -23.336  1.941  -0.316 0.0000000000
75000  -24.464  2.545  0.339 0.0000000000
82776  -23.980  9.546  -2.529 0.0000000000
81770  -24.297  8.796  -2.325 0.0000000000
80724  -25.129  7.806  -1.549 0.0000000000
79596  -25.539  7.314  -1.000 0.0000000000
105783  -15.971  31.535  -0.730 0.0000000000
102621  -14.814  28.597  -1.859 0.0000000000
103690  -16.615  29.449  -1.853 0.0000000000
103698  -18.064  30.080  -1.751 0.0000000000
101552  -19.367  27.920  -1.959 0.0000000000
102634  -20.018  28.098  -2.642 0.0000000000
102643  -20.402  27.890  -3.725 0.0000000000
101598  -20.925  27.167  -4.224 0.0000000000
98483  -19.560  24.442  -1.951 0.0000000000
99549  -20.135  25.336  -2.081 0.0000000000
100565  -20.460  26.037  -2.408 0.0000000000
100578  -21.106  26.035  -3.889 0.0000000000
100598  -22.280  26.441  -4.484 0.0000000000
100579  -22.669  26.011  -4.228 0.0000000000
98537  -22.452  24.671  -4.308 0.0000000000
98512  -22.722  25.072  -4.077 0.0000000000
95421  -20.257  21.231  -3.118 0.0000000000
96393  -22.319  22.525  -3.725 0.0000000000
97405  -23.351  23.411  -3.203 0.0000000000
97406  -23.946  23.392  -2.363 0.0000000000
98488  -25.511  24.694  -1.763 0.0000000000
96349  -25.711  22.196  -1.238 0.0000000000
96350  -26.603  22.292  -1.288 0.0000000000
95378  -27.968  21.410  -1.332 0.0000000000
92395  -24.624  19.040  -2.568 0.0000000000
92379  -25.819  18.997  -0.946 0.0000000000
93360  -26.380  19.738  -0.540 0.0000000000
91407  -28.646  17.802  -0.440 0.0000000000
88361  -23.543  14.725  -3.897 0.0000000000
87234  -23.642  13.570  -3.637 0.0000000000
88362  -24.067  14.245  -3.551 0.0000000000
89371  -26.079  15.317  -1.995 0.0000000000
84860  -24.898  11.798  -2.237 0.0000000000
86027  -24.919  12.245  -2.206 0.0000000000
87194  -25.311  13.196  -1.697 0.0000000000
88337  -26.033  14.105  -1.807 0.0000000000
88351  -26.183  14.872  -1.764 0.0000000000
89338  -29.014  15.389  0.170 0.0000000000
78480  -23.057  5.587  -2.267 0.0000000000
79594  -24.108  6.123  -1.668 0.0000000000
78460  -24.099  5.614  -1.221 0.0000000000
84880  -24.027  11.357  -3.289 0.0000000000
84902  -24.161  11.631  -3.352 0.0000000000
87193  -24.842  12.643  -2.087 0.0000000000
97451  -21.701  23.936  -4.171 0.0000000000
97453  -22.592  24.100  -4.276 0.0000000000
99575  -22.810  25.577  -3.812 0.0000000000
100576  -20.142  26.606  -2.436 0.0000000000
102633  -19.590  27.967  -2.176 0.0000000000
