#!ascii label  , from subject 4021 vox2ras=TkReg
524
87926  26.216  5.159  -8.830 0.0000000000
95284  34.136  12.744  -8.401 0.0000000000
102469  32.485  20.278  -8.698 0.0000000000
101491  26.811  18.013  -8.929 0.0000000000
83524  28.458  1.262  -6.918 0.0000000000
86746  31.001  4.617  -7.312 0.0000000000
91272  29.453  8.738  -10.415 0.0000000000
96436  27.125  13.963  -10.479 0.0000000000
99536  32.968  16.417  -9.557 0.0000000000
104458  38.600  21.290  -9.477 0.0000000000
106269  31.948  23.974  -9.584 0.0000000000
85650  26.833  3.303  -8.576 0.0000000000
85620  30.247  2.972  -6.827 0.0000000000
86776  29.256  4.821  -8.979 0.0000000000
95285  25.389  12.211  -8.816 0.0000000000
97500  24.327  14.412  -6.895 0.0000000000
102472  28.984  19.331  -7.730 0.0000000000
100518  29.197  17.104  -8.736 0.0000000000
101486  32.352  18.222  -8.781 0.0000000000
101460  36.376  19.424  -7.895 0.0000000000
103458  35.148  20.463  -9.343 0.0000000000
140561  30.711  27.416  -7.869 0.0000000000
107165  30.388  24.745  -6.844 0.0000000000
108086  31.655  26.443  -9.460 0.0000000000
93259  31.477  10.716  -9.301 0.0000000000
91248  32.493  8.828  -8.680 0.0000000000
93216  34.450  10.855  -7.665 0.0000000000
104444  28.942  21.455  -7.527 0.0000000000
98514  36.562  15.058  -6.501 0.0000000000
90192  25.456  7.568  -8.131 0.0000000000
89096  28.114  7.142  -10.370 0.0000000000
92249  26.513  9.641  -10.123 0.0000000000
93283  28.447  11.283  -11.207 0.0000000000
95313  30.560  12.452  -10.021 0.0000000000
99557  26.630  16.440  -9.685 0.0000000000
97532  29.777  14.261  -9.341 0.0000000000
97528  33.101  14.468  -9.404 0.0000000000
100486  35.818  17.210  -7.244 0.0000000000
105325  30.115  22.683  -7.141 0.0000000000
105352  32.886  22.296  -9.232 0.0000000000
108960  33.244  26.922  -12.692 0.0000000000
107193  33.943  24.326  -11.444 0.0000000000
105350  34.665  21.905  -10.849 0.0000000000
106265  37.784  23.159  -9.233 0.0000000000
89069  30.730  6.605  -8.633 0.0000000000
89063  25.245  6.389  -7.181 0.0000000000
87927  25.445  5.473  -7.931 0.0000000000
86761  26.959  4.275  -8.879 0.0000000000
85668  28.251  4.011  -9.037 0.0000000000
86778  27.648  4.493  -9.379 0.0000000000
102471  30.424  19.271  -7.748 0.0000000000
102484  30.980  18.689  -8.389 0.0000000000
102482  32.931  19.560  -8.679 0.0000000000
102481  33.907  19.486  -9.374 0.0000000000
103460  33.511  20.425  -9.678 0.0000000000
108921  31.975  27.503  -9.230 0.0000000000
108922  30.550  27.446  -9.243 0.0000000000
108930  33.446  26.794  -10.688 0.0000000000
94230  32.639  11.811  -8.968 0.0000000000
93236  33.132  10.797  -8.418 0.0000000000
94207  34.229  11.932  -7.698 0.0000000000
104454  27.941  20.640  -7.838 0.0000000000
104433  27.587  21.840  -7.101 0.0000000000
83560  26.172  1.613  -8.088 0.0000000000
82530  27.049  0.656  -7.311 0.0000000000
82513  28.399  0.570  -6.358 0.0000000000
83509  29.964  1.003  -6.053 0.0000000000
85632  30.602  3.866  -7.406 0.0000000000
85606  31.406  2.718  -5.761 0.0000000000
91262  25.883  8.680  -9.144 0.0000000000
92236  25.484  9.546  -8.761 0.0000000000
95302  25.904  12.583  -9.525 0.0000000000
94249  26.991  11.620  -10.577 0.0000000000
95316  27.788  12.465  -11.212 0.0000000000
95323  29.248  12.238  -10.818 0.0000000000
95315  29.260  12.763  -10.737 0.0000000000
99526  25.525  16.215  -7.826 0.0000000000
100521  26.488  17.237  -9.368 0.0000000000
99538  30.953  16.194  -8.851 0.0000000000
99540  28.807  16.218  -9.221 0.0000000000
98560  31.331  15.236  -9.131 0.0000000000
97530  31.588  14.376  -9.439 0.0000000000
99524  33.243  15.909  -9.509 0.0000000000
98544  34.123  15.494  -8.715 0.0000000000
99523  33.691  16.494  -9.055 0.0000000000
103430  36.889  20.093  -8.160 0.0000000000
101458  37.375  19.282  -7.624 0.0000000000
107179  31.199  24.824  -8.804 0.0000000000
106247  29.503  23.682  -6.519 0.0000000000
106261  32.031  23.520  -8.383 0.0000000000
106262  31.777  22.635  -8.036 0.0000000000
105360  32.810  23.162  -9.776 0.0000000000
106276  34.373  23.635  -10.930 0.0000000000
106275  35.328  23.700  -10.442 0.0000000000
106267  35.938  23.358  -9.711 0.0000000000
90214  28.875  7.803  -10.421 0.0000000000
89081  28.954  6.613  -10.051 0.0000000000
90201  30.214  7.676  -9.503 0.0000000000
91237  34.072  8.817  -7.695 0.0000000000
90177  32.466  7.785  -8.250 0.0000000000
84568  26.688  2.383  -8.428 0.0000000000
84551  28.053  2.117  -7.851 0.0000000000
83538  28.863  2.190  -7.335 0.0000000000
84566  28.149  3.111  -8.429 0.0000000000
85647  29.321  4.043  -8.219 0.0000000000
86757  30.426  4.915  -7.910 0.0000000000
95266  24.525  12.115  -7.478 0.0000000000
96404  24.860  12.933  -8.004 0.0000000000
96420  25.795  13.856  -9.478 0.0000000000
101478  27.421  18.449  -8.947 0.0000000000
101489  27.809  17.873  -9.587 0.0000000000
100502  29.526  17.850  -8.388 0.0000000000
100517  30.435  17.299  -8.399 0.0000000000
100515  32.724  17.288  -9.211 0.0000000000
100513  34.002  17.498  -9.380 0.0000000000
101484  34.264  18.503  -9.411 0.0000000000
103444  35.580  19.911  -9.007 0.0000000000
104460  36.476  21.495  -8.870 0.0000000000
108052  29.583  26.092  -5.124 0.0000000000
108065  30.028  26.241  -6.324 0.0000000000
107180  31.162  26.080  -8.869 0.0000000000
107184  31.908  25.210  -9.756 0.0000000000
92248  30.809  9.753  -9.601 0.0000000000
91258  31.165  8.788  -9.452 0.0000000000
92235  32.094  9.665  -8.710 0.0000000000
92217  33.377  9.575  -8.265 0.0000000000
102475  26.774  19.045  -8.531 0.0000000000
103448  27.539  20.273  -8.249 0.0000000000
103447  28.281  20.126  -7.815 0.0000000000
102454  31.233  20.546  -8.059 0.0000000000
83522  29.995  2.044  -6.412 0.0000000000
96400  35.230  13.655  -7.582 0.0000000000
95282  35.474  12.963  -7.488 0.0000000000
89072  25.907  6.375  -8.606 0.0000000000
89083  27.080  6.694  -9.630 0.0000000000
90204  26.519  7.718  -9.334 0.0000000000
90216  27.493  7.833  -10.388 0.0000000000
91273  28.537  8.750  -10.600 0.0000000000
93261  26.126  10.556  -9.758 0.0000000000
93274  27.502  10.703  -10.941 0.0000000000
92262  28.852  9.697  -10.895 0.0000000000
93271  29.959  10.723  -10.650 0.0000000000
94232  30.993  11.611  -9.761 0.0000000000
95299  32.229  12.639  -9.323 0.0000000000
98546  25.439  15.275  -8.236 0.0000000000
97548  27.225  14.801  -9.885 0.0000000000
100534  27.907  17.057  -10.134 0.0000000000
98575  27.979  15.422  -10.022 0.0000000000
97546  28.146  14.208  -9.846 0.0000000000
96417  30.132  13.653  -9.934 0.0000000000
96415  31.859  13.492  -9.473 0.0000000000
96413  33.348  13.599  -9.107 0.0000000000
97515  34.438  14.545  -8.431 0.0000000000
99514  36.222  16.399  -7.047 0.0000000000
100499  35.220  17.657  -7.891 0.0000000000
104432  29.595  21.990  -7.261 0.0000000000
104442  31.449  21.558  -7.885 0.0000000000
104451  32.724  21.503  -8.837 0.0000000000
108096  33.144  25.593  -10.979 0.0000000000
107194  32.702  25.133  -11.801 0.0000000000
108109  33.535  25.335  -11.713 0.0000000000
106286  32.404  23.811  -11.905 0.0000000000
105370  32.709  22.902  -11.758 0.0000000000
104471  32.691  21.718  -11.056 0.0000000000
103470  33.378  20.920  -10.758 0.0000000000
104462  34.807  21.359  -10.313 0.0000000000
105348  36.367  22.635  -9.221 0.0000000000
105346  38.237  22.180  -9.494 0.0000000000
87936  28.234  5.467  -9.704 0.0000000000
87925  29.571  5.521  -8.935 0.0000000000
87914  30.848  5.379  -7.858 0.0000000000
90189  31.312  7.698  -8.875 0.0000000000
89061  32.101  6.781  -7.748 0.0000000000
86762  26.110  4.120  -8.184 0.0000000000
86779  26.805  4.986  -9.471 0.0000000000
102470  31.622  20.092  -8.447 0.0000000000
94229  33.221  12.262  -8.943 0.0000000000
94208  33.496  11.807  -8.593 0.0000000000
83540  27.561  1.516  -7.574 0.0000000000
83541  26.573  1.333  -7.643 0.0000000000
83525  27.992  1.020  -6.891 0.0000000000
82514  27.673  0.591  -6.907 0.0000000000
82512  28.927  0.985  -6.502 0.0000000000
85619  31.013  3.347  -6.540 0.0000000000
86735  31.596  4.368  -6.574 0.0000000000
86734  32.431  4.756  -6.492 0.0000000000
92237  24.932  9.452  -8.097 0.0000000000
93240  24.741  10.356  -7.583 0.0000000000
96419  26.458  13.368  -10.169 0.0000000000
95317  27.144  12.743  -10.836 0.0000000000
96445  28.387  12.885  -11.132 0.0000000000
96435  27.981  13.346  -10.829 0.0000000000
100504  25.944  17.427  -8.398 0.0000000000
101505  26.838  17.701  -9.729 0.0000000000
99537  31.971  16.311  -9.417 0.0000000000
98559  32.242  15.370  -9.492 0.0000000000
103456  37.788  20.728  -8.745 0.0000000000
103441  38.068  20.293  -8.280 0.0000000000
140545  31.252  24.674  -7.720 0.0000000000
106277  32.633  23.478  -9.971 0.0000000000
107192  34.748  24.541  -10.835 0.0000000000
107191  36.075  24.791  -10.984 0.0000000000
106274  36.468  23.946  -10.226 0.0000000000
90202  29.461  7.706  -9.961 0.0000000000
91260  29.868  8.218  -9.968 0.0000000000
90174  35.049  8.334  -7.206 0.0000000000
90175  34.534  7.898  -7.384 0.0000000000
85651  26.104  2.868  -8.316 0.0000000000
84567  27.599  2.550  -8.315 0.0000000000
84550  28.506  2.649  -7.892 0.0000000000
86777  28.617  4.469  -9.172 0.0000000000
85648  28.653  3.732  -8.399 0.0000000000
86759  29.118  4.322  -8.632 0.0000000000
86758  29.731  4.649  -8.267 0.0000000000
96365  24.033  13.457  -6.446 0.0000000000
96364  24.236  12.995  -6.748 0.0000000000
96382  24.938  13.547  -7.901 0.0000000000
96403  25.173  13.261  -8.462 0.0000000000
97499  25.006  14.209  -7.867 0.0000000000
101476  28.860  18.488  -8.346 0.0000000000
101477  27.991  18.332  -9.024 0.0000000000
101487  31.312  18.104  -8.500 0.0000000000
100516  31.764  17.138  -8.620 0.0000000000
101485  33.324  18.396  -9.242 0.0000000000
102480  34.590  19.473  -9.430 0.0000000000
103443  36.207  20.377  -8.575 0.0000000000
103457  35.683  21.075  -8.792 0.0000000000
140560  31.117  27.851  -6.765 0.0000000000
140549  29.866  26.935  -5.533 0.0000000000
140559  30.325  27.034  -6.457 0.0000000000
140558  30.636  26.646  -6.928 0.0000000000
108087  30.811  26.679  -9.312 0.0000000000
107185  31.418  26.197  -9.290 0.0000000000
108097  32.413  25.624  -10.272 0.0000000000
92247  31.449  9.663  -9.034 0.0000000000
93238  31.736  10.223  -8.760 0.0000000000
93235  33.749  10.968  -8.024 0.0000000000
92233  33.531  10.139  -8.273 0.0000000000
92232  34.078  10.239  -8.065 0.0000000000
92216  33.827  9.560  -8.062 0.0000000000
102457  26.442  19.373  -7.808 0.0000000000
103450  26.383  19.911  -8.163 0.0000000000
102474  27.379  19.173  -8.657 0.0000000000
103449  26.789  20.055  -8.502 0.0000000000
104453  28.351  20.793  -7.625 0.0000000000
103434  28.979  20.476  -7.581 0.0000000000
102456  29.896  20.005  -7.385 0.0000000000
103433  30.058  20.909  -7.543 0.0000000000
84549  29.128  2.683  -7.235 0.0000000000
84537  29.783  2.583  -6.801 0.0000000000
84526  31.014  2.313  -5.690 0.0000000000
97513  35.640  14.260  -7.208 0.0000000000
90191  26.023  7.273  -8.800 0.0000000000
90205  25.860  7.971  -8.764 0.0000000000
91261  26.477  8.748  -9.735 0.0000000000
91275  26.990  8.753  -10.340 0.0000000000
91274  27.748  8.748  -10.564 0.0000000000
92264  27.252  9.687  -10.503 0.0000000000
94210  25.378  11.393  -8.512 0.0000000000
93262  25.656  10.504  -9.023 0.0000000000
94234  25.781  11.467  -9.293 0.0000000000
93284  27.967  11.205  -11.319 0.0000000000
93273  28.306  10.540  -11.160 0.0000000000
92263  28.046  9.688  -10.736 0.0000000000
93272  29.031  10.868  -10.879 0.0000000000
95314  29.817  12.444  -10.531 0.0000000000
94246  30.253  11.586  -10.335 0.0000000000
94231  31.796  11.756  -9.336 0.0000000000
95300  31.360  12.542  -9.550 0.0000000000
99542  26.045  16.409  -9.035 0.0000000000
99543  25.721  15.993  -8.513 0.0000000000
98564  26.321  15.540  -9.453 0.0000000000
97535  25.943  14.778  -9.354 0.0000000000
98577  26.935  15.582  -9.793 0.0000000000
100519  28.316  17.346  -9.521 0.0000000000
100520  27.732  17.593  -9.920 0.0000000000
98562  29.342  15.175  -9.201 0.0000000000
98563  28.529  15.248  -9.660 0.0000000000
97533  28.869  14.143  -9.431 0.0000000000
96418  29.400  13.575  -9.784 0.0000000000
97529  32.411  14.448  -9.472 0.0000000000
96414  32.667  13.560  -9.365 0.0000000000
97516  33.702  14.514  -8.930 0.0000000000
99515  35.370  16.499  -7.650 0.0000000000
98543  34.883  15.532  -8.050 0.0000000000
99513  37.102  16.474  -6.619 0.0000000000
100485  36.679  17.223  -7.033 0.0000000000
101473  34.987  18.540  -8.857 0.0000000000
100500  34.404  17.495  -8.797 0.0000000000
101472  35.926  18.937  -7.825 0.0000000000
107145  29.348  24.897  -5.475 0.0000000000
107146  28.417  24.550  -5.389 0.0000000000
106246  30.398  23.607  -7.101 0.0000000000
106248  28.396  23.296  -6.306 0.0000000000
105326  28.782  22.547  -7.238 0.0000000000
105341  32.534  22.351  -8.319 0.0000000000
105342  31.882  22.052  -7.943 0.0000000000
104452  32.150  21.516  -8.253 0.0000000000
108945  33.634  26.423  -11.682 0.0000000000
108110  33.018  25.391  -11.787 0.0000000000
108094  34.214  25.021  -11.394 0.0000000000
108108  34.504  25.729  -11.645 0.0000000000
108095  33.691  24.760  -11.713 0.0000000000
107204  32.692  24.622  -12.173 0.0000000000
107203  33.352  24.365  -12.112 0.0000000000
106285  32.910  23.649  -12.165 0.0000000000
105359  34.269  22.559  -11.193 0.0000000000
104481  32.988  22.124  -11.618 0.0000000000
104480  33.650  21.995  -11.535 0.0000000000
104470  33.447  21.463  -11.319 0.0000000000
104469  34.226  21.404  -11.219 0.0000000000
103469  33.828  20.965  -11.092 0.0000000000
106266  36.882  23.424  -9.447 0.0000000000
105338  37.206  22.992  -8.872 0.0000000000
105347  37.294  22.262  -9.140 0.0000000000
106264  38.406  22.854  -9.618 0.0000000000
89082  27.880  6.386  -10.042 0.0000000000
89070  29.888  6.540  -9.191 0.0000000000
89071  29.359  6.010  -9.434 0.0000000000
87924  30.260  5.681  -8.357 0.0000000000
87923  30.986  5.988  -8.147 0.0000000000
91249  31.835  8.787  -9.039 0.0000000000
90200  30.776  8.223  -9.475 0.0000000000
90188  31.992  8.287  -8.652 0.0000000000
89060  33.129  6.856  -7.704 0.0000000000
87912  32.545  6.059  -7.368 0.0000000000
85649  27.698  3.715  -8.728 0.0000000000
86760  27.438  4.142  -9.028 0.0000000000
101475  29.815  18.437  -7.853 0.0000000000
102483  31.673  18.978  -8.378 0.0000000000
103459  34.199  20.478  -10.330 0.0000000000
109795  31.619  27.873  -8.221 0.0000000000
109806  30.884  28.086  -8.949 0.0000000000
108915  30.302  27.527  -8.920 0.0000000000
108085  32.838  26.316  -9.775 0.0000000000
93258  32.018  11.284  -9.001 0.0000000000
93237  32.321  10.724  -8.688 0.0000000000
94209  32.926  11.283  -8.707 0.0000000000
104445  27.690  21.247  -7.566 0.0000000000
83542  25.795  1.499  -7.621 0.0000000000
82531  26.388  0.699  -7.437 0.0000000000
82502  28.812  0.133  -5.844 0.0000000000
82501  29.453  0.485  -5.989 0.0000000000
85633  29.759  3.537  -7.512 0.0000000000
91251  24.939  8.529  -7.807 0.0000000000
91250  25.421  8.622  -8.440 0.0000000000
92250  25.927  9.596  -9.513 0.0000000000
94233  26.398  11.537  -9.924 0.0000000000
95301  26.567  12.373  -10.234 0.0000000000
94248  27.565  11.758  -11.111 0.0000000000
94257  28.123  11.855  -11.385 0.0000000000
93282  28.742  11.441  -11.035 0.0000000000
95334  28.664  12.070  -11.177 0.0000000000
96432  30.274  13.100  -10.321 0.0000000000
99525  25.742  16.612  -8.400 0.0000000000
99539  29.842  16.183  -8.870 0.0000000000
98561  30.317  15.088  -8.699 0.0000000000
97531  30.680  14.332  -9.426 0.0000000000
98558  32.921  15.341  -9.606 0.0000000000
98545  33.421  15.380  -9.254 0.0000000000
99522  34.628  16.525  -8.391 0.0000000000
102467  36.194  19.672  -8.152 0.0000000000
102452  37.184  19.723  -7.848 0.0000000000
102451  37.820  19.672  -7.818 0.0000000000
106253  31.245  23.819  -7.360 0.0000000000
106255  30.914  23.007  -7.280 0.0000000000
106254  31.468  23.052  -7.703 0.0000000000
105340  32.673  22.871  -8.822 0.0000000000
105361  32.671  22.660  -10.284 0.0000000000
106284  33.627  23.547  -11.592 0.0000000000
105358  34.675  23.114  -10.545 0.0000000000
105349  35.138  22.542  -10.138 0.0000000000
89095  28.530  7.332  -10.405 0.0000000000
89080  29.588  7.146  -9.626 0.0000000000
90190  30.531  7.122  -9.043 0.0000000000
91238  33.192  8.900  -8.076 0.0000000000
90176  33.548  7.892  -7.755 0.0000000000
89059  33.940  7.190  -7.508 0.0000000000
84552  25.703  2.396  -7.987 0.0000000000
84569  26.023  1.992  -8.388 0.0000000000
83558  27.115  2.015  -8.204 0.0000000000
83539  28.511  1.843  -7.466 0.0000000000
85634  28.954  3.191  -7.700 0.0000000000
86747  30.340  4.274  -7.755 0.0000000000
95286  24.854  12.347  -8.140 0.0000000000
102486  27.016  18.409  -8.985 0.0000000000
101490  27.270  18.082  -9.565 0.0000000000
100503  28.805  17.872  -8.884 0.0000000000
100501  30.080  17.929  -8.125 0.0000000000
100514  33.489  17.517  -9.402 0.0000000000
99535  33.478  17.033  -9.293 0.0000000000
101474  34.417  17.985  -9.235 0.0000000000
101503  34.561  19.009  -9.374 0.0000000000
101483  34.841  18.819  -9.247 0.0000000000
102468  35.597  19.520  -8.556 0.0000000000
104450  37.021  20.903  -8.767 0.0000000000
104459  37.641  21.267  -9.143 0.0000000000
107175  30.480  25.941  -7.900 0.0000000000
108081  30.348  26.856  -8.917 0.0000000000
91271  29.941  9.274  -10.400 0.0000000000
91259  30.346  8.786  -9.956 0.0000000000
92234  32.891  9.792  -8.472 0.0000000000
102485  27.150  18.564  -8.864 0.0000000000
102473  28.157  19.311  -8.356 0.0000000000
102455  30.817  20.240  -7.570 0.0000000000
83523  29.360  1.645  -6.679 0.0000000000
84536  30.434  2.438  -6.391 0.0000000000
95283  34.744  12.871  -7.791 0.0000000000
89073  25.399  6.603  -7.878 0.0000000000
87938  26.522  5.878  -9.390 0.0000000000
89084  26.416  6.770  -9.148 0.0000000000
89097  27.597  7.106  -10.007 0.0000000000
90217  26.919  8.088  -9.969 0.0000000000
90215  28.206  7.877  -10.631 0.0000000000
93239  25.172  10.437  -8.298 0.0000000000
93275  26.747  10.615  -10.365 0.0000000000
92261  29.607  9.834  -10.672 0.0000000000
93260  30.694  10.686  -10.116 0.0000000000
94247  29.535  11.613  -10.713 0.0000000000
95297  33.604  12.759  -8.936 0.0000000000
97485  24.104  14.953  -6.355 0.0000000000
97517  25.461  14.478  -8.795 0.0000000000
97534  26.561  14.548  -9.795 0.0000000000
101504  26.973  17.676  -10.059 0.0000000000
100535  27.335  17.285  -10.165 0.0000000000
99556  27.144  16.462  -10.071 0.0000000000
99555  27.708  16.405  -10.195 0.0000000000
98576  27.511  15.575  -9.929 0.0000000000
97547  27.639  14.484  -9.991 0.0000000000
96434  28.760  13.241  -10.304 0.0000000000
96433  29.645  13.183  -10.426 0.0000000000
96416  30.873  13.408  -9.673 0.0000000000
95298  32.948  12.770  -9.048 0.0000000000
96401  34.615  13.644  -8.137 0.0000000000
97514  35.081  14.576  -7.614 0.0000000000
97498  35.627  14.885  -6.877 0.0000000000
98533  35.553  15.581  -7.288 0.0000000000
98532  36.296  15.512  -6.514 0.0000000000
101471  36.962  18.739  -7.498 0.0000000000
100497  37.348  17.991  -7.215 0.0000000000
106224  28.747  24.069  -5.767 0.0000000000
105335  28.327  21.864  -7.434 0.0000000000
105324  30.704  22.155  -7.174 0.0000000000
104431  30.312  21.783  -7.242 0.0000000000
103419  30.258  21.387  -7.471 0.0000000000
103432  30.970  20.977  -7.758 0.0000000000
103446  31.618  20.912  -8.212 0.0000000000
103445  32.296  20.823  -8.601 0.0000000000
107195  32.653  24.705  -11.293 0.0000000000
108944  33.911  26.252  -12.093 0.0000000000
107205  32.400  24.377  -12.031 0.0000000000
106278  32.520  23.797  -10.695 0.0000000000
105371  32.315  22.776  -11.397 0.0000000000
105369  33.301  22.779  -11.640 0.0000000000
104463  32.700  21.515  -9.914 0.0000000000
103471  32.864  20.913  -10.248 0.0000000000
103461  32.852  20.680  -9.186 0.0000000000
104461  35.558  21.609  -9.403 0.0000000000
106272  38.408  23.217  -10.102 0.0000000000
105357  38.772  22.555  -9.969 0.0000000000
105345  38.852  21.890  -9.838 0.0000000000
87937  27.310  5.600  -9.757 0.0000000000
87935  28.989  5.467  -9.397 0.0000000000
90178  31.819  7.230  -8.248 0.0000000000
89062  31.449  6.640  -8.242 0.0000000000
87913  31.615  5.723  -7.595 0.0000000000
86745  31.719  5.033  -6.926 0.0000000000
95262  35.107  12.307  -7.689 0.0000000000
94186  35.133  11.578  -7.537 0.0000000000
83559  26.640  1.775  -8.152 0.0000000000
85667  28.495  4.064  -8.889 0.0000000000
90203  27.174  7.490  -9.823 0.0000000000
92260  30.258  9.824  -10.305 0.0000000000
94255  28.970  11.759  -10.954 0.0000000000
94256  28.592  11.814  -11.198 0.0000000000
94269  28.461  11.958  -11.262 0.0000000000
94270  28.321  12.040  -11.334 0.0000000000
95324  28.747  12.498  -11.089 0.0000000000
95325  28.264  12.485  -11.229 0.0000000000
95335  28.481  12.209  -11.240 0.0000000000
96383  24.520  13.212  -7.431 0.0000000000
96384  24.185  13.753  -6.814 0.0000000000
96402  34.002  13.609  -8.721 0.0000000000
96444  28.523  13.103  -11.026 0.0000000000
97501  24.045  13.987  -6.507 0.0000000000
98513  36.814  15.240  -6.479 0.0000000000
98565  25.773  15.427  -8.966 0.0000000000
99541  28.260  16.331  -9.998 0.0000000000
100536  26.817  17.208  -10.017 0.0000000000
101459  36.756  19.312  -7.751 0.0000000000
101488  30.523  18.305  -8.262 0.0000000000
101502  34.776  18.990  -9.364 0.0000000000
102453  36.649  19.721  -7.971 0.0000000000
102466  38.446  19.506  -8.166 0.0000000000
102479  35.154  19.388  -9.214 0.0000000000
102494  34.904  19.206  -9.353 0.0000000000
102495  34.657  19.204  -9.406 0.0000000000
103407  30.492  21.408  -7.557 0.0000000000
103408  30.377  21.578  -7.416 0.0000000000
103418  30.605  21.205  -7.639 0.0000000000
103429  37.485  20.086  -8.076 0.0000000000
103431  36.495  19.962  -8.226 0.0000000000
103442  37.291  20.496  -8.485 0.0000000000
104415  30.719  21.444  -7.599 0.0000000000
104416  30.605  21.604  -7.443 0.0000000000
104430  30.857  21.605  -7.467 0.0000000000
104443  29.843  21.499  -7.384 0.0000000000
104449  37.452  20.836  -8.825 0.0000000000
104457  39.191  21.253  -10.005 0.0000000000
104482  32.627  22.352  -11.532 0.0000000000
105333  31.276  22.304  -7.492 0.0000000000
105334  30.777  22.530  -7.199 0.0000000000
105339  36.902  23.157  -8.996 0.0000000000
105351  32.877  22.969  -9.397 0.0000000000
106258  37.474  23.175  -8.979 0.0000000000
106259  37.259  23.245  -9.061 0.0000000000
106260  32.567  23.202  -8.978 0.0000000000
106268  32.526  23.431  -9.350 0.0000000000
108923  30.216  27.692  -8.877 0.0000000000
109785  31.361  27.736  -7.863 0.0000000000
109796  31.207  27.864  -8.392 0.0000000000
109805  31.521  27.997  -8.704 0.0000000000
109807  30.394  27.757  -8.903 0.0000000000
140546  30.281  26.721  -6.556 0.0000000000
