#!ascii label  , from subject 4021 vox2ras=TkReg
568
78002  27.405  -3.415  -4.106 0.1428571492
77986  26.514  -4.331  -3.957 0.1428571492
79160  27.119  -2.961  -4.890 0.1428571492
77984  28.020  -4.070  -3.575 0.1428571492
79159  27.863  -2.706  -4.495 0.2857142985
78003  26.172  -3.703  -4.645 0.1428571492
78001  28.398  -3.310  -3.840 0.1428571492
80345  28.154  -1.495  -5.358 0.5714285970
80328  28.533  -2.004  -4.865 0.1428571492
81416  30.664  -1.041  -4.667 0.2857142985
80326  30.060  -1.482  -4.752 0.2857142985
81414  31.946  -0.681  -4.722 0.1428571492
81415  31.240  -0.834  -4.651 0.2857142985
83507  31.638  1.355  -5.436 0.2857142985
82499  31.470  0.508  -5.408 0.2857142985
85604  32.871  3.178  -5.499 0.2857142985
84524  32.753  2.205  -5.405 0.2857142985
86734  32.431  4.756  -6.492 0.2857142985
85618  32.077  3.878  -5.915 0.2857142985
87899  33.797  5.926  -6.652 0.2857142985
90175  34.534  7.898  -7.384 0.8571428657
89050  33.683  6.650  -7.151 0.4285714328
86733  33.440  4.914  -6.348 0.2857142985
92214  35.487  9.696  -7.430 0.7142857313
91236  34.850  8.895  -7.381 0.7142857313
90174  35.049  8.334  -7.206 0.7142857313
89059  33.940  7.190  -7.508 0.7142857313
93214  36.094  10.556  -7.087 0.8571428657
92215  34.634  9.782  -7.809 0.8571428657
91237  34.072  8.817  -7.695 0.7142857313
95259  37.927  12.456  -6.428 0.4285714328
94185  35.944  11.511  -7.107 0.7142857313
93215  35.280  10.643  -7.443 0.8571428657
97494  39.769  14.446  -6.996 0.2857142985
96377  37.695  13.595  -6.526 0.5714285970
95260  36.653  12.583  -6.738 0.8571428657
98542  39.748  15.168  -8.135 0.1428571492
97495  38.642  14.572  -6.505 0.4285714328
95281  36.103  13.042  -7.160 0.8571428657
99534  39.706  16.306  -8.815 0.1428571492
98529  39.375  15.473  -6.872 0.1428571492
100512  39.429  17.336  -9.504 0.1428571492
99554  39.713  16.260  -10.103 0.1428571492
100482  39.198  16.811  -7.338 0.1428571492
99511  39.033  16.359  -6.772 0.1428571492
99512  38.019  16.384  -6.710 0.4285714328
97475  37.073  15.110  -6.446 0.5714285970
97497  36.309  14.555  -6.640 0.7142857313
95283  34.744  12.871  -7.791 0.8571428657
100495  39.250  17.374  -8.080 0.1428571492
100483  38.648  17.052  -7.150 0.1428571492
98514  36.562  15.058  -6.501 0.8571428657
96399  35.909  13.684  -7.179 0.8571428657
97513  35.640  14.260  -7.208 0.8571428657
101482  39.363  18.446  -9.023 0.1428571492
100496  38.330  17.850  -7.480 0.1428571492
99513  37.102  16.474  -6.619 0.8571428657
98531  37.285  15.575  -6.477 0.7142857313
99514  36.222  16.399  -7.047 0.8571428657
102465  39.129  19.452  -8.758 0.1428571492
102478  39.404  19.429  -9.730 0.1428571492
101469  38.770  18.583  -8.166 0.4285714328
100498  36.314  17.970  -7.424 0.8571428657
100497  37.348  17.991  -7.215 0.8571428657
98543  34.883  15.532  -8.050 0.8571428657
102466  38.446  19.506  -8.166 0.4285714328
100486  35.818  17.210  -7.244 0.8571428657
99522  34.628  16.525  -8.391 0.8571428657
103440  38.661  20.079  -8.690 0.1428571492
103455  38.338  20.678  -8.973 0.2857142985
102451  37.820  19.672  -7.818 0.5714285970
102452  37.184  19.723  -7.848 0.8571428657
101458  37.375  19.282  -7.624 0.8571428657
101471  36.962  18.739  -7.498 0.8571428657
100499  35.220  17.657  -7.891 0.8571428657
101472  35.926  18.937  -7.825 0.8571428657
104458  38.600  21.290  -9.477 0.2857142985
103456  37.788  20.728  -8.745 0.7142857313
103441  38.068  20.293  -8.280 0.5714285970
103430  36.889  20.093  -8.160 0.8571428657
101460  36.376  19.424  -7.895 0.8571428657
101473  34.987  18.540  -8.857 0.8571428657
100500  34.404  17.495  -8.797 0.8571428657
104450  37.021  20.903  -8.767 0.8571428657
103443  36.207  20.377  -8.575 0.8571428657
102468  35.597  19.520  -8.556 0.8571428657
102480  34.590  19.473  -9.430 0.7142857313
101483  34.841  18.819  -9.247 0.7142857313
104460  36.476  21.495  -8.870 0.8571428657
103457  35.683  21.075  -8.792 0.8571428657
103444  35.580  19.911  -9.007 0.8571428657
103458  35.148  20.463  -9.343 0.8571428657
104462  34.807  21.359  -10.313 0.8571428657
105348  36.367  22.635  -9.221 0.7142857313
104461  35.558  21.609  -9.403 0.8571428657
105349  35.138  22.542  -10.138 0.8571428657
105350  34.665  21.905  -10.849 0.8571428657
105359  34.269  22.559  -11.193 0.7142857313
107201  37.317  24.835  -11.910 0.1428571492
105358  34.675  23.114  -10.545 0.7142857313
106276  34.373  23.635  -10.930 0.7142857313
108956  36.643  25.970  -13.138 0.1428571492
107192  34.748  24.541  -10.835 0.5714285970
108093  35.054  25.281  -11.173 0.5714285970
108094  34.214  25.021  -11.394 0.5714285970
108107  35.779  25.867  -11.692 0.1428571492
108987  36.284  26.461  -14.783 0.1428571492
108108  34.504  25.729  -11.645 0.5714285970
109849  35.115  27.370  -14.639 0.1428571492
109002  34.733  27.537  -15.922 0.1428571492
108958  34.928  26.458  -12.773 0.1428571492
140573  34.239  28.208  -16.608 0.1428571492
108943  34.704  26.196  -12.194 0.5714285970
140567  34.422  27.821  -15.470 0.1428571492
109845  33.938  28.232  -14.444 0.1428571492
140568  34.659  30.236  -15.823 0.1428571492
110653  33.520  28.598  -15.222 0.1428571492
76838  26.938  -4.934  -3.842 0.1428571492
79158  28.763  -2.584  -4.483 0.2857142985
79156  30.681  -2.260  -3.797 0.2857142985
80327  29.060  -1.852  -4.825 0.2857142985
82498  32.472  0.501  -5.344 0.2857142985
87900  32.985  5.453  -6.972 0.2857142985
87911  33.202  6.200  -7.140 0.5714285970
94184  36.921  11.443  -6.700 0.2857142985
90176  33.548  7.892  -7.755 0.7142857313
94186  35.133  11.578  -7.537 0.8571428657
96378  36.678  13.686  -6.820 0.7142857313
100484  37.687  17.172  -7.007 0.8571428657
98533  35.553  15.581  -7.288 0.8571428657
99515  35.370  16.499  -7.650 0.8571428657
104459  37.641  21.267  -9.143 0.8571428657
106267  35.938  23.358  -9.711 0.8571428657
106275  35.328  23.700  -10.442 0.7142857313
107191  36.075  24.791  -10.984 0.2857142985
108942  35.395  26.251  -12.277 0.1428571492
108988  35.420  26.918  -14.236 0.1428571492
110657  35.369  29.208  -15.454 0.1428571492
75611  25.805  -5.623  -4.365 0.1428571492
81433  30.282  -0.493  -5.207 0.2857142985
80344  29.038  -1.003  -5.122 0.4285714328
81432  31.326  -0.280  -5.222 0.1428571492
83505  33.543  1.385  -5.398 0.2857142985
85606  31.406  2.718  -5.761 0.2857142985
84526  31.014  2.313  -5.690 0.2857142985
85605  31.953  2.940  -5.687 0.2857142985
89060  33.129  6.856  -7.704 0.7142857313
100533  39.538  17.254  -10.756 0.1428571492
97498  35.627  14.885  -6.877 0.8571428657
97514  35.081  14.576  -7.614 1.0000000000
103454  39.113  20.415  -9.351 0.1428571492
101484  34.264  18.503  -9.411 0.8571428657
105338  37.206  22.992  -8.872 0.5714285970
106266  36.882  23.424  -9.447 0.5714285970
107190  37.099  24.323  -10.916 0.2857142985
107202  36.505  25.261  -11.611 0.1428571492
108106  36.662  25.483  -12.031 0.1428571492
108957  36.062  26.217  -12.690 0.1428571492
108959  33.824  26.408  -12.856 0.2857142985
108972  36.372  26.251  -13.720 0.1428571492
109850  34.605  27.626  -14.252 0.1428571492
109843  34.386  27.381  -13.690 0.1428571492
109835  33.311  28.386  -14.232 0.1428571492
108996  35.456  27.190  -15.246 0.1428571492
140572  33.658  29.964  -15.691 0.1428571492
111485  34.147  29.905  -15.005 0.1428571492
112319  34.836  30.549  -15.297 0.1428571492
105346  38.237  22.180  -9.494 0.4285714328
106264  38.406  22.854  -9.618 0.4285714328
106265  37.784  23.159  -9.233 0.4285714328
106273  37.570  23.712  -10.321 0.4285714328
106274  36.468  23.946  -10.226 0.5714285970
77985  27.073  -4.154  -3.797 0.1428571492
76853  25.389  -4.655  -4.573 0.1428571492
79173  27.493  -2.246  -5.277 0.4285714328
78016  25.852  -3.253  -5.744 0.2857142985
79172  28.142  -2.151  -4.837 0.5714285970
79157  29.744  -2.485  -4.271 0.1428571492
80343  29.678  -0.853  -5.188 0.1428571492
84525  31.881  2.129  -5.553 0.2857142985
91238  33.192  8.900  -8.076 0.7142857313
93216  34.450  10.855  -7.665 0.8571428657
97496  37.356  14.683  -6.420 0.5714285970
99521  39.394  16.229  -7.676 0.1428571492
98530  38.327  15.533  -6.515 0.1428571492
98532  36.296  15.512  -6.514 0.8571428657
100485  36.679  17.223  -7.033 0.8571428657
101470  38.010  18.902  -7.401 0.8571428657
102467  36.194  19.672  -8.152 0.8571428657
107193  33.943  24.326  -11.444 0.5714285970
108995  36.320  26.513  -15.827 0.1428571492
108973  35.313  26.631  -13.417 0.1428571492
109858  35.418  27.760  -16.430 0.1428571492
109001  35.607  27.070  -16.116 0.1428571492
108974  34.273  26.915  -13.367 0.1428571492
140571  33.696  28.700  -16.369 0.1428571492
82497  33.436  0.577  -5.405 0.1428571492
105347  37.294  22.262  -9.140 0.5714285970
85619  31.013  3.347  -6.540 0.5714285970
108975  33.346  27.151  -13.237 0.1428571492
85620  30.247  2.972  -6.827 0.5714285970
84549  29.128  2.683  -7.235 0.5714285970
84551  28.053  2.117  -7.851 0.2857142985
85632  30.602  3.866  -7.406 0.5714285970
85633  29.759  3.537  -7.512 0.5714285970
83524  28.458  1.262  -6.918 0.4285714328
84566  28.149  3.111  -8.429 0.4285714328
86745  31.719  5.033  -6.926 0.4285714328
86746  31.001  4.617  -7.312 0.5714285970
86758  29.731  4.649  -8.267 0.5714285970
86759  29.118  4.322  -8.632 0.4285714328
87913  31.615  5.723  -7.595 0.5714285970
87914  30.848  5.379  -7.858 0.5714285970
86757  30.426  4.915  -7.910 0.4285714328
87923  30.986  5.988  -8.147 0.7142857313
89061  32.101  6.781  -7.748 0.4285714328
85634  28.954  3.191  -7.700 0.4285714328
84567  27.599  2.550  -8.315 0.2857142985
87912  32.545  6.059  -7.368 0.7142857313
90177  32.466  7.785  -8.250 0.7142857313
90189  31.312  7.698  -8.875 0.4285714328
91249  31.835  8.787  -9.039 0.7142857313
91258  31.165  8.788  -9.452 0.5714285970
90188  31.992  8.287  -8.652 0.7142857313
92234  32.891  9.792  -8.472 0.7142857313
93238  31.736  10.223  -8.760 0.7142857313
93237  32.321  10.724  -8.688 0.7142857313
93259  31.477  10.716  -9.301 0.7142857313
93258  32.018  11.284  -9.001 0.4285714328
92216  33.827  9.560  -8.062 0.5714285970
92232  34.078  10.239  -8.065 0.5714285970
93236  33.132  10.797  -8.418 0.5714285970
94209  32.926  11.283  -8.707 0.7142857313
94230  32.639  11.811  -8.968 0.7142857313
95297  33.604  12.759  -8.936 0.7142857313
94231  31.796  11.756  -9.336 0.7142857313
96414  32.667  13.560  -9.365 0.5714285970
95261  35.754  12.318  -7.353 0.7142857313
94207  34.229  11.932  -7.698 0.5714285970
93235  33.749  10.968  -8.024 0.5714285970
94208  33.496  11.807  -8.593 0.7142857313
94232  30.993  11.611  -9.761 0.4285714328
96413  33.348  13.599  -9.107 0.7142857313
97516  33.702  14.514  -8.930 0.7142857313
96415  31.859  13.492  -9.473 0.5714285970
97528  33.101  14.468  -9.404 0.7142857313
95262  35.107  12.307  -7.689 0.5714285970
94229  33.221  12.262  -8.943 0.7142857313
96401  34.615  13.644  -8.137 0.8571428657
97515  34.438  14.545  -8.431 0.8571428657
97529  32.411  14.448  -9.472 0.5714285970
98559  32.242  15.370  -9.492 0.2857142985
96400  35.230  13.655  -7.582 0.7142857313
99536  32.968  16.417  -9.557 0.7142857313
98544  34.123  15.494  -8.715 0.8571428657
98545  33.421  15.380  -9.254 0.8571428657
99523  33.691  16.494  -9.055 0.8571428657
99535  33.478  17.033  -9.293 0.8571428657
100514  33.489  17.517  -9.402 0.7142857313
100513  34.002  17.498  -9.380 0.8571428657
101474  34.417  17.985  -9.235 0.8571428657
103459  34.199  20.478  -10.330 0.7142857313
103460  33.511  20.425  -9.678 0.7142857313
103469  33.828  20.965  -11.092 0.7142857313
104469  34.226  21.404  -11.219 0.8571428657
104471  32.691  21.718  -11.056 0.7142857313
103471  32.864  20.913  -10.248 0.7142857313
105361  32.671  22.660  -10.284 0.7142857313
105371  32.315  22.776  -11.397 0.7142857313
104481  32.988  22.124  -11.618 0.7142857313
105370  32.709  22.902  -11.758 0.7142857313
105360  32.810  23.162  -9.776 0.5714285970
106285  32.910  23.649  -12.165 0.4285714328
106278  32.520  23.797  -10.695 0.5714285970
106277  32.633  23.478  -9.971 0.5714285970
105369  33.301  22.779  -11.640 0.5714285970
106261  32.031  23.520  -8.383 0.5714285970
106286  32.404  23.811  -11.905 0.5714285970
106269  31.948  23.974  -9.584 0.5714285970
140545  31.252  24.674  -7.720 0.5714285970
107184  31.908  25.210  -9.756 0.5714285970
107179  31.199  24.824  -8.804 0.5714285970
107205  32.400  24.377  -12.031 0.5714285970
106246  30.398  23.607  -7.101 0.4285714328
108081  30.348  26.856  -8.917 0.4285714328
108087  30.811  26.679  -9.312 0.2857142985
107175  30.480  25.941  -7.900 0.4285714328
108065  30.028  26.241  -6.324 0.2857142985
83522  29.995  2.044  -6.412 0.5714285970
86735  31.596  4.368  -6.574 0.2857142985
83538  28.863  2.190  -7.335 0.5714285970
85648  28.653  3.732  -8.399 0.4285714328
87924  30.260  5.681  -8.357 0.4285714328
85649  27.698  3.715  -8.728 0.2857142985
86777  28.617  4.469  -9.172 0.2857142985
90190  30.531  7.122  -9.043 0.5714285970
91235  35.460  8.879  -6.898 0.2857142985
91260  29.868  8.218  -9.968 0.2857142985
92247  31.449  9.663  -9.034 0.7142857313
99524  33.243  15.909  -9.509 0.7142857313
102481  33.907  19.486  -9.374 0.7142857313
105340  32.673  22.871  -8.822 0.5714285970
106284  33.627  23.547  -11.592 0.5714285970
107203  33.352  24.365  -12.112 0.5714285970
87925  29.571  5.521  -8.935 0.4285714328
95282  35.474  12.963  -7.488 0.7142857313
95284  34.136  12.744  -8.401 0.7142857313
104480  33.650  21.995  -11.535 0.8571428657
101485  33.324  18.396  -9.242 0.7142857313
92217  33.377  9.575  -8.265 0.5714285970
84537  29.783  2.583  -6.801 0.4285714328
84550  28.506  2.649  -7.892 0.5714285970
83539  28.511  1.843  -7.466 0.5714285970
86747  30.340  4.274  -7.755 0.5714285970
85647  29.321  4.043  -8.219 0.4285714328
83525  27.992  1.020  -6.891 0.5714285970
86776  29.256  4.821  -8.979 0.4285714328
89062  31.449  6.640  -8.242 0.5714285970
89069  30.730  6.605  -8.633 0.4285714328
90178  31.819  7.230  -8.248 0.5714285970
90200  30.776  8.223  -9.475 0.5714285970
90201  30.214  7.676  -9.503 0.4285714328
91248  32.493  8.828  -8.680 0.7142857313
91259  30.346  8.786  -9.956 0.2857142985
92235  32.094  9.665  -8.710 0.7142857313
92233  33.531  10.139  -8.273 0.7142857313
95299  32.229  12.639  -9.323 0.7142857313
95298  32.948  12.770  -9.048 0.7142857313
98558  32.921  15.341  -9.606 0.5714285970
103470  33.378  20.920  -10.758 0.7142857313
104470  33.447  21.463  -11.319 0.7142857313
107195  32.653  24.705  -11.293 0.7142857313
87935  28.989  5.467  -9.397 0.4285714328
79174  26.474  -2.557  -5.721 0.4285714328
85603  33.871  3.404  -5.472 0.1428571492
85617  33.054  4.192  -5.693 0.1428571492
89049  34.471  7.021  -6.854 0.1428571492
86732  34.249  5.158  -6.010 0.1428571492
85616  33.993  4.389  -5.676 0.1428571492
89048  35.328  6.965  -6.172 0.1428571492
90160  34.737  7.579  -7.052 0.1428571492
92213  36.148  9.696  -6.944 0.2857142985
93189  36.779  10.462  -6.665 0.1428571492
101503  34.561  19.009  -9.374 0.5714285970
109842  35.906  29.514  -12.848 0.1428571492
110637  35.052  29.522  -11.940 0.1428571492
140577  32.984  29.121  -14.199 0.1428571492
102482  32.931  19.560  -8.679 0.4285714328
102469  32.485  20.278  -8.698 0.4285714328
110625  33.631  29.193  -11.997 0.2857142985
108096  33.144  25.593  -10.979 0.2857142985
107194  32.702  25.133  -11.801 0.2857142985
108945  33.634  26.423  -11.682 0.2857142985
102456  29.896  20.005  -7.385 0.1428571492
103445  32.296  20.823  -8.601 0.5714285970
104463  32.700  21.515  -9.914 0.5714285970
108930  33.446  26.794  -10.688 0.2857142985
107204  32.692  24.622  -12.173 0.4285714328
103432  30.970  20.977  -7.758 0.4285714328
105342  31.882  22.052  -7.943 0.5714285970
104431  30.312  21.783  -7.242 0.4285714328
105324  30.704  22.155  -7.174 0.2857142985
108086  31.655  26.443  -9.460 0.1428571492
108097  32.413  25.624  -10.272 0.1428571492
105325  30.115  22.683  -7.141 0.1428571492
106255  30.914  23.007  -7.280 0.4285714328
108922  30.550  27.446  -9.243 0.1428571492
108085  32.838  26.316  -9.775 0.1428571492
108915  30.302  27.527  -8.920 0.2857142985
140549  29.866  26.935  -5.533 0.1428571492
109806  30.884  28.086  -8.949 0.1428571492
108921  31.975  27.503  -9.230 0.1428571492
109795  31.619  27.873  -8.221 0.1428571492
108905  31.838  27.838  -7.642 0.1428571492
80346  27.091  -1.533  -6.200 0.4285714328
81449  26.251  -0.487  -6.910 0.2857142985
87898  34.783  5.985  -6.263 0.1428571492
90159  35.245  7.815  -6.904 0.1428571492
102483  31.673  18.978  -8.378 0.2857142985
108944  33.911  26.252  -12.093 0.2857142985
108920  33.329  27.131  -9.793 0.2857142985
80362  26.023  -1.205  -6.395 0.2857142985
81431  32.344  -0.315  -5.113 0.1428571492
84523  33.683  2.338  -5.321 0.1428571492
104432  29.595  21.990  -7.261 0.1428571492
101486  32.352  18.222  -8.781 0.4285714328
103433  30.058  20.909  -7.543 0.2857142985
105341  32.534  22.351  -8.319 0.5714285970
108095  33.691  24.760  -11.713 0.4285714328
109816  33.858  27.839  -11.392 0.2857142985
109827  33.353  27.655  -12.352 0.2857142985
108960  33.244  26.922  -12.692 0.2857142985
110626  33.091  29.679  -12.584 0.1428571492
110639  33.009  30.142  -12.415 0.1428571492
140576  32.755  29.354  -13.836 0.1428571492
140580  32.637  29.261  -13.605 0.1428571492
111479  33.298  29.574  -13.432 0.1428571492
140579  32.283  28.934  -13.864 0.1428571492
94183  37.807  11.565  -6.549 0.2857142985
109834  32.715  28.337  -13.351 0.1428571492
81436  27.730  -0.983  -6.145 0.4285714328
108109  33.535  25.335  -11.713 0.2857142985
103461  32.852  20.680  -9.186 0.5714285970
104451  32.724  21.503  -8.837 0.5714285970
105352  32.886  22.296  -9.232 0.5714285970
107180  31.162  26.080  -8.869 0.4285714328
140558  30.636  26.646  -6.928 0.2857142985
107185  31.418  26.197  -9.290 0.2857142985
106262  31.777  22.635  -8.036 0.5714285970
85615  34.556  4.615  -5.627 0.1428571492
90158  35.960  7.848  -6.058 0.1428571492
102471  30.424  19.271  -7.748 0.2857142985
108110  33.018  25.391  -11.787 0.2857142985
102454  31.233  20.546  -8.059 0.2857142985
103446  31.618  20.912  -8.212 0.4285714328
104442  31.449  21.558  -7.885 0.4285714328
103419  30.258  21.387  -7.471 0.2857142985
104452  32.150  21.516  -8.253 0.5714285970
101487  31.312  18.104  -8.500 0.2857142985
140578  33.378  29.647  -12.841 0.1428571492
95300  31.360  12.542  -9.550 0.4285714328
97530  31.588  14.376  -9.439 0.2857142985
109815  34.432  28.384  -10.790 0.1428571492
111459  33.521  30.120  -10.579 0.1428571492
108913  33.567  27.268  -8.894 0.1428571492
110623  34.535  29.751  -10.427 0.1428571492
110624  33.739  29.165  -10.933 0.1428571492
109794  34.137  27.449  -9.832 0.1428571492
109793  34.881  27.405  -9.522 0.1428571492
109814  35.415  28.571  -10.419 0.1428571492
140581  33.876  31.132  -10.406 0.1428571492
109804  33.980  27.569  -10.556 0.1428571492
109803  34.912  27.720  -10.387 0.1428571492
109813  36.260  28.753  -9.920 0.1428571492
109792  35.462  27.422  -9.086 0.1428571492
110622  35.571  29.697  -9.754 0.1428571492
140586  33.251  31.625  -10.430 0.1428571492
111461  32.473  30.353  -11.534 0.1428571492
111460  32.800  30.086  -10.772 0.1428571492
109802  35.996  27.600  -9.854 0.1428571492
87901  32.253  5.397  -7.077 0.4285714328
82512  28.927  0.985  -6.502 0.4285714328
83509  29.964  1.003  -6.053 0.2857142985
82500  30.487  0.472  -5.552 0.1428571492
83523  29.360  1.645  -6.679 0.2857142985
82502  28.812  0.133  -5.844 0.2857142985
106254  31.468  23.052  -7.703 0.4285714328
82513  28.399  0.570  -6.358 0.4285714328
83508  30.512  1.466  -5.904 0.1428571492
84536  30.434  2.438  -6.391 0.2857142985
82501  29.453  0.485  -5.989 0.2857142985
81435  28.262  -0.371  -5.862 0.2857142985
81447  27.857  0.138  -6.437 0.2857142985
82514  27.673  0.591  -6.907 0.2857142985
89070  29.888  6.540  -9.191 0.2857142985
89080  29.588  7.146  -9.626 0.2857142985
92248  30.809  9.753  -9.601 0.1428571492
93260  30.694  10.686  -10.116 0.1428571492
95313  30.560  12.452  -10.021 0.1428571492
97531  30.680  14.332  -9.426 0.1428571492
98560  31.331  15.236  -9.131 0.1428571492
99537  31.971  16.311  -9.417 0.1428571492
100515  32.724  17.288  -9.211 0.1428571492
100516  31.764  17.138  -8.620 0.1428571492
102470  31.622  20.092  -8.447 0.1428571492
106253  31.245  23.819  -7.360 0.1428571492
107165  30.388  24.745  -6.844 0.1428571492
106247  29.503  23.682  -6.519 0.1428571492
107145  29.348  24.897  -5.475 0.1428571492
80347  26.405  -1.830  -6.125 0.2857142985
100517  30.435  17.299  -8.399 0.1428571492
102455  30.817  20.240  -7.570 0.1428571492
79188  25.977  -2.009  -6.153 0.2857142985
89071  29.359  6.010  -9.434 0.2857142985
89081  28.954  6.613  -10.051 0.2857142985
93271  29.959  10.723  -10.650 0.1428571492
96432  30.274  13.100  -10.321 0.1428571492
96416  30.873  13.408  -9.673 0.1428571492
97532  29.777  14.261  -9.341 0.1428571492
98561  30.317  15.088  -8.699 0.1428571492
99539  29.842  16.183  -8.870 0.1428571492
102472  28.984  19.331  -7.730 0.1428571492
106224  28.747  24.069  -5.767 0.1428571492
94246  30.253  11.586  -10.335 0.1428571492
106248  28.396  23.296  -6.306 0.1428571492
81448  27.227  -0.335  -6.819 0.2857142985
89095  28.530  7.332  -10.405 0.1428571492
99538  30.953  16.194  -8.851 0.1428571492
98562  29.342  15.175  -9.201 0.1428571492
80348  24.871  -1.770  -5.810 0.1428571492
79189  25.474  -1.723  -6.117 0.1428571492
80363  25.042  -1.041  -6.261 0.1428571492
82530  27.049  0.656  -7.311 0.1428571492
95238  38.472  11.873  -6.367 0.1428571492
105357  38.772  22.555  -9.969 0.1428571492
81450  25.298  -0.186  -6.864 0.1428571492
81468  26.785  0.223  -7.279 0.1428571492
81470  25.908  -0.098  -7.199 0.1428571492
83558  27.115  2.015  -8.204 0.1428571492
105345  38.852  21.890  -9.838 0.1428571492
106272  38.408  23.217  -10.102 0.1428571492
84568  26.688  2.383  -8.428 0.1428571492
83540  27.561  1.516  -7.574 0.1428571492
85668  28.251  4.011  -9.037 0.1428571492
80361  26.683  -0.948  -6.673 0.1428571492
79175  25.448  -2.603  -6.051 0.1428571492
83541  26.573  1.333  -7.643 0.1428571492
76852  26.190  -4.791  -4.143 0.1428571492
81469  26.402  0.016  -7.283 0.1428571492
85667  28.495  4.064  -8.889 0.2857142985
94165  37.478  10.982  -6.740 0.2857142985
96402  34.002  13.609  -8.721 0.7142857313
97476  36.825  14.927  -6.476 0.5714285970
98513  36.814  15.240  -6.479 0.8571428657
101459  36.756  19.312  -7.751 0.8571428657
101502  34.776  18.990  -9.364 0.7142857313
102453  36.649  19.721  -7.971 0.8571428657
102479  35.154  19.388  -9.214 0.7142857313
102494  34.904  19.206  -9.353 0.7142857313
102495  34.657  19.204  -9.406 0.5714285970
103407  30.492  21.408  -7.557 0.2857142985
103408  30.377  21.578  -7.416 0.4285714328
103418  30.605  21.205  -7.639 0.2857142985
103429  37.485  20.086  -8.076 0.8571428657
103431  36.495  19.962  -8.226 0.8571428657
103442  37.291  20.496  -8.485 0.8571428657
104415  30.719  21.444  -7.599 0.4285714328
104416  30.605  21.604  -7.443 0.4285714328
104430  30.857  21.605  -7.467 0.4285714328
104443  29.843  21.499  -7.384 0.2857142985
104449  37.452  20.836  -8.825 0.7142857313
104457  39.191  21.253  -10.005 0.1428571492
104482  32.627  22.352  -11.532 0.8571428657
105333  31.276  22.304  -7.492 0.5714285970
105334  30.777  22.530  -7.199 0.4285714328
105339  36.902  23.157  -8.996 0.5714285970
105351  32.877  22.969  -9.397 0.5714285970
106258  37.474  23.175  -8.979 0.5714285970
106259  37.259  23.245  -9.061 0.5714285970
106260  32.567  23.202  -8.978 0.5714285970
106268  32.526  23.431  -9.350 0.5714285970
108123  36.443  25.832  -12.255 0.1428571492
108914  32.200  27.740  -8.393 0.1428571492
108923  30.216  27.692  -8.877 0.2857142985
108989  34.783  27.036  -13.788 0.1428571492
108997  35.071  27.526  -15.447 0.1428571492
109785  31.361  27.736  -7.863 0.1428571492
109796  31.207  27.864  -8.392 0.1428571492
109805  31.521  27.997  -8.704 0.1428571492
109807  30.394  27.757  -8.903 0.2857142985
109844  33.763  27.751  -13.729 0.1428571492
109854  34.963  27.814  -15.056 0.1428571492
110638  34.751  29.554  -12.029 0.1428571492
110650  35.889  29.548  -13.110 0.1428571492
110658  35.558  28.361  -16.117 0.1428571492
111454  33.010  30.809  -10.441 0.1428571492
111471  35.218  29.913  -11.765 0.1428571492
111477  36.261  29.733  -12.934 0.1428571492
111478  35.914  29.634  -12.270 0.1428571492
111489  34.039  28.799  -16.855 0.1428571492
112276  32.642  31.571  -10.524 0.1428571492
112316  34.755  30.462  -15.016 0.1428571492
140546  30.281  26.721  -6.556 0.2857142985
140565  35.147  29.360  -12.249 0.1428571492
140566  34.387  28.280  -15.005 0.1428571492
140569  33.858  30.073  -16.003 0.1428571492
140570  33.813  27.872  -15.947 0.1428571492
140574  33.594  29.466  -15.689 0.1428571492
