#!ascii label  , from subject 3658 vox2ras=TkReg
1632
61786  -49.977  -18.488  31.351 0.0000000000
46789  -41.114  -31.501  35.737 0.0000000000
59460  -51.894  -20.741  19.081 0.0000000000
60662  -43.091  -19.159  20.743 0.0000000000
61881  -53.420  -18.895  24.278 0.0000000000
51339  -50.220  -27.156  32.410 0.0000000000
52374  -41.455  -25.829  24.235 0.0000000000
53333  -45.001  -24.986  21.848 0.0000000000
46682  -31.856  -31.323  39.868 0.0000000000
72601  -59.200  -8.850  16.905 0.0000000000
49217  -31.295  -29.625  25.180 0.0000000000
61837  -47.300  -18.990  26.771 0.0000000000
61898  -48.551  -17.931  23.515 0.0000000000
64121  -51.317  -16.575  28.529 0.0000000000
56820  -52.664  -23.153  31.366 0.0000000000
52346  -49.428  -25.689  27.617 0.0000000000
56857  -48.081  -22.411  27.168 0.0000000000
58227  -43.341  -21.843  22.436 0.0000000000
74962  -58.891  -7.953  11.948 0.0000000000
46708  -36.293  -30.878  38.492 0.0000000000
47905  -32.206  -30.266  33.494 0.0000000000
47956  -36.605  -30.436  31.420 0.0000000000
55490  -54.048  -23.359  23.334 0.0000000000
47915  -46.042  -29.917  34.197 0.0000000000
49145  -41.221  -29.448  30.401 0.0000000000
53211  -44.939  -25.788  30.146 0.0000000000
52377  -44.433  -26.095  24.430 0.0000000000
44568  -27.931  -33.167  42.811 0.0000000000
63064  -57.624  -17.170  25.614 0.0000000000
63123  -57.575  -17.271  20.952 0.0000000000
70102  -60.767  -12.184  20.154 0.0000000000
65491  -54.474  -14.733  16.841 0.0000000000
69022  -51.997  -12.215  12.728 0.0000000000
45715  -28.233  -32.342  35.752 0.0000000000
51408  -36.136  -27.498  23.832 0.0000000000
61803  -48.555  -18.593  29.391 0.0000000000
63035  -49.193  -17.507  27.314 0.0000000000
64093  -49.733  -16.810  29.646 0.0000000000
59320  -51.559  -20.531  31.483 0.0000000000
56832  -50.403  -22.747  29.557 0.0000000000
59350  -48.518  -20.873  29.751 0.0000000000
59387  -47.068  -20.959  27.156 0.0000000000
55566  -51.105  -22.698  17.944 0.0000000000
59510  -49.883  -19.697  16.767 0.0000000000
46736  -38.916  -31.150  37.607 0.0000000000
46807  -36.719  -30.814  34.401 0.0000000000
46832  -38.511  -30.973  33.758 0.0000000000
60710  -43.794  -19.191  17.371 0.0000000000
61879  -50.971  -18.118  24.146 0.0000000000
60665  -48.866  -19.393  20.045 0.0000000000
60643  -52.087  -19.909  22.285 0.0000000000
58219  -51.726  -21.875  22.047 0.0000000000
59405  -53.967  -20.524  23.857 0.0000000000
49113  -48.009  -29.265  33.618 0.0000000000
49133  -46.136  -28.800  32.461 0.0000000000
51348  -48.154  -27.346  31.547 0.0000000000
53319  -47.165  -24.433  24.659 0.0000000000
53291  -46.483  -25.801  26.258 0.0000000000
53324  -45.398  -25.130  23.498 0.0000000000
59432  -42.561  -20.679  21.706 0.0000000000
61904  -57.886  -18.551  23.602 0.0000000000
67762  -57.870  -13.583  18.153 0.0000000000
70174  -56.324  -11.506  16.836 0.0000000000
67823  -52.844  -13.325  14.996 0.0000000000
72623  -55.631  -10.002  14.970 0.0000000000
73875  -55.418  -8.632  9.823 0.0000000000
45658  -30.287  -31.986  41.488 0.0000000000
44605  -27.695  -33.353  39.267 0.0000000000
46728  -29.827  -31.540  38.091 0.0000000000
47984  -31.654  -29.724  30.007 0.0000000000
47949  -29.366  -30.017  31.462 0.0000000000
48016  -29.029  -30.567  27.194 0.0000000000
52340  -40.863  -26.795  27.179 0.0000000000
50296  -38.793  -28.377  27.327 0.0000000000
52383  -38.500  -26.709  23.955 0.0000000000
61909  -45.145  -18.594  22.814 0.0000000000
61934  -45.522  -18.385  20.655 0.0000000000
61877  -48.134  -18.059  24.558 0.0000000000
63075  -49.635  -17.809  25.573 0.0000000000
63038  -52.224  -17.253  27.033 0.0000000000
52260  -51.518  -25.071  31.847 0.0000000000
52296  -50.252  -26.095  30.231 0.0000000000
54233  -50.863  -24.764  29.381 0.0000000000
55457  -48.967  -23.621  26.674 0.0000000000
55478  -46.595  -23.112  23.867 0.0000000000
55503  -44.346  -23.618  21.924 0.0000000000
58194  -45.682  -21.883  24.743 0.0000000000
60613  -44.545  -20.131  24.481 0.0000000000
74923  -59.045  -7.963  14.487 0.0000000000
76045  -61.179  -6.537  13.820 0.0000000000
46685  -34.948  -31.159  39.530 0.0000000000
46756  -31.519  -30.794  36.530 0.0000000000
47865  -34.098  -30.682  36.191 0.0000000000
47927  -33.851  -30.233  32.583 0.0000000000
48005  -33.958  -29.959  28.926 0.0000000000
61948  -46.814  -18.623  19.533 0.0000000000
54301  -52.337  -24.447  22.282 0.0000000000
56946  -53.329  -21.918  20.964 0.0000000000
46814  -43.697  -31.183  35.180 0.0000000000
47910  -41.557  -30.890  32.969 0.0000000000
49117  -44.140  -29.613  32.293 0.0000000000
51368  -43.096  -27.533  30.159 0.0000000000
53265  -43.129  -25.266  27.740 0.0000000000
53230  -47.176  -25.567  28.947 0.0000000000
53289  -44.651  -25.537  26.516 0.0000000000
52375  -42.640  -26.010  24.493 0.0000000000
65217  -51.735  -15.774  33.111 0.0000000000
45698  -42.814  -31.107  37.668 0.0000000000
49107  -47.484  -29.140  35.585 0.0000000000
51281  -48.678  -27.025  35.176 0.0000000000
66428  -52.428  -14.534  31.298 0.0000000000
65270  -53.770  -15.290  29.788 0.0000000000
63020  -55.070  -17.117  27.833 0.0000000000
65290  -56.501  -15.412  27.662 0.0000000000
61860  -55.792  -18.840  25.672 0.0000000000
59421  -56.798  -20.099  24.250 0.0000000000
60658  -55.957  -19.902  21.725 0.0000000000
61952  -54.375  -18.365  19.943 0.0000000000
65429  -59.838  -14.860  19.828 0.0000000000
64255  -56.624  -15.931  18.905 0.0000000000
63161  -52.741  -17.391  18.204 0.0000000000
65499  -50.799  -16.078  15.791 0.0000000000
72659  -55.209  -9.879  11.676 0.0000000000
44603  -25.889  -33.140  39.388 0.0000000000
43587  -27.012  -34.057  33.310 0.0000000000
46829  -29.876  -30.736  34.487 0.0000000000
46845  -27.851  -31.476  32.462 0.0000000000
47977  -39.079  -30.177  30.628 0.0000000000
49198  -35.978  -29.078  27.750 0.0000000000
49236  -33.657  -29.019  24.012 0.0000000000
46937  -35.758  -30.888  21.867 0.0000000000
61797  -49.310  -18.526  30.644 0.0000000000
63005  -49.011  -17.622  29.228 0.0000000000
62997  -50.039  -17.045  30.983 0.0000000000
60536  -51.008  -19.536  31.778 0.0000000000
59336  -50.615  -20.708  31.033 0.0000000000
60550  -49.809  -19.594  31.051 0.0000000000
60560  -48.390  -19.626  29.725 0.0000000000
56956  -51.865  -22.201  19.085 0.0000000000
56968  -51.333  -21.920  18.555 0.0000000000
58273  -50.567  -21.297  17.584 0.0000000000
59493  -51.099  -20.033  17.789 0.0000000000
46764  -40.514  -31.367  36.668 0.0000000000
46787  -38.889  -30.965  35.519 0.0000000000
46810  -39.685  -31.177  34.699 0.0000000000
60693  -42.242  -19.250  18.581 0.0000000000
60694  -43.371  -19.013  18.420 0.0000000000
61880  -52.103  -18.302  24.394 0.0000000000
61914  -51.571  -19.102  22.588 0.0000000000
61901  -52.449  -19.006  23.329 0.0000000000
60644  -52.695  -20.154  22.748 0.0000000000
60616  -53.521  -19.553  23.763 0.0000000000
50245  -49.036  -28.259  33.333 0.0000000000
50249  -48.679  -28.490  32.400 0.0000000000
50262  -49.456  -27.666  32.005 0.0000000000
53325  -46.236  -24.406  23.816 0.0000000000
53318  -46.526  -24.895  24.470 0.0000000000
53329  -45.238  -25.126  22.420 0.0000000000
52405  -44.772  -26.224  21.641 0.0000000000
60661  -42.209  -19.897  20.625 0.0000000000
59455  -41.198  -20.684  19.771 0.0000000000
60673  -41.330  -20.060  19.325 0.0000000000
71339  -58.335  -10.907  18.077 0.0000000000
72599  -57.341  -10.125  16.752 0.0000000000
71361  -56.162  -10.551  16.028 0.0000000000
72612  -57.510  -9.220  15.876 0.0000000000
46662  -30.755  -31.713  41.049 0.0000000000
45676  -29.626  -31.838  39.814 0.0000000000
46703  -30.958  -31.343  38.996 0.0000000000
49175  -31.245  -29.368  28.141 0.0000000000
49174  -30.155  -29.425  28.139 0.0000000000
49205  -29.766  -30.052  26.409 0.0000000000
45787  -29.690  -31.701  25.653 0.0000000000
46897  -30.635  -31.692  24.196 0.0000000000
53301  -40.481  -26.046  26.247 0.0000000000
52363  -39.744  -26.665  25.941 0.0000000000
52384  -39.568  -26.429  23.722 0.0000000000
61875  -45.934  -19.067  24.723 0.0000000000
61876  -46.955  -18.331  24.620 0.0000000000
63073  -47.794  -18.052  25.985 0.0000000000
63015  -49.875  -17.241  27.928 0.0000000000
63057  -49.382  -17.634  26.439 0.0000000000
63036  -50.118  -17.429  27.184 0.0000000000
63059  -51.461  -17.506  26.245 0.0000000000
63017  -51.801  -16.976  27.817 0.0000000000
54196  -52.239  -23.888  31.752 0.0000000000
53214  -51.614  -25.096  30.691 0.0000000000
54210  -51.648  -24.489  30.672 0.0000000000
56842  -48.912  -22.484  28.197 0.0000000000
55430  -49.820  -23.406  28.087 0.0000000000
56876  -48.421  -22.964  26.683 0.0000000000
55468  -47.648  -23.530  25.577 0.0000000000
56888  -47.243  -22.834  25.313 0.0000000000
56900  -46.456  -22.673  24.371 0.0000000000
56874  -46.800  -22.191  25.944 0.0000000000
60600  -46.878  -19.498  26.339 0.0000000000
59397  -46.304  -20.393  26.187 0.0000000000
60615  -45.868  -19.580  25.257 0.0000000000
61874  -45.208  -19.373  24.444 0.0000000000
46707  -35.218  -30.906  38.501 0.0000000000
46732  -34.536  -30.757  37.599 0.0000000000
46733  -35.497  -30.836  37.303 0.0000000000
46830  -36.812  -30.817  33.335 0.0000000000
47908  -35.247  -30.491  33.656 0.0000000000
47955  -35.556  -30.220  31.579 0.0000000000
47972  -33.990  -30.269  30.690 0.0000000000
47988  -35.469  -30.094  29.628 0.0000000000
61911  -47.504  -18.098  22.457 0.0000000000
61947  -45.747  -18.503  19.464 0.0000000000
61924  -47.703  -18.319  21.267 0.0000000000
60666  -49.558  -20.145  20.257 0.0000000000
60679  -47.992  -19.531  19.089 0.0000000000
59458  -48.602  -20.785  18.963 0.0000000000
55497  -52.823  -23.373  23.097 0.0000000000
55506  -51.723  -23.780  22.044 0.0000000000
54302  -52.981  -24.286  22.832 0.0000000000
55507  -53.102  -23.962  21.225 0.0000000000
56925  -54.128  -23.143  22.303 0.0000000000
46839  -44.912  -30.529  34.787 0.0000000000
47913  -44.244  -30.371  33.780 0.0000000000
47938  -44.969  -29.917  33.212 0.0000000000
51358  -45.497  -27.057  31.063 0.0000000000
50269  -44.118  -28.198  31.215 0.0000000000
52290  -43.827  -27.003  30.420 0.0000000000
52321  -42.789  -26.436  29.209 0.0000000000
53227  -44.085  -25.873  29.697 0.0000000000
52325  -49.705  -26.112  28.433 0.0000000000
52307  -49.010  -26.165  29.055 0.0000000000
52323  -47.944  -25.920  27.787 0.0000000000
52368  -44.983  -25.952  25.246 0.0000000000
53290  -45.553  -25.785  26.363 0.0000000000
52355  -44.800  -25.894  25.876 0.0000000000
52366  -43.501  -25.791  25.333 0.0000000000
56932  -44.089  -23.148  22.068 0.0000000000
50234  -48.004  -27.972  35.440 0.0000000000
55367  -51.185  -23.276  34.157 0.0000000000
66410  -51.884  -14.718  32.267 0.0000000000
65251  -54.315  -14.681  30.547 0.0000000000
65271  -54.722  -15.221  29.708 0.0000000000
64124  -54.620  -16.359  28.306 0.0000000000
64106  -55.717  -15.551  28.717 0.0000000000
64139  -56.858  -16.450  26.393 0.0000000000
63042  -56.132  -17.203  26.933 0.0000000000
61861  -56.956  -18.311  25.702 0.0000000000
60620  -56.394  -19.644  24.978 0.0000000000
60621  -57.185  -19.424  24.908 0.0000000000
63108  -57.872  -18.194  22.560 0.0000000000
61916  -57.509  -18.821  22.641 0.0000000000
63114  -56.879  -18.352  21.376 0.0000000000
61928  -55.237  -19.213  21.174 0.0000000000
63121  -55.830  -17.966  20.444 0.0000000000
67747  -61.097  -13.496  19.865 0.0000000000
66651  -56.725  -13.919  17.641 0.0000000000
65450  -57.468  -14.739  18.561 0.0000000000
65471  -54.771  -15.427  17.542 0.0000000000
64253  -54.571  -16.730  18.558 0.0000000000
64295  -53.245  -15.984  17.177 0.0000000000
64293  -51.314  -16.771  16.872 0.0000000000
65489  -52.664  -15.598  16.529 0.0000000000
69013  -52.882  -12.116  13.718 0.0000000000
67821  -51.505  -13.769  14.304 0.0000000000
67841  -50.893  -13.219  13.029 0.0000000000
74949  -58.953  -7.978  13.010 0.0000000000
73825  -57.331  -8.667  13.087 0.0000000000
72654  -56.793  -9.424  11.614 0.0000000000
44623  -28.259  -32.598  37.260 0.0000000000
43541  -27.216  -33.698  37.858 0.0000000000
44629  -27.527  -33.492  36.287 0.0000000000
43564  -27.190  -34.096  34.951 0.0000000000
44642  -27.428  -33.401  34.552 0.0000000000
47875  -32.064  -30.348  35.224 0.0000000000
46783  -30.578  -30.829  36.026 0.0000000000
47886  -30.670  -30.420  34.442 0.0000000000
47921  -28.041  -30.810  31.902 0.0000000000
44710  -28.164  -33.187  28.641 0.0000000000
47961  -41.651  -30.114  31.639 0.0000000000
47933  -39.897  -30.708  32.165 0.0000000000
49144  -40.265  -29.554  30.113 0.0000000000
50312  -37.513  -28.063  25.903 0.0000000000
49213  -37.297  -28.886  27.312 0.0000000000
50302  -36.186  -28.449  25.894 0.0000000000
49210  -34.695  -29.078  26.630 0.0000000000
50316  -34.506  -28.680  24.235 0.0000000000
46922  -34.228  -31.608  22.103 0.0000000000
61822  -47.987  -18.534  27.946 0.0000000000
63034  -48.325  -17.924  27.510 0.0000000000
63013  -48.497  -18.024  28.431 0.0000000000
64100  -49.718  -16.923  28.884 0.0000000000
64101  -50.670  -16.205  29.387 0.0000000000
58084  -52.437  -21.569  31.338 0.0000000000
56818  -51.662  -22.671  30.433 0.0000000000
58101  -51.408  -21.714  30.758 0.0000000000
58116  -49.164  -21.909  29.371 0.0000000000
58132  -48.281  -21.809  28.415 0.0000000000
58151  -47.612  -21.714  27.453 0.0000000000
59362  -47.717  -20.645  28.521 0.0000000000
60566  -47.864  -19.594  28.741 0.0000000000
60730  -49.315  -19.199  16.308 0.0000000000
46735  -37.863  -30.903  37.556 0.0000000000
46760  -36.133  -30.885  36.307 0.0000000000
46786  -38.004  -30.760  35.593 0.0000000000
46808  -37.884  -30.737  34.669 0.0000000000
46847  -37.436  -30.942  32.774 0.0000000000
61899  -49.933  -18.061  23.505 0.0000000000
61912  -48.832  -18.175  22.268 0.0000000000
61913  -50.300  -18.723  22.104 0.0000000000
60641  -50.530  -19.469  21.491 0.0000000000
60654  -50.868  -20.206  21.520 0.0000000000
58228  -50.545  -21.992  21.014 0.0000000000
59425  -51.956  -20.940  22.088 0.0000000000
58210  -52.883  -21.567  23.183 0.0000000000
58212  -54.141  -21.905  23.684 0.0000000000
49112  -47.191  -29.562  33.664 0.0000000000
49119  -45.600  -29.398  32.843 0.0000000000
49134  -47.299  -28.663  32.303 0.0000000000
50260  -47.666  -28.177  31.792 0.0000000000
51359  -46.484  -26.764  31.051 0.0000000000
53293  -48.178  -25.045  26.405 0.0000000000
52357  -47.711  -25.736  26.684 0.0000000000
53306  -46.559  -25.462  25.445 0.0000000000
53317  -45.514  -25.602  24.671 0.0000000000
53323  -44.834  -25.763  23.916 0.0000000000
52397  -44.692  -26.629  22.750 0.0000000000
51434  -44.784  -26.950  22.373 0.0000000000
58235  -42.360  -21.600  21.378 0.0000000000
58234  -41.824  -21.710  20.798 0.0000000000
64158  -58.474  -16.809  24.865 0.0000000000
61884  -58.082  -18.246  24.531 0.0000000000
63094  -58.797  -17.191  24.214 0.0000000000
63110  -59.018  -16.770  22.798 0.0000000000
64192  -58.918  -16.659  22.078 0.0000000000
71299  -59.606  -11.309  19.417 0.0000000000
68931  -59.666  -12.974  19.261 0.0000000000
70143  -58.880  -11.666  18.568 0.0000000000
68973  -57.526  -12.402  17.769 0.0000000000
67797  -55.832  -12.863  16.804 0.0000000000
67794  -53.895  -13.780  15.912 0.0000000000
70172  -54.930  -12.130  15.899 0.0000000000
69002  -53.994  -12.146  14.702 0.0000000000
70207  -53.969  -11.068  13.543 0.0000000000
74977  -58.580  -7.570  10.820 0.0000000000
73864  -57.340  -8.495  10.787 0.0000000000
74986  -56.591  -7.767  9.742 0.0000000000
45656  -28.829  -32.786  41.770 0.0000000000
44590  -28.174  -33.183  40.924 0.0000000000
45675  -28.970  -32.343  39.698 0.0000000000
45683  -28.878  -32.367  38.626 0.0000000000
45707  -28.565  -32.132  36.691 0.0000000000
47951  -31.383  -29.899  31.629 0.0000000000
47924  -30.739  -30.035  32.558 0.0000000000
49140  -30.294  -29.478  29.889 0.0000000000
49150  -28.960  -29.815  29.413 0.0000000000
48002  -28.191  -30.964  28.512 0.0000000000
45764  -28.543  -32.386  28.088 0.0000000000
45773  -29.209  -32.334  27.137 0.0000000000
50286  -40.884  -28.385  28.394 0.0000000000
49183  -40.227  -28.803  28.542 0.0000000000
50297  -39.882  -28.263  27.506 0.0000000000
51403  -38.396  -27.599  25.713 0.0000000000
51419  -37.602  -26.985  23.761 0.0000000000
61921  -44.108  -18.820  21.967 0.0000000000
61933  -44.295  -18.599  20.902 0.0000000000
61922  -45.292  -18.424  21.747 0.0000000000
61897  -47.230  -18.133  23.584 0.0000000000
63056  -48.453  -17.794  26.592 0.0000000000
63089  -49.031  -18.054  24.945 0.0000000000
63101  -49.317  -17.938  23.982 0.0000000000
63091  -50.824  -17.969  24.749 0.0000000000
63077  -51.788  -17.913  25.323 0.0000000000
63078  -52.870  -18.044  25.641 0.0000000000
52237  -51.207  -25.794  32.373 0.0000000000
51350  -50.124  -26.985  31.739 0.0000000000
51364  -51.213  -26.088  30.878 0.0000000000
52327  -50.621  -25.595  29.479 0.0000000000
53271  -50.194  -25.243  28.082 0.0000000000
55421  -50.652  -23.735  29.222 0.0000000000
54246  -50.261  -24.509  28.070 0.0000000000
53294  -49.122  -24.920  27.044 0.0000000000
53308  -47.879  -24.446  25.900 0.0000000000
54288  -47.150  -23.913  24.437 0.0000000000
55487  -46.319  -23.451  23.562 0.0000000000
54310  -44.995  -24.308  21.993 0.0000000000
56922  -45.214  -23.255  22.727 0.0000000000
56911  -44.789  -22.485  23.215 0.0000000000
58218  -44.343  -22.223  23.191 0.0000000000
58172  -46.335  -21.462  26.149 0.0000000000
59404  -45.242  -20.881  25.296 0.0000000000
59424  -43.513  -21.031  23.025 0.0000000000
60630  -43.749  -20.233  23.280 0.0000000000
60651  -43.809  -19.404  22.530 0.0000000000
73799  -58.619  -8.311  15.479 0.0000000000
74914  -60.389  -7.211  15.587 0.0000000000
74925  -60.435  -7.060  14.383 0.0000000000
74950  -59.806  -7.562  12.653 0.0000000000
74963  -59.767  -7.243  11.672 0.0000000000
76101  -59.955  -6.480  10.562 0.0000000000
46683  -32.866  -31.115  39.719 0.0000000000
46704  -32.018  -31.140  38.760 0.0000000000
46705  -33.098  -31.011  38.580 0.0000000000
47864  -33.243  -30.594  36.296 0.0000000000
47889  -33.547  -30.341  34.454 0.0000000000
47879  -35.480  -30.866  35.730 0.0000000000
47890  -34.518  -30.470  34.547 0.0000000000
47926  -32.821  -30.202  32.569 0.0000000000
47971  -32.986  -30.020  30.723 0.0000000000
49154  -32.639  -29.584  28.947 0.0000000000
49195  -33.016  -29.522  27.363 0.0000000000
61946  -44.702  -18.547  19.902 0.0000000000
61961  -45.255  -18.657  18.809 0.0000000000
61936  -47.776  -18.804  20.095 0.0000000000
55520  -52.715  -23.474  20.548 0.0000000000
58249  -52.689  -21.424  19.974 0.0000000000
46790  -42.136  -31.584  35.823 0.0000000000
46812  -41.796  -31.438  34.856 0.0000000000
46836  -42.544  -31.075  34.112 0.0000000000
47936  -42.941  -30.026  32.714 0.0000000000
49129  -42.099  -29.571  31.039 0.0000000000
49132  -45.052  -29.043  32.225 0.0000000000
50256  -43.814  -28.826  31.409 0.0000000000
49161  -42.114  -28.583  29.704 0.0000000000
51380  -42.192  -27.573  29.189 0.0000000000
53263  -41.538  -26.175  27.471 0.0000000000
53302  -41.248  -25.423  26.042 0.0000000000
51362  -49.750  -26.390  31.044 0.0000000000
52294  -47.949  -26.002  29.918 0.0000000000
53213  -46.821  -25.471  29.807 0.0000000000
52322  -47.164  -25.979  27.517 0.0000000000
53243  -46.441  -25.659  28.055 0.0000000000
53228  -45.045  -25.390  29.376 0.0000000000
53266  -44.342  -25.223  27.500 0.0000000000
53303  -42.345  -25.274  25.544 0.0000000000
54322  -44.040  -24.780  21.315 0.0000000000
61777  -51.258  -18.214  32.348 0.0000000000
64075  -50.794  -16.848  32.022 0.0000000000
45627  -30.201  -32.228  43.552 0.0000000000
46649  -33.580  -31.473  41.734 0.0000000000
46650  -34.593  -31.414  41.617 0.0000000000
46667  -35.757  -31.276  40.523 0.0000000000
46689  -39.028  -31.238  39.536 0.0000000000
46712  -40.485  -31.303  38.565 0.0000000000
46738  -41.011  -31.334  37.645 0.0000000000
46766  -42.478  -31.402  36.748 0.0000000000
46767  -43.170  -31.228  36.757 0.0000000000
46793  -44.384  -30.686  35.947 0.0000000000
46817  -45.498  -30.068  35.501 0.0000000000
47882  -46.097  -29.821  35.500 0.0000000000
47897  -46.937  -29.745  34.958 0.0000000000
49110  -48.105  -29.190  34.555 0.0000000000
50242  -48.815  -28.028  34.087 0.0000000000
51308  -49.592  -26.961  34.030 0.0000000000
52215  -49.977  -26.113  33.815 0.0000000000
53158  -51.154  -25.004  32.579 0.0000000000
54169  -52.293  -23.726  32.716 0.0000000000
60524  -52.163  -19.279  32.759 0.0000000000
65231  -50.945  -15.920  31.506 0.0000000000
65267  -50.912  -15.651  30.337 0.0000000000
65268  -51.611  -15.258  29.886 0.0000000000
67606  -53.752  -13.714  31.827 0.0000000000
65250  -53.376  -14.808  30.396 0.0000000000
64122  -52.449  -16.395  28.411 0.0000000000
63018  -52.928  -16.936  27.746 0.0000000000
63039  -53.377  -17.569  27.107 0.0000000000
63062  -54.394  -18.104  26.636 0.0000000000
63021  -55.828  -16.813  27.628 0.0000000000
61824  -55.219  -18.045  26.721 0.0000000000
61859  -55.265  -18.819  25.428 0.0000000000
60618  -55.069  -19.798  24.529 0.0000000000
59407  -55.335  -20.617  24.299 0.0000000000
56903  -55.172  -21.752  23.488 0.0000000000
60636  -57.426  -19.592  23.926 0.0000000000
59428  -56.311  -20.851  23.105 0.0000000000
58221  -55.230  -21.892  22.503 0.0000000000
59438  -54.581  -20.729  21.402 0.0000000000
59448  -53.492  -20.596  20.579 0.0000000000
60683  -52.803  -19.629  19.776 0.0000000000
65392  -60.157  -15.441  21.196 0.0000000000
64220  -58.517  -16.105  20.381 0.0000000000
66611  -58.684  -13.932  19.016 0.0000000000
65427  -57.956  -15.125  19.193 0.0000000000
64234  -56.685  -16.594  19.727 0.0000000000
63150  -55.063  -17.053  19.069 0.0000000000
63148  -53.529  -17.709  18.810 0.0000000000
61962  -51.761  -18.752  18.322 0.0000000000
61971  -50.796  -18.395  17.351 0.0000000000
63171  -50.408  -17.537  16.790 0.0000000000
63180  -48.817  -17.290  15.407 0.0000000000
66679  -51.952  -14.508  15.464 0.0000000000
65504  -49.347  -15.774  14.623 0.0000000000
64304  -48.237  -16.572  14.341 0.0000000000
73811  -57.535  -8.406  14.172 0.0000000000
72652  -55.540  -9.928  12.795 0.0000000000
71398  -54.343  -10.452  12.293 0.0000000000
72669  -55.551  -9.466  10.762 0.0000000000
71416  -53.940  -10.093  11.174 0.0000000000
70227  -51.640  -11.701  11.401 0.0000000000
43533  -26.850  -33.587  39.204 0.0000000000
46729  -31.140  -31.146  37.812 0.0000000000
46782  -29.743  -31.105  36.040 0.0000000000
46803  -28.447  -31.764  34.825 0.0000000000
47923  -29.706  -30.205  32.411 0.0000000000
47902  -28.980  -30.681  33.103 0.0000000000
45736  -27.842  -32.291  34.294 0.0000000000
45744  -27.318  -32.943  32.490 0.0000000000
46850  -40.128  -31.072  33.023 0.0000000000
47932  -38.909  -30.878  32.077 0.0000000000
47957  -37.579  -30.619  31.231 0.0000000000
49181  -38.300  -29.182  28.683 0.0000000000
49155  -37.247  -29.475  29.428 0.0000000000
47989  -36.574  -29.706  29.541 0.0000000000
48019  -34.918  -29.522  28.213 0.0000000000
49209  -33.767  -29.555  26.454 0.0000000000
49218  -32.311  -29.475  25.328 0.0000000000
51440  -37.621  -27.074  21.497 0.0000000000
51439  -36.464  -27.862  21.639 0.0000000000
50341  -35.171  -28.757  21.652 0.0000000000
50332  -34.076  -29.046  22.134 0.0000000000
49246  -32.541  -30.485  22.685 0.0000000000
48041  -31.618  -31.065  23.382 0.0000000000
62988  -49.748  -17.755  31.018 0.0000000000
60535  -50.383  -19.179  31.512 0.0000000000
60549  -48.977  -19.591  30.423 0.0000000000
58248  -52.180  -21.376  19.344 0.0000000000
58261  -51.602  -21.322  18.820 0.0000000000
58260  -51.109  -21.283  18.244 0.0000000000
59476  -51.488  -20.398  18.446 0.0000000000
46788  -40.047  -31.280  35.659 0.0000000000
60675  -43.030  -18.933  19.456 0.0000000000
61857  -53.100  -18.214  25.060 0.0000000000
61902  -53.140  -19.291  23.643 0.0000000000
50246  -49.639  -27.739  32.705 0.0000000000
50251  -49.722  -27.563  32.205 0.0000000000
54292  -45.890  -24.239  23.115 0.0000000000
60674  -41.996  -19.700  19.709 0.0000000000
60692  -41.366  -19.721  18.776 0.0000000000
72587  -58.270  -10.023  17.537 0.0000000000
72600  -58.385  -9.278  16.714 0.0000000000
72613  -58.242  -8.745  15.905 0.0000000000
46663  -31.728  -31.472  40.912 0.0000000000
46681  -30.950  -31.659  40.055 0.0000000000
49207  -31.523  -29.460  26.190 0.0000000000
49193  -30.755  -29.379  27.120 0.0000000000
49206  -30.394  -29.791  26.054 0.0000000000
48025  -30.165  -30.343  25.532 0.0000000000
49224  -30.645  -30.499  24.735 0.0000000000
53313  -40.387  -25.754  25.395 0.0000000000
52373  -40.394  -25.883  24.426 0.0000000000
61854  -47.012  -18.828  25.705 0.0000000000
63016  -50.765  -17.142  27.887 0.0000000000
63037  -51.125  -17.346  27.108 0.0000000000
55412  -52.259  -23.681  31.417 0.0000000000
54211  -51.854  -24.042  30.857 0.0000000000
55411  -52.055  -23.643  30.978 0.0000000000
56858  -48.607  -22.589  27.573 0.0000000000
56889  -47.856  -23.098  26.022 0.0000000000
56875  -47.562  -22.461  26.474 0.0000000000
56887  -46.658  -22.329  25.231 0.0000000000
61853  -46.302  -19.302  25.349 0.0000000000
46846  -36.881  -30.805  32.712 0.0000000000
47929  -36.153  -30.595  32.653 0.0000000000
47973  -35.008  -30.094  30.627 0.0000000000
47974  -36.060  -30.163  30.524 0.0000000000
60681  -49.390  -20.558  19.900 0.0000000000
60680  -48.997  -20.176  19.587 0.0000000000
55489  -53.470  -23.308  23.402 0.0000000000
54295  -53.306  -23.868  23.283 0.0000000000
54303  -53.697  -24.044  23.095 0.0000000000
55498  -54.119  -23.680  22.702 0.0000000000
55499  -54.345  -23.144  22.665 0.0000000000
47895  -45.421  -30.176  34.671 0.0000000000
47914  -45.161  -30.277  34.095 0.0000000000
47939  -45.908  -29.763  33.506 0.0000000000
52291  -44.620  -26.490  30.425 0.0000000000
52305  -43.980  -26.458  30.045 0.0000000000
53210  -44.564  -26.055  30.064 0.0000000000
52324  -48.815  -26.055  28.103 0.0000000000
52356  -45.252  -25.886  25.817 0.0000000000
52367  -44.238  -26.058  25.257 0.0000000000
52388  -43.882  -26.551  23.850 0.0000000000
56931  -43.435  -22.798  21.775 0.0000000000
56942  -43.007  -22.947  21.237 0.0000000000
64105  -55.079  -15.678  28.899 0.0000000000
64140  -57.289  -16.600  25.876 0.0000000000
65302  -56.982  -16.255  26.179 0.0000000000
63044  -57.122  -16.861  26.037 0.0000000000
61842  -56.932  -17.670  25.917 0.0000000000
61843  -57.431  -17.611  25.656 0.0000000000
60604  -57.309  -18.672  25.445 0.0000000000
60605  -57.600  -18.340  25.341 0.0000000000
63115  -57.551  -18.017  21.804 0.0000000000
61941  -56.001  -18.238  20.710 0.0000000000
63122  -56.552  -17.823  20.748 0.0000000000
70079  -60.187  -11.951  20.404 0.0000000000
70080  -60.892  -12.280  20.455 0.0000000000
68912  -61.073  -12.706  20.297 0.0000000000
68933  -60.875  -12.474  19.802 0.0000000000
66668  -55.314  -14.059  16.863 0.0000000000
65472  -55.828  -14.976  17.559 0.0000000000
66649  -55.181  -14.580  17.074 0.0000000000
65490  -53.723  -15.235  16.860 0.0000000000
66665  -53.148  -14.772  16.189 0.0000000000
70205  -52.480  -11.954  13.114 0.0000000000
69011  -51.582  -12.956  13.213 0.0000000000
69021  -51.206  -12.749  12.600 0.0000000000
70218  -51.716  -12.093  12.121 0.0000000000
73845  -57.960  -8.505  12.333 0.0000000000
73856  -57.975  -8.309  11.348 0.0000000000
44581  -27.282  -33.490  42.077 0.0000000000
44630  -27.990  -32.824  36.496 0.0000000000
44635  -27.781  -33.060  35.674 0.0000000000
44634  -27.468  -33.618  35.427 0.0000000000
45724  -27.911  -32.743  34.942 0.0000000000
47887  -31.645  -30.290  34.415 0.0000000000
47904  -31.178  -30.189  33.512 0.0000000000
44709  -27.667  -33.016  29.042 0.0000000000
47979  -40.535  -29.836  30.581 0.0000000000
51409  -36.648  -27.515  24.377 0.0000000000
50303  -36.745  -28.492  26.237 0.0000000000
50318  -36.119  -28.006  24.846 0.0000000000
50310  -35.603  -28.449  25.416 0.0000000000
50317  -35.565  -27.996  24.270 0.0000000000
61812  -48.178  -18.717  28.688 0.0000000000
63004  -48.517  -18.188  28.941 0.0000000000
58102  -52.081  -22.164  30.739 0.0000000000
58083  -51.754  -21.178  31.091 0.0000000000
59335  -49.292  -20.771  30.491 0.0000000000
58099  -49.348  -21.529  30.080 0.0000000000
59351  -49.008  -21.330  29.987 0.0000000000
58115  -48.470  -21.457  29.187 0.0000000000
58131  -47.724  -21.230  28.053 0.0000000000
59363  -48.088  -21.045  29.079 0.0000000000
60567  -48.192  -19.205  29.164 0.0000000000
60559  -48.092  -19.637  29.229 0.0000000000
61811  -47.799  -19.131  28.184 0.0000000000
55567  -51.566  -23.700  18.497 0.0000000000
58272  -50.123  -20.927  17.037 0.0000000000
46762  -38.392  -30.947  36.563 0.0000000000
46809  -38.743  -30.902  34.625 0.0000000000
47893  -38.327  -30.756  34.868 0.0000000000
46831  -37.602  -30.901  33.632 0.0000000000
46848  -38.268  -31.041  32.865 0.0000000000
60709  -42.627  -19.290  17.512 0.0000000000
61900  -51.236  -18.455  23.314 0.0000000000
60642  -51.147  -19.572  21.953 0.0000000000
60653  -50.188  -19.982  20.944 0.0000000000
59436  -51.259  -21.036  21.727 0.0000000000
60655  -51.459  -20.312  21.893 0.0000000000
59419  -53.407  -20.840  23.570 0.0000000000
59418  -52.915  -20.657  23.094 0.0000000000
58211  -53.553  -21.818  23.611 0.0000000000
58196  -54.045  -21.219  23.844 0.0000000000
49120  -46.906  -29.259  33.094 0.0000000000
49121  -48.186  -28.788  32.570 0.0000000000
50261  -48.631  -28.229  31.976 0.0000000000
49135  -48.007  -28.615  32.058 0.0000000000
51347  -47.120  -27.435  31.456 0.0000000000
51360  -47.541  -26.563  31.049 0.0000000000
53307  -47.454  -24.946  25.371 0.0000000000
52390  -44.859  -26.024  23.154 0.0000000000
52398  -44.866  -26.165  22.461 0.0000000000
59444  -42.015  -20.694  20.992 0.0000000000
65321  -58.377  -16.102  24.630 0.0000000000
63081  -58.600  -17.145  24.666 0.0000000000
65355  -59.804  -15.409  22.542 0.0000000000
64180  -59.144  -16.286  23.128 0.0000000000
64193  -59.367  -16.012  22.360 0.0000000000
72571  -59.651  -9.549  18.729 0.0000000000
72556  -59.963  -9.112  19.192 0.0000000000
72555  -59.613  -9.718  19.334 0.0000000000
71298  -59.470  -10.344  19.235 0.0000000000
70144  -59.595  -11.694  19.096 0.0000000000
71318  -59.222  -10.777  18.680 0.0000000000
71338  -57.299  -10.839  17.343 0.0000000000
70163  -57.763  -11.617  17.847 0.0000000000
70162  -56.901  -11.614  17.291 0.0000000000
68972  -56.875  -12.584  17.377 0.0000000000
68983  -56.186  -12.251  16.918 0.0000000000
68981  -54.822  -12.870  16.108 0.0000000000
70173  -55.719  -11.472  16.330 0.0000000000
72610  -55.888  -10.203  15.417 0.0000000000
70195  -55.027  -11.230  14.999 0.0000000000
71370  -55.108  -10.622  14.415 0.0000000000
70194  -54.393  -11.342  14.390 0.0000000000
71369  -54.572  -10.784  13.760 0.0000000000
74987  -57.737  -7.301  9.998 0.0000000000
74976  -57.482  -7.906  10.473 0.0000000000
45657  -29.613  -32.318  41.653 0.0000000000
45665  -28.913  -32.613  40.784 0.0000000000
45666  -29.726  -32.030  40.687 0.0000000000
45684  -29.452  -31.974  38.984 0.0000000000
45697  -29.252  -31.977  38.352 0.0000000000
45696  -28.929  -32.051  37.714 0.0000000000
46727  -29.340  -31.703  37.599 0.0000000000
47970  -32.000  -29.819  30.746 0.0000000000
47969  -30.956  -29.661  30.631 0.0000000000
49141  -31.063  -29.584  29.742 0.0000000000
49192  -29.589  -29.757  27.117 0.0000000000
49151  -29.746  -29.486  29.135 0.0000000000
49173  -29.122  -29.776  28.317 0.0000000000
47983  -28.489  -30.373  28.919 0.0000000000
48003  -28.651  -30.613  27.982 0.0000000000
45772  -28.748  -31.897  27.673 0.0000000000
46880  -29.149  -31.305  26.680 0.0000000000
45789  -30.605  -32.944  25.069 0.0000000000
44749  -30.168  -32.788  25.936 0.0000000000
50299  -41.146  -28.063  28.267 0.0000000000
50298  -40.768  -28.070  27.861 0.0000000000
51389  -40.132  -27.634  27.030 0.0000000000
52372  -39.308  -26.456  24.941 0.0000000000
51404  -39.176  -27.169  25.728 0.0000000000
51411  -38.385  -27.094  24.763 0.0000000000
51410  -37.550  -27.285  24.533 0.0000000000
52382  -38.050  -26.772  23.635 0.0000000000
61910  -46.276  -18.289  22.636 0.0000000000
63090  -49.834  -17.963  24.603 0.0000000000
63076  -50.648  -17.761  25.471 0.0000000000
63060  -52.601  -17.700  26.284 0.0000000000
52259  -51.392  -25.881  31.670 0.0000000000
52280  -51.461  -25.825  31.166 0.0000000000
53231  -51.338  -25.147  30.220 0.0000000000
52310  -50.972  -25.597  29.960 0.0000000000
53246  -50.812  -25.221  29.407 0.0000000000
52326  -50.351  -25.712  28.867 0.0000000000
53245  -50.428  -25.262  28.800 0.0000000000
56833  -51.099  -23.216  29.927 0.0000000000
56844  -50.121  -23.154  28.788 0.0000000000
55441  -49.526  -23.696  27.360 0.0000000000
55442  -50.059  -24.008  27.799 0.0000000000
54265  -49.304  -24.212  26.899 0.0000000000
54245  -49.805  -24.555  27.485 0.0000000000
54264  -48.611  -24.261  26.340 0.0000000000
55467  -47.259  -23.489  24.829 0.0000000000
55479  -46.853  -23.406  24.138 0.0000000000
55488  -46.661  -23.647  23.878 0.0000000000
55486  -45.624  -23.594  22.846 0.0000000000
56913  -46.336  -22.971  23.724 0.0000000000
56899  -45.791  -22.356  24.142 0.0000000000
58209  -45.338  -22.096  24.125 0.0000000000
58208  -44.695  -21.978  23.791 0.0000000000
58173  -46.959  -21.626  26.667 0.0000000000
59386  -46.586  -20.749  26.607 0.0000000000
60598  -45.656  -20.097  25.465 0.0000000000
59403  -44.745  -20.627  24.767 0.0000000000
59417  -44.181  -20.941  24.268 0.0000000000
59416  -43.823  -20.705  23.631 0.0000000000
60631  -44.189  -19.887  23.848 0.0000000000
61895  -44.986  -19.121  23.786 0.0000000000
61894  -44.376  -19.403  23.424 0.0000000000
61908  -44.376  -19.099  22.948 0.0000000000
76033  -61.261  -6.529  15.079 0.0000000000
74938  -60.519  -7.055  13.295 0.0000000000
76069  -61.126  -6.506  12.108 0.0000000000
76085  -60.944  -6.343  11.462 0.0000000000
74978  -59.553  -6.957  10.922 0.0000000000
76102  -60.733  -6.140  10.745 0.0000000000
46684  -33.911  -31.076  39.606 0.0000000000
46706  -34.170  -30.940  38.518 0.0000000000
47853  -34.236  -30.700  36.877 0.0000000000
47852  -33.732  -30.665  36.667 0.0000000000
47876  -32.929  -30.373  35.299 0.0000000000
47877  -33.838  -30.463  35.390 0.0000000000
46784  -36.155  -30.910  35.203 0.0000000000
47928  -34.926  -30.300  32.610 0.0000000000
47907  -34.216  -30.351  33.559 0.0000000000
47906  -33.208  -30.284  33.509 0.0000000000
47953  -33.430  -30.125  31.637 0.0000000000
47986  -33.520  -30.070  29.829 0.0000000000
48004  -33.211  -29.788  29.178 0.0000000000
49176  -32.315  -29.442  28.199 0.0000000000
61935  -46.675  -18.385  20.411 0.0000000000
60677  -46.338  -18.676  19.035 0.0000000000
61925  -48.922  -18.833  20.974 0.0000000000
61937  -48.459  -19.010  20.243 0.0000000000
60698  -47.517  -20.126  18.103 0.0000000000
58229  -51.074  -21.944  21.582 0.0000000000
56934  -51.532  -22.718  21.933 0.0000000000
143041  -51.952  -24.764  21.333 0.0000000000
56935  -53.179  -23.222  21.217 0.0000000000
56945  -52.953  -22.371  20.533 0.0000000000
58238  -53.150  -21.429  20.555 0.0000000000
46813  -42.807  -31.391  35.014 0.0000000000
46837  -43.526  -30.971  34.326 0.0000000000
47937  -44.012  -29.931  32.837 0.0000000000
47912  -43.251  -30.378  33.579 0.0000000000
47962  -42.587  -29.816  31.843 0.0000000000
47963  -43.536  -29.630  32.105 0.0000000000
51356  -43.712  -27.634  30.666 0.0000000000
50257  -44.429  -28.529  31.541 0.0000000000
50268  -43.526  -28.304  30.904 0.0000000000
49147  -42.965  -28.723  30.675 0.0000000000
50273  -42.944  -28.160  30.335 0.0000000000
50288  -42.042  -28.090  29.308 0.0000000000
51367  -42.597  -27.581  29.652 0.0000000000
53240  -43.012  -25.851  28.890 0.0000000000
52320  -42.245  -26.599  28.688 0.0000000000
53264  -42.076  -25.982  27.877 0.0000000000
53287  -42.167  -25.284  26.832 0.0000000000
51363  -50.636  -26.343  30.933 0.0000000000
52306  -48.088  -25.856  28.654 0.0000000000
53269  -47.042  -25.917  26.722 0.0000000000
52343  -47.091  -26.023  27.059 0.0000000000
53267  -45.475  -25.522  27.289 0.0000000000
53242  -45.252  -25.359  28.345 0.0000000000
53241  -44.102  -25.240  28.655 0.0000000000
53288  -43.442  -25.292  26.376 0.0000000000
52365  -42.932  -25.573  25.225 0.0000000000
55504  -44.780  -24.055  21.956 0.0000000000
54309  -44.589  -24.591  21.639 0.0000000000
54308  -44.031  -24.220  21.505 0.0000000000
45626  -29.351  -32.555  43.571 0.0000000000
46688  -38.043  -31.090  39.567 0.0000000000
46740  -42.723  -31.198  37.492 0.0000000000
46816  -45.091  -30.373  35.289 0.0000000000
49102  -47.170  -28.932  36.055 0.0000000000
47870  -46.624  -29.342  36.103 0.0000000000
47883  -46.931  -29.490  35.592 0.0000000000
47884  -47.530  -29.351  35.349 0.0000000000
47898  -47.613  -29.540  35.061 0.0000000000
49108  -47.906  -28.964  35.235 0.0000000000
51306  -48.434  -27.542  35.062 0.0000000000
50241  -48.358  -28.261  34.704 0.0000000000
51307  -48.953  -27.274  34.567 0.0000000000
51329  -49.290  -27.561  33.855 0.0000000000
53139  -49.877  -25.105  34.087 0.0000000000
53147  -50.622  -24.981  33.266 0.0000000000
54161  -51.874  -23.696  33.111 0.0000000000
55377  -52.348  -23.383  33.183 0.0000000000
54170  -52.733  -23.566  32.493 0.0000000000
61778  -51.805  -18.591  32.646 0.0000000000
64076  -51.299  -16.625  32.640 0.0000000000
64086  -50.979  -16.339  32.038 0.0000000000
65232  -51.273  -15.583  31.982 0.0000000000
66427  -51.831  -14.746  31.687 0.0000000000
65248  -51.569  -15.117  30.954 0.0000000000
65269  -52.711  -15.269  29.774 0.0000000000
64103  -53.118  -15.749  29.017 0.0000000000
64123  -53.586  -16.330  28.306 0.0000000000
63019  -54.052  -17.124  27.803 0.0000000000
63061  -53.823  -18.104  26.317 0.0000000000
63040  -54.580  -17.919  27.087 0.0000000000
64126  -56.206  -15.982  28.048 0.0000000000
61825  -55.885  -17.796  26.529 0.0000000000
61840  -55.703  -18.343  25.972 0.0000000000
61839  -54.721  -18.217  26.338 0.0000000000
61883  -55.184  -19.259  24.904 0.0000000000
60601  -55.503  -19.420  25.029 0.0000000000
59409  -56.599  -19.844  24.589 0.0000000000
60619  -55.772  -19.877  24.779 0.0000000000
59408  -56.148  -20.453  24.401 0.0000000000
58198  -55.516  -21.216  23.828 0.0000000000
58199  -56.053  -20.986  23.999 0.0000000000
63102  -58.495  -17.733  23.927 0.0000000000
60637  -57.730  -18.931  24.452 0.0000000000
60659  -56.798  -19.432  22.096 0.0000000000
60646  -57.129  -19.893  23.006 0.0000000000
59440  -56.039  -20.607  22.335 0.0000000000
58222  -55.660  -21.616  22.905 0.0000000000
59427  -55.783  -21.086  22.549 0.0000000000
58231  -54.907  -21.616  21.951 0.0000000000
59439  -55.427  -20.789  21.934 0.0000000000
61939  -54.287  -19.053  20.687 0.0000000000
60656  -54.482  -19.928  20.943 0.0000000000
61938  -53.695  -19.312  20.327 0.0000000000
60667  -53.350  -19.710  20.194 0.0000000000
61951  -53.385  -18.790  19.678 0.0000000000
66597  -60.741  -14.508  20.294 0.0000000000
65414  -60.624  -14.922  20.787 0.0000000000
65413  -60.021  -15.274  20.460 0.0000000000
64221  -59.418  -15.803  20.815 0.0000000000
65412  -59.244  -15.473  20.049 0.0000000000
67764  -59.053  -12.906  18.986 0.0000000000
67745  -59.139  -13.469  19.144 0.0000000000
67744  -58.694  -13.554  18.894 0.0000000000
65449  -56.661  -15.138  18.215 0.0000000000
64256  -57.247  -15.371  18.904 0.0000000000
64235  -57.581  -15.894  19.620 0.0000000000
64233  -56.011  -16.918  19.687 0.0000000000
64254  -55.668  -16.601  18.991 0.0000000000
64277  -53.390  -16.710  18.039 0.0000000000
64252  -54.004  -17.117  18.601 0.0000000000
63162  -53.216  -17.256  18.354 0.0000000000
61964  -52.985  -18.335  18.973 0.0000000000
63146  -52.079  -18.317  18.418 0.0000000000
63160  -51.635  -17.760  17.793 0.0000000000
64300  -50.946  -16.280  16.156 0.0000000000
64292  -50.598  -16.954  16.589 0.0000000000
64299  -50.145  -16.652  16.030 0.0000000000
63176  -49.852  -17.274  16.341 0.0000000000
67808  -53.473  -13.540  15.556 0.0000000000
66680  -52.813  -14.306  15.711 0.0000000000
67807  -52.519  -13.769  15.240 0.0000000000
66696  -50.254  -14.214  13.712 0.0000000000
66690  -50.788  -14.489  14.508 0.0000000000
66689  -49.874  -14.946  14.240 0.0000000000
65503  -48.747  -16.175  14.548 0.0000000000
73812  -58.594  -8.140  14.607 0.0000000000
73798  -57.843  -8.492  15.203 0.0000000000
72653  -56.343  -9.538  12.214 0.0000000000
72635  -56.135  -9.447  13.268 0.0000000000
71399  -54.910  -10.286  12.504 0.0000000000
71408  -54.719  -10.216  12.000 0.0000000000
73863  -56.358  -8.909  10.507 0.0000000000
72670  -56.125  -9.384  10.774 0.0000000000
73862  -55.351  -9.108  10.230 0.0000000000
71415  -53.473  -10.127  10.886 0.0000000000
70228  -52.353  -11.067  11.311 0.0000000000
44598  -28.240  -32.993  39.961 0.0000000000
44597  -27.500  -33.506  40.059 0.0000000000
43547  -26.729  -33.868  37.392 0.0000000000
43540  -26.677  -33.579  38.329 0.0000000000
43562  -26.085  -33.882  35.984 0.0000000000
43575  -27.055  -33.965  34.047 0.0000000000
43574  -26.667  -34.031  34.336 0.0000000000
46730  -32.288  -30.920  37.618 0.0000000000
46805  -30.206  -30.729  35.254 0.0000000000
46804  -29.361  -31.130  35.104 0.0000000000
46781  -28.937  -31.665  35.895 0.0000000000
47950  -30.347  -29.882  31.580 0.0000000000
47901  -28.336  -30.949  32.659 0.0000000000
46827  -28.144  -31.577  33.525 0.0000000000
45735  -27.456  -32.793  33.622 0.0000000000
46826  -27.609  -32.162  32.849 0.0000000000
44722  -29.322  -32.893  27.571 0.0000000000
44711  -29.181  -33.285  28.148 0.0000000000
46835  -41.465  -31.187  33.827 0.0000000000
46834  -40.379  -31.254  33.863 0.0000000000
46851  -40.908  -31.093  33.176 0.0000000000
47959  -39.513  -30.468  31.322 0.0000000000
47958  -38.547  -30.615  31.243 0.0000000000
47976  -38.172  -30.096  30.362 0.0000000000
49202  -39.595  -28.789  28.159 0.0000000000
49182  -39.271  -29.142  28.695 0.0000000000
49201  -38.957  -28.790  27.997 0.0000000000
49199  -36.915  -29.076  27.815 0.0000000000
49180  -37.185  -29.215  28.759 0.0000000000
49179  -36.416  -29.160  28.411 0.0000000000
48008  -36.431  -29.269  28.925 0.0000000000
48007  -35.695  -29.420  28.738 0.0000000000
48020  -35.371  -29.176  28.112 0.0000000000
49220  -34.537  -29.094  25.449 0.0000000000
49219  -33.363  -29.441  25.447 0.0000000000
49227  -33.039  -29.325  24.537 0.0000000000
50344  -38.566  -28.239  20.932 0.0000000000
50343  -37.306  -28.442  21.212 0.0000000000
48068  -36.683  -30.205  21.652 0.0000000000
49258  -35.969  -29.531  21.462 0.0000000000
50340  -34.558  -29.305  21.713 0.0000000000
49257  -35.021  -29.714  21.490 0.0000000000
45833  -34.024  -32.331  22.505 0.0000000000
48052  -33.635  -30.832  21.996 0.0000000000
48051  -32.877  -30.939  22.390 0.0000000000
49234  -32.057  -30.190  23.299 0.0000000000
46910  -32.696  -31.772  22.720 0.0000000000
61796  -48.807  -18.874  30.036 0.0000000000
61804  -49.018  -18.179  29.917 0.0000000000
62996  -49.524  -17.428  30.283 0.0000000000
59319  -50.945  -20.138  31.397 0.0000000000
59334  -48.701  -20.226  30.177 0.0000000000
54337  -52.218  -23.813  19.712 0.0000000000
55533  -51.815  -23.088  19.102 0.0000000000
55547  -51.331  -22.634  18.488 0.0000000000
55546  -51.116  -22.498  18.144 0.0000000000
56985  -50.689  -22.193  17.394 0.0000000000
56967  -51.013  -22.092  18.039 0.0000000000
59475  -50.930  -20.649  17.877 0.0000000000
59492  -50.455  -20.198  17.319 0.0000000000
46763  -39.441  -31.175  36.610 0.0000000000
61915  -52.183  -19.324  22.704 0.0000000000
60633  -52.555  -19.583  22.803 0.0000000000
60634  -53.160  -19.842  23.209 0.0000000000
60635  -53.688  -20.106  23.639 0.0000000000
49114  -48.621  -28.707  32.831 0.0000000000
50250  -49.070  -28.263  32.466 0.0000000000
51349  -49.157  -27.157  31.661 0.0000000000
54287  -46.805  -24.216  24.163 0.0000000000
60649  -42.519  -19.921  21.242 0.0000000000
59456  -41.762  -20.364  20.325 0.0000000000
71340  -58.754  -10.252  18.070 0.0000000000
72586  -57.804  -10.445  17.453 0.0000000000
71352  -57.079  -10.560  16.925 0.0000000000
71350  -55.979  -10.819  16.186 0.0000000000
72598  -56.780  -10.265  16.389 0.0000000000
72611  -56.423  -9.965  15.727 0.0000000000
45667  -30.237  -31.887  40.987 0.0000000000
46680  -30.201  -31.713  40.291 0.0000000000
46702  -30.134  -31.618  39.373 0.0000000000
49153  -31.735  -29.546  29.131 0.0000000000
49152  -30.696  -29.464  29.034 0.0000000000
48017  -29.409  -30.494  26.523 0.0000000000
48028  -29.852  -30.769  25.515 0.0000000000
46889  -29.842  -31.369  25.316 0.0000000000
45801  -30.955  -32.697  24.355 0.0000000000
53285  -40.709  -26.206  26.656 0.0000000000
52351  -40.006  -26.811  26.372 0.0000000000
53312  -39.966  -26.177  25.708 0.0000000000
61896  -46.046  -18.474  23.714 0.0000000000
61855  -47.673  -18.193  25.300 0.0000000000
63058  -50.388  -17.556  26.339 0.0000000000
53190  -51.743  -24.584  31.637 0.0000000000
52281  -51.613  -25.313  31.376 0.0000000000
53215  -51.820  -24.934  31.085 0.0000000000
54223  -51.245  -24.564  29.876 0.0000000000
56843  -49.448  -22.686  28.563 0.0000000000
56859  -49.252  -23.000  27.795 0.0000000000
56877  -49.001  -23.174  27.181 0.0000000000
55456  -48.288  -23.578  26.164 0.0000000000
56901  -47.049  -23.093  24.580 0.0000000000
58195  -46.233  -22.049  25.082 0.0000000000
60586  -47.061  -19.953  27.090 0.0000000000
60585  -46.626  -20.047  26.405 0.0000000000
60599  -46.308  -19.765  25.823 0.0000000000
60614  -45.144  -19.825  24.949 0.0000000000
60632  -44.792  -19.620  24.314 0.0000000000
47854  -34.784  -30.764  37.055 0.0000000000
47866  -34.950  -30.840  36.436 0.0000000000
47892  -36.115  -30.774  34.407 0.0000000000
47909  -36.096  -30.704  33.857 0.0000000000
47954  -34.471  -30.140  31.621 0.0000000000
47987  -34.469  -30.182  29.749 0.0000000000
61923  -46.488  -18.251  21.522 0.0000000000
60652  -49.518  -19.459  20.651 0.0000000000
56923  -52.151  -22.857  22.501 0.0000000000
55496  -52.376  -23.822  22.626 0.0000000000
54312  -52.936  -24.417  21.854 0.0000000000
54313  -53.531  -24.144  22.491 0.0000000000
55508  -53.624  -23.688  21.895 0.0000000000
56936  -53.719  -22.422  21.624 0.0000000000
46838  -44.368  -30.749  34.579 0.0000000000
51345  -45.508  -27.819  31.542 0.0000000000
50258  -45.428  -28.439  31.908 0.0000000000
51357  -44.449  -27.685  31.087 0.0000000000
52303  -42.655  -26.999  29.481 0.0000000000
52304  -43.332  -26.467  29.713 0.0000000000
53226  -43.457  -26.002  29.456 0.0000000000
52308  -49.967  -26.152  29.331 0.0000000000
52295  -49.316  -26.175  30.095 0.0000000000
53305  -45.728  -25.779  25.654 0.0000000000
52354  -44.130  -25.842  25.916 0.0000000000
46741  -43.161  -31.060  37.374 0.0000000000
46742  -43.539  -30.741  37.443 0.0000000000
49103  -47.652  -28.644  35.698 0.0000000000
50218  -47.562  -27.997  36.157 0.0000000000
54159  -50.569  -24.185  34.061 0.0000000000
65218  -52.085  -15.067  33.282 0.0000000000
66392  -51.826  -15.031  32.740 0.0000000000
66393  -52.415  -14.353  32.797 0.0000000000
66411  -52.423  -14.330  32.023 0.0000000000
64104  -54.189  -15.713  28.970 0.0000000000
64125  -55.465  -16.248  28.235 0.0000000000
65301  -56.737  -15.724  26.708 0.0000000000
64127  -56.599  -16.203  27.133 0.0000000000
63022  -56.319  -16.620  27.265 0.0000000000
63043  -56.692  -16.935  26.480 0.0000000000
61826  -56.415  -17.521  26.347 0.0000000000
61841  -56.395  -18.144  25.948 0.0000000000
60602  -55.949  -19.313  25.456 0.0000000000
60603  -56.614  -18.925  25.592 0.0000000000
61917  -57.934  -18.292  22.924 0.0000000000
61930  -57.057  -18.726  21.786 0.0000000000
60657  -55.077  -20.008  21.368 0.0000000000
61929  -56.244  -18.767  21.243 0.0000000000
61940  -55.285  -18.360  20.504 0.0000000000
67729  -60.839  -13.492  20.637 0.0000000000
66614  -61.017  -14.232  20.079 0.0000000000
66613  -60.497  -14.271  19.808 0.0000000000
67782  -57.429  -13.345  17.819 0.0000000000
66631  -57.790  -14.001  18.203 0.0000000000
65473  -56.437  -14.510  17.711 0.0000000000
65448  -55.789  -15.758  18.180 0.0000000000
65447  -55.015  -16.121  18.266 0.0000000000
64278  -54.301  -16.134  18.030 0.0000000000
64276  -52.191  -16.992  17.602 0.0000000000
64294  -52.482  -16.369  17.112 0.0000000000
65488  -51.998  -16.090  16.617 0.0000000000
65500  -51.523  -15.636  15.980 0.0000000000
69001  -53.141  -12.781  14.600 0.0000000000
67822  -52.303  -13.315  14.484 0.0000000000
67835  -51.830  -13.289  13.963 0.0000000000
67820  -50.897  -13.856  13.870 0.0000000000
66695  -49.423  -14.574  13.339 0.0000000000
73826  -58.218  -8.229  13.518 0.0000000000
73844  -57.079  -9.206  12.230 0.0000000000
73874  -54.362  -9.058  9.746 0.0000000000
72679  -54.102  -9.367  10.203 0.0000000000
44596  -26.679  -33.482  40.031 0.0000000000
44614  -28.297  -32.770  38.050 0.0000000000
44613  -27.739  -33.310  38.377 0.0000000000
44622  -27.712  -33.251  37.321 0.0000000000
43548  -27.244  -33.955  36.895 0.0000000000
43554  -27.201  -34.103  35.919 0.0000000000
43563  -26.666  -34.177  35.422 0.0000000000
44655  -27.167  -33.619  33.723 0.0000000000
47862  -31.765  -30.537  35.782 0.0000000000
47874  -31.189  -30.519  35.389 0.0000000000
47967  -29.004  -29.798  30.616 0.0000000000
47948  -28.438  -30.227  31.233 0.0000000000
47947  -27.647  -30.894  30.959 0.0000000000
46844  -27.453  -32.125  32.021 0.0000000000
45753  -27.077  -32.849  30.325 0.0000000000
44692  -27.431  -33.822  29.327 0.0000000000
44693  -28.752  -34.008  28.852 0.0000000000
47935  -42.025  -30.408  32.435 0.0000000000
47934  -40.985  -30.683  32.354 0.0000000000
47960  -40.661  -30.185  31.247 0.0000000000
47978  -39.932  -30.060  30.629 0.0000000000
49143  -39.433  -29.757  30.095 0.0000000000
50313  -38.034  -28.046  26.239 0.0000000000
49200  -37.913  -28.859  27.697 0.0000000000
50304  -37.630  -28.485  26.756 0.0000000000
49212  -36.727  -28.934  27.028 0.0000000000
49211  -35.753  -28.803  26.571 0.0000000000
49197  -35.092  -29.062  27.534 0.0000000000
49221  -35.098  -28.774  26.040 0.0000000000
50309  -35.074  -28.615  24.823 0.0000000000
45836  -36.516  -31.863  22.602 0.0000000000
46923  -35.091  -31.438  21.919 0.0000000000
63033  -47.747  -18.526  27.287 0.0000000000
63055  -47.717  -18.283  26.656 0.0000000000
63014  -49.146  -17.402  28.241 0.0000000000
64119  -49.754  -17.100  28.395 0.0000000000
64120  -50.333  -16.857  28.506 0.0000000000
56803  -52.808  -22.465  31.401 0.0000000000
56819  -52.349  -22.784  30.853 0.0000000000
56817  -50.939  -22.487  30.224 0.0000000000
58100  -50.070  -21.880  30.262 0.0000000000
58117  -49.874  -22.286  29.569 0.0000000000
58133  -48.943  -22.253  28.647 0.0000000000
58152  -48.145  -22.161  27.662 0.0000000000
59373  -47.390  -20.717  27.741 0.0000000000
59349  -47.999  -20.225  29.238 0.0000000000
60574  -47.463  -19.824  28.011 0.0000000000
61821  -47.542  -19.125  27.548 0.0000000000
46709  -37.394  -30.961  38.553 0.0000000000
46734  -36.732  -30.872  37.452 0.0000000000
46761  -37.337  -30.828  36.487 0.0000000000
46785  -37.021  -30.802  35.442 0.0000000000
47930  -37.096  -30.813  32.114 0.0000000000
61926  -49.906  -19.235  21.208 0.0000000000
59434  -50.031  -20.679  20.666 0.0000000000
59446  -50.181  -21.316  20.700 0.0000000000
59435  -50.599  -21.004  21.156 0.0000000000
59426  -52.503  -20.829  22.637 0.0000000000
58220  -52.348  -21.757  22.536 0.0000000000
56924  -52.663  -22.445  22.963 0.0000000000
56914  -53.169  -22.558  23.385 0.0000000000
56915  -53.825  -22.595  23.534 0.0000000000
47916  -46.989  -29.737  34.235 0.0000000000
47940  -46.647  -29.688  33.732 0.0000000000
50259  -46.512  -28.151  31.844 0.0000000000
51346  -46.236  -27.456  31.410 0.0000000000
52292  -45.687  -26.180  30.650 0.0000000000
52359  -48.665  -25.453  27.045 0.0000000000
52345  -48.450  -25.792  27.380 0.0000000000
52358  -48.021  -25.624  26.798 0.0000000000
53292  -47.410  -25.582  26.332 0.0000000000
53316  -44.925  -25.836  24.448 0.0000000000
52389  -44.390  -26.536  23.404 0.0000000000
51435  -45.097  -27.477  22.044 0.0000000000
58226  -42.882  -21.670  21.894 0.0000000000
56941  -42.535  -22.590  21.020 0.0000000000
56940  -41.634  -22.667  20.398 0.0000000000
56953  -40.998  -22.445  19.968 0.0000000000
58245  -41.211  -21.693  20.258 0.0000000000
64150  -57.935  -16.680  25.331 0.0000000000
63080  -58.254  -17.250  25.113 0.0000000000
61863  -57.888  -17.899  25.241 0.0000000000
63093  -58.433  -17.606  24.650 0.0000000000
64170  -59.014  -16.629  23.875 0.0000000000
63103  -58.939  -17.094  23.498 0.0000000000
63109  -58.394  -17.633  22.779 0.0000000000
63116  -58.310  -17.164  21.609 0.0000000000
70101  -60.066  -11.905  19.937 0.0000000000
70123  -60.567  -12.183  19.886 0.0000000000
70145  -59.881  -11.822  19.448 0.0000000000
68953  -59.504  -12.348  19.086 0.0000000000
68952  -58.802  -12.514  18.671 0.0000000000
70164  -58.310  -11.632  18.202 0.0000000000
68974  -58.233  -12.307  18.222 0.0000000000
67783  -57.910  -12.869  18.044 0.0000000000
67781  -56.270  -13.254  17.188 0.0000000000
67780  -55.843  -13.577  17.025 0.0000000000
66667  -54.771  -14.114  16.585 0.0000000000
66666  -53.908  -14.265  16.196 0.0000000000
67795  -54.283  -13.511  16.021 0.0000000000
67809  -53.942  -13.279  15.680 0.0000000000
68991  -54.074  -12.788  15.452 0.0000000000
70183  -55.168  -11.462  15.604 0.0000000000
70182  -54.604  -11.857  15.174 0.0000000000
70193  -53.577  -11.789  14.034 0.0000000000
70206  -53.134  -11.365  13.157 0.0000000000
73865  -57.859  -8.110  10.848 0.0000000000
74975  -56.930  -8.271  10.408 0.0000000000
73876  -55.997  -8.364  9.824 0.0000000000
44582  -28.049  -33.194  41.898 0.0000000000
44606  -28.331  -32.922  38.996 0.0000000000
47925  -31.798  -30.098  32.568 0.0000000000
47968  -29.896  -29.658  30.720 0.0000000000
49139  -29.435  -29.563  29.984 0.0000000000
49138  -28.898  -29.811  30.031 0.0000000000
45765  -29.044  -32.727  27.729 0.0000000000
45780  -29.528  -31.912  26.143 0.0000000000
45774  -29.743  -32.824  26.767 0.0000000000
49160  -41.581  -28.737  29.476 0.0000000000
49159  -40.699  -29.056  29.478 0.0000000000
49184  -41.080  -28.639  28.941 0.0000000000
50306  -39.247  -28.057  26.970 0.0000000000
51396  -39.659  -27.436  26.570 0.0000000000
51395  -38.983  -27.600  26.120 0.0000000000
50305  -38.623  -28.024  26.587 0.0000000000
51402  -37.593  -27.590  25.195 0.0000000000
51401  -37.103  -27.578  24.873 0.0000000000
51418  -36.666  -27.231  23.399 0.0000000000
61932  -43.733  -18.852  21.263 0.0000000000
60663  -43.827  -18.777  20.041 0.0000000000
63074  -48.575  -17.930  25.630 0.0000000000
63100  -48.968  -17.965  24.320 0.0000000000
61878  -50.377  -18.030  24.256 0.0000000000
63092  -51.407  -18.084  24.664 0.0000000000
61856  -52.450  -18.124  25.116 0.0000000000
51331  -50.645  -26.599  32.622 0.0000000000
51340  -50.933  -26.601  32.034 0.0000000000
51351  -51.069  -26.377  31.373 0.0000000000
52298  -51.442  -25.572  30.682 0.0000000000
52297  -50.904  -25.941  30.386 0.0000000000
52309  -50.539  -25.834  29.682 0.0000000000
52347  -50.063  -25.822  28.138 0.0000000000
55410  -51.619  -23.635  30.397 0.0000000000
55422  -51.138  -23.939  29.751 0.0000000000
54222  -50.886  -24.383  29.411 0.0000000000
55431  -50.314  -23.917  28.415 0.0000000000
54232  -50.518  -24.673  28.848 0.0000000000
53270  -49.698  -25.151  27.512 0.0000000000
54278  -47.954  -23.979  25.874 0.0000000000
54277  -47.494  -24.107  25.214 0.0000000000
54293  -46.523  -23.936  23.739 0.0000000000
54300  -45.338  -24.294  22.369 0.0000000000
55495  -44.975  -23.689  22.285 0.0000000000
56912  -45.572  -22.756  23.435 0.0000000000
56921  -44.485  -22.921  22.521 0.0000000000
56920  -43.746  -22.457  22.422 0.0000000000
58217  -43.841  -22.054  22.891 0.0000000000
58183  -45.888  -21.470  25.583 0.0000000000
59385  -46.167  -20.868  26.216 0.0000000000
58171  -45.967  -21.132  26.031 0.0000000000
58193  -44.909  -21.457  24.565 0.0000000000
58207  -43.964  -21.541  23.530 0.0000000000
59433  -43.092  -20.798  22.320 0.0000000000
60639  -43.487  -20.074  22.734 0.0000000000
60640  -43.985  -19.650  23.124 0.0000000000
60650  -43.209  -19.659  21.868 0.0000000000
61920  -43.513  -19.066  21.459 0.0000000000
73785  -58.884  -8.553  16.224 0.0000000000
74913  -59.793  -7.721  16.008 0.0000000000
73813  -58.993  -8.079  15.157 0.0000000000
74924  -59.476  -7.734  14.849 0.0000000000
74936  -58.997  -7.906  14.019 0.0000000000
74937  -59.706  -7.526  13.689 0.0000000000
76059  -61.746  -6.242  13.192 0.0000000000
76058  -61.181  -6.607  12.871 0.0000000000
74951  -60.529  -6.969  12.404 0.0000000000
74988  -58.525  -7.030  10.058 0.0000000000
76108  -59.742  -6.251  9.864 0.0000000000
76107  -58.924  -6.560  9.734 0.0000000000
46731  -33.425  -30.736  37.303 0.0000000000
46757  -32.632  -30.700  36.751 0.0000000000
47863  -32.343  -30.533  35.985 0.0000000000
47888  -32.596  -30.295  34.401 0.0000000000
46759  -35.498  -30.863  36.577 0.0000000000
47867  -35.495  -30.884  36.262 0.0000000000
47878  -34.722  -30.689  35.496 0.0000000000
47891  -35.550  -30.711  34.697 0.0000000000
47952  -32.410  -30.047  31.644 0.0000000000
47985  -32.527  -29.865  29.783 0.0000000000
49194  -31.901  -29.383  27.214 0.0000000000
52385  -40.672  -26.435  23.475 0.0000000000
60676  -44.041  -18.712  19.213 0.0000000000
61960  -44.852  -18.588  19.141 0.0000000000
60695  -44.584  -18.875  18.359 0.0000000000
60711  -44.979  -19.252  17.244 0.0000000000
61949  -47.397  -18.897  19.378 0.0000000000
60664  -48.283  -19.134  19.856 0.0000000000
60678  -46.925  -18.913  18.864 0.0000000000
56933  -51.008  -23.044  21.386 0.0000000000
54325  -52.459  -24.287  20.800 0.0000000000
55534  -52.381  -22.875  19.730 0.0000000000
56957  -52.465  -22.066  19.681 0.0000000000
47911  -42.311  -30.697  33.248 0.0000000000
49118  -44.673  -29.562  32.501 0.0000000000
49131  -44.136  -29.245  31.890 0.0000000000
49130  -43.151  -29.138  31.240 0.0000000000
49146  -42.384  -28.937  30.243 0.0000000000
50271  -41.960  -28.372  29.421 0.0000000000
50287  -41.539  -28.143  28.863 0.0000000000
51391  -41.301  -27.531  28.062 0.0000000000
52319  -41.696  -26.916  28.199 0.0000000000
52341  -41.338  -26.626  27.587 0.0000000000
53286  -41.174  -26.002  26.992 0.0000000000
53314  -41.256  -25.411  25.047 0.0000000000
51361  -48.668  -26.375  31.076 0.0000000000
52293  -46.756  -25.909  30.592 0.0000000000
53212  -45.881  -25.448  30.083 0.0000000000
53244  -47.369  -25.854  28.190 0.0000000000
53268  -46.467  -25.913  27.043 0.0000000000
53229  -46.104  -25.433  29.116 0.0000000000
53315  -41.951  -25.469  24.785 0.0000000000
55516  -42.074  -23.411  20.361 0.0000000000
61787  -50.712  -18.468  31.897 0.0000000000
62978  -50.947  -17.533  32.239 0.0000000000
64066  -51.821  -16.397  33.366 0.0000000000
45644  -28.703  -32.852  42.717 0.0000000000
45645  -29.519  -32.455  42.639 0.0000000000
45646  -30.451  -32.054  42.561 0.0000000000
46646  -30.921  -31.793  42.047 0.0000000000
46647  -31.632  -31.621  41.887 0.0000000000
46648  -32.566  -31.520  41.816 0.0000000000
46664  -32.709  -31.326  40.791 0.0000000000
46665  -33.724  -31.262  40.677 0.0000000000
46666  -34.742  -31.321  40.571 0.0000000000
46686  -35.986  -31.054  39.529 0.0000000000
46687  -37.028  -31.018  39.553 0.0000000000
46710  -38.456  -31.103  38.602 0.0000000000
46737  -39.965  -31.318  37.634 0.0000000000
46765  -41.556  -31.441  36.710 0.0000000000
46739  -41.974  -31.287  37.626 0.0000000000
46791  -43.035  -31.418  35.926 0.0000000000
46792  -43.737  -31.017  35.987 0.0000000000
46768  -43.715  -30.872  36.717 0.0000000000
46815  -44.418  -30.825  35.295 0.0000000000
47896  -46.015  -29.921  34.903 0.0000000000
47917  -47.605  -29.583  34.500 0.0000000000
50244  -48.474  -28.661  34.052 0.0000000000
51330  -49.930  -27.109  33.234 0.0000000000
52201  -49.095  -26.329  35.162 0.0000000000
52214  -49.503  -26.546  34.472 0.0000000000
52236  -50.645  -26.070  33.059 0.0000000000
53157  -50.924  -25.495  32.800 0.0000000000
52238  -51.363  -25.073  32.196 0.0000000000
54160  -51.293  -23.909  33.538 0.0000000000
53148  -51.396  -24.320  32.911 0.0000000000
53159  -51.679  -24.411  32.306 0.0000000000
54179  -52.291  -23.977  32.113 0.0000000000
54180  -52.609  -23.724  32.149 0.0000000000
55387  -53.072  -23.184  32.353 0.0000000000
56752  -53.005  -22.154  33.832 0.0000000000
56786  -53.350  -22.311  32.669 0.0000000000
56804  -53.129  -22.628  31.873 0.0000000000
58085  -52.995  -22.063  31.662 0.0000000000
58068  -52.815  -20.974  31.968 0.0000000000
60537  -51.774  -19.625  32.255 0.0000000000
61788  -51.321  -18.877  32.186 0.0000000000
62989  -50.351  -17.480  31.600 0.0000000000
64094  -50.217  -16.361  30.465 0.0000000000
65247  -50.897  -15.803  31.109 0.0000000000
66412  -53.192  -14.087  31.767 0.0000000000
66429  -53.205  -14.462  31.006 0.0000000000
66413  -54.016  -14.169  31.305 0.0000000000
65249  -52.455  -14.814  30.504 0.0000000000
64102  -51.969  -15.908  29.172 0.0000000000
63079  -53.478  -18.192  25.653 0.0000000000
63041  -55.491  -17.543  27.187 0.0000000000
61823  -54.873  -18.107  26.792 0.0000000000
61838  -54.239  -18.237  26.090 0.0000000000
61858  -54.129  -18.364  25.462 0.0000000000
61882  -54.598  -19.085  24.721 0.0000000000
60617  -54.153  -19.773  24.077 0.0000000000
59406  -54.571  -20.581  24.077 0.0000000000
58197  -54.756  -21.406  23.851 0.0000000000
56902  -54.986  -21.689  23.646 0.0000000000
56916  -54.555  -22.265  23.345 0.0000000000
60622  -57.724  -18.640  25.059 0.0000000000
61903  -57.530  -19.250  23.313 0.0000000000
59429  -56.898  -20.334  23.674 0.0000000000
59420  -56.425  -20.750  23.900 0.0000000000
58223  -55.880  -21.286  23.281 0.0000000000
56917  -55.217  -22.058  23.128 0.0000000000
56926  -54.663  -22.444  22.530 0.0000000000
56937  -54.369  -22.028  21.920 0.0000000000
58230  -54.185  -21.531  21.522 0.0000000000
59449  -54.105  -20.405  20.886 0.0000000000
58239  -53.656  -21.482  21.030 0.0000000000
59447  -52.855  -20.811  20.246 0.0000000000
59461  -52.438  -20.486  19.617 0.0000000000
60682  -52.306  -19.592  19.304 0.0000000000
64206  -59.465  -15.909  21.611 0.0000000000
64205  -58.878  -16.465  21.203 0.0000000000
63124  -58.242  -16.786  20.865 0.0000000000
68932  -60.301  -12.686  19.504 0.0000000000
67746  -60.114  -13.517  19.471 0.0000000000
66612  -59.573  -14.170  19.411 0.0000000000
65451  -58.147  -14.397  18.855 0.0000000000
65428  -58.876  -14.819  19.402 0.0000000000
64236  -58.452  -15.510  19.728 0.0000000000
64219  -57.612  -16.624  20.341 0.0000000000
64218  -56.941  -17.056  20.420 0.0000000000
63135  -56.308  -17.133  20.123 0.0000000000
63134  -55.441  -17.470  19.824 0.0000000000
63133  -54.462  -17.851  19.469 0.0000000000
63149  -54.520  -17.333  19.032 0.0000000000
63132  -53.947  -18.187  19.444 0.0000000000
61963  -52.443  -18.800  18.932 0.0000000000
60700  -51.871  -19.514  18.705 0.0000000000
60699  -51.440  -19.473  18.070 0.0000000000
60716  -50.895  -19.338  17.580 0.0000000000
60715  -50.362  -19.179  17.089 0.0000000000
63172  -51.079  -17.460  17.183 0.0000000000
63159  -50.972  -17.786  17.281 0.0000000000
61983  -50.214  -18.464  16.902 0.0000000000
61982  -49.659  -18.225  16.503 0.0000000000
61990  -49.068  -18.410  16.057 0.0000000000
65501  -52.409  -14.951  15.994 0.0000000000
65506  -51.221  -14.898  15.220 0.0000000000
66691  -51.448  -14.282  14.912 0.0000000000
65505  -50.487  -15.646  15.128 0.0000000000
64306  -49.764  -16.179  15.258 0.0000000000
63179  -48.336  -17.495  14.903 0.0000000000
73797  -56.881  -8.862  14.925 0.0000000000
72624  -56.144  -9.432  14.419 0.0000000000
73810  -56.661  -8.824  13.735 0.0000000000
72634  -55.544  -9.930  13.862 0.0000000000
71381  -55.029  -10.380  13.377 0.0000000000
71379  -53.787  -10.769  12.750 0.0000000000
70220  -53.155  -10.872  12.418 0.0000000000
73855  -57.231  -9.086  11.334 0.0000000000
72660  -56.290  -9.515  11.198 0.0000000000
72668  -54.317  -9.656  10.778 0.0000000000
72658  -54.636  -9.913  11.351 0.0000000000
71407  -54.330  -10.165  11.581 0.0000000000
71397  -53.710  -10.554  12.018 0.0000000000
71396  -52.987  -10.746  11.753 0.0000000000
70219  -52.392  -11.452  12.263 0.0000000000
44589  -27.393  -33.569  41.056 0.0000000000
43534  -27.212  -33.582  38.750 0.0000000000
43573  -26.153  -33.726  34.824 0.0000000000
46755  -30.325  -31.114  36.921 0.0000000000
46754  -29.323  -31.544  37.001 0.0000000000
47903  -30.020  -30.393  33.541 0.0000000000
47922  -28.805  -30.455  32.142 0.0000000000
46828  -29.122  -31.013  34.110 0.0000000000
45723  -27.609  -32.799  34.383 0.0000000000
44667  -27.138  -33.661  32.935 0.0000000000
46811  -40.730  -31.377  34.757 0.0000000000
46833  -39.425  -31.118  33.814 0.0000000000
46849  -39.188  -31.024  32.944 0.0000000000
47931  -37.971  -31.009  32.010 0.0000000000
49158  -39.765  -29.288  29.424 0.0000000000
49157  -38.703  -29.567  29.581 0.0000000000
49156  -37.818  -29.432  29.389 0.0000000000
47991  -38.037  -29.700  29.815 0.0000000000
47990  -37.489  -29.803  29.821 0.0000000000
47975  -37.088  -30.202  30.455 0.0000000000
48006  -34.850  -30.113  28.831 0.0000000000
48018  -34.381  -29.730  28.398 0.0000000000
49196  -34.161  -29.536  27.646 0.0000000000
49208  -32.636  -29.489  26.322 0.0000000000
52395  -39.727  -26.624  22.652 0.0000000000
52394  -38.774  -26.364  22.953 0.0000000000
52402  -38.796  -26.481  21.916 0.0000000000
52401  -38.108  -26.574  22.444 0.0000000000
51430  -37.373  -26.816  22.778 0.0000000000
51429  -36.529  -27.303  22.423 0.0000000000
49259  -36.993  -29.421  21.409 0.0000000000
51438  -35.858  -28.295  21.748 0.0000000000
51428  -35.581  -27.953  22.287 0.0000000000
50322  -34.952  -28.111  23.264 0.0000000000
50321  -33.975  -28.709  23.151 0.0000000000
48065  -34.086  -30.471  21.754 0.0000000000
49247  -33.120  -29.906  22.302 0.0000000000
49235  -32.991  -29.308  23.437 0.0000000000
49226  -32.102  -29.605  24.334 0.0000000000
49225  -31.220  -30.290  24.340 0.0000000000
48033  -31.055  -31.023  23.885 0.0000000000
46898  -31.251  -31.817  23.682 0.0000000000
43528  -27.051  -33.673  39.693 0.0000000000
43529  -27.237  -33.579  39.406 0.0000000000
44643  -27.666  -33.249  35.152 0.0000000000
44734  -30.168  -33.067  26.419 0.0000000000
45781  -29.824  -32.542  26.288 0.0000000000
45788  -30.113  -32.316  25.349 0.0000000000
45800  -30.375  -32.102  24.605 0.0000000000
45815  -31.689  -32.480  23.591 0.0000000000
46661  -30.214  -31.824  40.746 0.0000000000
46758  -33.081  -30.674  36.782 0.0000000000
46806  -36.125  -30.826  34.675 0.0000000000
46871  -28.458  -31.480  28.037 0.0000000000
46879  -28.828  -31.366  27.432 0.0000000000
46885  -29.478  -31.125  25.903 0.0000000000
46890  -30.213  -31.526  24.777 0.0000000000
46921  -33.434  -31.646  22.358 0.0000000000
46924  -36.022  -31.298  22.093 0.0000000000
46936  -35.487  -30.927  21.825 0.0000000000
47880  -38.210  -30.725  35.109 0.0000000000
47881  -38.389  -30.792  35.328 0.0000000000
47894  -38.504  -30.799  35.089 0.0000000000
48024  -29.804  -30.387  25.965 0.0000000000
48029  -30.205  -30.747  25.020 0.0000000000
48032  -30.572  -30.907  24.429 0.0000000000
48042  -32.222  -31.033  22.859 0.0000000000
48053  -34.356  -30.987  21.834 0.0000000000
48054  -36.002  -30.863  21.902 0.0000000000
48055  -36.460  -30.815  21.986 0.0000000000
48066  -34.819  -30.549  21.654 0.0000000000
48067  -35.770  -30.451  21.661 0.0000000000
49122  -48.641  -28.608  32.579 0.0000000000
49128  -41.436  -29.872  31.046 0.0000000000
49142  -38.847  -29.894  30.177 0.0000000000
49177  -33.338  -29.608  28.373 0.0000000000
49178  -33.973  -29.726  28.320 0.0000000000
49185  -41.398  -28.519  29.085 0.0000000000
49191  -29.019  -30.099  27.630 0.0000000000
49216  -30.642  -30.170  25.144 0.0000000000
49228  -33.852  -29.219  24.703 0.0000000000
49233  -31.483  -30.619  23.728 0.0000000000
49248  -33.695  -29.524  22.098 0.0000000000
49255  -33.684  -30.230  21.885 0.0000000000
49256  -34.073  -29.808  21.760 0.0000000000
50263  -49.780  -27.422  31.965 0.0000000000
50267  -42.846  -28.491  30.394 0.0000000000
50272  -42.481  -28.184  29.790 0.0000000000
50285  -40.457  -28.418  28.046 0.0000000000
50295  -38.230  -28.432  27.096 0.0000000000
50311  -36.679  -28.017  25.345 0.0000000000
50320  -33.505  -29.218  22.640 0.0000000000
50331  -33.589  -29.409  22.293 0.0000000000
50333  -34.680  -28.409  22.446 0.0000000000
50342  -36.280  -28.697  21.508 0.0000000000
51280  -48.312  -27.250  35.415 0.0000000000
51344  -44.939  -28.138  31.572 0.0000000000
51379  -41.780  -27.350  28.605 0.0000000000
51390  -40.645  -27.380  27.327 0.0000000000
51397  -40.235  -27.294  26.901 0.0000000000
51412  -38.869  -27.149  25.226 0.0000000000
51417  -35.836  -27.567  23.236 0.0000000000
51420  -38.007  -27.016  24.242 0.0000000000
51441  -38.993  -27.280  21.045 0.0000000000
52299  -51.640  -25.463  31.085 0.0000000000
52342  -41.849  -26.519  28.072 0.0000000000
52344  -47.638  -25.904  26.997 0.0000000000
52352  -40.481  -26.678  26.757 0.0000000000
52353  -40.966  -26.504  27.116 0.0000000000
52364  -40.147  -26.481  26.263 0.0000000000
52371  -38.764  -26.783  24.516 0.0000000000
52378  -44.958  -25.905  24.731 0.0000000000
52393  -38.057  -26.647  23.243 0.0000000000
53149  -51.806  -23.999  32.727 0.0000000000
53168  -51.793  -24.582  32.228 0.0000000000
53191  -51.928  -24.171  31.830 0.0000000000
53216  -51.859  -24.203  31.411 0.0000000000
53239  -42.448  -26.112  28.477 0.0000000000
53300  -40.080  -26.317  26.024 0.0000000000
53304  -43.096  -25.412  25.613 0.0000000000
54195  -52.079  -24.069  32.154 0.0000000000
54212  -52.011  -23.778  31.281 0.0000000000
54294  -46.828  -23.810  24.060 0.0000000000
54296  -53.660  -23.743  23.393 0.0000000000
55368  -52.063  -23.019  33.645 0.0000000000
55399  -52.756  -23.436  31.807 0.0000000000
55491  -54.477  -23.103  22.979 0.0000000000
55494  -44.644  -23.438  22.222 0.0000000000
56831  -49.828  -22.548  29.146 0.0000000000
56927  -55.228  -22.057  22.775 0.0000000000
56930  -42.787  -22.184  21.527 0.0000000000
58184  -46.366  -21.927  25.607 0.0000000000
58213  -55.576  -21.546  23.407 0.0000000000
58214  -55.960  -21.145  23.627 0.0000000000
58232  -55.442  -21.440  22.363 0.0000000000
59337  -51.363  -21.029  31.076 0.0000000000
59396  -45.878  -20.635  25.849 0.0000000000
59437  -54.005  -20.946  21.069 0.0000000000
59443  -41.497  -20.992  20.501 0.0000000000
59462  -52.934  -20.221  20.133 0.0000000000
59472  -40.866  -20.314  19.001 0.0000000000
59477  -51.932  -20.131  19.076 0.0000000000
60551  -50.545  -19.827  31.360 0.0000000000
60587  -56.081  -18.821  25.721 0.0000000000
60588  -56.217  -18.566  25.800 0.0000000000
60645  -56.496  -20.186  22.441 0.0000000000
60668  -53.924  -19.834  20.560 0.0000000000
60731  -49.895  -18.958  16.708 0.0000000000
61862  -57.381  -18.093  25.558 0.0000000000
61927  -54.746  -19.523  21.079 0.0000000000
61950  -52.707  -19.177  19.443 0.0000000000
61953  -54.897  -18.000  19.921 0.0000000000
61972  -51.284  -18.737  17.841 0.0000000000
63063  -57.167  -17.224  25.916 0.0000000000
63147  -52.563  -18.040  18.528 0.0000000000
63170  -49.760  -17.604  16.431 0.0000000000
63174  -48.724  -17.609  15.454 0.0000000000
63175  -49.262  -17.457  15.926 0.0000000000
63178  -47.795  -17.097  14.156 0.0000000000
64085  -50.660  -16.399  31.461 0.0000000000
64159  -58.737  -16.742  24.411 0.0000000000
64275  -51.699  -17.160  17.433 0.0000000000
64298  -49.463  -16.897  15.775 0.0000000000
64303  -47.913  -16.728  14.074 0.0000000000
64305  -49.095  -16.696  15.230 0.0000000000
65415  -60.751  -14.791  21.228 0.0000000000
65430  -60.407  -14.790  20.224 0.0000000000
65470  -53.875  -15.883  17.536 0.0000000000
66430  -53.747  -14.548  30.837 0.0000000000
66630  -57.076  -14.401  17.997 0.0000000000
66632  -58.241  -13.917  18.604 0.0000000000
66650  -55.867  -14.042  17.223 0.0000000000
66652  -57.274  -13.941  17.881 0.0000000000
66681  -53.348  -14.239  15.887 0.0000000000
67763  -58.347  -13.329  18.498 0.0000000000
67796  -55.391  -13.430  16.681 0.0000000000
67806  -51.899  -13.870  14.935 0.0000000000
67833  -50.611  -13.593  13.315 0.0000000000
67834  -51.336  -13.271  13.488 0.0000000000
68954  -59.936  -12.097  19.418 0.0000000000
68982  -55.468  -12.498  16.465 0.0000000000
68990  -53.550  -13.026  15.220 0.0000000000
69000  -52.523  -12.946  14.238 0.0000000000
69012  -52.134  -12.764  13.611 0.0000000000
70122  -60.168  -12.057  19.604 0.0000000000
71317  -58.842  -11.128  18.452 0.0000000000
71319  -59.710  -11.580  19.285 0.0000000000
71337  -56.872  -11.034  17.183 0.0000000000
71351  -56.583  -10.751  16.683 0.0000000000
71360  -55.624  -10.666  15.555 0.0000000000
71380  -54.446  -10.620  13.028 0.0000000000
71406  -53.589  -10.407  11.397 0.0000000000
72661  -56.790  -9.383  11.279 0.0000000000
73800  -59.238  -8.087  15.714 0.0000000000
73824  -56.713  -9.177  12.784 0.0000000000
73843  -56.729  -9.342  12.377 0.0000000000
73854  -56.732  -9.342  11.024 0.0000000000
73861  -54.916  -9.308  10.400 0.0000000000
74903  -59.935  -7.858  16.438 0.0000000000
74964  -60.545  -6.744  11.788 0.0000000000
76084  -60.247  -6.630  11.212 0.0000000000
76100  -59.219  -6.829  10.317 0.0000000000
76106  -58.110  -6.684  9.556 0.0000000000
