#!ascii label  , from subject 3658 vox2ras=TkReg
1323
65469  -45.278  -15.314  17.142 0.0000000000
80825  -58.825  -2.270  11.024 0.0000000000
73806  -52.442  -9.176  13.840 0.0000000000
51153  -17.566  -28.006  43.219 0.0000000000
66527  -40.870  -15.656  24.287 0.0000000000
50163  -35.267  -28.393  38.556 0.0000000000
52188  -43.469  -26.490  36.124 0.0000000000
60548  -45.359  -19.488  30.327 0.0000000000
66424  -43.715  -15.395  30.048 0.0000000000
50181  -26.252  -29.082  37.169 0.0000000000
49055  -31.481  -29.256  40.722 0.0000000000
50233  -30.559  -28.211  36.150 0.0000000000
52255  -38.094  -26.949  32.199 0.0000000000
55396  -42.339  -23.798  30.794 0.0000000000
66531  -48.405  -14.680  23.638 0.0000000000
65411  -52.258  -15.416  20.839 0.0000000000
77216  -55.191  -5.592  12.330 0.0000000000
68989  -48.190  -12.239  15.509 0.0000000000
83027  -57.346  -1.039  6.185 0.0000000000
47757  -14.897  -31.107  45.183 0.0000000000
66467  -45.862  -14.788  27.159 0.0000000000
65384  -43.490  -16.619  20.643 0.0000000000
52210  -34.211  -27.250  34.016 0.0000000000
51248  -39.361  -28.100  36.346 0.0000000000
71296  -54.335  -10.996  19.502 0.0000000000
88913  -63.582  4.061  4.420 0.0000000000
59361  -43.510  -20.625  28.278 0.0000000000
61820  -42.659  -18.545  27.246 0.0000000000
50210  -28.686  -28.782  36.632 0.0000000000
54221  -40.253  -24.479  29.373 0.0000000000
56840  -41.639  -22.706  28.280 0.0000000000
58097  -44.333  -22.090  30.801 0.0000000000
65406  -46.587  -15.862  20.356 0.0000000000
66569  -49.808  -14.995  21.524 0.0000000000
66603  -48.768  -15.127  19.085 0.0000000000
79725  -56.383  -4.178  11.323 0.0000000000
78418  -58.494  -5.229  14.010 0.0000000000
84098  -60.412  -0.298  10.150 0.0000000000
50083  -16.460  -29.083  40.726 0.0000000000
50029  -15.985  -29.389  45.052 0.0000000000
66476  -42.008  -15.791  26.696 0.0000000000
67624  -44.741  -14.486  28.635 0.0000000000
66494  -43.781  -15.372  25.862 0.0000000000
65334  -44.649  -15.832  24.174 0.0000000000
65367  -42.343  -16.683  22.603 0.0000000000
50111  -33.510  -28.929  40.437 0.0000000000
49014  -33.749  -29.250  43.278 0.0000000000
50093  -36.288  -28.830  41.739 0.0000000000
50115  -37.855  -28.670  40.705 0.0000000000
52249  -31.945  -26.351  32.348 0.0000000000
52273  -33.274  -26.220  31.315 0.0000000000
51328  -40.755  -27.024  33.545 0.0000000000
51302  -38.936  -27.830  34.534 0.0000000000
51250  -41.613  -27.966  36.251 0.0000000000
50191  -41.928  -28.442  38.315 0.0000000000
50127  -21.816  -28.886  40.158 0.0000000000
48981  -24.344  -30.053  43.370 0.0000000000
50034  -24.208  -29.507  45.857 0.0000000000
72618  -49.956  -10.488  14.221 0.0000000000
71334  -51.507  -11.195  17.420 0.0000000000
72596  -53.460  -9.546  16.264 0.0000000000
87741  -64.329  3.157  1.835 0.0000000000
51107  -17.435  -27.923  47.517 0.0000000000
61768  -46.695  -18.508  33.242 0.0000000000
64074  -45.714  -16.779  32.528 0.0000000000
62994  -44.448  -17.438  29.586 0.0000000000
65300  -41.938  -16.283  27.304 0.0000000000
49070  -26.965  -29.489  39.733 0.0000000000
49032  -29.194  -29.682  41.647 0.0000000000
49086  -28.990  -29.319  38.913 0.0000000000
50159  -31.166  -28.857  38.462 0.0000000000
50188  -33.367  -28.440  37.550 0.0000000000
53206  -35.893  -26.091  30.271 0.0000000000
53208  -37.916  -25.564  29.914 0.0000000000
53188  -40.502  -25.455  31.412 0.0000000000
53156  -42.815  -25.341  33.384 0.0000000000
56767  -45.126  -23.168  33.308 0.0000000000
58067  -46.801  -20.965  32.872 0.0000000000
50179  -24.434  -28.993  37.319 0.0000000000
67662  -49.394  -13.756  26.384 0.0000000000
68853  -52.823  -12.415  27.603 0.0000000000
67686  -51.751  -13.689  24.519 0.0000000000
67712  -53.034  -14.573  22.988 0.0000000000
76054  -54.106  -7.181  12.838 0.0000000000
73796  -55.084  -8.628  15.726 0.0000000000
76030  -56.988  -6.843  14.717 0.0000000000
43495  -10.339  -35.216  46.460 0.0000000000
67791  -46.615  -14.131  16.110 0.0000000000
71395  -47.107  -10.475  12.922 0.0000000000
76064  -51.019  -7.128  11.751 0.0000000000
77248  -52.295  -5.425  10.498 0.0000000000
79734  -54.328  -4.599  10.159 0.0000000000
79746  -56.271  -2.955  9.379 0.0000000000
81926  -57.847  -1.890  8.377 0.0000000000
80862  -55.483  -2.206  7.295 0.0000000000
49998  -15.234  -29.322  48.696 0.0000000000
47719  -12.821  -31.016  48.896 0.0000000000
45567  -11.490  -33.472  48.101 0.0000000000
68812  -49.825  -12.264  31.864 0.0000000000
66391  -46.186  -14.145  32.221 0.0000000000
67615  -46.507  -13.790  29.896 0.0000000000
67640  -48.725  -13.750  28.300 0.0000000000
66498  -47.354  -14.684  25.505 0.0000000000
65370  -45.943  -15.690  22.377 0.0000000000
65421  -44.309  -16.189  18.776 0.0000000000
48989  -32.269  -29.475  44.017 0.0000000000
51295  -32.031  -27.232  34.415 0.0000000000
51243  -34.437  -27.904  36.378 0.0000000000
52228  -36.633  -27.269  32.999 0.0000000000
51273  -36.636  -27.844  35.503 0.0000000000
51200  -37.672  -28.120  37.978 0.0000000000
51187  -40.112  -28.010  39.197 0.0000000000
51167  -17.796  -28.003  41.171 0.0000000000
51185  -19.865  -27.808  40.000 0.0000000000
51156  -20.207  -27.923  43.744 0.0000000000
68949  -50.053  -13.221  17.807 0.0000000000
68928  -53.170  -12.921  19.362 0.0000000000
68909  -56.424  -12.761  20.136 0.0000000000
73749  -55.940  -9.195  18.782 0.0000000000
83021  -60.192  -0.575  7.910 0.0000000000
85285  -61.865  0.672  6.927 0.0000000000
86479  -63.304  2.180  6.162 0.0000000000
87716  -61.968  3.391  5.028 0.0000000000
86496  -64.266  2.198  4.328 0.0000000000
59371  -41.898  -20.811  26.595 0.0000000000
59384  -42.115  -20.226  26.284 0.0000000000
59395  -41.057  -20.249  25.341 0.0000000000
56855  -40.680  -22.778  27.134 0.0000000000
58148  -41.178  -22.167  27.028 0.0000000000
58129  -43.001  -21.622  28.381 0.0000000000
65445  -46.056  -15.664  18.380 0.0000000000
65425  -48.235  -15.535  19.613 0.0000000000
66625  -46.768  -15.154  17.879 0.0000000000
80824  -57.925  -2.647  10.905 0.0000000000
79709  -58.628  -3.547  12.341 0.0000000000
80809  -59.172  -2.719  11.790 0.0000000000
81903  -60.189  -1.649  11.030 0.0000000000
81912  -59.771  -1.271  10.376 0.0000000000
50051  -16.930  -28.689  42.914 0.0000000000
48958  -16.501  -29.260  43.310 0.0000000000
51143  -17.111  -28.382  44.312 0.0000000000
66492  -42.076  -16.332  25.854 0.0000000000
66493  -42.833  -15.587  25.912 0.0000000000
66509  -41.945  -15.759  24.974 0.0000000000
65332  -42.515  -16.287  24.362 0.0000000000
65348  -41.056  -15.972  23.499 0.0000000000
48962  -26.392  -30.016  44.404 0.0000000000
50134  -34.937  -28.662  39.586 0.0000000000
50112  -34.548  -28.798  40.566 0.0000000000
50113  -35.645  -28.717  40.674 0.0000000000
50114  -36.757  -28.642  40.746 0.0000000000
50136  -37.172  -28.540  39.737 0.0000000000
52198  -42.132  -26.846  34.922 0.0000000000
51304  -40.919  -27.396  34.335 0.0000000000
51251  -42.653  -27.270  36.203 0.0000000000
51227  -42.451  -27.928  37.123 0.0000000000
49029  -26.170  -29.697  41.625 0.0000000000
49006  -25.701  -29.927  42.520 0.0000000000
48961  -25.485  -30.169  44.300 0.0000000000
68824  -51.862  -11.821  30.855 0.0000000000
72632  -50.851  -9.639  13.730 0.0000000000
72607  -51.592  -10.383  15.667 0.0000000000
72621  -52.915  -9.512  14.545 0.0000000000
60522  -46.033  -19.109  31.413 0.0000000000
62987  -45.489  -17.739  31.633 0.0000000000
61794  -44.929  -18.658  30.063 0.0000000000
63010  -42.597  -17.464  27.756 0.0000000000
64148  -41.335  -16.813  26.038 0.0000000000
65310  -41.232  -16.289  25.897 0.0000000000
49083  -26.219  -29.334  38.729 0.0000000000
49071  -27.996  -29.506  39.731 0.0000000000
49093  -27.743  -29.307  38.128 0.0000000000
50231  -29.003  -28.435  35.865 0.0000000000
50184  -29.490  -28.936  37.557 0.0000000000
50212  -30.679  -28.473  36.741 0.0000000000
50186  -31.403  -28.650  37.631 0.0000000000
50213  -31.586  -28.391  36.874 0.0000000000
53237  -36.397  -25.125  28.280 0.0000000000
55407  -41.294  -23.929  29.913 0.0000000000
54191  -40.221  -25.039  30.802 0.0000000000
54192  -40.967  -24.768  30.989 0.0000000000
53166  -42.006  -25.224  32.211 0.0000000000
54177  -43.091  -24.533  32.393 0.0000000000
54168  -43.746  -24.369  33.224 0.0000000000
55385  -43.850  -23.560  32.223 0.0000000000
58114  -44.555  -20.863  30.042 0.0000000000
58081  -45.260  -21.933  31.482 0.0000000000
59317  -45.958  -20.607  31.240 0.0000000000
59288  -47.135  -20.277  33.223 0.0000000000
50180  -25.353  -29.011  37.183 0.0000000000
66516  -48.731  -14.341  24.633 0.0000000000
67674  -50.623  -13.689  25.477 0.0000000000
67697  -49.890  -13.963  24.345 0.0000000000
66570  -50.930  -15.079  21.588 0.0000000000
66550  -51.374  -14.504  22.593 0.0000000000
66572  -52.831  -15.215  21.312 0.0000000000
66553  -54.214  -15.167  22.211 0.0000000000
66592  -53.520  -14.972  20.516 0.0000000000
76068  -54.231  -6.592  12.537 0.0000000000
74935  -55.486  -7.073  13.473 0.0000000000
76057  -56.288  -6.497  13.470 0.0000000000
78420  -59.852  -4.519  14.656 0.0000000000
76082  -51.521  -6.545  11.455 0.0000000000
77247  -51.536  -5.686  10.389 0.0000000000
79743  -53.209  -4.211  9.492 0.0000000000
79744  -54.442  -3.794  9.336 0.0000000000
79745  -55.473  -3.242  9.286 0.0000000000
79757  -55.380  -2.837  8.536 0.0000000000
80851  -55.779  -2.548  8.050 0.0000000000
47774  -15.401  -30.646  43.856 0.0000000000
46576  -14.250  -32.369  45.254 0.0000000000
51083  -17.025  -27.819  49.945 0.0000000000
49999  -15.779  -28.917  48.216 0.0000000000
49987  -15.842  -28.384  50.535 0.0000000000
48883  -13.017  -30.062  49.767 0.0000000000
47707  -12.289  -31.276  49.935 0.0000000000
45564  -12.178  -32.587  48.240 0.0000000000
45559  -11.725  -32.685  49.255 0.0000000000
44530  -11.071  -34.201  48.427 0.0000000000
65230  -44.755  -16.047  31.491 0.0000000000
66389  -45.142  -15.591  31.768 0.0000000000
66408  -44.538  -15.292  31.051 0.0000000000
67636  -45.171  -14.464  28.140 0.0000000000
67614  -45.707  -14.177  29.634 0.0000000000
67638  -46.801  -14.295  28.412 0.0000000000
67627  -47.178  -13.777  29.193 0.0000000000
67649  -47.234  -14.552  27.526 0.0000000000
67660  -47.733  -14.423  26.828 0.0000000000
66481  -46.163  -14.902  26.421 0.0000000000
65368  -43.534  -16.623  22.050 0.0000000000
65352  -45.226  -15.778  23.259 0.0000000000
65369  -44.919  -16.225  22.248 0.0000000000
65386  -45.760  -15.993  21.306 0.0000000000
65403  -43.543  -16.573  19.421 0.0000000000
49033  -30.242  -29.507  41.672 0.0000000000
49011  -30.769  -29.478  42.768 0.0000000000
49012  -31.851  -29.425  42.924 0.0000000000
52224  -32.373  -26.547  33.084 0.0000000000
51320  -31.943  -26.839  33.605 0.0000000000
51296  -33.174  -27.345  34.586 0.0000000000
51270  -33.775  -27.632  35.436 0.0000000000
51297  -34.171  -27.392  34.636 0.0000000000
52277  -37.639  -26.496  31.429 0.0000000000
52275  -35.450  -26.607  31.391 0.0000000000
52254  -37.076  -26.932  32.145 0.0000000000
51275  -38.632  -27.900  35.449 0.0000000000
51301  -37.931  -27.801  34.596 0.0000000000
51247  -38.313  -27.968  36.338 0.0000000000
51245  -36.353  -27.890  36.332 0.0000000000
51223  -37.983  -28.047  37.182 0.0000000000
51186  -39.095  -28.106  38.986 0.0000000000
51202  -39.630  -28.056  38.233 0.0000000000
55341  -45.925  -23.912  36.042 0.0000000000
50126  -20.991  -28.359  40.151 0.0000000000
50086  -21.321  -28.323  41.786 0.0000000000
51170  -20.211  -27.793  41.702 0.0000000000
50011  -24.641  -28.888  47.696 0.0000000000
68988  -47.321  -12.813  15.457 0.0000000000
67793  -48.224  -13.383  16.650 0.0000000000
68980  -49.165  -12.324  16.373 0.0000000000
71315  -53.294  -10.850  18.599 0.0000000000
70119  -52.686  -12.215  19.064 0.0000000000
70121  -54.185  -11.810  19.701 0.0000000000
68930  -54.784  -12.973  19.755 0.0000000000
70097  -55.748  -11.916  20.073 0.0000000000
74901  -56.652  -7.740  16.270 0.0000000000
73772  -55.702  -8.661  17.207 0.0000000000
74877  -56.747  -8.161  18.105 0.0000000000
81947  -57.779  -1.425  7.254 0.0000000000
83011  -59.118  -1.070  8.111 0.0000000000
83028  -58.191  -0.990  6.798 0.0000000000
84138  -60.254  0.051  5.713 0.0000000000
84139  -61.292  0.653  5.969 0.0000000000
85295  -62.352  1.703  6.478 0.0000000000
86477  -61.974  2.031  6.053 0.0000000000
88924  -62.664  4.892  3.949 0.0000000000
87725  -61.391  3.713  3.892 0.0000000000
88912  -63.100  4.304  4.570 0.0000000000
87709  -63.724  3.004  5.406 0.0000000000
87719  -64.049  3.067  4.783 0.0000000000
86502  -64.399  2.185  3.244 0.0000000000
85333  -64.327  1.276  0.398 0.0000000000
59347  -43.995  -20.312  28.789 0.0000000000
60557  -43.995  -19.389  28.512 0.0000000000
60564  -43.101  -19.392  27.528 0.0000000000
61836  -42.434  -19.010  26.742 0.0000000000
50182  -27.230  -29.115  37.300 0.0000000000
55427  -39.851  -23.850  28.059 0.0000000000
55418  -40.893  -23.863  29.207 0.0000000000
55420  -42.187  -23.260  29.861 0.0000000000
56800  -43.395  -22.992  30.871 0.0000000000
56830  -43.389  -22.402  29.784 0.0000000000
58113  -43.944  -21.478  29.616 0.0000000000
66567  -47.629  -15.201  21.919 0.0000000000
66548  -49.090  -14.702  22.577 0.0000000000
66568  -48.644  -15.142  21.499 0.0000000000
66588  -49.430  -15.362  20.468 0.0000000000
66605  -50.330  -14.879  19.453 0.0000000000
78461  -56.089  -4.870  11.674 0.0000000000
78429  -57.170  -5.350  12.841 0.0000000000
79693  -57.923  -4.560  12.860 0.0000000000
79695  -59.752  -4.136  13.466 0.0000000000
84100  -61.468  0.096  9.876 0.0000000000
48957  -15.921  -29.762  43.543 0.0000000000
48937  -15.535  -30.121  44.768 0.0000000000
66451  -42.612  -15.457  28.340 0.0000000000
66443  -44.124  -14.686  28.980 0.0000000000
66464  -43.361  -14.934  27.427 0.0000000000
66465  -44.185  -14.846  27.332 0.0000000000
66479  -44.421  -14.981  26.554 0.0000000000
66496  -45.660  -15.157  25.674 0.0000000000
66511  -44.200  -15.768  25.098 0.0000000000
65350  -43.050  -16.620  23.418 0.0000000000
64190  -42.467  -16.791  21.671 0.0000000000
50110  -32.572  -29.104  40.318 0.0000000000
50071  -32.482  -29.232  42.065 0.0000000000
50091  -34.069  -28.899  41.516 0.0000000000
50074  -35.783  -28.950  42.708 0.0000000000
50095  -38.226  -29.063  41.384 0.0000000000
52272  -32.363  -26.116  31.677 0.0000000000
52251  -33.889  -26.516  32.345 0.0000000000
52231  -39.523  -27.102  32.932 0.0000000000
52230  -38.624  -27.345  32.912 0.0000000000
51327  -40.130  -27.404  33.600 0.0000000000
51277  -40.733  -27.871  35.314 0.0000000000
51249  -40.484  -28.239  36.333 0.0000000000
51225  -40.106  -28.279  37.366 0.0000000000
51226  -41.419  -28.280  37.518 0.0000000000
50152  -23.333  -29.276  38.534 0.0000000000
49066  -23.202  -29.483  40.421 0.0000000000
49003  -23.206  -29.456  42.744 0.0000000000
50045  -23.257  -29.400  44.498 0.0000000000
48941  -24.044  -29.693  44.893 0.0000000000
70192  -48.944  -11.198  14.766 0.0000000000
70170  -49.575  -11.725  16.052 0.0000000000
71358  -50.672  -10.865  15.622 0.0000000000
71349  -52.173  -10.273  16.920 0.0000000000
72568  -53.440  -10.219  18.068 0.0000000000
83051  -56.948  -0.665  4.659 0.0000000000
83041  -58.007  -0.608  5.597 0.0000000000
84145  -57.864  -0.302  4.656 0.0000000000
90148  -63.116  5.555  3.568 0.0000000000
88926  -64.327  3.809  3.234 0.0000000000
90162  -63.940  4.930  2.424 0.0000000000
88956  -64.052  4.070  0.982 0.0000000000
51134  -18.800  -27.491  45.536 0.0000000000
51132  -17.173  -28.168  45.323 0.0000000000
64057  -46.693  -16.599  34.241 0.0000000000
62967  -46.133  -17.248  33.042 0.0000000000
64083  -44.912  -16.964  31.476 0.0000000000
64090  -43.957  -16.378  29.539 0.0000000000
63002  -43.972  -17.800  28.922 0.0000000000
64098  -43.438  -16.976  28.893 0.0000000000
65288  -42.819  -16.268  28.633 0.0000000000
66462  -41.957  -15.706  27.404 0.0000000000
66491  -40.919  -16.175  25.743 0.0000000000
49030  -27.153  -29.638  41.616 0.0000000000
49009  -28.650  -29.698  42.624 0.0000000000
49051  -27.601  -29.606  40.668 0.0000000000
49053  -29.628  -29.473  40.683 0.0000000000
49073  -29.913  -29.208  39.859 0.0000000000
50183  -28.399  -29.147  37.636 0.0000000000
50129  -30.082  -29.085  39.148 0.0000000000
50108  -31.234  -29.237  39.991 0.0000000000
50132  -32.857  -28.901  39.456 0.0000000000
50161  -33.135  -28.685  38.537 0.0000000000
50162  -34.172  -28.560  38.574 0.0000000000
53207  -36.841  -25.755  29.963 0.0000000000
53186  -38.286  -25.934  30.887 0.0000000000
54206  -38.793  -25.090  29.499 0.0000000000
53209  -38.852  -25.549  30.281 0.0000000000
52279  -39.227  -26.324  31.867 0.0000000000
52258  -40.542  -26.478  32.565 0.0000000000
52234  -41.832  -26.319  33.368 0.0000000000
53135  -43.324  -25.627  34.762 0.0000000000
53127  -44.647  -25.408  35.968 0.0000000000
54146  -44.233  -25.046  34.823 0.0000000000
55353  -45.147  -24.184  34.810 0.0000000000
56748  -45.798  -22.824  34.565 0.0000000000
56802  -44.534  -22.659  31.689 0.0000000000
56785  -45.576  -22.677  32.761 0.0000000000
58053  -46.423  -22.053  33.962 0.0000000000
59274  -47.421  -20.275  34.420 0.0000000000
50153  -24.314  -29.254  38.244 0.0000000000
68842  -50.272  -12.995  28.225 0.0000000000
68852  -51.441  -12.944  27.156 0.0000000000
67665  -51.845  -13.294  25.857 0.0000000000
68872  -53.087  -13.397  25.193 0.0000000000
66533  -50.602  -13.993  23.236 0.0000000000
67700  -52.033  -13.771  23.723 0.0000000000
74932  -52.495  -7.911  13.056 0.0000000000
72622  -53.534  -9.151  14.586 0.0000000000
74920  -54.675  -8.306  14.394 0.0000000000
74912  -56.527  -7.584  15.022 0.0000000000
74902  -57.495  -7.231  16.478 0.0000000000
77194  -57.874  -5.772  14.155 0.0000000000
76032  -58.565  -6.243  15.469 0.0000000000
66661  -44.151  -14.879  15.654 0.0000000000
66664  -46.234  -14.622  16.419 0.0000000000
67802  -44.744  -13.994  14.998 0.0000000000
68987  -46.293  -13.269  14.905 0.0000000000
68999  -47.179  -12.073  14.613 0.0000000000
70190  -47.598  -11.482  14.086 0.0000000000
71377  -48.634  -10.637  13.661 0.0000000000
72631  -49.558  -10.123  13.569 0.0000000000
73819  -50.224  -9.115  13.056 0.0000000000
74947  -51.542  -7.814  12.588 0.0000000000
74948  -52.329  -7.295  12.509 0.0000000000
77214  -53.199  -6.211  11.798 0.0000000000
77232  -53.506  -5.710  11.337 0.0000000000
78468  -51.838  -5.006  10.009 0.0000000000
78470  -53.447  -4.790  10.245 0.0000000000
78459  -54.599  -5.006  10.932 0.0000000000
79724  -55.256  -4.734  10.642 0.0000000000
79736  -56.294  -3.475  10.054 0.0000000000
80833  -57.613  -2.515  10.056 0.0000000000
80843  -58.025  -2.096  9.595 0.0000000000
80853  -57.189  -2.323  8.312 0.0000000000
80864  -56.848  -2.189  7.770 0.0000000000
81945  -56.550  -1.445  6.392 0.0000000000
83039  -56.286  -1.073  5.477 0.0000000000
50019  -16.621  -28.616  46.227 0.0000000000
48905  -15.473  -29.580  46.870 0.0000000000
48904  -14.842  -30.133  46.595 0.0000000000
48871  -14.291  -29.413  50.004 0.0000000000
48894  -14.165  -30.407  48.472 0.0000000000
47744  -14.034  -31.324  46.806 0.0000000000
45570  -13.191  -32.730  47.168 0.0000000000
44536  -12.045  -33.629  47.350 0.0000000000
44539  -11.271  -34.485  46.741 0.0000000000
43492  -11.058  -34.891  47.022 0.0000000000
68832  -50.673  -12.554  29.681 0.0000000000
67571  -46.801  -13.785  32.681 0.0000000000
66426  -45.282  -14.567  30.071 0.0000000000
67604  -46.646  -13.759  30.842 0.0000000000
68820  -47.849  -13.266  30.844 0.0000000000
68830  -48.561  -13.237  29.807 0.0000000000
68841  -49.340  -13.385  28.584 0.0000000000
67651  -48.993  -13.713  27.287 0.0000000000
66499  -48.159  -14.368  25.487 0.0000000000
66515  -47.784  -14.665  24.600 0.0000000000
66513  -46.030  -15.185  24.745 0.0000000000
66529  -46.419  -14.975  24.084 0.0000000000
65354  -46.814  -15.132  23.027 0.0000000000
65387  -46.923  -15.603  21.534 0.0000000000
65405  -45.495  -16.001  20.182 0.0000000000
65444  -45.053  -15.743  17.953 0.0000000000
65365  -40.420  -16.262  22.817 0.0000000000
64188  -40.806  -16.801  22.187 0.0000000000
64203  -41.735  -17.105  21.170 0.0000000000
64216  -41.813  -17.359  20.215 0.0000000000
64232  -42.746  -16.815  18.865 0.0000000000
64251  -42.747  -16.570  18.039 0.0000000000
65467  -43.285  -15.906  17.031 0.0000000000
65486  -43.623  -15.402  16.098 0.0000000000
48990  -33.279  -29.398  44.089 0.0000000000
51293  -29.730  -27.704  34.422 0.0000000000
51294  -30.844  -27.362  34.508 0.0000000000
51268  -31.714  -27.656  35.353 0.0000000000
51241  -32.506  -27.947  36.087 0.0000000000
51218  -33.894  -28.162  36.939 0.0000000000
50190  -35.054  -28.112  37.706 0.0000000000
52287  -34.050  -26.308  30.419 0.0000000000
52252  -34.972  -26.739  32.320 0.0000000000
52227  -35.611  -27.053  33.157 0.0000000000
51324  -37.263  -27.624  33.778 0.0000000000
51323  -36.279  -27.445  33.889 0.0000000000
51298  -35.082  -27.481  34.777 0.0000000000
51272  -35.689  -27.776  35.525 0.0000000000
51221  -36.090  -27.915  37.138 0.0000000000
50164  -36.419  -28.352  38.765 0.0000000000
50165  -37.442  -28.282  38.808 0.0000000000
50138  -39.577  -28.404  39.875 0.0000000000
50084  -17.183  -28.500  40.970 0.0000000000
51159  -17.815  -27.948  42.116 0.0000000000
51197  -19.850  -27.893  39.097 0.0000000000
51184  -19.144  -27.662  39.705 0.0000000000
51178  -19.201  -27.681  40.648 0.0000000000
51169  -19.286  -27.681  41.582 0.0000000000
51154  -18.512  -27.650  43.433 0.0000000000
51146  -19.546  -27.610  44.593 0.0000000000
50020  -22.888  -28.606  46.304 0.0000000000
66648  -48.036  -14.630  17.778 0.0000000000
66628  -49.400  -14.694  18.680 0.0000000000
67739  -50.995  -14.379  19.049 0.0000000000
70139  -50.749  -12.267  17.816 0.0000000000
68927  -52.120  -13.209  19.081 0.0000000000
66608  -53.198  -14.634  19.833 0.0000000000
66610  -54.668  -14.399  20.038 0.0000000000
72597  -54.265  -9.188  16.376 0.0000000000
73758  -54.949  -9.161  17.676 0.0000000000
72553  -55.223  -10.029  19.293 0.0000000000
81928  -59.050  -1.333  9.061 0.0000000000
83013  -60.275  -0.383  8.818 0.0000000000
84119  -60.790  -0.109  8.259 0.0000000000
83043  -59.656  -0.549  6.371 0.0000000000
84128  -60.788  -0.202  7.166 0.0000000000
84120  -61.678  0.183  7.691 0.0000000000
84121  -62.520  0.307  7.822 0.0000000000
85288  -63.245  0.866  6.700 0.0000000000
85309  -61.270  2.125  4.685 0.0000000000
87707  -62.476  3.015  5.759 0.0000000000
86489  -63.919  2.222  5.423 0.0000000000
86508  -64.406  2.150  2.186 0.0000000000
58170  -41.576  -21.226  26.467 0.0000000000
59383  -41.519  -20.571  25.914 0.0000000000
56873  -40.454  -22.547  26.438 0.0000000000
58169  -40.852  -21.790  26.149 0.0000000000
58149  -41.859  -21.625  27.319 0.0000000000
65446  -46.834  -15.536  18.632 0.0000000000
66624  -45.957  -15.285  17.499 0.0000000000
79727  -58.407  -2.878  11.567 0.0000000000
80826  -59.578  -2.227  11.283 0.0000000000
81902  -59.513  -1.870  10.794 0.0000000000
81911  -59.062  -1.741  10.274 0.0000000000
51152  -17.031  -28.514  43.641 0.0000000000
66528  -41.652  -15.925  24.141 0.0000000000
48963  -27.367  -29.948  44.508 0.0000000000
48984  -27.026  -29.767  43.514 0.0000000000
50135  -36.051  -28.623  39.670 0.0000000000
52199  -42.761  -26.320  35.143 0.0000000000
51279  -42.440  -26.966  35.437 0.0000000000
52187  -42.801  -26.754  35.751 0.0000000000
48983  -26.077  -29.945  43.442 0.0000000000
72633  -51.664  -9.274  13.614 0.0000000000
72620  -51.864  -9.860  14.433 0.0000000000
60533  -45.796  -19.466  30.917 0.0000000000
61795  -45.375  -18.873  30.598 0.0000000000
63053  -40.900  -17.618  25.767 0.0000000000
63054  -41.858  -17.307  26.309 0.0000000000
49084  -27.353  -29.433  38.843 0.0000000000
49092  -26.803  -29.272  37.983 0.0000000000
50232  -29.987  -28.300  36.030 0.0000000000
50211  -29.726  -28.656  36.715 0.0000000000
51239  -31.000  -28.174  36.306 0.0000000000
55408  -41.891  -23.737  30.312 0.0000000000
54209  -41.379  -24.312  30.501 0.0000000000
54193  -41.983  -24.413  31.252 0.0000000000
54176  -42.455  -24.680  31.852 0.0000000000
54194  -42.658  -24.374  31.655 0.0000000000
54178  -43.668  -24.074  32.698 0.0000000000
55384  -43.358  -23.826  31.887 0.0000000000
59332  -45.179  -20.430  30.315 0.0000000000
59316  -45.306  -21.083  30.875 0.0000000000
59333  -45.678  -20.012  30.613 0.0000000000
60534  -46.211  -19.723  31.360 0.0000000000
50155  -25.983  -29.177  37.810 0.0000000000
67683  -49.514  -14.020  24.768 0.0000000000
66532  -49.566  -14.189  23.707 0.0000000000
66590  -51.742  -15.412  20.643 0.0000000000
66571  -51.943  -15.303  21.583 0.0000000000
65390  -52.322  -15.389  21.144 0.0000000000
66591  -52.643  -15.213  20.499 0.0000000000
77204  -54.965  -5.988  12.579 0.0000000000
76056  -55.813  -6.515  13.221 0.0000000000
77205  -55.544  -5.999  12.784 0.0000000000
78421  -60.340  -4.553  15.163 0.0000000000
77246  -50.363  -5.956  10.228 0.0000000000
79756  -54.679  -3.151  8.542 0.0000000000
80849  -54.198  -2.900  7.763 0.0000000000
80850  -55.019  -2.668  7.912 0.0000000000
47758  -15.192  -30.762  44.627 0.0000000000
47773  -14.949  -31.381  44.167 0.0000000000
46577  -14.551  -31.953  44.914 0.0000000000
46564  -14.578  -31.539  45.576 0.0000000000
51082  -16.381  -28.079  50.433 0.0000000000
51066  -15.735  -27.975  51.904 0.0000000000
45558  -11.336  -33.500  49.178 0.0000000000
66407  -44.034  -15.586  30.660 0.0000000000
67647  -45.685  -14.584  27.756 0.0000000000
67637  -45.949  -14.303  28.315 0.0000000000
67648  -46.353  -14.583  27.732 0.0000000000
66468  -46.539  -14.741  27.080 0.0000000000
65385  -44.621  -16.317  21.062 0.0000000000
49034  -31.393  -29.348  41.682 0.0000000000
52225  -33.324  -26.666  33.188 0.0000000000
52208  -32.736  -26.964  33.800 0.0000000000
52209  -33.656  -27.160  33.912 0.0000000000
51224  -39.003  -28.024  37.251 0.0000000000
56729  -46.100  -22.740  35.657 0.0000000000
50055  -22.236  -28.742  43.625 0.0000000000
68979  -48.320  -12.830  16.227 0.0000000000
71295  -53.706  -11.168  19.184 0.0000000000
70120  -53.542  -11.746  19.327 0.0000000000
70096  -54.785  -11.919  19.928 0.0000000000
71278  -54.746  -11.348  19.840 0.0000000000
74889  -57.267  -7.488  17.306 0.0000000000
74888  -56.466  -8.165  17.471 0.0000000000
81946  -57.360  -1.450  6.898 0.0000000000
85302  -61.291  1.335  5.395 0.0000000000
87718  -63.478  3.573  4.934 0.0000000000
87726  -63.925  3.754  4.379 0.0000000000
87727  -64.328  3.281  3.819 0.0000000000
60565  -43.577  -19.676  28.049 0.0000000000
59360  -43.121  -20.386  27.584 0.0000000000
60583  -41.863  -19.550  25.947 0.0000000000
60584  -42.376  -19.538  26.438 0.0000000000
61852  -41.500  -19.002  25.734 0.0000000000
55439  -39.776  -23.363  27.009 0.0000000000
56839  -41.087  -22.819  27.790 0.0000000000
55428  -40.761  -23.374  28.188 0.0000000000
55429  -41.286  -23.355  28.735 0.0000000000
55419  -41.757  -23.322  29.320 0.0000000000
56829  -42.680  -22.753  29.384 0.0000000000
58130  -43.629  -21.021  28.754 0.0000000000
65388  -47.973  -15.404  21.117 0.0000000000
65408  -48.562  -15.497  20.388 0.0000000000
65426  -48.829  -15.433  19.690 0.0000000000
66604  -49.410  -15.152  19.468 0.0000000000
79707  -56.775  -4.421  12.045 0.0000000000
79708  -57.464  -4.320  12.407 0.0000000000
79696  -60.853  -3.898  13.456 0.0000000000
84088  -60.932  0.012  10.813 0.0000000000
84089  -61.801  -0.184  10.682 0.0000000000
84099  -60.667  -0.027  9.789 0.0000000000
50041  -16.569  -29.093  44.067 0.0000000000
50040  -16.024  -29.606  44.381 0.0000000000
66463  -42.515  -15.109  27.500 0.0000000000
66452  -43.307  -14.872  28.308 0.0000000000
66478  -43.496  -15.033  26.596 0.0000000000
66495  -44.758  -15.319  25.789 0.0000000000
65349  -41.978  -16.381  23.512 0.0000000000
50090  -33.054  -29.042  41.286 0.0000000000
50092  -35.176  -28.797  41.684 0.0000000000
50094  -37.314  -28.888  41.694 0.0000000000
52250  -32.862  -26.304  32.360 0.0000000000
52232  -40.313  -26.860  32.966 0.0000000000
51278  -41.764  -27.419  35.248 0.0000000000
51276  -39.672  -27.973  35.398 0.0000000000
50193  -43.120  -28.117  37.668 0.0000000000
49081  -24.187  -29.446  39.207 0.0000000000
49080  -23.276  -29.428  39.525 0.0000000000
49067  -24.025  -29.548  40.150 0.0000000000
49005  -24.800  -30.102  42.516 0.0000000000
49004  -23.943  -29.893  42.609 0.0000000000
48980  -23.596  -29.675  43.478 0.0000000000
48944  -26.652  -30.133  45.411 0.0000000000
48943  -25.712  -30.090  45.275 0.0000000000
71367  -49.641  -10.798  14.534 0.0000000000
71357  -49.979  -11.009  15.236 0.0000000000
71368  -50.253  -10.832  14.979 0.0000000000
72595  -52.367  -10.013  16.611 0.0000000000
72594  -51.912  -10.292  16.310 0.0000000000
71336  -53.060  -10.280  17.920 0.0000000000
72584  -53.195  -9.908  17.393 0.0000000000
83052  -57.506  -0.621  5.087 0.0000000000
88935  -63.880  4.753  2.869 0.0000000000
90161  -63.683  5.477  2.897 0.0000000000
51121  -18.104  -27.639  46.523 0.0000000000
52105  -18.192  -26.976  50.870 0.0000000000
61760  -46.793  -18.274  33.974 0.0000000000
62968  -46.506  -17.725  33.510 0.0000000000
62977  -46.360  -17.934  32.922 0.0000000000
62986  -44.997  -17.761  31.029 0.0000000000
64092  -44.631  -17.150  30.781 0.0000000000
64082  -44.394  -16.470  30.914 0.0000000000
64091  -44.365  -16.844  30.097 0.0000000000
61810  -43.596  -18.773  28.271 0.0000000000
61801  -44.087  -18.711  28.700 0.0000000000
63012  -43.651  -18.272  28.526 0.0000000000
64117  -42.440  -16.909  27.836 0.0000000000
64118  -42.862  -16.993  28.439 0.0000000000
65287  -42.140  -16.029  28.058 0.0000000000
66450  -42.123  -15.660  28.005 0.0000000000
49085  -28.314  -29.404  38.840 0.0000000000
49052  -28.621  -29.582  40.665 0.0000000000
49072  -29.010  -29.388  39.695 0.0000000000
50185  -30.458  -28.757  37.578 0.0000000000
50158  -30.243  -28.941  38.401 0.0000000000
50130  -30.870  -29.070  39.194 0.0000000000
50131  -31.833  -29.043  39.453 0.0000000000
50187  -32.351  -28.576  37.643 0.0000000000
53224  -37.211  -25.272  29.045 0.0000000000
53223  -36.141  -25.689  29.262 0.0000000000
53185  -37.288  -26.012  30.672 0.0000000000
54231  -39.175  -24.348  28.207 0.0000000000
54219  -38.669  -24.734  28.677 0.0000000000
54220  -39.566  -24.603  28.904 0.0000000000
54207  -39.675  -24.986  30.046 0.0000000000
53187  -39.480  -25.769  31.228 0.0000000000
53164  -40.173  -25.881  31.776 0.0000000000
52257  -39.884  -26.406  32.223 0.0000000000
53165  -40.892  -25.938  32.160 0.0000000000
53167  -42.550  -25.241  32.725 0.0000000000
53155  -42.231  -25.736  32.977 0.0000000000
52235  -42.375  -25.976  33.624 0.0000000000
52213  -42.782  -25.830  34.219 0.0000000000
53145  -43.370  -25.234  34.114 0.0000000000
53146  -43.694  -25.278  34.533 0.0000000000
54156  -43.639  -25.006  33.969 0.0000000000
55363  -44.093  -23.970  33.580 0.0000000000
55364  -44.756  -23.853  34.040 0.0000000000
55365  -45.375  -23.577  34.518 0.0000000000
56747  -45.391  -23.255  33.990 0.0000000000
56816  -43.703  -22.506  30.446 0.0000000000
56801  -43.860  -22.899  31.385 0.0000000000
58080  -44.502  -22.405  31.333 0.0000000000
58066  -46.335  -21.834  32.532 0.0000000000
58065  -45.540  -22.409  32.244 0.0000000000
58054  -46.941  -21.183  33.588 0.0000000000
58040  -46.839  -21.335  34.660 0.0000000000
60510  -46.842  -19.392  32.776 0.0000000000
60499  -47.095  -19.225  33.811 0.0000000000
49069  -25.933  -29.408  39.803 0.0000000000
67652  -49.948  -13.439  27.189 0.0000000000
68851  -50.584  -13.188  27.357 0.0000000000
67653  -50.679  -13.329  26.841 0.0000000000
67685  -50.928  -13.800  24.671 0.0000000000
67675  -51.425  -13.578  25.329 0.0000000000
67676  -52.257  -13.494  25.262 0.0000000000
66549  -50.213  -14.551  22.524 0.0000000000
67711  -52.222  -14.160  23.007 0.0000000000
67701  -52.857  -13.960  23.632 0.0000000000
67688  -53.419  -13.806  24.276 0.0000000000
67702  -53.775  -14.398  23.671 0.0000000000
66554  -55.154  -15.167  22.306 0.0000000000
76053  -53.162  -7.311  12.684 0.0000000000
74933  -53.749  -8.085  13.527 0.0000000000
74922  -56.399  -7.107  14.322 0.0000000000
74921  -55.690  -7.610  14.217 0.0000000000
76017  -57.305  -7.141  15.586 0.0000000000
78430  -57.892  -5.011  13.193 0.0000000000
77207  -57.360  -5.680  13.361 0.0000000000
43499  -9.729  -34.933  45.732 0.0000000000
42483  -9.613  -35.464  46.030 0.0000000000
68997  -45.422  -13.094  14.312 0.0000000000
68998  -46.499  -12.555  14.479 0.0000000000
70188  -45.962  -12.201  13.688 0.0000000000
70204  -47.063  -11.318  13.498 0.0000000000
71376  -47.679  -10.741  13.271 0.0000000000
71365  -48.205  -11.004  13.969 0.0000000000
72650  -48.561  -9.588  12.554 0.0000000000
72651  -49.415  -9.252  12.628 0.0000000000
73840  -49.814  -8.579  12.293 0.0000000000
74946  -50.316  -7.800  11.970 0.0000000000
77231  -52.378  -6.056  11.249 0.0000000000
76083  -52.082  -6.501  11.735 0.0000000000
79733  -53.665  -4.524  9.966 0.0000000000
78482  -52.899  -4.626  9.901 0.0000000000
78471  -54.041  -4.907  10.564 0.0000000000
79723  -54.755  -4.874  10.529 0.0000000000
80832  -56.917  -2.853  9.711 0.0000000000
80842  -57.539  -2.398  9.124 0.0000000000
80841  -56.762  -2.711  8.899 0.0000000000
80863  -56.255  -2.194  7.596 0.0000000000
81933  -56.129  -1.839  7.022 0.0000000000
81934  -56.774  -1.846  7.208 0.0000000000
45599  -13.955  -32.969  44.334 0.0000000000
51120  -17.246  -27.987  46.390 0.0000000000
50009  -16.668  -28.501  47.312 0.0000000000
50008  -15.971  -28.978  47.039 0.0000000000
48896  -15.556  -29.374  47.560 0.0000000000
48895  -14.852  -29.871  48.028 0.0000000000
49976  -14.682  -28.866  51.502 0.0000000000
47709  -13.178  -30.580  49.245 0.0000000000
47720  -13.496  -30.853  48.441 0.0000000000
47721  -14.182  -30.631  47.979 0.0000000000
46541  -13.347  -31.409  47.864 0.0000000000
46551  -13.497  -31.967  47.220 0.0000000000
45568  -11.874  -33.199  47.933 0.0000000000
45569  -12.600  -32.973  47.587 0.0000000000
44540  -11.736  -34.103  46.765 0.0000000000
44535  -11.597  -33.877  47.484 0.0000000000
44534  -11.353  -34.262  47.643 0.0000000000
44525  -11.148  -34.300  49.104 0.0000000000
68823  -51.022  -12.122  31.117 0.0000000000
68822  -49.689  -12.659  30.703 0.0000000000
64064  -46.005  -16.441  33.179 0.0000000000
64056  -46.349  -16.179  33.744 0.0000000000
65206  -46.145  -15.714  33.400 0.0000000000
66390  -45.557  -14.888  32.011 0.0000000000
66380  -45.885  -15.158  32.950 0.0000000000
66381  -46.290  -14.482  33.023 0.0000000000
66425  -44.392  -14.778  30.009 0.0000000000
67613  -44.933  -14.459  29.387 0.0000000000
67603  -45.888  -14.174  30.467 0.0000000000
67605  -47.360  -13.455  31.215 0.0000000000
68810  -47.987  -13.077  31.433 0.0000000000
67616  -47.540  -13.410  30.211 0.0000000000
67639  -47.766  -14.127  28.421 0.0000000000
67628  -48.303  -13.612  29.333 0.0000000000
67629  -48.935  -13.517  28.945 0.0000000000
68831  -49.285  -13.140  29.478 0.0000000000
67641  -49.459  -13.464  27.924 0.0000000000
66483  -47.749  -14.472  26.156 0.0000000000
66514  -46.856  -14.823  24.687 0.0000000000
66512  -45.155  -15.521  24.950 0.0000000000
65336  -46.016  -15.175  24.073 0.0000000000
65353  -46.199  -15.250  23.369 0.0000000000
65371  -46.698  -15.361  22.525 0.0000000000
65404  -44.456  -16.249  19.875 0.0000000000
65422  -45.284  -15.959  19.089 0.0000000000
64187  -40.003  -16.708  22.217 0.0000000000
64201  -40.289  -17.184  21.564 0.0000000000
63131  -40.472  -17.699  20.008 0.0000000000
64230  -40.838  -17.630  19.480 0.0000000000
64231  -41.910  -17.253  19.166 0.0000000000
64250  -41.998  -16.908  18.221 0.0000000000
64273  -42.175  -16.609  17.451 0.0000000000
49010  -29.690  -29.579  42.688 0.0000000000
48988  -31.222  -29.652  43.880 0.0000000000
50072  -33.483  -29.105  42.343 0.0000000000
49013  -32.872  -29.325  43.126 0.0000000000
51319  -31.149  -26.995  33.649 0.0000000000
51242  -33.411  -27.904  36.146 0.0000000000
51219  -34.598  -28.058  37.181 0.0000000000
51220  -35.228  -27.933  37.112 0.0000000000
52288  -35.086  -26.487  30.467 0.0000000000
52253  -36.030  -26.832  32.206 0.0000000000
51325  -38.262  -27.705  33.706 0.0000000000
52229  -37.643  -27.425  32.908 0.0000000000
51300  -36.936  -27.753  34.653 0.0000000000
51299  -35.972  -27.654  34.718 0.0000000000
51222  -37.022  -27.972  37.157 0.0000000000
51198  -35.798  -28.091  37.882 0.0000000000
51199  -36.740  -28.095  37.959 0.0000000000
51204  -41.482  -28.338  38.339 0.0000000000
51203  -40.812  -28.181  38.537 0.0000000000
50168  -41.704  -28.580  38.961 0.0000000000
50066  -17.341  -28.390  41.941 0.0000000000
49079  -22.600  -29.310  39.952 0.0000000000
50150  -21.266  -28.627  39.270 0.0000000000
50125  -20.412  -27.995  40.259 0.0000000000
50149  -20.492  -28.184  39.552 0.0000000000
51196  -19.095  -27.635  38.708 0.0000000000
51162  -20.361  -27.930  42.731 0.0000000000
51161  -19.379  -27.681  42.567 0.0000000000
51160  -18.482  -27.708  42.384 0.0000000000
51155  -19.434  -27.690  43.588 0.0000000000
50033  -23.429  -29.195  45.587 0.0000000000
50021  -23.668  -28.869  46.517 0.0000000000
68854  -53.820  -11.896  27.978 0.0000000000
66646  -46.653  -14.712  16.919 0.0000000000
67777  -47.285  -14.231  16.768 0.0000000000
68948  -49.439  -13.499  17.509 0.0000000000
67759  -49.299  -14.065  17.845 0.0000000000
67760  -50.351  -14.234  18.591 0.0000000000
67761  -51.029  -13.901  18.680 0.0000000000
70160  -50.689  -11.632  17.155 0.0000000000
70159  -49.811  -12.046  16.752 0.0000000000
70161  -51.105  -11.681  17.672 0.0000000000
68951  -51.961  -12.350  18.751 0.0000000000
67741  -52.744  -13.983  19.394 0.0000000000
66609  -54.072  -14.460  19.908 0.0000000000
67742  -53.712  -13.750  19.560 0.0000000000
67726  -56.029  -13.661  20.224 0.0000000000
67725  -55.394  -13.697  19.976 0.0000000000
73809  -54.338  -8.677  14.689 0.0000000000
73794  -54.025  -8.974  14.935 0.0000000000
73783  -54.733  -8.885  16.010 0.0000000000
73759  -55.752  -8.928  18.026 0.0000000000
72570  -55.257  -9.506  18.383 0.0000000000
81919  -58.137  -1.899  9.015 0.0000000000
81920  -58.668  -1.721  9.468 0.0000000000
81927  -58.666  -1.436  8.495 0.0000000000
83020  -59.498  -0.890  7.673 0.0000000000
83012  -59.554  -0.969  8.666 0.0000000000
84110  -60.605  -0.019  9.024 0.0000000000
83042  -59.035  -0.588  6.077 0.0000000000
84129  -61.381  0.349  6.609 0.0000000000
85286  -62.356  0.959  6.963 0.0000000000
86470  -62.803  1.704  6.570 0.0000000000
85287  -62.928  1.028  6.947 0.0000000000
85296  -63.153  1.415  6.457 0.0000000000
84131  -63.931  0.486  6.223 0.0000000000
85297  -63.478  1.227  6.193 0.0000000000
86495  -61.447  2.873  4.468 0.0000000000
87706  -62.090  3.039  5.444 0.0000000000
86486  -61.837  2.585  5.380 0.0000000000
86488  -63.588  2.698  5.744 0.0000000000
85310  -64.201  1.116  4.833 0.0000000000
87733  -64.421  3.140  2.813 0.0000000000
58150  -42.630  -21.044  27.535 0.0000000000
59372  -42.480  -20.497  26.899 0.0000000000
56854  -40.216  -22.841  26.631 0.0000000000
56856  -41.319  -22.454  27.493 0.0000000000
56841  -42.356  -22.433  28.591 0.0000000000
58128  -42.193  -22.076  28.169 0.0000000000
65423  -46.282  -15.831  19.329 0.0000000000
65407  -47.617  -15.650  20.399 0.0000000000
65424  -47.353  -15.647  19.339 0.0000000000
66602  -48.147  -15.323  18.854 0.0000000000
79726  -57.606  -3.393  11.583 0.0000000000
81889  -60.726  -1.834  11.348 0.0000000000
82978  -61.107  -1.262  11.300 0.0000000000
82979  -61.577  -1.126  11.291 0.0000000000
82988  -60.765  -1.040  11.149 0.0000000000
82997  -60.437  -0.645  10.620 0.0000000000
50065  -16.756  -28.908  41.829 0.0000000000
48979  -16.396  -29.360  42.629 0.0000000000
66477  -42.640  -15.282  26.667 0.0000000000
66510  -43.130  -15.975  25.227 0.0000000000
65366  -41.370  -16.531  22.808 0.0000000000
50133  -33.872  -28.772  39.518 0.0000000000
52211  -41.408  -26.845  33.813 0.0000000000
51305  -41.670  -27.024  34.505 0.0000000000
51228  -43.466  -27.447  37.075 0.0000000000
48982  -25.194  -30.212  43.375 0.0000000000
72619  -50.639  -10.484  14.616 0.0000000000
72608  -52.639  -9.834  15.444 0.0000000000
61776  -46.430  -18.550  32.484 0.0000000000
61775  -45.998  -18.492  31.818 0.0000000000
61784  -45.113  -18.301  30.622 0.0000000000
62995  -44.746  -17.720  30.247 0.0000000000
61819  -42.386  -18.203  26.867 0.0000000000
63032  -42.675  -18.022  27.553 0.0000000000
63031  -42.426  -17.699  27.201 0.0000000000
64138  -42.026  -16.862  26.944 0.0000000000
64137  -41.743  -16.407  26.534 0.0000000000
50214  -32.430  -28.292  36.823 0.0000000000
54208  -40.697  -24.544  30.097 0.0000000000
53189  -41.259  -25.160  31.613 0.0000000000
54167  -43.445  -24.883  33.563 0.0000000000
55386  -44.283  -23.490  32.670 0.0000000000
58098  -44.747  -21.303  30.536 0.0000000000
58082  -46.018  -21.412  31.743 0.0000000000
59302  -46.289  -21.113  31.896 0.0000000000
59303  -46.668  -20.488  32.191 0.0000000000
60523  -46.467  -19.385  31.904 0.0000000000
50154  -25.252  -29.194  38.031 0.0000000000
67672  -48.972  -13.985  25.535 0.0000000000
67663  -50.264  -13.578  26.276 0.0000000000
67673  -49.818  -13.822  25.548 0.0000000000
67684  -50.186  -13.897  24.823 0.0000000000
66551  -52.442  -14.872  22.339 0.0000000000
67713  -53.713  -14.980  22.922 0.0000000000
66552  -53.336  -15.034  22.203 0.0000000000
66573  -53.856  -15.081  21.328 0.0000000000
66574  -54.793  -14.973  21.328 0.0000000000
74934  -54.824  -7.570  13.460 0.0000000000
76055  -54.915  -6.614  12.869 0.0000000000
76042  -56.047  -6.875  13.786 0.0000000000
76043  -56.670  -6.522  13.924 0.0000000000
78419  -59.088  -4.954  14.533 0.0000000000
77195  -58.620  -5.505  14.587 0.0000000000
78402  -59.469  -4.917  15.136 0.0000000000
83022  -63.697  -0.734  7.404 0.0000000000
72649  -47.402  -9.930  12.611 0.0000000000
76081  -50.614  -6.532  11.028 0.0000000000
77229  -50.698  -6.170  10.747 0.0000000000
77230  -51.154  -6.084  10.917 0.0000000000
79735  -55.350  -3.978  10.172 0.0000000000
80840  -56.015  -2.758  8.754 0.0000000000
45588  -14.241  -32.556  44.803 0.0000000000
45587  -13.920  -32.903  45.263 0.0000000000
49992  -16.829  -27.993  49.153 0.0000000000
49991  -16.126  -28.406  49.519 0.0000000000
49990  -15.353  -28.920  49.176 0.0000000000
48869  -12.628  -30.093  50.575 0.0000000000
47708  -12.595  -30.858  49.663 0.0000000000
46534  -12.506  -31.348  49.012 0.0000000000
46540  -12.734  -31.831  48.268 0.0000000000
46533  -12.118  -31.809  49.183 0.0000000000
45563  -11.717  -32.724  48.584 0.0000000000
45562  -11.311  -33.420  48.580 0.0000000000
65215  -45.171  -15.942  31.946 0.0000000000
65216  -45.600  -15.844  32.483 0.0000000000
66409  -45.293  -14.704  30.842 0.0000000000
67635  -44.681  -14.560  28.202 0.0000000000
67625  -45.434  -14.218  28.861 0.0000000000
67626  -46.234  -13.902  29.012 0.0000000000
67650  -48.148  -14.118  27.481 0.0000000000
66482  -47.057  -14.735  26.458 0.0000000000
66497  -46.502  -14.873  25.584 0.0000000000
65351  -44.214  -16.345  23.285 0.0000000000
65335  -45.531  -15.443  24.097 0.0000000000
50057  -35.329  -29.270  43.466 0.0000000000
48991  -34.373  -29.459  43.956 0.0000000000
52223  -31.514  -26.676  32.965 0.0000000000
51269  -32.759  -27.624  35.334 0.0000000000
51271  -34.752  -27.675  35.516 0.0000000000
52276  -36.464  -26.446  31.181 0.0000000000
52289  -35.722  -26.415  30.828 0.0000000000
51274  -37.618  -27.869  35.477 0.0000000000
51246  -37.313  -27.934  36.331 0.0000000000
51201  -38.606  -28.079  38.059 0.0000000000
49065  -22.498  -29.197  40.725 0.0000000000
50107  -21.921  -28.771  41.167 0.0000000000
50106  -21.300  -28.360  40.901 0.0000000000
50105  -20.671  -27.971  40.853 0.0000000000
51179  -19.961  -27.752  40.827 0.0000000000
51171  -20.780  -27.977  41.984 0.0000000000
50067  -20.655  -28.110  43.229 0.0000000000
50023  -25.261  -29.363  46.990 0.0000000000
50022  -24.472  -29.100  46.745 0.0000000000
67805  -47.038  -13.475  15.854 0.0000000000
67792  -47.633  -13.489  16.282 0.0000000000
68969  -48.551  -13.299  16.792 0.0000000000
68970  -49.215  -13.016  17.060 0.0000000000
71314  -52.181  -11.214  18.010 0.0000000000
70140  -51.586  -11.814  18.123 0.0000000000
70141  -52.447  -11.652  18.599 0.0000000000
68929  -54.210  -12.673  19.676 0.0000000000
67743  -54.736  -13.695  19.742 0.0000000000
68907  -54.788  -12.613  19.815 0.0000000000
68908  -55.350  -12.906  19.914 0.0000000000
74900  -55.920  -8.252  16.638 0.0000000000
73784  -55.319  -8.628  16.292 0.0000000000
74887  -56.036  -8.362  17.105 0.0000000000
73773  -56.145  -8.608  17.739 0.0000000000
73760  -56.547  -8.555  18.305 0.0000000000
81935  -57.436  -1.828  7.629 0.0000000000
81936  -58.127  -1.453  7.687 0.0000000000
83019  -58.797  -1.086  7.611 0.0000000000
83029  -59.217  -0.830  6.891 0.0000000000
85294  -61.824  1.129  6.368 0.0000000000
86478  -62.613  2.426  6.220 0.0000000000
88923  -61.674  4.920  3.606 0.0000000000
88911  -62.197  4.262  4.487 0.0000000000
87717  -62.750  3.644  5.131 0.0000000000
87752  -64.159  3.260  0.742 0.0000000000
86515  -64.353  2.186  1.139 0.0000000000
86521  -64.309  2.213  0.244 0.0000000000
59348  -44.564  -20.380  29.533 0.0000000000
60547  -44.890  -19.522  29.717 0.0000000000
60558  -44.392  -19.499  29.053 0.0000000000
61809  -43.120  -18.862  27.910 0.0000000000
60573  -42.784  -19.554  27.014 0.0000000000
61835  -41.944  -18.428  26.224 0.0000000000
50230  -27.871  -28.464  35.591 0.0000000000
51266  -29.378  -28.081  35.212 0.0000000000
54244  -38.001  -24.166  27.121 0.0000000000
55426  -39.216  -23.955  27.635 0.0000000000
55440  -40.287  -23.377  27.585 0.0000000000
55417  -40.239  -24.006  28.775 0.0000000000
55397  -43.000  -23.692  31.243 0.0000000000
55409  -42.529  -23.367  30.327 0.0000000000
56815  -43.078  -22.911  30.371 0.0000000000
58112  -43.351  -22.151  29.219 0.0000000000
66547  -48.011  -14.895  22.631 0.0000000000
66587  -48.784  -15.365  20.835 0.0000000000
66589  -50.589  -15.255  20.547 0.0000000000
66606  -51.310  -14.959  19.691 0.0000000000
78442  -55.662  -5.105  12.036 0.0000000000
77217  -55.898  -5.508  12.493 0.0000000000
78443  -56.618  -4.995  12.204 0.0000000000
78444  -57.318  -4.943  12.607 0.0000000000
79694  -58.410  -4.355  13.020 0.0000000000
78431  -58.880  -4.752  13.688 0.0000000000
78432  -59.434  -4.621  14.075 0.0000000000
79682  -60.606  -4.288  14.594 0.0000000000
84071  -61.909  -0.944  11.289 0.0000000000
84101  -62.233  -0.139  9.915 0.0000000000
47790  -15.431  -30.475  42.787 0.0000000000
48936  -15.170  -30.598  45.066 0.0000000000
66442  -43.378  -14.928  29.245 0.0000000000
66453  -44.150  -14.734  28.130 0.0000000000
66454  -44.655  -14.664  27.849 0.0000000000
66466  -45.052  -14.774  27.345 0.0000000000
66480  -45.322  -14.965  26.492 0.0000000000
65333  -43.661  -16.287  24.337 0.0000000000
64191  -43.014  -16.747  21.313 0.0000000000
50089  -32.161  -29.205  41.054 0.0000000000
50073  -34.593  -29.029  42.752 0.0000000000
52226  -34.446  -26.960  33.409 0.0000000000
52256  -38.985  -26.764  32.301 0.0000000000
51326  -39.238  -27.641  33.649 0.0000000000
51303  -39.938  -27.772  34.449 0.0000000000
50192  -42.458  -28.373  37.965 0.0000000000
50151  -22.299  -29.112  39.043 0.0000000000
50070  -22.618  -28.977  42.881 0.0000000000
50056  -22.887  -29.212  43.602 0.0000000000
48960  -24.633  -30.073  44.194 0.0000000000
48942  -24.842  -29.931  45.108 0.0000000000
48925  -25.045  -29.713  46.069 0.0000000000
70179  -48.603  -11.692  15.124 0.0000000000
70169  -48.848  -11.989  15.799 0.0000000000
70180  -49.382  -11.401  15.302 0.0000000000
70171  -50.274  -11.397  16.340 0.0000000000
71347  -50.975  -10.980  16.681 0.0000000000
72606  -50.999  -10.632  15.276 0.0000000000
71359  -51.249  -10.667  16.158 0.0000000000
71335  -52.467  -10.461  17.416 0.0000000000
71316  -54.083  -10.534  18.858 0.0000000000
83040  -57.165  -0.862  5.471 0.0000000000
84136  -58.198  -0.355  5.191 0.0000000000
84137  -58.724  -0.215  5.307 0.0000000000
88925  -63.755  4.458  3.664 0.0000000000
88936  -64.271  4.167  2.560 0.0000000000
90174  -64.148  4.700  1.983 0.0000000000
88945  -64.172  4.016  1.575 0.0000000000
51144  -17.769  -27.823  44.368 0.0000000000
51133  -17.907  -27.688  45.436 0.0000000000
51084  -17.860  -27.163  49.868 0.0000000000
64065  -46.360  -16.940  33.677 0.0000000000
62976  -45.932  -17.691  32.359 0.0000000000
64084  -45.453  -17.107  32.011 0.0000000000
64073  -45.259  -16.424  31.999 0.0000000000
65246  -43.999  -16.018  30.321 0.0000000000
65245  -43.685  -15.871  29.769 0.0000000000
61802  -44.542  -18.684  29.292 0.0000000000
63003  -44.610  -18.027  29.573 0.0000000000
63011  -42.951  -17.853  28.214 0.0000000000
63001  -43.456  -17.525  28.673 0.0000000000
64099  -44.118  -17.032  29.339 0.0000000000
65266  -43.450  -16.080  29.254 0.0000000000
66441  -43.203  -15.587  29.206 0.0000000000
65299  -41.694  -16.029  26.835 0.0000000000
66475  -41.748  -15.891  26.623 0.0000000000
66508  -40.868  -15.799  25.062 0.0000000000
49008  -27.629  -29.696  42.578 0.0000000000
49031  -28.163  -29.668  41.626 0.0000000000
49054  -30.655  -29.316  40.617 0.0000000000
49094  -28.297  -29.301  38.244 0.0000000000
50156  -28.687  -29.290  38.407 0.0000000000
50157  -29.358  -29.164  38.457 0.0000000000
50128  -29.486  -29.228  39.209 0.0000000000
49074  -30.569  -29.187  39.755 0.0000000000
50109  -31.878  -29.214  40.296 0.0000000000
50160  -32.134  -28.789  38.524 0.0000000000
53184  -36.618  -26.053  30.535 0.0000000000
52278  -38.619  -26.406  31.639 0.0000000000
54218  -37.867  -24.754  28.492 0.0000000000
53225  -38.082  -25.049  29.153 0.0000000000
52233  -41.068  -26.553  32.989 0.0000000000
53154  -41.618  -25.993  32.721 0.0000000000
52212  -42.169  -26.510  34.209 0.0000000000
52200  -43.481  -25.871  35.392 0.0000000000
53126  -44.030  -25.722  35.745 0.0000000000
53137  -44.323  -25.356  35.510 0.0000000000
54147  -44.717  -24.974  35.155 0.0000000000
54157  -44.050  -24.791  34.231 0.0000000000
54158  -44.718  -24.505  34.527 0.0000000000
55340  -45.446  -24.366  35.467 0.0000000000
55354  -45.618  -23.590  35.204 0.0000000000
55398  -43.532  -23.518  31.670 0.0000000000
56783  -44.212  -22.968  31.952 0.0000000000
56784  -44.766  -22.946  32.382 0.0000000000
56768  -45.826  -22.691  33.506 0.0000000000
58039  -46.198  -22.012  34.974 0.0000000000
58027  -46.620  -21.616  35.446 0.0000000000
49082  -25.156  -29.380  38.976 0.0000000000
67664  -51.143  -13.368  26.186 0.0000000000
68861  -51.762  -13.124  26.345 0.0000000000
68862  -52.643  -12.901  26.187 0.0000000000
67698  -50.377  -13.901  24.087 0.0000000000
67699  -51.198  -13.849  23.789 0.0000000000
66534  -51.174  -13.970  23.153 0.0000000000
67710  -51.588  -13.955  23.207 0.0000000000
67687  -52.663  -13.658  24.441 0.0000000000
68883  -53.744  -13.648  24.992 0.0000000000
66535  -54.494  -15.105  23.181 0.0000000000
73822  -52.890  -8.566  13.550 0.0000000000
73807  -53.184  -8.937  14.103 0.0000000000
73823  -53.421  -8.547  13.865 0.0000000000
73808  -53.877  -8.624  14.272 0.0000000000
74910  -54.989  -8.441  14.993 0.0000000000
74911  -55.543  -8.265  15.399 0.0000000000
76003  -57.957  -6.872  17.156 0.0000000000
77206  -56.524  -5.939  13.073 0.0000000000
77193  -57.148  -6.057  13.763 0.0000000000
76044  -57.318  -6.359  14.301 0.0000000000
77177  -58.438  -5.949  14.897 0.0000000000
76031  -57.854  -6.504  14.995 0.0000000000
76018  -58.186  -6.744  16.092 0.0000000000
43500  -10.656  -34.738  45.686 0.0000000000
66644  -45.081  -14.993  16.522 0.0000000000
66645  -45.822  -14.891  16.768 0.0000000000
66662  -44.872  -14.771  15.859 0.0000000000
66663  -45.733  -14.537  15.982 0.0000000000
67790  -46.097  -14.270  15.707 0.0000000000
67803  -45.836  -13.957  15.131 0.0000000000
67804  -46.682  -13.591  15.438 0.0000000000
70189  -46.771  -11.840  13.946 0.0000000000
70178  -47.849  -11.898  14.919 0.0000000000
70191  -48.346  -11.374  14.507 0.0000000000
71366  -48.814  -10.909  14.253 0.0000000000
71378  -49.165  -10.617  13.998 0.0000000000
72630  -48.277  -10.229  13.096 0.0000000000
73820  -51.116  -8.891  13.203 0.0000000000
73841  -50.716  -8.423  12.680 0.0000000000
73821  -51.926  -8.504  13.228 0.0000000000
74931  -51.955  -8.023  13.032 0.0000000000
76065  -51.828  -6.918  12.082 0.0000000000
76066  -52.653  -6.616  12.044 0.0000000000
76067  -53.606  -6.641  12.328 0.0000000000
77215  -54.269  -5.921  12.177 0.0000000000
78469  -52.629  -4.944  10.188 0.0000000000
78457  -53.001  -5.323  10.755 0.0000000000
78458  -53.773  -5.103  10.945 0.0000000000
77233  -54.206  -5.370  11.453 0.0000000000
78441  -54.877  -5.241  11.778 0.0000000000
78460  -55.557  -5.007  11.329 0.0000000000
80823  -57.062  -3.094  10.666 0.0000000000
80834  -58.325  -2.132  10.242 0.0000000000
80852  -56.486  -2.493  8.222 0.0000000000
81955  -55.977  -1.404  6.032 0.0000000000
83026  -56.842  -1.103  5.877 0.0000000000
50030  -16.569  -28.789  45.182 0.0000000000
50018  -16.020  -29.195  46.049 0.0000000000
48920  -15.471  -29.795  45.837 0.0000000000
48919  -15.059  -30.442  45.610 0.0000000000
47745  -14.618  -31.059  46.168 0.0000000000
49986  -15.031  -28.785  50.242 0.0000000000
48885  -14.813  -29.435  49.262 0.0000000000
48870  -13.578  -29.719  50.496 0.0000000000
48884  -13.910  -30.032  49.230 0.0000000000
47733  -14.404  -30.699  47.210 0.0000000000
46563  -14.117  -31.992  45.948 0.0000000000
45578  -13.530  -32.910  46.347 0.0000000000
46550  -13.032  -32.385  47.597 0.0000000000
45577  -13.026  -33.261  46.858 0.0000000000
43496  -10.754  -34.823  46.508 0.0000000000
44533  -11.299  -34.694  47.688 0.0000000000
65190  -47.165  -15.559  34.596 0.0000000000
67586  -45.987  -14.178  31.395 0.0000000000
67587  -46.700  -13.754  31.769 0.0000000000
67588  -47.395  -13.346  32.112 0.0000000000
68811  -48.838  -12.707  31.573 0.0000000000
68821  -48.478  -13.049  30.492 0.0000000000
67617  -48.198  -13.242  29.934 0.0000000000
67661  -48.410  -14.044  26.448 0.0000000000
66530  -47.199  -14.908  23.583 0.0000000000
66546  -47.233  -15.127  22.643 0.0000000000
65347  -40.032  -15.657  23.519 0.0000000000
64189  -41.639  -16.820  22.000 0.0000000000
64202  -41.073  -17.139  21.548 0.0000000000
64204  -42.539  -16.918  20.826 0.0000000000
64217  -42.675  -16.902  19.868 0.0000000000
65420  -43.448  -16.437  18.453 0.0000000000
64274  -42.774  -16.309  17.437 0.0000000000
65442  -43.248  -16.240  17.773 0.0000000000
65443  -43.962  -15.998  17.840 0.0000000000
65468  -44.415  -15.560  16.955 0.0000000000
48985  -28.036  -29.765  43.579 0.0000000000
48986  -29.064  -29.638  43.674 0.0000000000
48987  -30.132  -29.573  43.777 0.0000000000
51267  -30.581  -27.863  35.552 0.0000000000
51240  -31.630  -28.039  36.170 0.0000000000
50215  -33.123  -28.172  36.699 0.0000000000
50189  -34.398  -28.300  37.745 0.0000000000
52274  -34.442  -26.529  31.372 0.0000000000
51322  -35.325  -27.319  34.020 0.0000000000
51321  -34.634  -27.294  34.169 0.0000000000
51244  -35.418  -27.866  36.333 0.0000000000
50137  -38.360  -28.416  39.659 0.0000000000
50166  -38.243  -28.192  38.707 0.0000000000
51188  -40.721  -28.179  39.280 0.0000000000
50052  -17.422  -28.248  42.561 0.0000000000
51177  -18.438  -27.774  40.412 0.0000000000
51168  -18.491  -27.755  41.387 0.0000000000
51145  -18.635  -27.577  44.487 0.0000000000
66647  -47.488  -14.681  17.454 0.0000000000
66627  -48.580  -14.688  18.160 0.0000000000
67778  -48.391  -13.947  17.263 0.0000000000
67758  -48.774  -14.253  17.737 0.0000000000
66629  -49.869  -14.713  19.064 0.0000000000
67738  -50.563  -14.488  19.036 0.0000000000
68971  -50.109  -12.428  17.323 0.0000000000
68950  -51.153  -13.077  18.494 0.0000000000
68926  -51.441  -13.774  18.878 0.0000000000
67740  -51.861  -14.291  19.146 0.0000000000
66607  -52.305  -14.956  19.683 0.0000000000
66593  -54.396  -14.791  20.520 0.0000000000
66594  -55.323  -14.417  20.369 0.0000000000
72609  -53.523  -9.491  15.205 0.0000000000
73771  -54.830  -8.938  16.798 0.0000000000
72585  -54.151  -9.433  17.136 0.0000000000
72569  -54.242  -10.006  18.262 0.0000000000
72552  -54.474  -10.381  18.991 0.0000000000
72534  -55.507  -10.539  19.962 0.0000000000
71297  -55.043  -10.664  19.719 0.0000000000
71280  -56.033  -11.018  20.292 0.0000000000
81921  -59.371  -1.278  9.595 0.0000000000
83004  -60.094  -0.592  9.686 0.0000000000
83005  -60.395  -0.206  9.329 0.0000000000
84111  -61.196  0.089  8.933 0.0000000000
84112  -61.983  -0.012  8.879 0.0000000000
83030  -60.005  -0.628  6.916 0.0000000000
84122  -63.256  0.151  7.504 0.0000000000
84130  -63.835  0.053  6.901 0.0000000000
86487  -62.201  2.590  5.935 0.0000000000
87698  -62.921  2.832  6.148 0.0000000000
87708  -63.234  3.112  5.734 0.0000000000
85303  -63.877  1.252  5.692 0.0000000000
46539  -12.118  -32.208  48.593 0.0000000000
47732  -13.798  -31.118  47.579 0.0000000000
48959  -23.970  -29.815  44.084 0.0000000000
49977  -15.484  -28.486  51.258 0.0000000000
49985  -14.353  -29.354  50.786 0.0000000000
50085  -20.900  -28.017  41.429 0.0000000000
51072  -16.091  -27.990  51.162 0.0000000000
53136  -43.941  -25.295  35.062 0.0000000000
55375  -44.013  -23.835  32.934 0.0000000000
55376  -44.527  -23.596  33.138 0.0000000000
56828  -42.098  -22.792  28.908 0.0000000000
59318  -46.443  -20.065  31.600 0.0000000000
61785  -45.573  -18.514  31.129 0.0000000000
64149  -41.860  -16.945  26.330 0.0000000000
65229  -44.185  -15.845  31.000 0.0000000000
65389  -48.490  -15.367  20.964 0.0000000000
65391  -52.517  -15.345  20.936 0.0000000000
65409  -49.088  -15.482  19.988 0.0000000000
65410  -52.069  -15.507  21.056 0.0000000000
66423  -43.470  -15.687  29.592 0.0000000000
66461  -41.749  -15.841  27.007 0.0000000000
66566  -47.116  -15.330  22.162 0.0000000000
66626  -47.611  -15.109  18.297 0.0000000000
67776  -46.874  -14.388  16.583 0.0000000000
67779  -49.105  -13.645  17.400 0.0000000000
68882  -53.223  -13.688  24.713 0.0000000000
68978  -47.726  -12.999  16.041 0.0000000000
68986  -45.875  -13.474  14.746 0.0000000000
70142  -52.980  -11.585  18.937 0.0000000000
70181  -49.978  -11.270  15.712 0.0000000000
71279  -55.146  -11.177  19.985 0.0000000000
71313  -51.773  -11.409  17.844 0.0000000000
71333  -51.034  -11.225  17.117 0.0000000000
71348  -51.781  -10.520  16.650 0.0000000000
72583  -52.635  -10.050  17.179 0.0000000000
72629  -47.789  -10.300  12.992 0.0000000000
73782  -54.126  -9.138  15.666 0.0000000000
73795  -54.709  -8.696  15.215 0.0000000000
73842  -51.312  -8.386  12.950 0.0000000000
74919  -54.097  -8.329  14.069 0.0000000000
77213  -52.771  -6.339  11.658 0.0000000000
79681  -60.117  -4.286  14.261 0.0000000000
84070  -61.745  -0.792  11.188 0.0000000000
84087  -60.572  -0.177  10.369 0.0000000000
84123  -63.533  0.556  6.670 0.0000000000
86471  -63.041  1.636  6.523 0.0000000000
86480  -63.643  1.768  5.853 0.0000000000
87697  -62.681  2.811  6.092 0.0000000000
