#!ascii label  , from subject 3658 vox2ras=TkReg
920
69581  -26.278  -12.551  -34.854 0.4285714328
70782  -26.545  -11.006  -35.713 0.2857142985
70783  -27.688  -10.934  -35.353 0.4285714328
72028  -28.374  -10.036  -35.660 0.4285714328
73204  -26.862  -9.849  -36.203 0.2857142985
73205  -27.536  -9.675  -35.948 0.4285714328
73231  -28.121  -9.076  -35.986 0.4285714328
74444  -27.172  -8.384  -37.414 0.4285714328
74422  -27.655  -8.420  -36.873 0.4285714328
75584  -27.508  -7.762  -37.706 0.4285714328
76708  -28.221  -6.712  -38.098 0.4285714328
76737  -26.729  -6.702  -40.141 0.5714285970
76727  -27.056  -6.809  -39.326 0.5714285970
76728  -27.987  -6.137  -39.094 0.4285714328
77863  -28.805  -5.525  -39.093 0.2857142985
77877  -27.978  -5.470  -40.016 0.7142857313
77862  -28.351  -5.552  -39.441 0.7142857313
80275  -29.030  -3.999  -40.295 0.7142857313
79141  -30.147  -4.208  -39.524 0.4285714328
77878  -28.643  -5.056  -39.601 0.7142857313
79140  -29.260  -4.398  -39.707 0.5714285970
80292  -29.582  -3.160  -40.699 0.5714285970
80274  -28.665  -4.017  -40.651 0.5714285970
81379  -29.248  -3.031  -41.158 0.5714285970
81393  -29.390  -2.431  -41.575 0.5714285970
81380  -30.232  -2.541  -40.829 0.5714285970
81378  -28.740  -3.413  -41.258 0.5714285970
82474  -30.862  -1.865  -40.946 0.4285714328
82486  -29.600  -1.802  -42.070 0.5714285970
82499  -30.511  -0.601  -42.352 0.5714285970
81405  -28.349  -2.353  -42.558 0.7142857313
82498  -29.939  -1.119  -42.676 0.7142857313
83610  -30.116  -0.042  -43.042 0.7142857313
83611  -30.871  0.040  -42.504 0.5714285970
81404  -27.508  -2.869  -42.789 0.5714285970
83609  -29.358  -0.639  -43.314 0.8571428657
84777  -30.811  0.692  -43.037 0.7142857313
84778  -31.325  0.539  -42.524 0.5714285970
82509  -28.645  -0.844  -43.576 0.7142857313
82508  -27.904  -1.302  -43.603 0.5714285970
85905  -30.700  1.390  -43.461 0.7142857313
85895  -31.559  1.305  -42.664 0.5714285970
83623  -29.503  0.013  -43.451 0.7142857313
84787  -30.418  0.799  -43.456 0.7142857313
87092  -30.847  2.509  -43.552 0.5714285970
84786  -29.747  0.698  -43.775 0.7142857313
84785  -28.951  0.562  -43.984 0.5714285970
84797  -28.939  0.975  -44.259 0.7142857313
87091  -30.162  2.100  -43.949 0.7142857313
88307  -30.170  3.503  -44.270 0.7142857313
88294  -30.733  3.375  -43.716 0.7142857313
85916  -29.344  1.735  -44.297 0.7142857313
87103  -29.685  2.741  -44.415 0.7142857313
90784  -29.813  5.059  -44.494 0.7142857313
89571  -30.639  4.198  -43.931 0.5714285970
87102  -28.670  2.721  -45.059 0.7142857313
85915  -28.226  1.492  -44.721 0.5714285970
91979  -29.948  5.736  -44.293 0.5714285970
91966  -29.979  6.748  -43.951 0.5714285970
88305  -28.884  3.451  -45.416 0.8571428657
91978  -29.692  6.538  -44.376 0.7142857313
90783  -29.343  5.536  -44.889 0.7142857313
88318  -29.062  4.080  -45.574 0.8571428657
89600  -29.096  4.867  -45.468 0.7142857313
93228  -28.609  7.439  -46.121 0.8571428657
93215  -29.398  7.487  -44.671 0.5714285970
91994  -29.049  6.577  -45.444 0.8571428657
90802  -28.619  5.878  -46.210 0.8571428657
89599  -28.704  4.723  -46.257 0.8571428657
90803  -29.028  5.504  -45.701 0.8571428657
94448  -28.499  8.618  -46.530 0.8571428657
95640  -28.399  9.629  -46.457 0.8571428657
97851  -27.772  10.809  -47.079 0.8571428657
91993  -28.585  6.605  -46.141 0.8571428657
95650  -28.087  9.405  -47.082 0.8571428657
95665  -27.439  9.212  -47.605 1.0000000000
93244  -28.092  7.699  -46.784 0.8571428657
96786  -27.628  10.224  -47.323 1.0000000000
94463  -27.861  8.422  -47.249 1.0000000000
97864  -26.885  10.906  -48.040 1.0000000000
97862  -25.577  11.537  -48.538 0.7142857313
96785  -27.092  10.272  -47.843 1.0000000000
97863  -26.398  11.499  -48.263 1.0000000000
101088  -25.413  14.290  -49.730 1.0000000000
100039  -24.550  13.396  -49.797 0.8571428657
102152  -24.085  15.339  -50.382 0.8571428657
101086  -24.081  14.314  -50.131 1.0000000000
103213  -22.316  16.817  -51.920 0.8571428657
103203  -23.235  16.155  -51.237 0.8571428657
102167  -23.578  15.828  -50.866 1.0000000000
105312  -21.282  18.257  -51.657 0.8571428657
104245  -21.660  17.484  -52.038 0.8571428657
106382  -20.928  19.167  -51.434 0.7142857313
104215  -21.875  17.611  -50.428 0.5714285970
107384  -20.899  19.682  -50.922 0.7142857313
107383  -20.322  20.247  -51.187 0.5714285970
106357  -21.811  19.186  -48.969 0.5714285970
105273  -21.905  18.726  -49.562 0.5714285970
107360  -21.775  19.662  -48.359 0.4285714328
107351  -21.707  20.861  -48.103 0.4285714328
108249  -20.855  21.209  -49.186 0.4285714328
108231  -22.930  21.089  -46.113 0.2857142985
107347  -22.406  20.297  -46.459 0.2857142985
108237  -23.118  21.630  -46.251 0.2857142985
72026  -26.563  -10.244  -36.171 0.2857142985
81394  -29.945  -2.042  -41.510 0.5714285970
85894  -31.066  1.102  -43.104 0.5714285970
89583  -29.369  4.570  -44.890 0.7142857313
93229  -29.020  7.698  -45.361 0.8571428657
94449  -28.884  8.361  -45.748 0.8571428657
95641  -28.859  9.422  -45.747 0.8571428657
96773  -28.019  10.287  -46.753 0.8571428657
98931  -25.698  12.520  -48.839 0.8571428657
108227  -24.076  21.951  -44.151 0.1428571492
72050  -26.010  -10.622  -36.331 0.2857142985
73229  -26.248  -9.826  -36.799 0.2857142985
73230  -27.192  -9.274  -36.463 0.2857142985
75560  -28.199  -7.836  -36.989 0.4285714328
74443  -26.672  -8.409  -37.916 0.2857142985
75600  -27.432  -7.000  -38.550 0.4285714328
74421  -26.845  -8.907  -37.157 0.4285714328
75585  -28.582  -7.164  -37.353 0.4285714328
75599  -26.547  -7.736  -38.696 0.5714285970
77879  -29.251  -5.044  -39.296 0.4285714328
77893  -27.182  -5.711  -40.921 0.2857142985
79139  -28.412  -4.524  -40.348 0.7142857313
80291  -29.029  -3.575  -40.755 0.4285714328
80290  -28.195  -3.986  -41.278 0.5714285970
82475  -31.383  -1.408  -40.862 0.4285714328
81391  -27.847  -3.441  -42.212 0.7142857313
82487  -30.536  -1.396  -41.599 0.5714285970
82488  -31.273  -0.763  -41.339 0.4285714328
81412  -27.379  -1.950  -43.376 0.5714285970
82496  -27.988  -2.007  -43.038 0.5714285970
88295  -31.215  3.198  -43.332 0.5714285970
83621  -28.129  -0.491  -43.934 0.5714285970
85906  -31.289  2.042  -43.160 0.5714285970
85904  -30.016  1.459  -43.921 0.7142857313
84796  -28.341  0.521  -44.262 0.8571428657
88306  -29.403  3.621  -44.873 0.7142857313
94462  -27.470  8.155  -47.439 1.0000000000
96794  -25.971  10.667  -48.386 0.8571428657
97861  -25.113  11.485  -48.354 0.7142857313
100027  -26.050  13.435  -48.894 1.0000000000
98941  -24.992  12.972  -49.704 0.7142857313
100026  -25.546  13.211  -49.313 1.0000000000
98930  -24.917  12.423  -49.142 0.7142857313
101087  -24.791  14.302  -50.084 0.8571428657
103202  -22.421  16.388  -51.149 0.8571428657
105299  -21.342  18.381  -51.023 0.7142857313
107359  -21.401  20.237  -48.752 0.7142857313
105284  -21.796  18.196  -50.198 0.5714285970
106356  -21.641  19.304  -49.769 0.7142857313
107365  -21.023  20.241  -50.168 0.7142857313
106347  -22.090  19.114  -48.227 0.4285714328
108236  -22.536  21.518  -46.851 0.2857142985
108242  -21.476  21.620  -48.330 0.4285714328
107364  -20.475  20.707  -50.404 0.4285714328
108243  -21.927  21.334  -47.681 0.4285714328
79155  -27.563  -4.696  -41.373 0.4285714328
80303  -27.312  -4.074  -42.164 0.4285714328
69601  -26.210  -11.806  -35.377 0.4285714328
70760  -27.043  -11.713  -35.075 0.4285714328
70800  -25.921  -11.057  -36.038 0.2857142985
70781  -25.753  -11.521  -35.848 0.2857142985
70784  -28.783  -10.956  -35.209 0.4285714328
72027  -27.251  -10.274  -35.787 0.4285714328
75583  -26.927  -7.994  -38.122 0.4285714328
76748  -26.967  -6.299  -40.538 0.2857142985
79138  -27.868  -5.018  -40.732 0.5714285970
79156  -28.028  -4.568  -40.934 0.5714285970
81392  -28.477  -3.059  -41.884 0.5714285970
82485  -28.928  -2.238  -42.185 0.5714285970
83600  -31.052  -0.451  -41.920 0.5714285970
82497  -28.841  -1.550  -42.885 0.7142857313
83622  -28.824  0.006  -43.722 0.5714285970
87104  -30.320  2.837  -43.975 0.7142857313
83632  -28.244  0.007  -44.043 0.7142857313
89584  -30.017  4.345  -44.468 0.7142857313
96795  -26.514  10.475  -48.164 1.0000000000
103201  -21.912  16.926  -51.666 0.8571428657
104232  -21.683  17.395  -50.974 0.8571428657
106365  -21.372  19.170  -50.690 0.5714285970
106343  -22.415  19.182  -47.193 0.4285714328
107352  -21.989  20.260  -47.669 0.4285714328
107342  -22.879  20.534  -45.269 0.2857142985
107343  -23.368  21.276  -44.999 0.2857142985
108222  -23.759  21.533  -43.936 0.1428571492
73246  -26.182  -9.145  -37.539 0.2857142985
77906  -26.983  -5.169  -41.554 0.2857142985
98942  -25.250  12.911  -49.406 1.0000000000
110961  -19.950  24.785  -49.169 0.2857142985
111923  -20.770  25.610  -48.202 0.1428571492
110024  -20.255  23.671  -49.019 0.2857142985
110985  -19.533  25.150  -50.113 0.2857142985
110963  -21.082  24.937  -48.080 0.1428571492
111905  -21.210  25.895  -47.600 0.1428571492
109093  -22.095  22.431  -47.608 0.1428571492
109092  -21.461  22.762  -48.181 0.2857142985
110014  -21.758  23.450  -47.790 0.1428571492
110045  -19.307  23.778  -50.586 0.2857142985
110036  -19.715  23.717  -49.639 0.2857142985
109139  -19.868  22.064  -53.741 0.2857142985
110056  -18.834  22.932  -52.278 0.2857142985
111906  -21.789  25.428  -47.101 0.1428571492
109097  -20.253  22.729  -49.319 0.2857142985
108281  -19.817  20.936  -51.967 0.2857142985
109103  -19.488  22.924  -50.308 0.2857142985
110037  -20.011  23.141  -49.433 0.2857142985
108294  -21.203  20.732  -53.165 0.1428571492
108280  -19.489  21.655  -52.428 0.2857142985
109122  -19.122  22.442  -51.973 0.2857142985
110948  -21.673  24.572  -47.600 0.1428571492
109115  -19.756  22.100  -50.708 0.2857142985
109104  -19.822  22.488  -49.801 0.2857142985
108308  -23.632  21.781  -52.967 0.1428571492
108307  -22.874  21.670  -53.133 0.1428571492
108293  -19.994  21.028  -53.087 0.4285714328
106383  -23.524  18.874  -51.563 0.2857142985
106405  -21.257  19.048  -52.621 0.4285714328
107405  -20.001  19.902  -52.275 0.2857142985
108252  -20.408  20.971  -49.837 0.2857142985
107366  -24.653  19.628  -50.356 0.1428571492
106407  -22.961  19.799  -52.456 0.2857142985
106404  -20.517  19.370  -52.410 0.4285714328
105314  -22.789  18.087  -52.364 0.5714285970
106397  -20.832  18.997  -52.068 0.7142857313
106367  -25.691  19.091  -49.228 0.1428571492
106366  -24.744  18.943  -49.975 0.1428571492
105318  -21.444  18.288  -52.246 0.7142857313
106381  -20.324  19.426  -51.838 0.4285714328
105301  -23.684  17.987  -51.714 0.4285714328
105276  -26.787  18.081  -48.203 0.2857142985
104205  -25.519  17.114  -49.322 0.7142857313
104255  -22.391  17.533  -52.473 0.7142857313
103187  -24.523  16.112  -50.193 0.8571428657
104218  -24.851  16.998  -50.010 0.8571428657
104248  -23.413  17.072  -51.934 0.5714285970
104192  -27.320  17.188  -47.277 0.2857142985
104191  -26.662  17.109  -47.920 0.2857142985
104234  -23.988  17.009  -51.362 0.7142857313
102165  -22.776  15.732  -50.495 0.5714285970
103215  -23.488  16.548  -51.512 0.8571428657
103166  -27.201  16.269  -46.892 0.1428571492
103173  -25.752  16.271  -49.084 0.7142857313
103148  -27.773  16.353  -46.437 0.1428571492
92025  -25.388  6.649  -47.060 0.5714285970
95664  -26.475  9.459  -47.992 0.8571428657
94472  -26.071  8.433  -47.733 0.4285714328
95673  -25.772  9.902  -48.191 0.5714285970
100041  -25.618  13.740  -49.438 0.8571428657
100012  -26.569  13.443  -48.064 0.8571428657
102154  -25.631  14.762  -49.542 0.8571428657
101054  -27.440  14.973  -46.048 0.2857142985
101060  -26.337  14.359  -48.554 0.8571428657
102137  -25.555  15.727  -49.464 0.8571428657
103204  -23.857  16.223  -50.911 0.8571428657
102101  -28.605  15.409  -45.477 0.4285714328
102128  -26.764  15.357  -47.099 0.7142857313
103174  -26.206  16.230  -48.356 0.7142857313
90819  -25.388  5.722  -46.792 0.2857142985
93254  -26.468  7.522  -47.597 0.5714285970
93253  -25.667  7.606  -47.450 0.5714285970
97849  -26.750  11.993  -47.968 0.8571428657
98932  -26.380  12.565  -48.296 0.8571428657
101039  -27.551  13.851  -46.195 0.4285714328
100013  -26.980  13.408  -47.240 0.8571428657
101061  -26.708  14.374  -47.603 0.8571428657
99998  -28.433  13.462  -45.548 0.4285714328
85923  -26.480  1.691  -45.546 0.7142857313
87109  -26.053  2.392  -45.827 0.4285714328
85924  -27.166  2.163  -45.728 0.7142857313
88329  -27.453  3.593  -46.501 0.8571428657
89616  -26.805  4.499  -46.852 0.5714285970
90820  -26.275  5.410  -46.983 0.5714285970
89614  -24.730  4.973  -46.379 0.4285714328
89617  -27.674  4.646  -46.831 0.8571428657
90832  -25.871  6.089  -47.172 0.5714285970
92011  -28.006  6.580  -46.696 0.8571428657
92010  -27.409  6.610  -47.158 0.7142857313
90833  -26.495  6.099  -47.323 0.5714285970
96763  -28.376  10.401  -46.046 0.7142857313
97838  -27.875  11.306  -46.500 0.7142857313
97837  -27.523  11.887  -46.848 0.7142857313
98918  -27.268  12.475  -47.019 0.8571428657
98899  -29.474  12.566  -44.722 0.2857142985
98898  -28.720  12.445  -45.391 0.4285714328
98897  -28.102  12.726  -45.772 0.5714285970
83631  -27.739  -0.006  -44.269 0.4285714328
84794  -26.514  0.785  -45.072 0.4285714328
85922  -25.658  1.665  -45.633 0.4285714328
88317  -28.330  3.468  -46.033 0.7142857313
88316  -27.806  3.283  -46.266 0.7142857313
88330  -28.088  4.204  -46.515 0.7142857313
90822  -28.120  5.357  -46.724 0.8571428657
97829  -29.155  11.535  -44.977 0.2857142985
96764  -28.955  10.515  -45.350 0.5714285970
83620  -27.407  -0.704  -44.199 0.4285714328
83629  -26.053  -0.389  -44.742 0.5714285970
84795  -27.462  0.713  -44.652 0.5714285970
85913  -26.698  1.319  -45.276 0.5714285970
87112  -28.117  2.794  -45.701 0.7142857313
94418  -29.720  8.153  -44.260 0.4285714328
95632  -29.240  9.743  -44.950 0.4285714328
96755  -29.525  10.605  -44.625 0.4285714328
80314  -26.926  -3.483  -42.828 0.5714285970
85896  -32.128  2.040  -42.270 0.4285714328
87093  -31.393  2.700  -43.147 0.4285714328
91955  -30.761  6.538  -43.265 0.4285714328
90773  -30.469  5.165  -44.067 0.4285714328
93205  -30.417  7.430  -43.429 0.4285714328
93204  -29.936  7.330  -43.945 0.4285714328
76709  -29.107  -6.416  -37.679 0.1428571492
89572  -31.253  4.039  -43.338 0.4285714328
91968  -30.947  5.549  -43.501 0.4285714328
91956  -31.116  6.282  -43.076 0.4285714328
77864  -29.731  -5.369  -38.762 0.1428571492
79122  -30.411  -4.676  -39.084 0.1428571492
81369  -31.141  -2.840  -40.179 0.2857142985
85866  -32.813  1.089  -41.235 0.2857142985
88270  -33.195  3.573  -41.217 0.2857142985
87068  -32.597  2.392  -41.779 0.2857142985
83601  -31.693  -0.084  -41.598 0.4285714328
89543  -32.694  4.455  -41.792 0.2857142985
87080  -32.199  2.881  -42.298 0.2857142985
85881  -31.956  1.071  -42.182 0.2857142985
89558  -32.198  4.366  -42.372 0.2857142985
89557  -31.711  4.224  -42.893 0.4285714328
77843  -30.263  -5.687  -38.161 0.1428571492
76729  -28.873  -5.951  -38.408 0.1428571492
79123  -31.328  -4.337  -39.077 0.2857142985
80255  -31.544  -3.746  -39.457 0.2857142985
82466  -32.786  -1.811  -40.065 0.2857142985
83592  -33.100  -0.190  -40.112 0.2857142985
83591  -32.532  -0.280  -40.569 0.2857142985
82476  -32.211  -1.346  -40.455 0.2857142985
84756  -32.648  0.627  -41.088 0.2857142985
77865  -30.739  -5.134  -38.567 0.1428571492
80257  -33.186  -3.393  -39.017 0.2857142985
77866  -31.662  -5.095  -38.459 0.2857142985
80279  -32.465  -3.077  -39.626 0.2857142985
80256  -32.146  -3.727  -39.312 0.2857142985
81370  -32.097  -2.390  -40.174 0.2857142985
75561  -29.214  -7.568  -36.740 0.1428571492
76684  -29.949  -7.043  -36.907 0.1428571492
69582  -27.474  -12.504  -34.655 0.2857142985
68417  -26.876  -13.294  -34.437 0.2857142985
74423  -28.621  -8.301  -36.364 0.2857142985
68416  -25.848  -13.475  -34.471 0.2857142985
68402  -26.388  -13.953  -34.104 0.1428571492
79124  -32.428  -4.389  -38.719 0.2857142985
81371  -32.966  -2.494  -39.674 0.2857142985
84757  -33.046  0.408  -40.501 0.2857142985
85883  -32.922  1.932  -41.412 0.2857142985
87079  -31.732  2.389  -42.740 0.4285714328
88284  -32.215  3.548  -42.324 0.2857142985
90763  -32.098  5.266  -42.393 0.2857142985
87110  -26.777  2.691  -46.089 0.7142857313
90762  -31.619  5.100  -43.025 0.4285714328
90821  -27.250  5.703  -47.146 0.5714285970
91967  -30.389  6.412  -43.666 0.4285714328
94435  -29.277  8.642  -44.874 0.4285714328
95633  -29.858  9.518  -44.343 0.2857142985
102151  -23.428  15.123  -50.141 0.7142857313
98907  -27.632  12.409  -46.297 0.7142857313
102153  -25.231  15.231  -49.911 0.8571428657
104233  -22.132  16.839  -50.612 0.5714285970
103214  -22.930  16.592  -51.772 0.7142857313
103188  -25.228  16.217  -49.655 0.8571428657
108262  -20.034  21.309  -51.196 0.2857142985
106384  -24.127  19.075  -50.875 0.4285714328
105300  -23.238  18.499  -51.924 0.4285714328
110936  -22.831  24.484  -46.359 0.1428571492
108295  -22.184  20.877  -52.826 0.1428571492
110051  -18.891  23.569  -51.606 0.2857142985
70761  -28.124  -11.723  -34.949 0.1428571492
69600  -25.434  -12.280  -35.492 0.2857142985
72029  -29.477  -10.293  -35.430 0.1428571492
74424  -29.611  -8.306  -36.219 0.1428571492
76710  -30.169  -6.278  -37.433 0.1428571492
77845  -31.953  -5.698  -37.911 0.1428571492
77867  -32.411  -5.132  -38.291 0.1428571492
81368  -30.530  -3.133  -40.191 0.2857142985
80278  -31.737  -3.244  -39.742 0.2857142985
84734  -33.619  0.525  -39.880 0.2857142985
81381  -31.273  -2.152  -40.585 0.2857142985
85867  -33.295  1.393  -40.811 0.2857142985
82515  -26.732  -0.752  -44.436 0.5714285970
83590  -31.848  -0.617  -40.942 0.2857142985
84805  -25.263  1.004  -45.558 0.2857142985
90750  -32.554  5.400  -41.717 0.2857142985
91957  -31.818  6.192  -42.278 0.2857142985
87111  -27.598  2.867  -46.085 0.5714285970
89598  -25.439  3.736  -46.000 0.4285714328
88328  -26.472  3.508  -46.328 0.5714285970
92009  -24.852  6.333  -46.766 0.2857142985
90774  -31.015  4.807  -43.595 0.4285714328
92024  -24.722  6.910  -46.863 0.2857142985
94405  -30.847  7.918  -43.009 0.1428571492
94419  -30.340  8.560  -43.693 0.4285714328
94436  -29.785  8.723  -44.276 0.4285714328
95617  -30.540  9.750  -43.830 0.1428571492
96756  -30.243  10.598  -44.084 0.1428571492
97828  -28.488  11.362  -45.653 0.5714285970
99997  -27.751  13.342  -45.933 0.5714285970
103149  -28.585  16.487  -45.987 0.2857142985
102119  -27.880  15.553  -45.938 0.4285714328
104193  -27.858  17.792  -47.243 0.1428571492
105287  -25.145  18.006  -49.627 0.5714285970
105260  -27.523  18.000  -47.635 0.1428571492
105275  -25.899  18.054  -48.878 0.1428571492
107367  -25.219  19.919  -49.880 0.1428571492
110015  -22.350  23.681  -47.134 0.1428571492
105286  -24.411  17.819  -50.617 0.5714285970
107411  -20.697  19.932  -52.793 0.2857142985
107412  -21.677  19.930  -52.881 0.2857142985
106400  -23.892  19.718  -51.540 0.2857142985
107407  -24.108  20.479  -51.531 0.1428571492
108282  -23.765  21.152  -52.128 0.1428571492
108296  -23.160  21.066  -52.460 0.1428571492
109140  -20.752  21.982  -54.044 0.2857142985
109141  -21.642  22.094  -53.972 0.1428571492
70785  -29.796  -11.077  -35.248 0.1428571492
76685  -30.756  -6.989  -36.930 0.1428571492
87069  -33.232  2.701  -41.186 0.2857142985
109142  -22.640  22.241  -53.847 0.1428571492
109153  -19.668  22.708  -54.582 0.2857142985
72052  -29.290  -9.541  -35.576 0.1428571492
73232  -29.044  -8.870  -35.748 0.1428571492
76730  -29.612  -5.887  -38.038 0.1428571492
79121  -29.770  -4.756  -39.279 0.2857142985
80276  -29.812  -3.528  -40.135 0.4285714328
80277  -30.877  -3.642  -39.673 0.2857142985
83612  -31.390  0.113  -42.157 0.4285714328
85914  -27.166  1.495  -45.193 0.5714285970
87101  -27.803  2.257  -45.420 0.7142857313
94473  -27.015  8.254  -47.680 0.8571428657
93243  -27.478  7.478  -47.276 0.8571428657
97850  -27.299  11.400  -47.540 0.8571428657
104254  -21.982  17.600  -52.552 0.7142857313
109105  -20.314  21.849  -49.498 0.2857142985
75586  -29.396  -6.873  -37.182 0.1428571492
81382  -31.771  -1.839  -40.530 0.2857142985
93255  -26.999  7.472  -47.594 0.5714285970
101072  -25.855  14.307  -49.254 0.8571428657
108251  -20.100  21.346  -50.351 0.2857142985
109098  -20.807  22.514  -48.820 0.2857142985
89618  -28.177  4.710  -46.652 0.8571428657
110023  -19.928  24.030  -49.223 0.2857142985
110962  -20.563  24.802  -48.565 0.1428571492
110025  -21.131  23.820  -48.348 0.2857142985
111004  -18.848  24.652  -50.866 0.2857142985
109130  -19.555  21.708  -53.209 0.2857142985
110949  -22.179  24.775  -46.926 0.1428571492
109114  -19.409  22.772  -51.125 0.2857142985
108305  -20.953  21.448  -53.567 0.1428571492
108306  -21.890  21.550  -53.336 0.1428571492
109123  -19.623  21.849  -51.576 0.2857142985
107414  -23.089  20.336  -52.449 0.1428571492
108304  -20.370  21.613  -53.593 0.1428571492
105319  -21.988  18.234  -52.680 0.5714285970
106406  -22.305  19.154  -52.605 0.4285714328
107385  -24.661  20.488  -50.823 0.1428571492
107413  -22.583  20.169  -52.689 0.2857142985
107406  -23.562  20.365  -52.061 0.2857142985
106398  -22.601  18.694  -52.388 0.4285714328
105315  -23.198  17.548  -52.149 0.7142857313
104206  -26.113  17.150  -48.601 0.5714285970
104217  -24.351  16.797  -50.666 0.7142857313
103165  -26.676  16.266  -47.542 0.5714285970
102118  -27.321  15.499  -46.447 0.4285714328
102138  -25.920  15.270  -49.079 0.8571428657
92026  -26.127  6.749  -47.432 0.5714285970
95663  -25.631  9.163  -47.964 0.4285714328
98917  -26.850  12.534  -47.675 0.8571428657
101053  -27.204  14.387  -46.582 0.4285714328
101040  -27.895  14.418  -45.771 0.5714285970
102127  -26.428  15.309  -48.048 0.8571428657
100006  -27.377  13.298  -46.530 0.7142857313
84806  -25.899  1.082  -45.469 0.5714285970
87120  -27.202  3.063  -46.303 0.7142857313
87119  -26.973  3.178  -46.387 0.7142857313
88327  -25.892  3.716  -46.146 0.4285714328
89615  -25.775  4.493  -46.363 0.4285714328
89597  -24.833  4.150  -45.960 0.2857142985
98908  -28.083  12.023  -45.843 0.5714285970
83630  -26.951  -0.051  -44.522 0.5714285970
97822  -29.963  11.712  -44.282 0.2857142985
88283  -31.742  3.413  -42.809 0.4285714328
93193  -30.755  6.951  -43.092 0.4285714328
85882  -32.431  1.283  -41.745 0.2857142985
88269  -32.688  3.548  -41.768 0.2857142985
84766  -31.831  0.651  -42.095 0.2857142985
83602  -32.161  0.047  -41.126 0.2857142985
76711  -31.323  -6.323  -37.413 0.1428571492
77844  -31.028  -5.731  -38.017 0.1428571492
83579  -32.966  -1.007  -40.119 0.2857142985
68418  -27.959  -13.369  -34.395 0.1428571492
69583  -28.539  -12.534  -34.671 0.1428571492
110001  -22.965  23.381  -46.507 0.1428571492
70762  -29.165  -11.786  -34.951 0.1428571492
102136  -23.171  14.902  -49.495 0.5714285970
101085  -23.645  14.257  -49.708 0.4285714328
100024  -23.991  13.333  -49.313 0.4285714328
102166  -23.247  15.718  -50.782 0.4285714328
98929  -24.432  12.765  -49.167 0.4285714328
98915  -24.340  12.443  -48.530 0.4285714328
100025  -24.466  12.951  -49.436 0.5714285970
100038  -24.026  13.765  -49.847 0.5714285970
89525  -33.673  4.425  -40.109 0.1428571492
89544  -33.175  4.509  -41.138 0.1428571492
90751  -33.062  5.480  -41.071 0.1428571492
88231  -34.483  3.769  -39.045 0.1428571492
88230  -34.078  3.569  -39.858 0.1428571492
89511  -34.932  4.730  -38.709 0.1428571492
90718  -35.127  5.621  -38.921 0.1428571492
75608  -26.364  -7.141  -39.553 0.2857142985
85843  -33.807  1.255  -40.122 0.1428571492
87028  -34.433  2.655  -39.388 0.1428571492
85868  -33.955  1.729  -40.172 0.1428571492
89492  -35.578  4.716  -38.266 0.1428571492
91903  -37.887  5.867  -39.520 0.1428571492
90698  -36.696  5.438  -38.274 0.1428571492
91902  -37.326  6.270  -39.344 0.1428571492
75598  -26.000  -7.944  -39.076 0.2857142985
75607  -25.600  -7.631  -39.445 0.2857142985
82446  -33.952  -1.992  -39.108 0.1428571492
83556  -34.000  -1.151  -39.126 0.1428571492
84709  -33.995  -0.108  -39.128 0.1428571492
82467  -33.434  -1.671  -39.621 0.1428571492
85823  -34.845  1.835  -38.688 0.1428571492
84710  -34.642  0.595  -38.598 0.1428571492
87008  -35.423  2.535  -37.909 0.1428571492
88214  -35.956  3.954  -37.589 0.1428571492
89494  -37.726  4.645  -37.973 0.1428571492
90720  -38.345  5.357  -39.446 0.1428571492
91880  -37.054  5.787  -38.693 0.1428571492
73251  -25.270  -8.976  -38.526 0.2857142985
80258  -33.850  -3.378  -38.550 0.1428571492
81332  -34.565  -2.575  -38.157 0.1428571492
82447  -34.412  -1.784  -38.503 0.1428571492
83557  -34.441  -0.647  -38.474 0.1428571492
85824  -35.308  1.302  -37.968 0.1428571492
86991  -36.252  2.547  -37.132 0.1428571492
89478  -37.303  4.355  -37.581 0.1428571492
88188  -37.000  2.994  -36.925 0.1428571492
90735  -38.565  5.288  -40.622 0.1428571492
79125  -33.202  -4.194  -38.496 0.1428571492
81353  -34.037  -2.753  -38.704 0.1428571492
80242  -34.412  -3.515  -37.965 0.1428571492
82424  -35.185  -1.814  -37.360 0.1428571492
81333  -35.006  -2.704  -37.535 0.1428571492
83536  -36.338  -0.427  -36.618 0.1428571492
83534  -34.803  -1.231  -37.792 0.1428571492
84689  -36.766  0.521  -36.511 0.1428571492
84687  -35.003  -0.176  -37.798 0.1428571492
85803  -36.385  1.471  -36.806 0.1428571492
89495  -38.242  4.417  -38.327 0.1428571492
86992  -37.731  2.783  -37.031 0.1428571492
89512  -38.655  4.448  -39.126 0.1428571492
79106  -34.442  -4.471  -37.097 0.1428571492
80224  -36.489  -3.274  -36.129 0.1428571492
80223  -35.550  -3.281  -36.879 0.1428571492
82403  -35.585  -1.650  -36.971 0.1428571492
81311  -35.573  -2.293  -36.989 0.1428571492
83538  -38.477  -0.619  -36.633 0.1428571492
83537  -37.330  -0.501  -36.344 0.1428571492
84690  -37.876  0.667  -36.400 0.1428571492
85790  -38.313  1.885  -37.037 0.1428571492
85804  -37.123  1.312  -36.474 0.1428571492
88200  -38.327  3.522  -37.860 0.1428571492
85788  -36.929  2.041  -36.683 0.1428571492
79089  -36.928  -4.186  -35.817 0.1428571492
79088  -35.913  -4.177  -36.237 0.1428571492
79087  -35.185  -4.163  -36.748 0.1428571492
81314  -38.100  -2.274  -36.147 0.1428571492
80225  -37.499  -3.264  -35.840 0.1428571492
82426  -37.868  -1.327  -36.243 0.1428571492
86993  -38.258  2.649  -37.378 0.1428571492
84691  -38.756  0.689  -37.212 0.1428571492
81312  -36.193  -2.456  -36.497 0.1428571492
82423  -34.762  -2.033  -37.861 0.1428571492
83516  -36.145  -1.216  -36.642 0.1428571492
84711  -35.179  0.562  -37.891 0.1428571492
83580  -33.487  -0.608  -39.639 0.1428571492
89527  -38.918  4.498  -40.103 0.1428571492
91945  -38.254  5.945  -41.182 0.1428571492
90699  -37.639  5.311  -38.509 0.1428571492
88213  -35.471  3.886  -38.122 0.1428571492
90680  -37.011  4.934  -37.831 0.1428571492
90733  -33.438  5.609  -40.319 0.1428571492
74442  -25.881  -8.822  -38.160 0.2857142985
87010  -38.794  2.678  -38.202 0.1428571492
88215  -38.713  3.613  -38.676 0.1428571492
91959  -38.298  5.781  -41.993 0.1428571492
91944  -37.899  6.683  -40.777 0.1428571492
91928  -38.085  6.073  -40.107 0.1428571492
91878  -36.005  6.193  -38.846 0.1428571492
91927  -37.708  6.637  -40.074 0.1428571492
102150  -22.694  15.537  -49.770 0.4285714328
103186  -22.345  16.316  -50.209 0.4285714328
109170  -20.067  22.900  -55.259 0.1428571492
74451  -26.216  -8.343  -38.430 0.2857142985
109152  -18.928  23.003  -54.881 0.1428571492
80241  -33.682  -3.813  -38.414 0.1428571492
79104  -32.958  -4.777  -38.291 0.1428571492
81352  -33.550  -2.478  -39.262 0.1428571492
93194  -31.317  7.255  -42.587 0.1428571492
87049  -33.948  2.572  -40.290 0.1428571492
88249  -33.581  3.556  -40.663 0.1428571492
89509  -33.979  4.163  -39.835 0.1428571492
89510  -34.199  4.501  -39.518 0.1428571492
88232  -34.883  3.915  -38.551 0.1428571492
87027  -34.169  2.927  -39.861 0.1428571492
89526  -33.856  5.188  -39.741 0.1428571492
91899  -34.642  6.392  -39.452 0.1428571492
90697  -35.759  5.549  -38.486 0.1428571492
84735  -34.160  0.590  -39.313 0.1428571492
85844  -34.302  1.385  -39.571 0.1428571492
87050  -34.227  2.078  -39.902 0.1428571492
87007  -34.829  2.555  -38.594 0.1428571492
89493  -36.172  4.658  -37.802 0.1428571492
89477  -36.762  4.453  -37.584 0.1428571492
91879  -36.530  5.988  -38.778 0.1428571492
87009  -35.879  3.355  -37.534 0.1428571492
86990  -35.799  2.296  -37.442 0.1428571492
88198  -36.583  3.768  -37.290 0.1428571492
85802  -35.795  1.785  -37.379 0.1428571492
84688  -35.733  0.529  -37.189 0.1428571492
86979  -37.370  2.489  -36.825 0.1428571492
88199  -37.611  3.444  -37.226 0.1428571492
79105  -33.649  -4.524  -37.905 0.1428571492
80243  -34.972  -3.322  -37.418 0.1428571492
83517  -36.723  -1.042  -36.412 0.1428571492
83535  -35.495  -0.915  -37.061 0.1428571492
82405  -36.628  -1.722  -36.391 0.1428571492
84673  -38.327  1.303  -36.786 0.1428571492
85805  -38.785  1.743  -37.672 0.1428571492
81334  -37.100  -1.818  -36.232 0.1428571492
81313  -37.055  -2.356  -36.081 0.1428571492
67215  -24.103  -14.601  -34.530 0.1428571492
68413  -22.828  -14.192  -35.330 0.1428571492
69579  -24.515  -13.447  -35.090 0.1428571492
69580  -25.176  -13.079  -34.995 0.1428571492
70780  -25.028  -11.917  -36.232 0.1428571492
70799  -25.505  -11.180  -36.423 0.1428571492
70798  -24.779  -11.308  -36.941 0.1428571492
72060  -24.479  -10.461  -37.562 0.1428571492
72049  -25.418  -10.499  -37.014 0.1428571492
73245  -25.322  -9.775  -37.723 0.1428571492
70797  -23.771  -11.378  -37.206 0.1428571492
72059  -23.530  -10.432  -37.505 0.1428571492
72061  -25.036  -10.417  -37.445 0.1428571492
73249  -23.835  -9.145  -38.238 0.1428571492
74448  -23.939  -8.581  -38.701 0.1428571492
75606  -24.535  -7.598  -39.475 0.1428571492
74449  -24.796  -8.474  -39.120 0.1428571492
76736  -25.908  -6.888  -40.238 0.1428571492
76747  -26.432  -6.326  -40.920 0.1428571492
76735  -24.821  -6.598  -40.025 0.2857142985
81410  -25.746  -2.388  -43.639 0.4285714328
82507  -26.905  -1.380  -43.971 0.4285714328
82514  -26.315  -1.038  -44.370 0.4285714328
95672  -25.116  9.519  -47.997 0.2857142985
96792  -24.859  10.563  -47.984 0.2857142985
96793  -25.392  10.606  -48.250 0.2857142985
100010  -23.004  13.248  -47.669 0.2857142985
101059  -23.045  13.895  -48.160 0.2857142985
74457  -25.305  -8.151  -39.261 0.1428571492
77876  -24.077  -6.230  -39.970 0.1428571492
76745  -24.784  -6.232  -40.696 0.2857142985
77892  -26.655  -5.945  -41.149 0.1428571492
69607  -23.436  -12.211  -36.590 0.1428571492
70804  -24.046  -10.855  -37.465 0.1428571492
73243  -23.279  -9.431  -37.758 0.1428571492
75597  -24.039  -8.021  -39.121 0.1428571492
75605  -23.773  -7.467  -39.220 0.1428571492
76734  -23.719  -6.739  -39.540 0.1428571492
77890  -24.120  -5.870  -40.642 0.2857142985
76758  -25.982  -6.205  -41.291 0.2857142985
77891  -24.767  -6.023  -41.092 0.2857142985
77904  -25.207  -5.660  -41.504 0.2857142985
77905  -26.286  -5.709  -41.524 0.2857142985
79165  -26.566  -4.826  -41.937 0.2857142985
80313  -26.274  -3.769  -42.853 0.4285714328
81409  -24.999  -2.436  -43.432 0.2857142985
94471  -25.215  8.649  -47.722 0.2857142985
94479  -24.736  9.221  -47.814 0.2857142985
95671  -24.508  9.632  -47.840 0.2857142985
95670  -23.999  9.902  -47.796 0.2857142985
96784  -24.504  10.912  -47.764 0.2857142985
98916  -24.835  11.999  -48.520 0.2857142985
98914  -23.608  12.430  -47.804 0.2857142985
98906  -22.831  12.381  -47.223 0.2857142985
100011  -23.517  13.242  -48.449 0.2857142985
79164  -25.524  -4.838  -42.107 0.2857142985
94480  -24.896  8.988  -47.813 0.2857142985
93251  -24.175  8.168  -47.220 0.2857142985
96783  -23.905  10.611  -47.591 0.2857142985
97846  -23.426  11.507  -47.354 0.2857142985
97848  -24.740  11.534  -48.083 0.2857142985
97847  -24.203  11.611  -47.738 0.2857142985
97836  -22.616  11.451  -46.864 0.2857142985
95660  -23.497  9.646  -47.467 0.2857142985
96782  -23.084  10.544  -47.216 0.2857142985
81403  -26.452  -3.016  -43.208 0.4285714328
81411  -26.665  -2.219  -43.551 0.4285714328
79166  -27.120  -4.701  -41.766 0.4285714328
69599  -24.176  -12.835  -35.717 0.1428571492
76746  -25.431  -6.370  -40.984 0.1428571492
73250  -24.552  -9.181  -38.435 0.1428571492
68414  -23.862  -13.880  -35.145 0.1428571492
69608  -24.266  -12.004  -36.614 0.1428571492
70805  -24.390  -10.986  -37.325 0.1428571492
73244  -24.159  -9.805  -37.966 0.1428571492
72058  -22.953  -9.936  -37.428 0.1428571492
81402  -25.510  -3.127  -43.179 0.4285714328
80302  -26.106  -4.400  -42.438 0.4285714328
83618  -25.336  -0.894  -44.346 0.2857142985
82506  -25.974  -1.575  -44.131 0.2857142985
84793  -25.585  0.413  -45.241 0.2857142985
112007  -16.489  26.540  -53.946 0.1428571492
112020  -16.170  26.042  -54.710 0.1428571492
111036  -17.282  25.252  -53.285 0.1428571492
110062  -17.893  23.779  -53.716 0.1428571492
109137  -18.503  23.204  -54.253 0.1428571492
112959  -16.277  27.043  -54.172 0.1428571492
111037  -17.666  24.469  -52.874 0.1428571492
111943  -18.191  26.798  -49.984 0.1428571492
110069  -18.352  23.238  -55.131 0.1428571492
111057  -16.350  25.381  -55.494 0.1428571492
109138  -19.130  22.731  -53.984 0.1428571492
110061  -17.535  24.331  -53.961 0.1428571492
110068  -17.867  23.442  -54.707 0.1428571492
109129  -19.067  22.333  -52.980 0.1428571492
111023  -18.501  24.436  -51.484 0.1428571492
109128  -18.638  23.127  -53.503 0.1428571492
111978  -17.545  25.816  -51.482 0.1428571492
111003  -18.180  25.273  -51.088 0.1428571492
111921  -19.503  26.213  -49.190 0.1428571492
110055  -18.405  23.570  -52.584 0.1428571492
110050  -18.477  24.058  -51.911 0.1428571492
112008  -16.790  25.865  -53.856 0.1428571492
112945  -16.461  27.081  -53.339 0.1428571492
112021  -16.718  25.435  -54.398 0.1428571492
111021  -17.366  25.457  -52.380 0.1428571492
114753  -16.603  28.266  -53.573 0.1428571492
111022  -17.940  24.644  -51.907 0.1428571492
110083  -17.205  23.982  -55.242 0.1428571492
94460  -22.800  8.666  -46.731 0.1428571492
94469  -23.669  8.652  -47.200 0.1428571492
94468  -23.198  9.123  -47.143 0.1428571492
97834  -21.101  11.357  -45.860 0.1428571492
98904  -21.251  12.277  -46.035 0.1428571492
100004  -21.501  13.230  -46.325 0.1428571492
101052  -21.860  14.110  -46.651 0.2857142985
88314  -25.773  3.112  -45.936 0.2857142985
88313  -24.807  3.180  -45.641 0.1428571492
92008  -24.180  6.609  -46.692 0.1428571492
93241  -23.825  7.582  -46.891 0.1428571492
101041  -28.826  14.405  -45.206 0.1428571492
101058  -22.486  14.121  -47.526 0.1428571492
102134  -21.968  15.531  -48.244 0.2857142985
104173  -21.950  17.412  -46.753 0.2857142985
105246  -22.076  17.705  -46.212 0.2857142985
109086  -22.715  22.679  -46.930 0.1428571492
107338  -22.618  20.423  -44.017 0.1428571492
102135  -22.459  15.171  -48.891 0.2857142985
102117  -21.877  14.679  -47.226 0.2857142985
103171  -22.198  15.872  -48.551 0.2857142985
104216  -22.142  17.353  -49.959 0.2857142985
103164  -22.150  16.862  -48.355 0.2857142985
104189  -21.704  16.854  -47.031 0.2857142985
105274  -22.148  18.261  -49.209 0.2857142985
104190  -21.993  17.335  -47.669 0.2857142985
105258  -22.165  18.233  -47.972 0.2857142985
106338  -21.961  18.498  -45.649 0.2857142985
108232  -23.398  21.608  -45.592 0.1428571492
108226  -23.836  21.865  -44.707 0.1428571492
104172  -21.884  16.946  -46.056 0.1428571492
104165  -21.317  16.919  -44.912 0.1428571492
101051  -20.932  14.138  -45.942 0.2857142985
105238  -21.693  17.873  -45.522 0.2857142985
106339  -22.339  19.121  -45.877 0.1428571492
106334  -22.178  19.542  -44.612 0.1428571492
100003  -20.667  13.121  -45.740 0.2857142985
105226  -20.739  18.162  -43.404 0.1428571492
107334  -22.520  20.383  -42.891 0.1428571492
106326  -21.567  18.779  -43.955 0.1428571492
98856  -19.653  12.841  -42.963 0.1428571492
90818  -24.497  5.776  -46.548 0.1428571492
92007  -23.373  6.721  -46.499 0.1428571492
93240  -22.824  7.565  -46.458 0.1428571492
94459  -22.010  8.687  -46.184 0.1428571492
95648  -21.445  9.467  -46.079 0.1428571492
95649  -22.107  9.543  -46.570 0.1428571492
96770  -20.959  10.690  -45.760 0.1428571492
98905  -22.090  12.357  -46.558 0.1428571492
100005  -22.368  13.277  -46.908 0.1428571492
102125  -21.784  15.421  -47.435 0.1428571492
103163  -21.945  16.312  -47.908 0.2857142985
103147  -21.762  16.097  -46.708 0.1428571492
105232  -21.185  17.936  -44.464 0.2857142985
99999  -29.153  13.452  -45.024 0.1428571492
101021  -29.580  14.345  -44.723 0.1428571492
105285  -22.083  17.914  -49.834 0.2857142985
105247  -22.216  18.161  -46.810 0.2857142985
93252  -24.736  7.701  -47.174 0.1428571492
103172  -22.381  16.372  -49.047 0.2857142985
101070  -22.637  14.416  -48.345 0.1428571492
94461  -23.287  8.102  -46.843 0.1428571492
96772  -22.318  10.496  -46.717 0.1428571492
93239  -22.414  8.146  -46.252 0.1428571492
97835  -21.835  11.404  -46.319 0.1428571492
93242  -24.371  7.208  -46.876 0.1428571492
102126  -21.991  14.785  -48.066 0.2857142985
105239  -22.189  18.239  -45.979 0.2857142985
104204  -22.275  17.402  -48.712 0.2857142985
106333  -21.622  18.734  -45.095 0.2857142985
109079  -23.880  22.624  -45.354 0.1428571492
102116  -21.632  15.058  -46.336 0.1428571492
106327  -22.031  19.598  -43.434 0.1428571492
77874  -22.681  -5.594  -39.776 0.1428571492
77903  -24.479  -5.569  -41.271 0.1428571492
79163  -24.317  -4.747  -41.709 0.1428571492
79152  -22.516  -4.743  -40.574 0.1428571492
80298  -22.141  -3.636  -40.935 0.1428571492
80299  -22.824  -3.525  -41.520 0.1428571492
81390  -22.955  -2.609  -41.844 0.1428571492
80300  -23.557  -3.945  -41.793 0.1428571492
79173  -24.904  -4.504  -42.209 0.1428571492
82484  -23.132  -2.004  -42.303 0.1428571492
81401  -24.468  -2.870  -42.952 0.1428571492
82494  -23.638  -1.803  -43.034 0.1428571492
82505  -24.936  -1.655  -43.862 0.1428571492
83617  -24.088  -0.583  -44.185 0.1428571492
84792  -24.743  0.510  -45.232 0.1428571492
85921  -24.959  1.572  -45.598 0.1428571492
76733  -23.130  -6.233  -39.545 0.1428571492
77888  -22.740  -5.317  -40.300 0.1428571492
79162  -23.180  -4.407  -41.367 0.1428571492
87108  -25.307  2.340  -45.698 0.1428571492
79153  -23.514  -5.161  -41.054 0.1428571492
80312  -25.221  -4.031  -42.586 0.1428571492
77889  -23.146  -5.490  -40.420 0.1428571492
80310  -23.417  -3.295  -41.961 0.1428571492
81400  -23.596  -2.726  -42.419 0.1428571492
80311  -24.140  -3.718  -42.282 0.1428571492
79172  -24.629  -4.264  -42.228 0.1428571492
82495  -24.417  -2.056  -43.397 0.1428571492
81389  -22.147  -2.593  -41.266 0.1428571492
77861  -22.026  -5.633  -39.047 0.1428571492
67216  -24.564  -14.558  -34.287 0.1428571492
72048  -24.835  -10.771  -37.296 0.1428571492
72051  -28.721  -9.362  -35.665 0.1428571492
73203  -26.552  -9.968  -36.375 0.2857142985
73228  -25.671  -10.051  -37.190 0.1428571492
74450  -25.728  -8.317  -38.894 0.1428571492
74456  -25.065  -8.024  -39.426 0.1428571492
75559  -27.782  -8.007  -37.181 0.4285714328
76738  -27.395  -6.270  -40.050 0.2857142985
76757  -25.723  -6.036  -41.387 0.2857142985
79142  -30.708  -4.234  -39.351 0.2857142985
79154  -24.084  -5.371  -41.208 0.1428571492
79161  -22.597  -4.119  -41.182 0.1428571492
80222  -34.942  -3.767  -37.264 0.1428571492
80289  -27.709  -4.265  -41.615 0.4285714328
80301  -25.616  -4.442  -42.408 0.1428571492
80304  -27.980  -3.661  -41.898 0.5714285970
81335  -37.478  -1.830  -36.203 0.1428571492
82404  -35.970  -1.795  -36.697 0.1428571492
82425  -37.197  -1.369  -36.280 0.1428571492
83515  -35.785  -1.397  -36.825 0.1428571492
83619  -25.920  -0.986  -44.413 0.2857142985
84767  -32.190  0.483  -41.560 0.2857142985
84776  -30.289  0.518  -43.357 0.7142857313
84804  -24.786  1.059  -45.491 0.1428571492
85789  -37.720  1.744  -36.646 0.1428571492
85806  -39.082  1.093  -37.832 0.1428571492
86978  -36.866  2.535  -36.827 0.1428571492
86980  -37.912  2.333  -36.924 0.1428571492
88189  -37.423  2.930  -36.991 0.1428571492
88212  -34.837  3.222  -38.533 0.1428571492
88315  -26.286  2.921  -46.036 0.7142857313
89479  -37.906  4.132  -37.704 0.1428571492
90681  -37.430  4.839  -37.941 0.1428571492
90700  -38.327  4.966  -38.774 0.1428571492
90719  -37.798  5.714  -39.198 0.1428571492
90831  -25.570  6.135  -47.016 0.2857142985
92027  -26.916  6.763  -47.469 0.5714285970
94470  -24.487  8.776  -47.563 0.2857142985
94474  -27.473  8.502  -47.516 1.0000000000
95659  -22.799  9.640  -47.056 0.1428571492
95661  -24.030  9.295  -47.607 0.2857142985
95662  -25.286  9.095  -47.937 0.4285714328
95674  -26.178  10.111  -48.230 0.5714285970
96791  -24.370  10.305  -47.835 0.2857142985
97827  -20.652  11.163  -45.451 0.1428571492
100040  -25.186  13.509  -49.752 0.7142857313
101071  -23.225  14.187  -48.939 0.2857142985
103212  -21.907  16.977  -52.067 0.8571428657
104174  -27.598  16.819  -46.807 0.1428571492
104246  -22.129  17.171  -52.327 0.7142857313
104247  -22.759  17.180  -52.264 0.7142857313
104253  -21.716  17.846  -52.430 0.7142857313
105259  -27.083  17.610  -47.753 0.2857142985
105313  -22.398  18.509  -52.520 0.4285714328
105320  -22.289  17.824  -52.573 0.5714285970
106396  -20.319  19.352  -52.167 0.4285714328
106399  -23.035  19.146  -52.051 0.4285714328
108292  -19.495  21.633  -52.932 0.2857142985
109151  -18.422  23.186  -54.739 0.1428571492
110067  -17.369  24.166  -54.417 0.1428571492
111047  -17.207  24.937  -54.088 0.1428571492
111048  -17.516  24.520  -53.576 0.1428571492
111058  -16.720  24.876  -54.859 0.1428571492
111960  -17.719  26.493  -50.616 0.1428571492
113887  -16.478  27.844  -53.626 0.1428571492
114754  -16.776  28.600  -53.117 0.1428571492
114759  -16.566  28.043  -53.846 0.1428571492
