#!ascii label  , from subject 3658 vox2ras=TkReg
830
86850  18.633  3.027  -37.535 0.2500000000
86862  19.053  3.430  -38.233 0.2500000000
85826  19.676  2.362  -38.319 0.7500000000
89273  17.866  5.650  -37.771 0.2500000000
89286  18.312  5.980  -38.469 0.3750000000
89272  18.591  5.100  -38.378 0.2500000000
86863  18.482  3.487  -37.631 0.2500000000
86881  19.831  3.681  -38.939 0.7500000000
85825  20.339  2.329  -38.908 0.8750000000
86861  19.926  3.031  -38.748 0.8750000000
85845  21.094  2.347  -39.334 0.8750000000
88085  19.418  4.548  -38.985 0.8750000000
88070  18.753  4.315  -38.358 0.7500000000
86897  20.963  3.949  -40.129 1.0000000000
88084  20.093  4.061  -39.303 1.0000000000
86879  21.348  2.907  -39.690 1.0000000000
86880  20.646  3.379  -39.444 0.8750000000
85844  21.976  2.451  -39.811 1.0000000000
90452  17.826  6.644  -38.194 0.2500000000
89285  18.999  5.829  -39.091 0.7500000000
88100  19.596  5.370  -39.715 0.8750000000
88098  21.356  4.511  -40.643 1.0000000000
88099  20.340  4.602  -39.964 1.0000000000
86895  22.632  3.546  -40.795 1.0000000000
86896  21.635  3.450  -40.262 1.0000000000
85861  22.277  3.040  -40.324 1.0000000000
90453  17.461  6.621  -37.487 0.1250000000
90460  18.441  6.739  -38.829 0.6250000000
89302  19.389  6.112  -39.854 1.0000000000
88112  23.195  4.934  -41.438 1.0000000000
88113  22.233  4.973  -41.234 1.0000000000
89300  20.868  5.366  -40.657 1.0000000000
86909  23.393  4.123  -41.204 1.0000000000
88097  22.074  4.102  -40.926 1.0000000000
86907  24.839  3.942  -41.150 1.0000000000
86894  23.557  3.296  -40.907 1.0000000000
94621  16.156  10.610  -37.401 0.2500000000
91531  17.333  7.545  -37.869 0.2500000000
91530  17.943  7.467  -38.557 0.5000000000
91548  18.813  7.519  -39.753 1.0000000000
90459  18.957  6.865  -39.633 1.0000000000
90486  20.676  6.557  -40.902 1.0000000000
90472  19.527  6.700  -40.190 1.0000000000
90485  21.359  6.800  -41.584 1.0000000000
89328  23.567  6.098  -41.977 1.0000000000
88110  24.744  4.646  -41.320 1.0000000000
89327  24.131  6.184  -42.139 1.0000000000
89311  24.798  5.537  -41.718 1.0000000000
94636  16.442  10.486  -38.427 0.5000000000
93590  16.597  9.620  -38.196 0.3750000000
93589  17.121  8.951  -38.515 0.5000000000
92598  18.774  8.688  -40.150 0.8750000000
91560  18.665  8.000  -39.757 1.0000000000
91558  19.894  7.585  -40.752 1.0000000000
90499  22.381  6.954  -42.218 1.0000000000
90500  21.871  6.929  -42.006 1.0000000000
90497  24.230  6.830  -42.713 1.0000000000
89310  25.430  6.189  -42.056 0.8750000000
95681  16.290  11.466  -38.281 0.5000000000
93608  16.662  10.056  -38.856 0.6250000000
94634  17.690  10.310  -39.702 0.6250000000
93606  18.229  9.592  -39.889 1.0000000000
92582  18.094  8.581  -39.266 0.7500000000
93624  19.544  9.169  -41.128 1.0000000000
92633  22.901  8.869  -43.298 1.0000000000
92623  22.474  8.440  -43.013 1.0000000000
91586  21.593  7.612  -42.140 1.0000000000
91587  20.894  7.983  -41.801 1.0000000000
91592  23.599  8.223  -43.270 1.0000000000
91584  23.521  7.471  -43.006 1.0000000000
91585  22.562  7.658  -42.709 1.0000000000
91583  24.401  7.803  -43.082 0.8750000000
90496  24.970  6.943  -42.683 0.8750000000
94635  16.922  10.785  -39.225 0.5000000000
94651  17.653  10.985  -39.856 0.8750000000
93652  20.285  10.255  -42.139 1.0000000000
93639  19.862  9.685  -41.671 1.0000000000
92634  22.198  9.072  -43.027 1.0000000000
93650  21.576  9.674  -42.884 1.0000000000
92610  20.461  8.629  -41.636 1.0000000000
94688  22.451  10.724  -43.660 1.0000000000
92631  24.284  8.794  -43.259 1.0000000000
91591  24.011  8.405  -43.298 1.0000000000
93659  23.109  9.757  -43.550 1.0000000000
93657  24.651  9.522  -43.283 1.0000000000
96779  20.038  12.328  -42.783 1.0000000000
94678  19.896  10.838  -42.038 1.0000000000
94665  18.775  10.709  -41.186 1.0000000000
95741  22.343  12.360  -44.131 1.0000000000
95731  21.826  11.832  -43.766 1.0000000000
95729  23.662  11.913  -44.241 1.0000000000
95730  22.756  11.641  -44.065 1.0000000000
94686  24.356  10.652  -43.687 1.0000000000
94687  23.394  10.710  -43.826 1.0000000000
94675  25.016  10.169  -43.299 0.8750000000
100135  18.493  15.464  -41.838 1.0000000000
98992  17.452  14.834  -40.372 0.3750000000
99009  17.938  15.053  -41.163 0.8750000000
97873  19.587  13.315  -42.861 1.0000000000
96805  22.403  12.998  -44.318 1.0000000000
96792  21.180  12.710  -43.619 1.0000000000
101208  18.062  16.564  -41.528 0.8750000000
101215  19.543  16.275  -43.002 1.0000000000
100149  19.301  15.338  -42.546 1.0000000000
99026  19.063  14.582  -42.272 1.0000000000
99042  20.185  13.900  -43.457 1.0000000000
97888  22.018  13.441  -44.170 1.0000000000
97905  21.894  13.902  -44.182 1.0000000000
97903  23.133  13.786  -44.633 1.0000000000
102355  18.385  17.395  -41.835 0.7500000000
100168  20.315  15.899  -43.352 1.0000000000
100148  20.099  15.113  -43.142 1.0000000000
100182  22.355  15.314  -44.433 1.0000000000
100166  21.734  15.041  -44.121 1.0000000000
99040  21.480  14.359  -43.984 1.0000000000
101232  20.201  16.640  -43.286 1.0000000000
100167  20.952  15.187  -43.669 1.0000000000
107340  21.330  22.210  -42.435 0.1250000000
108303  21.841  22.859  -42.200 0.1250000000
107356  21.487  22.277  -43.298 0.2500000000
107370  21.678  22.302  -44.218 0.3750000000
108319  21.735  23.083  -43.755 0.2500000000
108329  21.499  23.414  -44.672 0.2500000000
108339  20.982  23.378  -45.522 0.3750000000
108328  22.060  23.800  -44.071 0.2500000000
110176  21.997  25.101  -45.177 0.2500000000
109285  20.819  23.949  -45.834 0.2500000000
109299  21.143  24.998  -45.950 0.2500000000
109284  21.320  24.409  -45.474 0.2500000000
109315  20.841  24.570  -47.402 0.3750000000
110201  20.761  25.427  -47.027 0.2500000000
86851  18.306  3.289  -37.043 0.1250000000
89265  17.614  5.113  -37.003 0.1250000000
86893  24.438  3.219  -40.969 1.0000000000
94650  18.170  10.607  -40.458 0.8750000000
94689  21.416  10.757  -43.191 1.0000000000
85804  18.526  2.244  -36.522 0.1250000000
84796  20.115  1.795  -38.488 0.6250000000
84795  20.895  1.322  -38.667 0.7500000000
84794  21.588  1.115  -38.854 1.0000000000
88071  18.227  4.297  -37.649 0.1250000000
85843  22.944  1.972  -39.988 1.0000000000
85859  23.850  2.341  -40.530 1.0000000000
93577  16.357  9.414  -37.002 0.2500000000
92566  16.789  8.555  -37.822 0.2500000000
89298  25.931  5.472  -41.291 0.8750000000
91582  25.258  7.619  -42.638 0.8750000000
90495  25.474  6.847  -42.331 0.8750000000
93649  25.183  9.430  -42.766 0.8750000000
98981  17.329  14.628  -39.375 0.1250000000
96727  16.054  12.407  -37.712 0.3750000000
95710  17.639  12.072  -40.372 0.6250000000
95728  24.668  11.764  -43.900 1.0000000000
100136  17.791  15.915  -41.271 0.5000000000
101216  18.712  16.389  -42.302 0.8750000000
97859  17.882  13.847  -41.121 0.8750000000
96804  22.925  13.080  -44.539 1.0000000000
99050  23.449  14.685  -44.587 1.0000000000
99052  22.104  14.446  -44.300 1.0000000000
102354  18.958  17.318  -42.647 0.8750000000
102366  20.581  17.362  -43.408 1.0000000000
101231  20.911  16.389  -43.552 1.0000000000
101248  22.607  16.345  -44.838 1.0000000000
107337  21.659  22.284  -41.305 0.1250000000
106372  20.656  21.376  -41.399 0.1250000000
106400  21.206  20.865  -43.008 0.6250000000
107382  20.935  22.635  -45.999 0.5000000000
108307  21.761  22.968  -42.934 0.2500000000
108318  22.238  23.655  -43.360 0.2500000000
109274  22.014  24.450  -44.627 0.2500000000
108340  20.825  23.464  -46.217 0.5000000000
108355  20.929  23.670  -46.992 0.5000000000
111075  20.687  26.115  -47.461 0.2500000000
111088  20.600  26.528  -48.155 0.2500000000
110189  21.667  25.516  -45.778 0.1250000000
85812  18.523  2.610  -37.165 0.1250000000
85811  18.991  2.370  -37.595 0.3750000000
84814  21.494  1.831  -39.310 1.0000000000
85860  22.860  2.745  -40.430 1.0000000000
89301  20.107  5.932  -40.386 1.0000000000
88111  24.040  4.788  -41.471 1.0000000000
88114  21.496  5.314  -41.054 1.0000000000
89315  21.163  5.959  -41.100 1.0000000000
86908  24.182  3.977  -41.237 1.0000000000
92565  17.531  8.265  -38.530 0.5000000000
92564  18.045  7.996  -38.841 0.8750000000
91559  19.289  7.660  -40.305 1.0000000000
90471  20.021  7.019  -40.595 1.0000000000
89312  23.800  5.564  -41.770 1.0000000000
89313  22.878  5.871  -41.799 1.0000000000
89314  21.864  5.856  -41.528 1.0000000000
90484  22.193  6.473  -41.878 1.0000000000
90498  23.277  6.673  -42.357 1.0000000000
89326  24.842  6.370  -42.294 1.0000000000
93607  17.281  9.549  -39.142 0.6250000000
92597  19.411  8.658  -40.734 1.0000000000
93625  18.948  9.642  -40.890 1.0000000000
91571  21.065  7.493  -41.717 1.0000000000
91572  20.451  7.632  -41.244 1.0000000000
91573  19.786  8.032  -40.868 1.0000000000
90482  26.001  6.563  -41.945 0.8750000000
93640  19.183  10.190  -41.406 1.0000000000
92632  23.657  8.930  -43.398 1.0000000000
91593  22.992  8.072  -43.192 1.0000000000
92625  21.036  8.624  -42.040 1.0000000000
92622  24.944  8.564  -42.925 0.8750000000
94677  20.598  10.824  -42.557 1.0000000000
94664  19.328  10.764  -41.617 1.0000000000
94676  21.073  10.211  -42.762 1.0000000000
93651  20.842  9.643  -42.307 1.0000000000
93660  22.265  9.786  -43.300 1.0000000000
93638  20.581  9.171  -41.862 1.0000000000
93658  23.937  9.690  -43.580 1.0000000000
95693  17.338  11.769  -39.680 0.6250000000
95692  17.786  11.410  -40.330 0.7500000000
95709  18.259  11.709  -40.981 1.0000000000
95720  19.316  11.709  -41.963 1.0000000000
95721  18.733  12.026  -41.604 1.0000000000
95733  20.476  11.794  -42.837 1.0000000000
96780  19.531  12.595  -42.492 1.0000000000
96793  20.421  12.623  -43.213 1.0000000000
95739  23.255  12.612  -44.417 1.0000000000
95732  21.015  11.852  -43.255 1.0000000000
99008  18.545  14.332  -41.738 1.0000000000
96781  18.934  12.673  -41.950 1.0000000000
97890  20.625  13.400  -43.562 1.0000000000
97858  18.576  13.431  -41.729 1.0000000000
97874  19.094  13.582  -42.348 1.0000000000
97889  21.412  13.572  -43.879 1.0000000000
99025  19.636  14.193  -42.982 1.0000000000
99041  20.744  14.192  -43.669 1.0000000000
99024  20.211  14.392  -43.377 1.0000000000
99051  22.746  14.557  -44.545 1.0000000000
100147  20.498  14.684  -43.464 1.0000000000
101230  21.774  16.096  -44.130 1.0000000000
102367  19.747  17.342  -43.108 1.0000000000
107338  21.124  21.773  -41.400 0.1250000000
107341  21.043  21.816  -41.816 0.1250000000
106379  21.310  21.727  -42.923 0.3750000000
107381  21.285  22.453  -45.229 0.5000000000
110200  21.111  25.537  -46.366 0.2500000000
110215  20.713  25.458  -47.860 0.2500000000
85803  18.586  2.191  -37.105 0.1250000000
84778  19.745  1.331  -37.806 0.6250000000
84777  20.363  1.030  -38.092 0.7500000000
84813  22.137  1.321  -39.257 1.0000000000
98962  16.782  14.270  -38.247 0.5000000000
96739  16.863  12.493  -39.263 0.6250000000
96750  17.268  12.733  -39.861 0.7500000000
96766  18.348  12.739  -41.387 0.8750000000
97844  17.292  13.735  -40.108 0.7500000000
102365  21.415  17.285  -43.941 1.0000000000
102379  22.031  17.221  -44.804 1.0000000000
106373  20.056  20.722  -41.769 0.3750000000
106399  21.687  21.153  -43.461 0.7500000000
106412  21.668  21.357  -44.894 0.7500000000
109327  20.905  24.619  -48.321 0.3750000000
80020  23.190  -2.621  -37.580 0.7500000000
80018  25.169  -2.449  -38.015 0.7500000000
80021  22.259  -2.198  -37.411 0.7500000000
80022  21.584  -1.777  -37.287 0.7500000000
80036  24.491  -2.186  -38.308 0.7500000000
81135  23.585  -2.080  -38.041 0.7500000000
81155  23.188  -1.440  -38.194 0.7500000000
81137  22.052  -1.302  -37.782 0.7500000000
81153  24.928  -1.663  -38.539 0.7500000000
81154  24.009  -1.633  -38.420 0.7500000000
83564  21.381  0.290  -38.103 0.7500000000
82307  23.414  -0.821  -38.590 0.7500000000
83583  22.686  0.029  -38.694 0.8750000000
82305  25.496  -0.714  -38.609 0.7500000000
82306  24.376  -0.850  -38.783 0.7500000000
83582  23.692  -0.052  -38.993 0.7500000000
83601  23.029  0.665  -39.181 0.8750000000
83580  25.609  0.482  -39.113 0.7500000000
83581  24.674  0.021  -39.166 0.7500000000
83600  23.972  0.700  -39.472 0.8750000000
84812  23.327  1.333  -39.661 0.8750000000
84810  25.172  1.378  -40.016 0.7500000000
84811  24.270  1.502  -40.086 0.8750000000
84827  24.463  2.060  -40.457 0.8750000000
85841  25.924  2.426  -39.942 0.8750000000
85857  25.424  2.538  -40.413 0.8750000000
86878  25.853  3.079  -40.255 0.8750000000
86892  25.351  3.477  -40.756 0.8750000000
89271  27.230  5.361  -39.246 0.3750000000
88083  26.378  4.366  -40.237 0.6250000000
89284  26.190  4.960  -40.595 0.7500000000
88096  25.317  4.524  -41.056 0.7500000000
89283  26.746  5.411  -40.372 0.5000000000
89297  26.599  5.948  -41.011 0.7500000000
91547  27.614  7.479  -39.495 0.1250000000
91556  27.297  7.408  -40.417 0.3750000000
90469  26.946  6.501  -40.755 0.6250000000
90470  26.522  6.496  -41.406 0.6250000000
92557  28.261  8.350  -38.522 0.1250000000
92596  27.002  8.334  -40.787 0.1250000000
93623  27.094  9.197  -40.270 0.1250000000
92608  26.364  8.356  -41.601 0.6250000000
92609  25.956  8.922  -41.938 0.6250000000
92621  25.639  8.421  -42.262 0.7500000000
93622  27.530  9.324  -39.711 0.1250000000
94628  26.753  10.848  -39.823 0.1250000000
94662  26.197  10.359  -41.038 0.1250000000
93637  26.074  9.470  -41.589 0.5000000000
93648  25.566  9.508  -42.135 0.6250000000
93601  27.895  9.578  -39.177 0.1250000000
94663  25.627  10.463  -41.799 0.5000000000
94674  25.288  10.526  -42.714 0.6250000000
104472  19.092  19.191  -42.484 0.5000000000
103488  19.320  18.230  -42.848 0.7500000000
96778  25.366  12.730  -42.811 0.6250000000
96789  24.906  12.788  -43.655 0.6250000000
96790  24.233  12.822  -44.259 0.7500000000
104488  19.686  18.959  -43.087 0.7500000000
100181  23.087  15.529  -44.760 0.8750000000
97887  24.443  13.823  -43.990 0.7500000000
99049  24.147  14.783  -44.408 0.8750000000
100180  23.870  15.725  -44.883 0.8750000000
101247  23.434  16.496  -45.561 0.8750000000
97872  25.541  13.780  -42.304 0.3750000000
97886  25.078  13.989  -43.295 0.5000000000
99039  24.731  14.840  -43.970 0.6250000000
99023  25.416  15.007  -42.683 0.2500000000
104487  20.423  19.203  -43.461 0.7500000000
103487  20.100  18.240  -43.275 0.8750000000
103486  20.954  18.312  -43.725 0.8750000000
102378  22.627  17.246  -45.674 0.7500000000
100179  24.753  15.803  -44.757 0.7500000000
99038  25.137  15.044  -43.490 0.3750000000
100165  25.139  15.513  -44.025 0.5000000000
101260  24.256  16.612  -45.797 0.7500000000
105441  19.871  19.802  -42.983 0.6250000000
103501  21.728  18.352  -44.522 0.8750000000
103500  22.268  18.145  -45.386 0.8750000000
104498  22.207  18.865  -45.067 0.7500000000
102392  23.273  17.421  -46.585 0.7500000000
100189  24.549  16.350  -45.259 0.5000000000
102364  25.632  17.443  -43.957 0.2500000000
101244  25.503  16.834  -44.428 0.5000000000
100178  25.398  16.144  -44.261 0.5000000000
101214  25.945  16.639  -42.847 0.2500000000
105421  20.237  20.436  -42.653 0.5000000000
105440  20.932  20.288  -43.189 0.5000000000
105439  21.496  20.275  -43.771 0.6250000000
105452  21.896  20.201  -44.494 0.7500000000
104509  22.280  19.561  -45.125 0.7500000000
105463  22.131  20.342  -45.850 0.7500000000
105462  22.618  19.681  -46.185 0.7500000000
104519  22.894  19.121  -46.357 0.7500000000
104508  22.466  19.109  -45.755 0.7500000000
103522  23.156  18.406  -46.692 0.7500000000
104518  23.299  19.296  -46.644 0.7500000000
103510  24.698  18.502  -46.013 0.5000000000
103520  24.139  18.579  -46.584 0.3750000000
102402  23.881  17.892  -46.993 0.6250000000
102377  25.517  17.490  -44.652 0.2500000000
103509  25.137  18.085  -45.572 0.3750000000
103499  25.136  18.746  -45.407 0.3750000000
105474  22.745  20.169  -46.842 0.7500000000
105473  23.439  20.320  -46.857 0.6250000000
104507  24.402  19.418  -46.210 0.3750000000
104517  23.838  19.378  -46.620 0.3750000000
104485  25.447  19.077  -43.900 0.1250000000
105451  24.919  20.352  -44.922 0.1250000000
104497  24.897  19.467  -45.571 0.2500000000
106420  21.240  21.689  -46.146 0.6250000000
105475  21.794  20.938  -47.278 0.6250000000
105485  23.025  20.746  -47.538 0.3750000000
106419  24.346  21.395  -46.056 0.2500000000
105472  24.134  20.317  -46.459 0.3750000000
106410  25.264  21.365  -44.328 0.1250000000
106411  24.587  21.345  -45.151 0.1250000000
105450  25.345  20.226  -44.110 0.1250000000
105487  21.928  20.993  -48.480 0.3750000000
105486  22.582  20.691  -48.108 0.3750000000
107413  23.896  22.077  -47.741 0.2500000000
106431  23.481  21.189  -47.422 0.3750000000
107380  24.629  22.498  -45.917 0.1250000000
107395  24.213  22.069  -46.815 0.3750000000
106430  23.864  21.151  -46.793 0.3750000000
107367  26.109  22.343  -44.312 0.1250000000
107369  24.563  21.974  -45.487 0.1250000000
108371  21.331  23.005  -48.138 0.3750000000
106421  21.087  22.298  -46.328 0.3750000000
106432  21.350  22.002  -47.094 0.3750000000
106459  21.700  21.510  -48.816 0.3750000000
106448  21.623  21.672  -48.040 0.3750000000
107430  23.015  22.316  -49.445 0.3750000000
105504  22.690  21.101  -49.483 0.3750000000
105496  22.494  20.805  -49.077 0.3750000000
107422  23.550  22.106  -48.782 0.3750000000
106458  23.019  20.815  -49.052 0.3750000000
109296  25.531  24.339  -46.853 0.1250000000
107412  24.257  22.611  -47.210 0.1250000000
108369  24.227  23.151  -47.524 0.2500000000
108337  25.541  23.357  -45.581 0.1250000000
108391  21.588  23.692  -49.704 0.2500000000
107431  22.373  22.627  -49.881 0.2500000000
107432  21.773  22.734  -49.635 0.3750000000
107423  21.509  22.323  -48.699 0.3750000000
109325  23.532  24.262  -49.068 0.1250000000
106468  22.054  21.798  -49.824 0.3750000000
109314  23.725  23.668  -48.551 0.1250000000
108380  23.415  23.103  -48.976 0.2500000000
110224  24.700  25.245  -48.726 0.1250000000
108370  23.842  23.047  -48.262 0.1250000000
108382  21.096  24.039  -48.484 0.3750000000
108381  21.281  23.501  -48.872 0.3750000000
107441  21.814  23.416  -50.018 0.2500000000
109334  22.864  24.479  -50.090 0.1250000000
109335  22.449  24.234  -50.282 0.1250000000
110238  23.657  25.172  -49.789 0.1250000000
110251  23.332  25.547  -50.588 0.1250000000
110223  25.724  25.338  -48.588 0.1250000000
111103  24.653  26.050  -50.437 0.1250000000
110252  22.607  25.714  -50.832 0.1250000000
111114  24.244  26.306  -51.116 0.1250000000
111115  23.294  26.414  -51.437 0.1250000000
111112  26.060  26.073  -51.086 0.1250000000
110248  26.382  25.527  -50.544 0.1250000000
86877  26.428  3.307  -39.683 0.6250000000
95707  25.451  11.579  -42.285 0.6250000000
97902  23.820  13.794  -44.456 0.8750000000
100164  25.524  15.834  -43.422 0.3750000000
104486  21.338  19.423  -43.980 0.8750000000
104499  21.940  19.272  -44.615 0.8750000000
103511  22.673  18.203  -46.199 0.7500000000
101259  24.923  16.696  -45.305 0.5000000000
102390  24.742  17.460  -45.955 0.5000000000
102389  25.268  17.470  -45.279 0.5000000000
110214  25.111  24.989  -48.059 0.1250000000
108390  22.359  23.725  -50.165 0.2500000000
111102  25.165  25.987  -50.197 0.1250000000
91557  26.832  7.386  -41.196 0.5000000000
91570  26.289  7.312  -41.742 0.6250000000
91581  25.796  7.395  -42.159 0.7500000000
96765  25.607  12.632  -41.816 0.3750000000
99004  25.670  14.728  -41.684 0.2500000000
101246  23.967  16.235  -45.411 0.7500000000
109324  24.088  24.748  -48.689 0.1250000000
78892  23.788  -3.725  -37.033 0.7500000000
78893  22.848  -3.836  -36.832 0.7500000000
80000  21.480  -2.503  -36.798 0.7500000000
78891  24.679  -3.628  -36.753 0.7500000000
80019  24.177  -2.702  -37.914 0.7500000000
81116  25.649  -2.090  -37.542 0.7500000000
83565  20.553  0.510  -37.681 0.6250000000
82290  21.978  -0.692  -38.050 0.7500000000
81133  26.081  -1.208  -37.786 0.6250000000
82304  25.978  -0.108  -38.554 0.7500000000
83579  26.308  0.443  -38.488 0.6250000000
84809  25.856  1.503  -39.588 0.6250000000
86860  26.599  2.724  -39.212 0.5000000000
88069  27.280  4.153  -38.734 0.3750000000
86876  26.861  3.732  -39.212 0.5000000000
90451  27.717  6.478  -38.624 0.1250000000
91529  27.999  7.610  -38.700 0.1250000000
93600  28.227  9.860  -38.808 0.1250000000
94626  27.951  10.134  -39.042 0.1250000000
94627  27.443  10.471  -39.430 0.1250000000
103474  18.662  18.247  -42.232 0.3750000000
95674  26.856  11.594  -39.595 0.1250000000
95691  26.333  11.376  -40.362 0.1250000000
96764  25.999  12.588  -40.867 0.1250000000
105422  19.515  20.201  -42.239 0.5000000000
101207  25.992  16.325  -42.248 0.1250000000
100146  25.739  15.900  -42.653 0.2500000000
102353  25.926  17.462  -43.187 0.1250000000
106398  25.693  20.942  -43.701 0.1250000000
106381  20.154  20.613  -42.290 0.3750000000
106409  25.937  21.546  -43.872 0.1250000000
108326  26.314  22.904  -44.818 0.1250000000
109311  26.169  24.537  -47.421 0.1250000000
109322  27.057  24.225  -48.345 0.1250000000
108306  22.346  23.494  -42.546 0.1250000000
110239  21.144  25.423  -49.617 0.2500000000
110253  21.726  25.775  -50.592 0.1250000000
111117  21.568  26.990  -50.870 0.1250000000
111113  25.308  26.297  -51.008 0.1250000000
110247  27.036  24.936  -50.350 0.1250000000
111125  26.073  26.533  -51.925 0.1250000000
89299  25.201  5.076  -41.303 0.7500000000
94685  24.983  10.938  -43.436 0.7500000000
101209  17.624  16.619  -40.793 0.3750000000
85858  24.766  2.551  -40.679 0.8750000000
83585  21.157  0.728  -38.252 0.7500000000
83602  22.416  0.704  -38.904 0.8750000000
92620  26.014  7.834  -41.927 0.6250000000
96803  23.508  12.990  -44.479 0.8750000000
107415  21.204  23.024  -47.435 0.3750000000
108372  21.109  23.782  -47.935 0.3750000000
110227  20.867  25.566  -48.869 0.1250000000
110240  20.972  25.014  -49.209 0.2500000000
81136  22.840  -1.832  -37.829 0.7500000000
79999  22.434  -3.058  -37.062 0.7500000000
79998  23.205  -3.298  -37.238 0.7500000000
79997  24.826  -3.062  -37.517 0.7500000000
79996  25.446  -2.660  -36.986 0.7500000000
81134  25.691  -1.580  -38.007 0.7500000000
81117  21.002  -1.623  -36.926 0.7500000000
81138  21.238  -1.154  -37.379 0.7500000000
82308  22.553  -0.835  -38.257 0.7500000000
82291  21.409  -0.435  -37.789 0.7500000000
82309  21.954  -0.159  -38.268 0.7500000000
83599  24.853  0.811  -39.633 0.7500000000
83598  25.379  1.024  -39.616 0.7500000000
84825  25.500  1.923  -40.128 0.7500000000
84826  24.957  1.934  -40.400 0.8750000000
85840  26.336  2.302  -39.416 0.6250000000
86891  25.998  3.726  -40.342 0.7500000000
88082  26.841  4.387  -39.595 0.5000000000
90458  27.302  6.435  -39.852 0.5000000000
92581  27.847  8.554  -39.199 0.1250000000
92580  28.260  9.149  -38.658 0.1250000000
92595  27.470  8.381  -40.033 0.1250000000
93636  26.645  9.310  -40.963 0.1250000000
94648  27.249  9.783  -39.945 0.1250000000
94649  26.843  10.183  -40.282 0.1250000000
95706  25.810  11.488  -41.338 0.1250000000
95718  25.187  11.703  -43.193 0.6250000000
100190  24.286  16.166  -45.226 0.7500000000
101261  23.758  16.847  -46.264 0.7500000000
102401  24.378  17.898  -46.550 0.6250000000
102403  23.421  18.033  -46.958 0.7500000000
101245  25.238  16.455  -44.783 0.5000000000
103485  25.535  18.091  -44.179 0.1250000000
101229  25.700  16.700  -43.726 0.2500000000
103521  23.615  18.557  -46.782 0.6250000000
103498  25.446  18.328  -44.877 0.1250000000
105461  24.569  20.380  -45.752 0.3750000000
104496  25.267  19.375  -44.824 0.1250000000
107396  23.856  21.610  -47.206 0.3750000000
106446  23.237  21.143  -48.389 0.3750000000
107368  25.044  22.481  -44.998 0.1250000000
108327  25.879  22.994  -44.921 0.1250000000
107397  21.278  22.537  -47.222 0.3750000000
107379  24.996  22.948  -45.565 0.1250000000
108353  25.215  23.841  -46.311 0.1250000000
108354  24.571  23.179  -46.722 0.1250000000
107414  21.406  22.417  -47.763 0.3750000000
108389  22.886  23.387  -49.631 0.3750000000
109297  24.731  24.169  -46.941 0.1250000000
110213  25.817  24.946  -47.927 0.1250000000
109298  24.405  23.716  -47.250 0.1250000000
109313  24.244  24.250  -47.962 0.1250000000
108336  26.569  23.277  -45.403 0.1250000000
108352  26.348  24.057  -46.440 0.1250000000
109346  21.644  24.462  -50.061 0.2500000000
109336  21.201  24.415  -49.336 0.2500000000
110237  24.520  25.638  -49.701 0.1250000000
110236  25.581  25.695  -49.586 0.1250000000
109345  22.259  24.609  -50.450 0.1250000000
110235  26.619  25.164  -49.345 0.1250000000
110225  24.014  25.100  -49.130 0.1250000000
111116  22.375  26.948  -51.449 0.1250000000
77745  23.509  -4.376  -36.535 0.7500000000
78911  24.270  -3.284  -37.376 0.7500000000
82292  20.757  -0.536  -37.189 0.5000000000
84793  26.196  1.083  -38.953 0.6250000000
85824  26.710  2.223  -38.898 0.5000000000
103473  25.740  18.247  -43.465 0.1250000000
109310  26.791  24.279  -47.709 0.1250000000
109333  26.773  24.679  -48.673 0.1250000000
78894  21.699  -3.737  -36.274 0.7500000000
80001  20.677  -2.014  -36.306 0.5000000000
77723  24.396  -4.646  -35.881 0.6250000000
78868  24.984  -3.833  -36.006 0.6250000000
79976  26.236  -2.417  -35.670 0.3750000000
79977  25.649  -2.784  -36.157 0.6250000000
81099  26.976  -1.330  -35.916 0.2500000000
81100  26.339  -1.890  -36.267 0.3750000000
86859  26.942  3.064  -38.872 0.3750000000
106380  20.829  21.151  -42.506 0.2500000000
77744  24.126  -4.149  -36.603 0.6250000000
82272  26.633  -0.921  -37.182 0.5000000000
83563  26.822  0.465  -37.917 0.5000000000
78866  26.069  -3.005  -34.982 0.5000000000
78867  25.479  -3.395  -35.482 0.6250000000
84808  26.383  1.685  -39.068 0.5000000000
76557  24.203  -5.299  -35.170 0.6250000000
78895  20.943  -2.927  -36.108 0.3750000000
77747  21.985  -4.406  -36.040 0.6250000000
77699  25.998  -3.967  -34.404 0.3750000000
77701  24.541  -4.941  -35.052 0.6250000000
81101  19.978  -1.363  -35.780 0.2500000000
78847  27.482  -2.951  -34.068 0.3750000000
81098  27.719  -0.763  -35.496 0.2500000000
81092  27.232  -1.733  -35.117 0.2500000000
82271  27.067  -0.406  -36.927 0.2500000000
83562  27.305  0.485  -37.384 0.3750000000
84776  27.294  1.026  -37.868 0.2500000000
85823  27.199  2.230  -38.374 0.2500000000
86849  27.565  3.069  -38.043 0.2500000000
92551  16.582  8.514  -37.034 0.1250000000
95669  15.886  11.612  -37.320 0.2500000000
88063  27.869  4.218  -37.847 0.2500000000
97831  16.704  13.458  -38.996 0.3750000000
96740  16.449  12.617  -38.594 0.2500000000
94609  16.012  10.416  -36.329 0.1250000000
91532  16.930  8.009  -37.308 0.2500000000
97832  16.491  13.174  -38.567 0.3750000000
82288  26.380  -0.532  -37.848 0.5000000000
78890  25.259  -3.277  -36.287 0.6250000000
79995  25.979  -2.270  -36.434 0.5000000000
81115  26.215  -1.578  -37.091 0.5000000000
81118  20.429  -1.032  -36.586 0.3750000000
81139  20.825  -1.107  -37.044 0.3750000000
83566  19.804  0.722  -37.276 0.2500000000
77746  22.579  -4.418  -36.306 0.6250000000
82260  19.876  -0.488  -36.142 0.3750000000
84792  26.804  1.337  -38.460 0.2500000000
77722  24.973  -4.052  -35.508 0.6250000000
79975  26.826  -2.055  -35.233 0.2500000000
79965  26.555  -2.588  -34.944 0.2500000000
81091  27.985  -1.328  -34.799 0.2500000000
81114  26.745  -1.075  -36.788 0.3750000000
82287  26.857  0.024  -37.486 0.3750000000
78849  25.812  -3.580  -34.731 0.5000000000
78848  26.583  -3.323  -34.410 0.3750000000
77724  23.194  -5.008  -36.037 0.6250000000
77687  26.359  -4.509  -33.781 0.3750000000
77700  25.244  -4.438  -34.727 0.5000000000
84791  27.388  1.610  -38.003 0.2500000000
91513  16.894  8.116  -36.759 0.1250000000
75331  22.519  -6.061  -35.212 0.5000000000
77688  25.639  -4.901  -34.132 0.2500000000
76520  25.056  -5.776  -34.015 0.3750000000
76534  24.599  -5.536  -34.593 0.5000000000
75330  23.054  -5.919  -35.270 0.5000000000
75305  22.252  -6.522  -34.853 0.3750000000
76560  21.756  -5.558  -35.359 0.5000000000
76559  22.735  -5.556  -35.588 0.5000000000
77726  21.395  -4.498  -35.681 0.3750000000
77725  22.278  -4.919  -35.844 0.5000000000
74174  20.616  -7.634  -33.345 0.1250000000
74189  21.798  -6.919  -34.491 0.3750000000
77727  20.791  -4.441  -35.293 0.2500000000
72968  21.286  -8.875  -32.923 0.1250000000
74173  21.774  -7.744  -34.109 0.2500000000
74172  22.895  -7.887  -34.176 0.3750000000
75286  25.372  -6.117  -33.542 0.2500000000
75288  23.708  -6.981  -34.308 0.3750000000
75304  23.354  -6.427  -34.783 0.5000000000
74156  20.274  -7.849  -32.823 0.1250000000
74187  23.263  -7.236  -34.397 0.3750000000
76521  19.955  -5.955  -34.113 0.1250000000
76538  19.813  -4.953  -34.387 0.1250000000
97857  25.864  13.658  -41.350 0.1250000000
78869  21.208  -4.020  -35.858 0.3750000000
76533  25.255  -5.226  -34.257 0.3750000000
76558  23.570  -5.547  -35.400 0.5000000000
76535  23.971  -5.802  -34.920 0.5000000000
78870  20.644  -3.743  -35.491 0.2500000000
78871  20.133  -3.057  -35.231 0.2500000000
77672  26.623  -5.092  -33.228 0.2500000000
75332  21.955  -6.144  -35.110 0.5000000000
75303  24.093  -6.111  -34.583 0.3750000000
75287  24.420  -6.612  -33.986 0.3750000000
74188  22.553  -7.160  -34.530 0.3750000000
75306  21.372  -6.216  -34.727 0.2500000000
76536  21.120  -5.611  -34.904 0.1250000000
77702  20.960  -5.024  -35.073 0.1250000000
75289  21.096  -6.853  -34.100 0.2500000000
75290  20.161  -6.476  -33.933 0.1250000000
74175  19.857  -6.948  -33.286 0.1250000000
75307  20.742  -6.300  -34.309 0.1250000000
77703  20.234  -4.495  -34.927 0.1250000000
72969  20.512  -8.349  -32.610 0.1250000000
72986  20.946  -8.334  -33.095 0.1250000000
75269  24.740  -7.154  -33.421 0.2500000000
76537  20.392  -5.650  -34.493 0.1250000000
72984  22.449  -8.658  -33.597 0.2500000000
72982  23.952  -7.992  -33.417 0.2500000000
82273  20.109  0.002  -36.675 0.2500000000
71806  21.859  -9.000  -33.272 0.1250000000
72985  21.463  -8.407  -33.430 0.1250000000
74171  23.743  -7.553  -33.942 0.2500000000
72983  23.434  -8.298  -33.531 0.1250000000
83539  18.992  0.410  -35.825 0.1250000000
102347  17.907  17.506  -40.804 0.1250000000
103475  18.335  18.274  -41.367 0.1250000000
103462  17.997  18.451  -40.625 0.1250000000
104459  18.300  19.081  -41.119 0.1250000000
104458  18.772  19.642  -41.673 0.1250000000
104473  18.549  18.922  -41.808 0.1250000000
104445  17.788  19.171  -39.902 0.1250000000
104444  17.968  19.205  -40.442 0.1250000000
102348  17.545  17.110  -40.401 0.1250000000
105408  18.528  19.796  -40.838 0.1250000000
105407  19.296  20.252  -41.301 0.1250000000
105394  19.274  20.307  -39.730 0.1250000000
101202  17.396  16.639  -40.146 0.1250000000
79978  20.367  -2.564  -35.633 0.1250000000
81102  19.756  -0.982  -35.093 0.1250000000
97814  16.585  13.734  -38.449 0.1250000000
102342  17.465  17.604  -40.038 0.1250000000
104436  17.988  19.061  -39.615 0.1250000000
105395  18.757  19.740  -39.586 0.1250000000
106364  19.788  20.966  -39.978 0.1250000000
106368  19.975  20.789  -40.848 0.1250000000
100125  17.515  15.830  -40.590 0.1250000000
84763  18.820  1.661  -37.016 0.1250000000
84764  18.565  1.376  -36.369 0.1250000000
83548  19.900  0.483  -37.024 0.1250000000
97815  16.407  13.395  -38.097 0.1250000000
83549  19.221  0.683  -36.471 0.1250000000
82252  18.677  0.274  -35.076 0.1250000000
82261  19.339  -0.078  -35.616 0.1250000000
102341  17.709  18.040  -40.339 0.1250000000
103447  17.633  18.525  -40.166 0.1250000000
105399  18.363  19.830  -40.036 0.1250000000
105400  18.109  19.508  -39.693 0.1250000000
105398  19.175  20.301  -40.427 0.1250000000
103429  18.758  18.518  -39.559 0.1250000000
106361  19.858  20.954  -39.244 0.1250000000
78838  27.145  -3.645  -33.790 0.1250000000
78846  28.113  -2.790  -33.850 0.1250000000
79963  27.958  -2.275  -34.269 0.1250000000
81080  28.346  -1.909  -34.320 0.1250000000
82259  27.640  -0.276  -36.033 0.1250000000
83538  28.110  0.374  -35.999 0.1250000000
83547  27.794  0.497  -36.693 0.1250000000
84754  28.995  1.661  -35.937 0.1250000000
84761  28.405  1.593  -36.601 0.1250000000
84762  28.124  1.081  -36.765 0.1250000000
85801  28.959  2.601  -36.270 0.1250000000
85809  28.002  2.379  -37.421 0.1250000000
86842  28.721  3.413  -36.669 0.1250000000
86848  28.199  3.302  -37.341 0.1250000000
75268  25.247  -6.857  -33.298 0.1250000000
74170  24.347  -7.570  -33.419 0.1250000000
75267  26.129  -6.312  -32.996 0.1250000000
77671  27.175  -4.904  -33.098 0.1250000000
77684  29.020  -3.625  -33.311 0.1250000000
77685  28.431  -3.876  -33.288 0.1250000000
79955  28.558  -2.340  -33.996 0.1250000000
81078  29.837  -1.194  -34.131 0.1250000000
82249  29.154  -0.057  -34.812 0.1250000000
82257  28.882  0.341  -35.299 0.1250000000
83535  30.064  1.016  -35.080 0.1250000000
85788  29.520  2.571  -35.677 0.1250000000
88062  28.441  4.306  -37.122 0.1250000000
88049  29.017  4.366  -36.433 0.1250000000
89264  27.716  5.223  -38.349 0.1250000000
78837  27.890  -3.398  -33.603 0.1250000000
84774  28.191  1.953  -37.051 0.1250000000
76518  26.209  -5.431  -33.290 0.1250000000
76503  26.820  -5.590  -32.927 0.1250000000
74155  24.977  -7.577  -33.009 0.1250000000
77686  27.513  -4.155  -33.372 0.1250000000
81079  28.846  -1.663  -34.244 0.1250000000
82258  28.306  -0.153  -35.318 0.1250000000
82250  28.589  -0.581  -34.801 0.1250000000
83546  28.306  0.906  -36.344 0.1250000000
84760  28.715  2.074  -36.415 0.1250000000
83537  28.660  0.738  -35.770 0.1250000000
85802  28.468  2.467  -36.832 0.1250000000
86841  29.273  3.462  -36.023 0.1250000000
74154  25.838  -7.315  -32.797 0.1250000000
75266  27.187  -6.339  -32.583 0.1250000000
79954  29.315  -2.281  -33.767 0.1250000000
75285  25.819  -5.800  -33.355 0.2500000000
76519  25.656  -5.384  -33.741 0.1250000000
77670  28.143  -4.693  -32.977 0.1250000000
78912  23.741  -3.151  -37.472 0.7500000000
79964  27.231  -2.319  -34.671 0.1250000000
80037  24.066  -2.181  -38.218 0.7500000000
81090  28.985  -0.895  -34.517 0.1250000000
81156  22.670  -1.357  -38.011 0.7500000000
82262  18.860  0.167  -35.229 0.1250000000
82274  19.629  0.051  -36.179 0.2500000000
82289  25.943  -1.038  -38.105 0.6250000000
83540  18.638  0.593  -35.537 0.1250000000
83584  21.778  0.689  -38.612 0.8750000000
84755  28.593  1.224  -36.159 0.1250000000
84775  27.830  1.401  -37.318 0.1250000000
85810  27.627  2.128  -37.852 0.1250000000
85842  23.587  1.760  -40.101 0.8750000000
86910  22.712  4.321  -41.136 1.0000000000
88095  25.840  4.443  -40.671 0.7500000000
89316  20.717  5.947  -40.756 1.0000000000
89325  25.214  6.576  -42.347 1.0000000000
90483  22.712  6.491  -42.060 1.0000000000
91494  16.876  8.327  -36.351 0.1250000000
91549  18.446  7.601  -39.215 1.0000000000
92583  17.532  8.852  -38.829 0.6250000000
92611  19.914  8.637  -41.226 1.0000000000
92624  21.741  8.657  -42.621 1.0000000000
94690  20.864  11.316  -42.941 1.0000000000
95680  16.715  11.827  -39.061 0.6250000000
95708  18.882  11.380  -41.495 1.0000000000
95719  19.970  11.696  -42.428 1.0000000000
95740  22.893  12.437  -44.329 1.0000000000
96767  17.731  12.800  -40.699 0.7500000000
96791  21.879  12.853  -43.969 1.0000000000
96794  19.873  12.847  -42.963 1.0000000000
97891  19.989  13.371  -43.261 1.0000000000
97904  22.434  13.732  -44.451 1.0000000000
98963  16.532  13.842  -37.850 0.1250000000
101258  25.374  16.947  -44.951 0.5000000000
102391  24.124  17.211  -46.601 0.6250000000
105396  18.256  19.414  -39.547 0.1250000000
105495  22.867  20.905  -49.331 0.3750000000
105497  21.913  21.125  -49.247 0.3750000000
105505  22.276  21.224  -49.563 0.3750000000
105506  21.952  21.381  -49.590 0.3750000000
106371  21.112  21.699  -41.035 0.1250000000
106433  21.178  22.171  -46.547 0.3750000000
106447  22.854  20.778  -48.710 0.3750000000
106457  23.116  21.345  -49.294 0.3750000000
106467  22.597  21.669  -49.650 0.3750000000
106469  21.755  21.740  -49.372 0.3750000000
107398  21.083  22.721  -46.702 0.3750000000
107440  21.988  23.179  -50.172 0.2500000000
108338  24.932  23.232  -45.959 0.1250000000
108368  26.701  24.202  -47.244 0.1250000000
108398  21.924  23.810  -50.289 0.2500000000
108399  21.767  23.805  -50.053 0.2500000000
109300  20.849  24.503  -46.375 0.3750000000
109312  25.236  24.652  -47.452 0.1250000000
109323  26.563  24.580  -48.072 0.1250000000
109326  21.060  24.253  -48.795 0.3750000000
109332  27.233  24.419  -49.273 0.1250000000
109337  20.915  24.747  -48.924 0.2500000000
109344  22.719  25.094  -50.452 0.1250000000
110212  26.233  24.779  -47.937 0.1250000000
110222  26.338  24.983  -48.382 0.1250000000
110249  25.711  25.916  -50.469 0.1250000000
110250  24.070  25.739  -50.329 0.1250000000
