#!ascii label  , from subject 3080 vox2ras=TkReg
1462
80487  -43.485  -18.505  50.795 0.0000000000
89566  -61.793  -10.983  44.613 0.0000000000
83210  -51.621  -16.419  47.800 0.0000000000
52626  -16.558  -41.351  72.421 0.0000000000
76674  -41.398  -22.276  57.037 0.0000000000
60817  -29.601  -34.356  69.758 0.0000000000
65538  -37.212  -30.173  70.567 0.0000000000
67938  -42.084  -27.224  64.796 0.0000000000
73030  -43.543  -23.325  63.721 0.0000000000
53991  -25.745  -40.573  65.839 0.0000000000
53921  -29.485  -38.960  70.803 0.0000000000
57432  -29.275  -36.401  63.917 0.0000000000
64421  -33.901  -31.713  63.795 0.0000000000
65615  -38.809  -30.166  65.430 0.0000000000
77884  -48.052  -20.152  57.211 0.0000000000
81754  -48.284  -16.430  54.460 0.0000000000
84531  -57.606  -15.477  46.572 0.0000000000
84478  -46.481  -16.068  48.514 0.0000000000
91963  -57.958  -9.613  38.851 0.0000000000
52581  -12.705  -41.723  73.722 0.0000000000
74131  -46.001  -22.618  60.015 0.0000000000
74209  -43.400  -22.707  54.028 0.0000000000
63252  -29.874  -31.798  63.911 0.0000000000
64329  -31.823  -30.758  68.879 0.0000000000
85731  -51.806  -13.637  51.688 0.0000000000
90827  -62.409  -9.145  33.329 0.0000000000
67968  -40.663  -27.518  62.516 0.0000000000
69238  -41.823  -25.920  62.360 0.0000000000
55187  -27.435  -38.765  64.658 0.0000000000
64440  -36.878  -30.983  62.281 0.0000000000
65646  -39.109  -29.544  62.891 0.0000000000
66769  -40.657  -28.719  64.915 0.0000000000
79146  -45.274  -19.026  54.001 0.0000000000
80398  -47.835  -18.103  55.361 0.0000000000
81773  -45.880  -17.579  52.959 0.0000000000
85808  -60.721  -13.799  45.510 0.0000000000
87069  -59.526  -13.821  49.031 0.0000000000
91928  -62.847  -8.980  43.238 0.0000000000
52668  -14.127  -41.026  70.261 0.0000000000
52603  -14.760  -41.517  73.254 0.0000000000
75314  -42.337  -22.017  60.316 0.0000000000
74101  -44.539  -22.591  62.090 0.0000000000
75337  -43.672  -22.283  59.244 0.0000000000
75375  -45.081  -22.369  57.377 0.0000000000
75417  -42.332  -22.937  55.808 0.0000000000
57332  -29.053  -36.564  69.890 0.0000000000
56204  -29.634  -37.698  72.223 0.0000000000
58366  -28.962  -35.651  72.484 0.0000000000
62063  -29.600  -32.575  71.864 0.0000000000
63289  -28.752  -31.442  60.424 0.0000000000
64462  -30.178  -30.637  60.172 0.0000000000
64348  -35.408  -30.980  67.299 0.0000000000
64363  -32.907  -30.906  66.660 0.0000000000
65569  -34.333  -30.491  69.063 0.0000000000
65520  -32.898  -29.923  71.557 0.0000000000
52726  -21.157  -40.708  68.592 0.0000000000
51368  -24.640  -41.165  71.260 0.0000000000
52613  -25.310  -41.060  73.680 0.0000000000
84515  -48.157  -15.805  47.821 0.0000000000
84463  -48.807  -14.752  50.699 0.0000000000
84483  -50.805  -14.805  49.689 0.0000000000
93224  -63.186  -8.157  32.121 0.0000000000
52573  -18.231  -40.204  75.854 0.0000000000
70525  -44.403  -25.973  68.304 0.0000000000
72998  -44.816  -24.065  66.646 0.0000000000
70574  -43.356  -25.705  64.687 0.0000000000
73048  -41.982  -23.921  61.184 0.0000000000
51420  -25.967  -41.558  68.023 0.0000000000
51388  -29.380  -41.299  70.330 0.0000000000
52753  -27.922  -39.900  67.138 0.0000000000
55131  -28.879  -38.151  67.125 0.0000000000
59602  -29.546  -35.404  67.481 0.0000000000
63306  -32.515  -31.904  60.356 0.0000000000
63293  -34.603  -31.943  61.124 0.0000000000
64404  -36.645  -31.433  64.218 0.0000000000
65586  -38.105  -30.817  67.516 0.0000000000
66739  -40.045  -28.998  67.774 0.0000000000
67886  -41.886  -27.770  68.542 0.0000000000
53988  -23.108  -40.315  65.761 0.0000000000
76610  -49.960  -21.372  60.062 0.0000000000
79021  -51.762  -20.079  61.468 0.0000000000
79071  -49.565  -18.871  58.679 0.0000000000
81709  -49.877  -17.124  57.179 0.0000000000
83231  -54.372  -16.682  47.136 0.0000000000
81856  -54.292  -16.551  49.697 0.0000000000
81876  -56.865  -16.581  48.661 0.0000000000
48773  -9.606  -42.908  78.142 0.0000000000
81854  -44.439  -17.014  49.348 0.0000000000
83225  -46.189  -16.651  46.123 0.0000000000
81909  -51.082  -17.249  45.283 0.0000000000
81930  -54.616  -17.243  44.683 0.0000000000
83279  -58.523  -15.688  43.714 0.0000000000
87154  -60.182  -12.778  42.932 0.0000000000
89593  -60.570  -10.084  41.712 0.0000000000
88420  -58.594  -12.067  40.448 0.0000000000
52549  -15.780  -40.711  77.285 0.0000000000
52535  -13.362  -40.954  78.178 0.0000000000
52532  -10.756  -41.446  78.700 0.0000000000
76531  -48.631  -21.156  65.465 0.0000000000
75246  -45.443  -22.512  65.397 0.0000000000
75261  -46.879  -22.241  64.109 0.0000000000
75281  -48.836  -22.382  62.715 0.0000000000
75360  -47.398  -21.581  58.404 0.0000000000
76689  -46.092  -21.166  55.300 0.0000000000
76739  -43.501  -20.612  52.525 0.0000000000
53908  -30.661  -39.870  72.346 0.0000000000
60893  -29.854  -33.934  63.502 0.0000000000
62118  -29.823  -33.097  66.403 0.0000000000
64418  -31.047  -30.889  63.553 0.0000000000
64377  -30.990  -31.871  66.008 0.0000000000
63211  -30.213  -32.162  69.112 0.0000000000
64294  -30.937  -30.788  71.883 0.0000000000
52696  -15.728  -40.973  69.407 0.0000000000
52723  -18.318  -40.943  68.622 0.0000000000
52650  -19.307  -40.945  71.579 0.0000000000
83118  -47.385  -15.812  51.998 0.0000000000
84425  -49.386  -14.741  52.749 0.0000000000
85679  -52.021  -13.654  54.265 0.0000000000
85751  -54.437  -14.661  51.357 0.0000000000
91979  -60.616  -8.880  39.395 0.0000000000
89614  -62.146  -11.026  38.821 0.0000000000
89634  -62.925  -10.701  36.842 0.0000000000
89670  -60.993  -10.695  34.148 0.0000000000
89656  -64.718  -10.212  35.309 0.0000000000
67984  -40.235  -27.728  61.485 0.0000000000
69253  -40.680  -26.739  60.886 0.0000000000
68020  -40.099  -27.131  59.212 0.0000000000
65661  -38.672  -29.329  60.659 0.0000000000
66823  -39.288  -28.515  60.887 0.0000000000
66810  -39.663  -28.609  62.110 0.0000000000
79190  -44.212  -18.833  52.007 0.0000000000
80437  -45.228  -18.171  53.146 0.0000000000
80489  -44.563  -17.986  51.809 0.0000000000
87135  -61.130  -12.822  44.837 0.0000000000
87101  -60.880  -12.819  46.955 0.0000000000
89553  -62.004  -11.219  45.621 0.0000000000
90696  -62.697  -10.064  45.450 0.0000000000
90717  -62.039  -9.403  43.457 0.0000000000
52646  -15.350  -41.226  71.372 0.0000000000
52624  -14.603  -41.436  72.207 0.0000000000
51337  -15.922  -41.551  72.945 0.0000000000
75355  -41.717  -22.004  58.398 0.0000000000
75315  -43.275  -22.118  60.215 0.0000000000
75372  -42.129  -22.241  57.364 0.0000000000
75373  -43.102  -22.519  57.208 0.0000000000
75392  -41.809  -22.509  56.517 0.0000000000
50130  -27.558  -42.575  72.041 0.0000000000
59562  -29.578  -34.916  70.102 0.0000000000
58379  -28.893  -35.630  71.380 0.0000000000
59552  -28.959  -34.784  70.906 0.0000000000
60789  -29.102  -33.910  72.304 0.0000000000
62073  -29.486  -33.580  71.104 0.0000000000
65571  -35.842  -30.793  68.896 0.0000000000
65570  -35.022  -30.692  69.011 0.0000000000
65554  -35.645  -30.764  69.810 0.0000000000
65523  -35.211  -30.036  71.345 0.0000000000
51397  -25.651  -41.892  69.711 0.0000000000
51370  -26.252  -42.102  71.125 0.0000000000
51355  -26.079  -41.541  72.321 0.0000000000
77760  -50.000  -20.357  65.127 0.0000000000
83209  -50.221  -15.800  47.982 0.0000000000
84501  -49.473  -15.418  49.105 0.0000000000
83188  -51.253  -15.708  48.913 0.0000000000
69184  -43.552  -26.652  66.064 0.0000000000
69185  -44.248  -26.178  66.549 0.0000000000
69200  -43.127  -26.416  64.909 0.0000000000
71925  -42.007  -24.771  61.305 0.0000000000
73047  -41.545  -23.788  60.525 0.0000000000
74129  -41.206  -22.880  59.796 0.0000000000
52767  -25.469  -40.890  66.474 0.0000000000
52730  -27.376  -41.193  68.074 0.0000000000
52768  -26.408  -40.602  66.202 0.0000000000
56293  -28.448  -37.769  65.080 0.0000000000
55147  -28.257  -38.447  66.169 0.0000000000
57408  -28.927  -36.919  65.915 0.0000000000
57386  -29.257  -36.428  67.440 0.0000000000
58490  -29.289  -36.249  65.547 0.0000000000
63319  -33.908  -32.141  59.203 0.0000000000
64425  -37.917  -30.675  63.411 0.0000000000
64424  -37.178  -31.190  63.251 0.0000000000
64384  -37.223  -30.950  65.137 0.0000000000
64367  -36.721  -30.988  66.250 0.0000000000
65601  -38.723  -30.491  66.420 0.0000000000
65587  -39.001  -30.177  67.630 0.0000000000
65602  -39.433  -29.857  66.877 0.0000000000
67922  -41.588  -28.008  65.680 0.0000000000
67908  -41.570  -28.214  66.648 0.0000000000
67909  -42.303  -27.726  66.445 0.0000000000
69155  -43.232  -26.904  68.405 0.0000000000
54006  -23.723  -40.012  65.028 0.0000000000
76646  -48.596  -20.439  58.466 0.0000000000
76630  -49.795  -20.506  59.309 0.0000000000
77870  -48.514  -19.805  58.111 0.0000000000
81737  -47.754  -17.403  55.010 0.0000000000
80384  -49.356  -17.505  56.625 0.0000000000
81724  -49.812  -16.939  56.049 0.0000000000
81725  -50.579  -16.336  56.136 0.0000000000
83065  -49.639  -15.599  55.146 0.0000000000
83233  -55.664  -16.167  46.572 0.0000000000
83192  -55.432  -16.417  48.023 0.0000000000
84505  -56.972  -15.631  47.729 0.0000000000
87050  -60.893  -13.617  49.377 0.0000000000
80570  -53.118  -17.461  44.697 0.0000000000
81947  -53.550  -17.216  43.696 0.0000000000
83297  -56.908  -15.939  42.591 0.0000000000
84581  -57.693  -15.431  42.368 0.0000000000
84568  -59.633  -14.415  43.275 0.0000000000
85856  -58.930  -13.424  41.912 0.0000000000
88413  -59.488  -12.129  41.329 0.0000000000
51336  -12.082  -41.788  72.834 0.0000000000
51321  -11.316  -41.816  74.047 0.0000000000
53849  -18.022  -39.879  77.179 0.0000000000
52562  -16.414  -40.743  76.490 0.0000000000
53843  -16.955  -39.891  77.779 0.0000000000
53826  -14.610  -40.105  79.449 0.0000000000
53816  -13.051  -40.481  79.705 0.0000000000
52533  -11.554  -40.965  78.519 0.0000000000
52524  -11.597  -40.937  79.383 0.0000000000
51267  -11.415  -41.968  79.536 0.0000000000
73006  -44.453  -24.123  65.670 0.0000000000
74057  -45.157  -23.121  66.451 0.0000000000
74076  -44.109  -22.954  64.289 0.0000000000
74117  -45.601  -22.588  61.061 0.0000000000
74090  -45.897  -22.541  63.519 0.0000000000
74103  -47.305  -22.790  62.379 0.0000000000
75280  -47.954  -22.613  63.069 0.0000000000
74119  -47.773  -22.851  61.571 0.0000000000
75319  -47.542  -22.509  59.993 0.0000000000
75340  -46.870  -22.391  59.403 0.0000000000
75419  -44.430  -22.581  55.471 0.0000000000
75420  -45.323  -22.058  55.604 0.0000000000
75443  -44.770  -22.228  54.569 0.0000000000
76704  -44.386  -20.561  53.895 0.0000000000
75463  -43.203  -21.567  52.654 0.0000000000
53931  -29.378  -40.213  69.890 0.0000000000
52658  -30.270  -40.843  71.351 0.0000000000
53915  -29.914  -39.280  71.350 0.0000000000
63262  -29.543  -31.857  62.579 0.0000000000
62153  -29.425  -32.590  61.942 0.0000000000
62146  -29.668  -32.797  63.123 0.0000000000
60870  -29.830  -33.640  64.924 0.0000000000
63244  -29.913  -32.228  64.987 0.0000000000
63275  -33.184  -31.896  62.051 0.0000000000
63290  -31.979  -31.867  61.331 0.0000000000
64420  -32.966  -31.508  63.802 0.0000000000
64345  -32.764  -30.798  67.685 0.0000000000
64362  -32.046  -30.964  66.799 0.0000000000
64361  -31.399  -31.285  67.011 0.0000000000
64360  -30.857  -31.776  67.410 0.0000000000
64328  -31.038  -30.855  69.158 0.0000000000
64315  -30.528  -31.357  70.616 0.0000000000
64317  -31.735  -30.658  69.851 0.0000000000
67869  -39.909  -28.313  70.469 0.0000000000
52724  -19.207  -40.905  68.620 0.0000000000
52700  -19.590  -40.906  69.579 0.0000000000
52673  -18.951  -41.033  70.549 0.0000000000
52591  -26.110  -41.024  74.690 0.0000000000
83169  -45.647  -16.077  48.918 0.0000000000
83135  -46.012  -16.579  51.116 0.0000000000
83156  -46.439  -15.576  49.833 0.0000000000
85746  -49.958  -13.941  50.998 0.0000000000
84443  -48.928  -14.718  51.601 0.0000000000
85709  -50.613  -14.009  52.829 0.0000000000
85690  -50.591  -14.530  53.844 0.0000000000
86997  -51.982  -13.510  53.142 0.0000000000
81841  -56.030  -16.766  50.621 0.0000000000
84487  -54.010  -15.254  50.451 0.0000000000
84445  -55.482  -15.218  51.705 0.0000000000
90735  -59.541  -9.580  40.286 0.0000000000
91941  -60.193  -9.050  40.792 0.0000000000
91965  -59.750  -9.129  39.446 0.0000000000
88428  -60.020  -10.466  38.044 0.0000000000
88439  -60.626  -11.449  37.700 0.0000000000
89621  -62.667  -11.196  37.859 0.0000000000
88454  -61.055  -11.777  36.851 0.0000000000
90825  -60.641  -9.310  33.410 0.0000000000
90812  -59.798  -9.590  33.658 0.0000000000
89683  -61.336  -10.032  33.493 0.0000000000
89654  -63.129  -10.222  35.504 0.0000000000
90813  -63.708  -9.242  34.170 0.0000000000
92027  -64.185  -9.066  33.787 0.0000000000
92069  -63.546  -8.615  31.726 0.0000000000
69211  -41.559  -27.158  63.782 0.0000000000
69212  -42.261  -26.658  64.065 0.0000000000
69237  -41.347  -26.502  62.004 0.0000000000
69254  -41.319  -26.026  60.798 0.0000000000
54009  -27.121  -39.662  65.368 0.0000000000
64466  -37.322  -30.564  60.442 0.0000000000
65645  -38.425  -30.114  62.604 0.0000000000
65638  -38.489  -30.068  63.659 0.0000000000
65629  -39.304  -29.760  64.939 0.0000000000
66782  -39.762  -29.112  64.422 0.0000000000
67936  -40.865  -28.393  64.145 0.0000000000
77911  -46.925  -20.078  55.091 0.0000000000
77900  -47.947  -19.603  56.356 0.0000000000
79148  -46.548  -18.651  54.593 0.0000000000
80416  -46.754  -17.980  54.461 0.0000000000
81775  -47.261  -16.567  53.404 0.0000000000
84532  -58.684  -15.360  46.101 0.0000000000
85782  -58.274  -15.056  47.569 0.0000000000
85784  -60.222  -14.004  47.728 0.0000000000
88304  -60.978  -12.363  48.071 0.0000000000
90730  -63.111  -9.768  41.856 0.0000000000
52622  -12.862  -41.485  71.605 0.0000000000
52582  -13.873  -41.437  74.086 0.0000000000
74099  -42.812  -23.001  61.794 0.0000000000
74088  -43.920  -22.829  63.189 0.0000000000
75277  -43.567  -22.550  61.580 0.0000000000
75297  -44.012  -22.455  60.979 0.0000000000
75317  -45.199  -22.411  60.064 0.0000000000
75358  -45.377  -22.304  58.330 0.0000000000
75357  -44.302  -22.433  58.275 0.0000000000
75394  -43.750  -22.620  56.497 0.0000000000
74187  -42.828  -22.901  54.908 0.0000000000
56226  -28.903  -37.428  70.192 0.0000000000
55087  -29.492  -38.198  71.442 0.0000000000
56215  -29.264  -37.367  71.102 0.0000000000
57275  -29.335  -36.536  72.847 0.0000000000
60764  -29.181  -33.253  73.538 0.0000000000
64448  -28.931  -30.847  61.034 0.0000000000
64434  -30.047  -30.956  62.218 0.0000000000
64381  -34.096  -31.316  65.589 0.0000000000
64401  -33.475  -31.455  64.718 0.0000000000
64364  -33.827  -30.937  66.531 0.0000000000
64346  -33.636  -30.807  67.526 0.0000000000
64319  -33.188  -30.424  69.314 0.0000000000
64307  -32.300  -30.440  70.410 0.0000000000
65534  -33.800  -29.926  70.600 0.0000000000
52763  -21.011  -40.772  66.581 0.0000000000
52727  -22.226  -40.774  68.586 0.0000000000
52654  -23.553  -40.670  71.678 0.0000000000
52633  -23.864  -40.512  72.555 0.0000000000
52656  -25.072  -40.901  72.167 0.0000000000
84499  -47.556  -15.379  48.372 0.0000000000
84461  -46.978  -14.834  49.536 0.0000000000
84500  -48.498  -15.258  48.712 0.0000000000
84482  -50.050  -14.807  49.697 0.0000000000
85748  -51.965  -13.970  50.864 0.0000000000
91975  -57.612  -9.515  38.456 0.0000000000
91976  -58.421  -9.622  38.584 0.0000000000
90764  -57.240  -10.049  37.494 0.0000000000
92042  -61.848  -8.451  32.859 0.0000000000
92043  -62.886  -8.674  33.124 0.0000000000
92056  -62.467  -8.268  32.641 0.0000000000
93237  -62.047  -7.453  31.979 0.0000000000
52607  -18.914  -40.776  73.737 0.0000000000
52605  -16.615  -41.321  73.362 0.0000000000
72975  -44.868  -23.936  68.721 0.0000000000
70543  -44.825  -25.183  66.959 0.0000000000
71874  -43.958  -24.846  65.342 0.0000000000
73017  -43.406  -24.339  64.101 0.0000000000
70586  -42.436  -25.923  63.292 0.0000000000
71901  -42.678  -24.688  62.779 0.0000000000
74086  -42.776  -23.617  62.452 0.0000000000
74115  -42.367  -23.016  61.302 0.0000000000
75313  -41.579  -22.548  60.260 0.0000000000
51398  -26.540  -42.105  69.509 0.0000000000
51387  -28.603  -42.052  70.506 0.0000000000
51410  -27.743  -41.381  68.678 0.0000000000
52706  -29.082  -40.593  69.327 0.0000000000
53950  -29.110  -39.333  68.635 0.0000000000
53993  -27.765  -39.346  66.064 0.0000000000
55111  -28.724  -38.733  67.289 0.0000000000
55099  -28.984  -38.355  69.454 0.0000000000
56243  -29.215  -37.247  68.438 0.0000000000
58418  -29.617  -35.802  68.618 0.0000000000
59572  -29.671  -34.785  69.054 0.0000000000
63292  -33.735  -32.112  61.164 0.0000000000
63263  -34.399  -31.825  62.914 0.0000000000
64452  -36.062  -31.268  61.178 0.0000000000
63264  -35.330  -31.902  62.936 0.0000000000
63254  -34.796  -31.853  63.699 0.0000000000
64366  -35.747  -31.221  66.363 0.0000000000
64349  -36.418  -30.903  67.353 0.0000000000
65556  -37.442  -30.471  69.551 0.0000000000
66699  -37.992  -29.757  70.931 0.0000000000
66715  -38.925  -29.487  69.408 0.0000000000
66716  -39.637  -28.983  69.407 0.0000000000
67878  -40.638  -28.308  69.522 0.0000000000
66750  -40.273  -29.004  66.990 0.0000000000
67885  -41.059  -28.262  68.548 0.0000000000
67879  -41.417  -27.882  69.313 0.0000000000
69147  -42.910  -26.780  69.313 0.0000000000
52765  -23.423  -40.677  66.608 0.0000000000
77811  -50.509  -21.116  62.314 0.0000000000
77824  -51.285  -20.469  60.770 0.0000000000
79038  -51.214  -19.368  60.137 0.0000000000
80324  -51.076  -18.595  59.742 0.0000000000
79088  -48.608  -18.784  57.273 0.0000000000
80353  -49.722  -18.315  58.436 0.0000000000
81887  -52.462  -16.905  47.078 0.0000000000
83189  -52.394  -16.203  48.713 0.0000000000
83191  -54.433  -16.695  48.224 0.0000000000
81857  -55.393  -16.853  49.649 0.0000000000
81842  -57.238  -17.258  50.163 0.0000000000
84488  -58.405  -15.069  48.692 0.0000000000
81860  -58.721  -16.284  49.314 0.0000000000
80531  -43.201  -18.544  49.126 0.0000000000
81836  -44.307  -17.758  50.716 0.0000000000
81852  -43.422  -18.122  48.933 0.0000000000
81872  -44.491  -17.060  48.826 0.0000000000
83186  -45.716  -16.767  47.831 0.0000000000
84497  -46.337  -16.428  47.615 0.0000000000
84528  -47.308  -16.445  47.180 0.0000000000
83227  -48.089  -16.445  46.954 0.0000000000
83228  -49.442  -16.585  46.769 0.0000000000
81895  -51.293  -17.085  46.192 0.0000000000
81897  -53.095  -16.934  46.288 0.0000000000
81913  -54.837  -16.990  45.577 0.0000000000
81915  -56.335  -16.599  45.338 0.0000000000
83276  -55.300  -16.917  43.332 0.0000000000
83277  -56.475  -16.670  43.839 0.0000000000
83251  -57.902  -15.648  45.047 0.0000000000
84541  -59.343  -14.942  45.044 0.0000000000
85838  -60.510  -13.570  43.634 0.0000000000
88394  -60.908  -11.727  43.282 0.0000000000
89586  -60.878  -10.804  42.571 0.0000000000
88405  -60.185  -11.656  42.213 0.0000000000
89600  -59.238  -10.699  40.457 0.0000000000
90734  -58.739  -10.097  39.699 0.0000000000
90742  -57.275  -9.909  39.085 0.0000000000
52584  -15.959  -41.448  74.449 0.0000000000
52570  -15.187  -41.349  75.383 0.0000000000
52569  -14.132  -41.429  75.234 0.0000000000
53835  -15.460  -40.092  78.758 0.0000000000
52547  -13.795  -41.145  77.233 0.0000000000
52559  -13.358  -41.413  76.208 0.0000000000
52558  -11.992  -41.544  76.094 0.0000000000
52557  -10.961  -41.578  76.879 0.0000000000
51299  -9.227  -41.749  76.793 0.0000000000
51273  -9.776  -42.200  78.411 0.0000000000
77759  -49.451  -20.931  65.010 0.0000000000
75221  -46.290  -21.880  66.500 0.0000000000
74089  -45.079  -22.594  63.701 0.0000000000
75247  -45.987  -22.233  65.133 0.0000000000
76543  -48.266  -21.878  64.818 0.0000000000
76557  -48.536  -21.917  64.073 0.0000000000
76559  -49.797  -21.414  63.373 0.0000000000
75300  -49.487  -21.939  61.462 0.0000000000
75342  -48.713  -21.715  59.698 0.0000000000
76644  -47.634  -21.193  58.099 0.0000000000
75376  -45.940  -21.904  57.533 0.0000000000
75397  -46.344  -21.653  57.000 0.0000000000
76690  -46.799  -20.682  55.752 0.0000000000
77909  -45.551  -20.183  54.492 0.0000000000
77941  -44.350  -20.012  53.282 0.0000000000
79189  -43.185  -19.327  51.608 0.0000000000
75415  -40.385  -22.491  55.567 0.0000000000
74185  -41.052  -23.157  55.069 0.0000000000
74232  -41.559  -23.519  53.062 0.0000000000
74259  -41.681  -22.676  52.020 0.0000000000
74260  -42.613  -22.117  52.076 0.0000000000
76737  -42.283  -20.646  51.559 0.0000000000
77988  -42.585  -19.617  51.074 0.0000000000
79228  -42.487  -18.920  50.139 0.0000000000
53897  -30.488  -38.840  72.680 0.0000000000
58558  -29.531  -35.835  62.130 0.0000000000
59690  -29.790  -34.812  62.725 0.0000000000
58528  -29.650  -35.545  64.067 0.0000000000
59637  -29.710  -34.697  65.169 0.0000000000
60854  -29.834  -34.009  66.409 0.0000000000
60828  -29.642  -33.645  68.273 0.0000000000
64463  -30.950  -31.172  60.431 0.0000000000
64435  -30.762  -31.016  62.398 0.0000000000
64417  -30.328  -31.004  63.270 0.0000000000
64400  -32.497  -31.209  64.738 0.0000000000
64399  -31.486  -30.918  64.718 0.0000000000
64398  -30.329  -30.953  64.665 0.0000000000
63235  -30.215  -32.288  66.675 0.0000000000
63223  -30.425  -32.355  67.998 0.0000000000
62084  -29.801  -32.824  69.685 0.0000000000
63197  -29.974  -31.993  70.162 0.0000000000
63183  -29.946  -31.790  71.287 0.0000000000
52695  -14.756  -40.893  69.403 0.0000000000
52670  -16.040  -41.190  70.416 0.0000000000
52743  -18.026  -40.977  67.688 0.0000000000
52742  -17.250  -40.770  67.656 0.0000000000
52698  -17.705  -40.957  69.552 0.0000000000
52672  -17.994  -41.427  70.499 0.0000000000
52649  -18.278  -41.358  71.513 0.0000000000
52629  -19.716  -40.826  72.684 0.0000000000
53896  -24.283  -40.317  73.501 0.0000000000
81815  -45.413  -16.978  51.330 0.0000000000
81794  -46.266  -16.739  52.360 0.0000000000
83099  -47.655  -16.050  52.959 0.0000000000
84442  -47.983  -14.772  51.040 0.0000000000
83119  -48.245  -15.593  52.574 0.0000000000
83080  -48.665  -15.788  54.035 0.0000000000
84395  -49.785  -15.139  54.467 0.0000000000
84485  -52.664  -15.243  49.993 0.0000000000
84465  -53.173  -14.754  50.549 0.0000000000
85733  -53.445  -13.800  51.646 0.0000000000
90723  -61.574  -9.070  42.638 0.0000000000
93127  -61.394  -8.407  41.346 0.0000000000
90737  -62.026  -9.388  40.322 0.0000000000
90756  -59.990  -9.627  38.601 0.0000000000
89613  -61.111  -10.201  38.905 0.0000000000
89609  -63.020  -10.700  39.836 0.0000000000
89615  -63.228  -10.961  38.680 0.0000000000
88441  -64.247  -11.281  37.848 0.0000000000
88492  -59.742  -11.481  35.061 0.0000000000
88476  -62.532  -11.202  36.021 0.0000000000
89636  -64.618  -10.390  36.276 0.0000000000
92059  -63.847  -9.033  32.628 0.0000000000
67997  -40.023  -28.100  60.706 0.0000000000
67998  -40.055  -27.258  60.354 0.0000000000
66842  -39.042  -28.534  59.623 0.0000000000
67983  -39.830  -28.305  61.288 0.0000000000
80460  -44.433  -18.176  51.919 0.0000000000
80488  -44.147  -18.136  51.323 0.0000000000
88378  -61.556  -11.486  44.877 0.0000000000
88361  -61.398  -11.844  45.454 0.0000000000
88362  -61.687  -11.374  45.136 0.0000000000
90695  -62.348  -10.513  45.399 0.0000000000
90707  -62.396  -9.947  44.474 0.0000000000
89578  -61.737  -10.314  43.616 0.0000000000
52647  -16.327  -41.258  71.451 0.0000000000
52625  -15.675  -41.504  72.476 0.0000000000
51352  -16.135  -41.498  72.771 0.0000000000
76658  -41.273  -22.011  57.630 0.0000000000
50131  -28.432  -42.745  72.206 0.0000000000
50143  -28.284  -42.581  71.292 0.0000000000
60798  -29.260  -34.065  71.419 0.0000000000
60807  -29.523  -33.969  70.456 0.0000000000
65555  -36.563  -30.774  69.714 0.0000000000
65537  -36.281  -30.513  70.607 0.0000000000
65525  -36.729  -30.039  71.233 0.0000000000
51356  -26.817  -42.250  71.785 0.0000000000
69183  -42.716  -27.236  65.945 0.0000000000
69199  -42.677  -27.014  65.169 0.0000000000
71939  -41.478  -24.729  59.850 0.0000000000
71924  -41.682  -24.462  60.605 0.0000000000
57421  -28.920  -37.159  64.806 0.0000000000
56279  -28.695  -37.659  65.594 0.0000000000
64406  -37.905  -30.479  64.396 0.0000000000
64405  -37.382  -30.970  64.095 0.0000000000
64385  -38.124  -30.481  65.375 0.0000000000
67923  -42.149  -27.545  65.402 0.0000000000
67910  -43.000  -27.259  66.622 0.0000000000
54007  -24.719  -40.023  65.084 0.0000000000
53990  -25.056  -40.518  65.760 0.0000000000
77869  -48.195  -20.397  57.993 0.0000000000
81738  -48.603  -17.102  55.204 0.0000000000
83064  -48.903  -16.063  54.866 0.0000000000
81739  -49.420  -16.346  55.405 0.0000000000
83234  -56.362  -15.895  46.496 0.0000000000
84518  -56.109  -15.800  47.256 0.0000000000
84519  -56.604  -15.449  47.082 0.0000000000
85738  -60.684  -14.444  49.597 0.0000000000
81946  -52.700  -17.122  43.644 0.0000000000
84582  -58.475  -14.465  42.094 0.0000000000
84600  -58.307  -13.942  41.478 0.0000000000
85872  -58.423  -13.409  41.168 0.0000000000
51322  -11.891  -41.859  73.548 0.0000000000
52580  -11.991  -41.793  74.010 0.0000000000
53844  -17.736  -39.698  78.001 0.0000000000
55026  -18.275  -39.259  78.325 0.0000000000
52525  -12.391  -40.765  79.198 0.0000000000
51269  -12.228  -41.281  80.179 0.0000000000
73018  -43.748  -24.045  64.551 0.0000000000
74066  -44.435  -23.320  65.184 0.0000000000
74102  -46.079  -22.614  62.621 0.0000000000
74118  -46.842  -22.821  61.450 0.0000000000
74132  -46.745  -22.697  60.291 0.0000000000
74145  -46.471  -22.596  59.826 0.0000000000
74210  -44.085  -22.471  54.388 0.0000000000
74189  -44.304  -22.620  54.812 0.0000000000
75442  -44.054  -21.697  53.882 0.0000000000
74234  -43.454  -22.109  53.328 0.0000000000
53930  -29.226  -39.443  69.759 0.0000000000
53922  -29.515  -39.838  70.502 0.0000000000
64438  -33.499  -31.724  62.922 0.0000000000
64437  -32.591  -31.653  62.860 0.0000000000
64330  -32.626  -30.666  68.667 0.0000000000
64344  -31.959  -30.938  67.865 0.0000000000
64343  -31.286  -31.228  68.160 0.0000000000
69137  -40.614  -27.253  70.788 0.0000000000
52652  -21.518  -40.615  71.633 0.0000000000
83170  -46.266  -15.149  48.999 0.0000000000
85730  -50.748  -13.901  51.775 0.0000000000
85710  -51.477  -13.697  52.578 0.0000000000
81818  -56.240  -16.443  51.233 0.0000000000
83158  -55.363  -15.904  51.091 0.0000000000
91950  -59.295  -9.500  39.571 0.0000000000
91964  -58.915  -9.629  39.068 0.0000000000
88453  -59.899  -11.660  36.875 0.0000000000
88474  -60.343  -11.711  35.857 0.0000000000
90826  -61.529  -9.200  33.218 0.0000000000
89684  -62.055  -9.713  33.553 0.0000000000
89672  -63.154  -9.617  34.402 0.0000000000
90828  -63.294  -9.212  33.668 0.0000000000
90814  -64.078  -9.094  34.102 0.0000000000
90829  -63.830  -9.054  33.857 0.0000000000
67954  -41.176  -27.415  63.366 0.0000000000
67969  -41.175  -27.097  62.748 0.0000000000
69271  -40.602  -26.670  59.711 0.0000000000
69272  -41.068  -26.095  60.000 0.0000000000
65676  -37.684  -29.993  59.425 0.0000000000
65652  -38.869  -29.347  61.787 0.0000000000
65651  -38.129  -29.951  61.581 0.0000000000
65639  -39.156  -29.616  63.974 0.0000000000
66796  -39.722  -29.019  63.348 0.0000000000
66811  -40.044  -27.950  62.303 0.0000000000
66797  -40.145  -28.271  62.943 0.0000000000
67953  -40.733  -27.999  63.549 0.0000000000
77925  -45.698  -19.359  54.403 0.0000000000
79125  -46.323  -19.235  54.708 0.0000000000
80462  -45.556  -17.725  52.815 0.0000000000
80415  -46.121  -18.125  54.119 0.0000000000
80439  -46.331  -17.520  53.918 0.0000000000
81752  -46.697  -17.372  54.042 0.0000000000
81774  -46.448  -17.152  53.289 0.0000000000
85794  -59.753  -14.738  46.296 0.0000000000
85795  -60.662  -13.693  46.679 0.0000000000
88325  -61.341  -11.942  47.892 0.0000000000
88287  -61.549  -12.722  49.002 0.0000000000
88306  -62.062  -12.255  48.322 0.0000000000
90724  -63.629  -9.712  42.736 0.0000000000
91936  -63.086  -9.226  42.562 0.0000000000
52623  -13.670  -41.465  71.923 0.0000000000
52602  -13.755  -41.575  72.962 0.0000000000
75276  -42.989  -22.647  61.508 0.0000000000
74100  -43.463  -22.760  62.211 0.0000000000
75296  -43.051  -22.299  60.984 0.0000000000
75316  -44.278  -22.291  60.080 0.0000000000
75338  -44.752  -22.447  59.205 0.0000000000
75393  -42.736  -22.702  56.592 0.0000000000
75418  -43.341  -22.884  55.721 0.0000000000
57311  -29.058  -36.518  70.797 0.0000000000
57291  -29.178  -36.498  71.735 0.0000000000
62062  -29.407  -33.360  71.688 0.0000000000
60778  -28.903  -33.608  73.102 0.0000000000
62051  -29.053  -33.043  72.451 0.0000000000
64461  -29.413  -30.707  60.364 0.0000000000
64449  -29.713  -30.879  61.193 0.0000000000
64365  -34.761  -31.089  66.431 0.0000000000
64347  -34.514  -30.892  67.374 0.0000000000
64332  -34.359  -30.745  68.297 0.0000000000
64331  -33.541  -30.593  68.603 0.0000000000
65552  -33.939  -30.182  69.665 0.0000000000
65551  -33.282  -30.161  69.964 0.0000000000
65522  -34.454  -29.859  71.469 0.0000000000
52748  -22.786  -40.903  67.542 0.0000000000
52747  -21.670  -40.744  67.558 0.0000000000
52728  -23.347  -41.053  68.598 0.0000000000
51383  -24.745  -41.382  70.687 0.0000000000
52678  -24.090  -41.044  71.002 0.0000000000
52655  -24.468  -40.829  71.810 0.0000000000
51340  -26.854  -42.213  72.705 0.0000000000
84502  -50.409  -15.466  49.042 0.0000000000
85765  -50.610  -14.186  49.958 0.0000000000
85766  -51.342  -14.245  50.101 0.0000000000
91985  -57.375  -9.476  38.084 0.0000000000
93203  -60.349  -7.609  33.309 0.0000000000
93204  -61.085  -7.523  33.069 0.0000000000
52587  -19.231  -40.442  74.948 0.0000000000
55040  -19.488  -39.107  77.432 0.0000000000
71829  -44.587  -24.885  68.585 0.0000000000
71845  -44.801  -25.419  67.903 0.0000000000
70559  -43.763  -26.081  65.271 0.0000000000
70560  -44.321  -25.702  65.939 0.0000000000
71873  -43.391  -25.076  65.016 0.0000000000
71889  -43.493  -24.690  64.870 0.0000000000
71888  -43.304  -24.824  64.299 0.0000000000
69225  -41.879  -26.196  62.942 0.0000000000
71914  -42.281  -24.747  61.952 0.0000000000
73039  -42.455  -24.058  62.143 0.0000000000
73028  -42.779  -24.105  62.701 0.0000000000
74098  -42.433  -23.444  61.588 0.0000000000
75312  -41.270  -22.513  59.699 0.0000000000
51399  -27.703  -41.965  69.587 0.0000000000
51409  -26.843  -41.637  68.639 0.0000000000
52731  -28.347  -40.482  68.238 0.0000000000
52732  -29.073  -40.001  68.936 0.0000000000
53992  -27.426  -39.737  65.786 0.0000000000
55166  -27.636  -38.855  65.322 0.0000000000
55130  -28.632  -38.583  66.767 0.0000000000
55112  -28.861  -38.222  68.188 0.0000000000
56235  -29.106  -37.436  69.236 0.0000000000
58457  -29.370  -35.783  66.956 0.0000000000
57372  -29.411  -36.554  68.146 0.0000000000
58437  -29.488  -35.854  67.786 0.0000000000
59584  -29.594  -35.172  68.036 0.0000000000
63308  -34.300  -32.117  60.170 0.0000000000
63276  -34.046  -31.879  62.047 0.0000000000
63277  -34.891  -31.803  62.029 0.0000000000
64453  -36.784  -30.981  61.295 0.0000000000
64423  -36.144  -31.524  63.140 0.0000000000
64422  -35.573  -31.804  63.493 0.0000000000
63255  -35.293  -31.870  63.604 0.0000000000
64403  -35.518  -31.697  64.225 0.0000000000
64382  -35.093  -31.359  65.427 0.0000000000
64383  -36.133  -31.252  65.277 0.0000000000
64350  -37.214  -30.792  67.046 0.0000000000
65585  -37.241  -30.780  67.825 0.0000000000
65572  -36.750  -30.807  68.587 0.0000000000
65573  -37.744  -30.587  68.601 0.0000000000
65557  -38.140  -29.875  69.423 0.0000000000
65574  -38.518  -30.069  68.524 0.0000000000
66738  -39.593  -29.542  67.759 0.0000000000
66728  -39.276  -29.596  68.556 0.0000000000
66729  -39.831  -29.078  68.528 0.0000000000
67877  -40.076  -28.585  69.634 0.0000000000
66730  -40.418  -28.721  68.549 0.0000000000
66768  -39.795  -29.186  65.454 0.0000000000
66759  -39.827  -29.342  66.405 0.0000000000
66760  -40.353  -28.857  66.079 0.0000000000
67896  -42.058  -27.818  67.469 0.0000000000
67895  -41.350  -28.229  67.623 0.0000000000
69146  -42.132  -27.192  69.726 0.0000000000
69154  -42.581  -27.297  68.861 0.0000000000
69156  -43.877  -26.604  67.988 0.0000000000
70524  -43.878  -26.438  68.595 0.0000000000
51419  -25.261  -41.562  68.397 0.0000000000
76592  -50.026  -21.471  61.243 0.0000000000
76593  -50.711  -21.104  61.008 0.0000000000
77854  -49.911  -19.849  59.280 0.0000000000
77835  -50.359  -20.004  59.843 0.0000000000
79037  -50.572  -19.487  59.724 0.0000000000
79053  -50.763  -18.781  59.586 0.0000000000
80337  -50.102  -18.476  59.039 0.0000000000
79107  -47.999  -18.767  56.139 0.0000000000
79108  -48.359  -18.726  56.697 0.0000000000
80368  -49.405  -17.796  57.413 0.0000000000
81698  -49.920  -17.471  57.946 0.0000000000
80354  -50.275  -17.569  58.535 0.0000000000
81699  -50.509  -16.755  58.042 0.0000000000
83044  -50.937  -15.922  56.583 0.0000000000
81888  -53.420  -16.860  47.087 0.0000000000
83211  -52.873  -16.654  47.845 0.0000000000
83212  -53.916  -16.802  47.641 0.0000000000
83193  -56.425  -16.178  48.145 0.0000000000
81875  -55.891  -16.676  48.791 0.0000000000
81858  -56.486  -16.990  49.442 0.0000000000
85776  -59.354  -14.070  48.486 0.0000000000
85775  -58.592  -14.663  48.201 0.0000000000
85768  -59.139  -14.299  49.018 0.0000000000
83160  -59.606  -15.787  49.545 0.0000000000
50053  -9.108  -42.639  77.649 0.0000000000
50052  -8.530  -42.624  77.313 0.0000000000
48784  -8.605  -43.293  77.265 0.0000000000
83184  -44.047  -17.550  47.875 0.0000000000
83185  -44.842  -17.459  48.186 0.0000000000
83204  -44.560  -16.975  46.792 0.0000000000
83205  -45.538  -16.623  46.757 0.0000000000
83206  -45.950  -16.493  46.649 0.0000000000
84513  -46.665  -16.452  47.251 0.0000000000
84527  -46.824  -16.562  46.775 0.0000000000
83226  -47.060  -16.678  46.301 0.0000000000
83246  -48.623  -16.739  45.735 0.0000000000
81894  -50.317  -17.079  46.061 0.0000000000
81896  -52.183  -17.073  46.268 0.0000000000
81910  -51.942  -17.288  45.504 0.0000000000
81929  -53.691  -17.382  44.464 0.0000000000
81912  -53.690  -17.260  45.407 0.0000000000
81914  -55.793  -16.669  45.647 0.0000000000
81931  -55.457  -16.972  44.887 0.0000000000
83278  -57.809  -15.901  43.318 0.0000000000
83264  -57.463  -16.102  44.518 0.0000000000
83265  -58.242  -15.735  44.322 0.0000000000
84540  -58.600  -15.363  45.163 0.0000000000
84552  -58.952  -15.440  44.225 0.0000000000
85837  -60.005  -13.511  43.032 0.0000000000
85820  -60.163  -14.129  43.836 0.0000000000
87155  -60.791  -12.801  43.558 0.0000000000
88393  -60.213  -12.141  42.958 0.0000000000
88406  -60.540  -11.593  42.761 0.0000000000
88412  -59.044  -12.348  40.954 0.0000000000
88421  -59.410  -11.483  40.878 0.0000000000
51320  -10.406  -41.925  74.452 0.0000000000
52586  -18.052  -40.821  74.739 0.0000000000
52585  -16.911  -40.926  74.511 0.0000000000
52572  -17.179  -40.697  75.644 0.0000000000
52571  -16.148  -40.942  75.458 0.0000000000
52561  -15.437  -40.939  76.379 0.0000000000
52560  -14.443  -41.230  76.315 0.0000000000
53836  -16.596  -39.761  78.874 0.0000000000
53833  -13.911  -40.821  78.454 0.0000000000
53834  -14.557  -40.635  78.484 0.0000000000
52536  -14.080  -40.926  77.965 0.0000000000
52546  -12.767  -41.145  77.245 0.0000000000
52544  -10.862  -41.345  77.862 0.0000000000
52556  -10.152  -41.697  77.318 0.0000000000
52543  -10.268  -41.626  78.090 0.0000000000
51289  -9.580  -41.826  77.689 0.0000000000
52531  -10.369  -41.667  78.412 0.0000000000
50037  -12.180  -42.216  79.794 0.0000000000
77741  -48.976  -20.213  65.994 0.0000000000
72987  -45.102  -23.995  67.804 0.0000000000
74041  -45.449  -23.382  68.364 0.0000000000
74048  -45.419  -23.232  67.393 0.0000000000
74067  -45.037  -22.966  65.650 0.0000000000
75219  -45.589  -22.545  66.920 0.0000000000
75233  -45.463  -22.510  66.162 0.0000000000
75220  -45.785  -22.039  66.651 0.0000000000
75234  -45.789  -21.993  65.908 0.0000000000
75278  -46.394  -22.492  63.545 0.0000000000
75260  -46.055  -22.417  64.225 0.0000000000
75248  -46.623  -21.999  64.874 0.0000000000
75249  -47.381  -21.947  64.802 0.0000000000
75263  -48.453  -22.197  63.501 0.0000000000
76558  -49.060  -21.742  63.575 0.0000000000
76574  -49.430  -21.831  62.862 0.0000000000
75282  -49.387  -22.043  62.224 0.0000000000
75299  -49.033  -22.448  61.733 0.0000000000
75320  -48.740  -22.205  60.535 0.0000000000
75341  -48.062  -21.844  59.313 0.0000000000
75361  -47.944  -21.472  58.711 0.0000000000
75396  -45.884  -21.859  56.449 0.0000000000
76675  -46.309  -21.489  56.033 0.0000000000
76676  -46.775  -21.206  56.492 0.0000000000
76688  -45.608  -20.529  54.565 0.0000000000
76722  -43.829  -20.878  53.029 0.0000000000
77962  -43.658  -19.961  52.366 0.0000000000
74206  -40.325  -23.172  54.581 0.0000000000
74258  -40.618  -23.467  52.060 0.0000000000
74282  -41.322  -22.007  51.339 0.0000000000
75501  -41.429  -21.403  51.069 0.0000000000
75482  -42.060  -21.648  51.469 0.0000000000
76756  -41.787  -20.936  51.112 0.0000000000
79210  -42.220  -19.405  50.444 0.0000000000
52638  -30.527  -40.486  71.931 0.0000000000
55080  -29.595  -37.889  71.982 0.0000000000
55081  -29.819  -38.306  72.093 0.0000000000
55074  -30.248  -38.171  72.818 0.0000000000
60901  -29.942  -33.700  62.311 0.0000000000
59675  -29.743  -34.702  64.085 0.0000000000
58509  -29.672  -35.209  64.667 0.0000000000
59657  -29.738  -34.582  64.478 0.0000000000
62128  -29.876  -33.090  65.494 0.0000000000
62129  -29.910  -33.532  65.970 0.0000000000
60839  -29.659  -33.800  67.311 0.0000000000
62108  -29.888  -32.988  67.553 0.0000000000
63305  -31.700  -31.583  60.444 0.0000000000
64436  -31.665  -31.435  62.496 0.0000000000
64451  -31.222  -31.325  61.411 0.0000000000
64380  -33.131  -31.150  65.680 0.0000000000
64379  -32.177  -30.993  65.746 0.0000000000
64378  -31.309  -30.977  65.838 0.0000000000
63245  -30.133  -31.795  65.488 0.0000000000
64342  -30.703  -31.566  68.565 0.0000000000
62096  -29.869  -32.917  68.652 0.0000000000
64304  -30.551  -31.184  71.380 0.0000000000
64293  -30.433  -31.288  72.042 0.0000000000
65532  -32.438  -30.242  71.027 0.0000000000
65519  -32.262  -30.257  71.696 0.0000000000
66700  -38.722  -29.465  70.474 0.0000000000
52746  -20.648  -40.777  67.638 0.0000000000
52745  -19.680  -40.759  67.599 0.0000000000
52744  -18.839  -40.806  67.785 0.0000000000
52722  -17.419  -40.854  68.553 0.0000000000
52721  -16.405  -40.812  68.298 0.0000000000
52628  -18.559  -40.957  72.577 0.0000000000
52612  -24.661  -40.731  73.430 0.0000000000
52611  -24.225  -40.464  73.103 0.0000000000
52589  -24.897  -40.725  74.048 0.0000000000
78985  -51.827  -19.475  63.396 0.0000000000
81837  -44.849  -17.113  50.373 0.0000000000
83136  -46.729  -15.907  50.924 0.0000000000
83117  -46.372  -16.119  51.894 0.0000000000
83098  -46.871  -16.363  52.665 0.0000000000
84462  -47.906  -14.810  50.131 0.0000000000
84441  -47.123  -14.954  50.518 0.0000000000
84444  -49.163  -14.621  52.191 0.0000000000
84424  -48.764  -14.969  52.369 0.0000000000
84410  -48.911  -15.290  53.234 0.0000000000
84394  -49.240  -15.275  53.999 0.0000000000
84411  -49.790  -14.881  53.623 0.0000000000
85678  -51.356  -14.041  54.555 0.0000000000
81855  -53.744  -16.470  49.209 0.0000000000
83173  -53.212  -16.035  49.576 0.0000000000
84466  -53.916  -14.951  50.700 0.0000000000
85750  -53.645  -14.453  51.230 0.0000000000
85749  -52.881  -14.054  50.928 0.0000000000
85734  -54.288  -13.980  51.785 0.0000000000
89587  -61.545  -9.782  42.869 0.0000000000
90722  -61.164  -9.620  42.088 0.0000000000
91952  -60.534  -8.625  40.569 0.0000000000
93135  -60.914  -8.206  41.006 0.0000000000
93136  -61.240  -8.381  40.739 0.0000000000
91943  -61.852  -8.578  40.992 0.0000000000
91953  -61.548  -8.925  40.344 0.0000000000
90755  -59.000  -9.742  38.559 0.0000000000
90766  -59.272  -9.972  38.372 0.0000000000
88429  -60.461  -10.790  38.189 0.0000000000
89612  -60.241  -10.189  38.335 0.0000000000
89608  -62.046  -10.202  39.418 0.0000000000
89622  -63.644  -10.859  37.691 0.0000000000
89623  -64.471  -10.752  37.171 0.0000000000
89682  -60.460  -10.132  33.660 0.0000000000
89669  -59.737  -10.666  34.274 0.0000000000
88493  -60.652  -11.427  34.857 0.0000000000
88475  -61.574  -11.644  35.741 0.0000000000
88494  -61.578  -11.139  34.774 0.0000000000
89655  -64.121  -9.944  35.578 0.0000000000
89637  -65.161  -10.717  36.002 0.0000000000
89657  -65.031  -10.673  35.215 0.0000000000
92057  -63.160  -8.463  32.666 0.0000000000
92058  -63.610  -8.612  32.527 0.0000000000
69236  -40.697  -27.112  61.728 0.0000000000
65677  -38.443  -29.388  59.539 0.0000000000
79168  -44.418  -19.219  52.926 0.0000000000
79170  -45.449  -18.487  53.822 0.0000000000
79169  -44.995  -18.571  53.344 0.0000000000
80461  -45.022  -18.082  52.442 0.0000000000
81792  -45.134  -17.649  52.068 0.0000000000
87118  -61.048  -12.849  45.998 0.0000000000
89552  -61.683  -11.550  46.265 0.0000000000
90688  -62.838  -10.399  46.017 0.0000000000
90697  -63.075  -10.160  45.464 0.0000000000
90709  -63.357  -9.965  44.493 0.0000000000
90708  -62.910  -9.712  44.649 0.0000000000
91919  -62.618  -9.215  43.871 0.0000000000
91927  -62.170  -8.922  43.003 0.0000000000
52645  -14.386  -41.178  71.213 0.0000000000
52604  -15.724  -41.559  73.425 0.0000000000
75336  -42.554  -22.073  59.348 0.0000000000
75356  -43.011  -22.461  58.191 0.0000000000
50115  -27.672  -42.593  73.010 0.0000000000
58403  -29.507  -35.750  69.563 0.0000000000
58392  -29.119  -35.686  70.451 0.0000000000
59543  -29.000  -34.770  71.943 0.0000000000
59533  -28.843  -34.578  72.956 0.0000000000
64334  -35.912  -30.818  68.060 0.0000000000
64333  -35.168  -30.838  68.163 0.0000000000
65553  -34.809  -30.508  69.811 0.0000000000
65535  -34.582  -30.183  70.599 0.0000000000
65536  -35.406  -30.451  70.632 0.0000000000
65524  -36.003  -30.034  71.285 0.0000000000
51384  -25.494  -41.784  70.541 0.0000000000
51369  -25.295  -41.325  71.512 0.0000000000
83208  -48.860  -16.068  47.593 0.0000000000
84516  -49.152  -15.677  48.305 0.0000000000
84517  -49.821  -15.578  48.578 0.0000000000
84503  -50.992  -15.274  49.355 0.0000000000
69170  -44.057  -26.368  67.218 0.0000000000
69213  -43.011  -26.193  64.324 0.0000000000
70616  -41.634  -25.730  61.247 0.0000000000
70617  -41.910  -25.498  61.796 0.0000000000
70635  -41.867  -25.180  61.077 0.0000000000
74113  -41.423  -23.276  60.547 0.0000000000
52751  -26.134  -41.195  67.142 0.0000000000
51421  -26.686  -41.319  67.803 0.0000000000
52752  -27.167  -40.706  67.253 0.0000000000
56292  -27.927  -37.933  64.490 0.0000000000
56278  -28.087  -38.002  65.491 0.0000000000
56266  -28.827  -37.693  66.435 0.0000000000
56253  -29.052  -37.282  67.514 0.0000000000
57397  -28.995  -36.688  66.774 0.0000000000
58473  -29.198  -36.252  66.275 0.0000000000
58474  -29.463  -35.638  66.134 0.0000000000
64441  -37.731  -30.684  62.406 0.0000000000
64368  -37.684  -30.810  66.294 0.0000000000
66749  -39.860  -29.383  67.162 0.0000000000
66770  -41.162  -28.246  65.236 0.0000000000
66761  -41.125  -28.605  65.866 0.0000000000
67887  -42.554  -27.527  68.155 0.0000000000
67897  -42.835  -27.482  67.407 0.0000000000
69169  -43.455  -26.928  67.285 0.0000000000
53989  -24.085  -40.212  65.891 0.0000000000
76629  -48.878  -21.094  59.167 0.0000000000
77853  -49.255  -19.827  58.838 0.0000000000
79051  -49.448  -19.150  58.782 0.0000000000
80383  -48.644  -18.165  56.490 0.0000000000
80399  -48.554  -17.737  55.736 0.0000000000
81723  -48.972  -17.459  56.040 0.0000000000
81710  -50.551  -16.598  56.849 0.0000000000
83054  -50.042  -15.971  55.798 0.0000000000
83066  -50.322  -15.460  55.445 0.0000000000
83232  -54.958  -16.454  46.883 0.0000000000
83213  -54.783  -16.514  47.505 0.0000000000
83214  -55.577  -16.095  47.264 0.0000000000
84504  -56.124  -15.795  47.600 0.0000000000
83194  -57.409  -15.903  48.459 0.0000000000
87059  -59.847  -13.651  49.227 0.0000000000
85753  -59.526  -14.100  49.370 0.0000000000
87040  -60.217  -14.181  49.591 0.0000000000
88426  -63.846  -11.494  39.454 0.0000000000
81927  -52.061  -17.339  44.557 0.0000000000
80559  -52.430  -17.443  45.059 0.0000000000
81928  -52.949  -17.387  44.283 0.0000000000
83298  -57.511  -15.817  42.726 0.0000000000
84566  -58.128  -15.553  42.911 0.0000000000
84567  -58.713  -15.126  43.148 0.0000000000
85836  -59.280  -14.117  42.579 0.0000000000
85857  -59.515  -13.463  42.398 0.0000000000
87174  -59.639  -12.712  42.274 0.0000000000
87173  -59.131  -12.829  41.827 0.0000000000
87182  -58.906  -12.741  41.238 0.0000000000
51312  -11.139  -41.701  75.112 0.0000000000
52564  -17.954  -39.978  76.556 0.0000000000
52563  -17.336  -40.235  76.768 0.0000000000
52550  -16.542  -40.460  77.295 0.0000000000
53827  -15.741  -39.706  79.815 0.0000000000
53825  -13.647  -40.633  79.100 0.0000000000
52526  -12.943  -40.793  78.830 0.0000000000
52534  -12.438  -40.943  78.262 0.0000000000
52517  -11.743  -41.143  79.894 0.0000000000
51268  -11.901  -41.634  79.932 0.0000000000
73007  -44.801  -23.525  65.906 0.0000000000
74077  -44.866  -22.733  64.845 0.0000000000
74116  -44.739  -22.382  61.221 0.0000000000
75279  -47.051  -22.460  63.268 0.0000000000
75262  -47.786  -22.216  63.964 0.0000000000
74104  -48.194  -22.832  62.243 0.0000000000
74120  -48.469  -22.727  61.517 0.0000000000
74133  -47.645  -22.752  60.791 0.0000000000
75395  -44.761  -22.348  56.449 0.0000000000
75444  -45.071  -22.291  55.103 0.0000000000
76706  -45.370  -21.832  54.914 0.0000000000
76705  -45.151  -21.192  54.352 0.0000000000
76721  -43.440  -20.945  52.552 0.0000000000
52679  -29.477  -40.579  70.197 0.0000000000
52657  -29.874  -40.534  70.874 0.0000000000
52637  -30.206  -40.086  71.570 0.0000000000
55065  -30.383  -37.669  73.009 0.0000000000
63273  -29.058  -31.638  61.521 0.0000000000
62138  -29.965  -33.051  64.319 0.0000000000
60885  -29.830  -33.959  64.353 0.0000000000
63234  -29.953  -32.519  65.832 0.0000000000
63291  -32.879  -31.928  61.199 0.0000000000
63274  -32.425  -31.855  62.013 0.0000000000
64419  -32.019  -31.175  63.697 0.0000000000
64327  -30.577  -31.444  69.620 0.0000000000
64316  -31.017  -30.800  70.172 0.0000000000
64305  -31.020  -30.808  71.100 0.0000000000
52702  -21.659  -40.671  69.599 0.0000000000
52725  -20.147  -40.798  68.599 0.0000000000
52701  -20.601  -40.792  69.587 0.0000000000
52699  -18.634  -40.983  69.577 0.0000000000
52674  -19.980  -40.844  70.579 0.0000000000
52651  -20.400  -40.738  71.619 0.0000000000
52630  -20.884  -40.638  72.674 0.0000000000
51325  -26.387  -41.691  74.199 0.0000000000
83168  -44.998  -16.748  49.195 0.0000000000
83154  -44.991  -16.826  49.744 0.0000000000
83155  -45.648  -16.425  50.095 0.0000000000
85763  -49.480  -14.404  50.525 0.0000000000
85745  -49.401  -14.456  51.208 0.0000000000
85729  -49.726  -14.356  51.994 0.0000000000
85708  -50.015  -14.468  53.101 0.0000000000
85689  -50.150  -14.648  53.506 0.0000000000
85691  -51.443  -13.821  53.557 0.0000000000
85692  -52.123  -13.524  53.671 0.0000000000
81840  -54.998  -16.485  50.370 0.0000000000
83174  -54.015  -15.861  50.312 0.0000000000
83157  -54.645  -16.026  50.636 0.0000000000
84468  -55.089  -15.287  51.248 0.0000000000
85752  -54.979  -14.895  51.390 0.0000000000
90728  -60.053  -9.894  41.026 0.0000000000
90729  -60.579  -9.256  41.485 0.0000000000
91951  -59.848  -8.851  40.107 0.0000000000
91966  -60.459  -8.707  39.854 0.0000000000
88430  -61.171  -11.202  38.426 0.0000000000
88440  -61.654  -11.550  37.829 0.0000000000
88455  -62.169  -11.640  36.902 0.0000000000
92040  -59.956  -8.530  33.436 0.0000000000
89671  -62.227  -10.371  34.244 0.0000000000
90795  -63.804  -9.445  34.832 0.0000000000
90796  -64.363  -9.597  34.767 0.0000000000
90815  -64.441  -9.496  34.058 0.0000000000
93239  -63.394  -8.001  31.620 0.0000000000
69224  -41.598  -26.891  63.126 0.0000000000
70634  -41.656  -25.295  60.588 0.0000000000
54008  -26.035  -39.944  65.140 0.0000000000
56291  -27.570  -38.246  63.721 0.0000000000
57420  -28.579  -37.544  64.339 0.0000000000
57431  -28.636  -37.270  63.764 0.0000000000
64477  -37.127  -30.588  59.643 0.0000000000
64454  -37.507  -30.586  61.420 0.0000000000
65660  -37.926  -29.939  60.527 0.0000000000
65628  -38.562  -30.035  64.631 0.0000000000
66783  -40.337  -28.658  63.852 0.0000000000
67937  -41.458  -27.794  64.467 0.0000000000
77899  -47.413  -20.296  56.157 0.0000000000
79106  -47.557  -19.413  55.660 0.0000000000
80397  -47.280  -18.320  54.892 0.0000000000
79147  -45.969  -18.579  54.223 0.0000000000
80417  -47.476  -17.643  54.752 0.0000000000
81753  -47.411  -17.039  54.332 0.0000000000
83079  -47.930  -16.277  53.752 0.0000000000
85792  -57.939  -15.155  47.143 0.0000000000
85793  -58.583  -15.126  46.940 0.0000000000
85783  -59.057  -14.508  47.561 0.0000000000
85777  -59.932  -13.730  48.390 0.0000000000
85785  -60.648  -13.396  47.325 0.0000000000
87085  -60.307  -13.466  48.309 0.0000000000
87070  -59.947  -13.516  48.788 0.0000000000
88278  -60.878  -13.105  49.224 0.0000000000
87062  -61.735  -13.313  49.218 0.0000000000
89579  -63.578  -10.630  43.932 0.0000000000
89594  -63.166  -10.413  42.155 0.0000000000
89601  -62.940  -10.607  40.988 0.0000000000
52644  -13.493  -41.338  70.985 0.0000000000
51367  -12.341  -41.484  71.384 0.0000000000
52601  -12.881  -41.609  72.513 0.0000000000
74087  -43.233  -23.222  62.841 0.0000000000
75298  -44.781  -22.295  60.702 0.0000000000
75374  -43.989  -22.408  57.322 0.0000000000
74188  -43.742  -22.753  54.889 0.0000000000
55094  -29.008  -38.314  70.512 0.0000000000
53914  -29.674  -38.759  71.295 0.0000000000
56203  -29.470  -37.316  72.029 0.0000000000
56195  -29.677  -37.203  72.592 0.0000000000
64433  -29.479  -31.214  61.940 0.0000000000
64416  -29.973  -31.369  62.936 0.0000000000
64402  -34.454  -31.608  64.599 0.0000000000
64318  -32.561  -30.490  69.677 0.0000000000
65533  -32.955  -30.037  70.642 0.0000000000
65521  -33.616  -29.832  71.438 0.0000000000
65510  -33.480  -29.753  72.219 0.0000000000
52653  -22.590  -40.582  71.623 0.0000000000
52634  -24.579  -40.773  72.641 0.0000000000
52635  -25.218  -41.188  72.806 0.0000000000
51354  -25.481  -41.117  72.183 0.0000000000
52636  -25.771  -41.373  73.235 0.0000000000
84479  -46.858  -14.952  48.580 0.0000000000
84480  -47.752  -14.935  49.163 0.0000000000
84481  -48.972  -14.832  49.798 0.0000000000
85764  -49.973  -14.184  50.206 0.0000000000
85747  -50.905  -13.927  50.702 0.0000000000
91986  -57.948  -9.310  38.214 0.0000000000
92041  -60.879  -8.423  33.141 0.0000000000
93223  -62.597  -7.950  32.261 0.0000000000
93222  -61.724  -7.614  32.554 0.0000000000
52627  -17.492  -41.138  72.473 0.0000000000
52606  -17.742  -40.956  73.558 0.0000000000
53850  -18.841  -39.572  77.145 0.0000000000
71830  -44.939  -24.437  68.174 0.0000000000
71862  -44.810  -24.834  66.734 0.0000000000
70542  -44.698  -25.709  67.100 0.0000000000
70561  -44.723  -25.268  66.542 0.0000000000
71861  -44.608  -24.757  66.102 0.0000000000
70587  -42.989  -25.727  63.828 0.0000000000
70600  -42.226  -25.476  62.623 0.0000000000
70601  -42.671  -25.358  63.187 0.0000000000
71902  -43.000  -24.948  63.492 0.0000000000
73029  -43.194  -24.116  63.429 0.0000000000
75295  -42.393  -22.682  61.003 0.0000000000
74114  -41.796  -22.977  60.972 0.0000000000
75335  -41.564  -22.009  59.428 0.0000000000
76643  -40.966  -21.808  58.086 0.0000000000
50151  -27.933  -42.440  70.705 0.0000000000
51400  -28.775  -41.418  69.720 0.0000000000
52705  -28.338  -41.207  69.086 0.0000000000
51401  -29.260  -40.933  69.836 0.0000000000
52783  -26.820  -40.083  65.727 0.0000000000
52769  -27.321  -40.023  66.307 0.0000000000
53972  -28.301  -39.181  66.776 0.0000000000
53949  -28.661  -39.361  67.651 0.0000000000
57354  -29.453  -36.604  69.018 0.0000000000
63307  -33.388  -32.091  60.253 0.0000000000
63294  -35.404  -31.700  61.114 0.0000000000
64439  -36.232  -31.383  62.078 0.0000000000
63265  -35.828  -31.644  62.549 0.0000000000
65539  -37.886  -29.896  70.177 0.0000000000
66701  -39.248  -28.961  70.049 0.0000000000
67870  -40.609  -27.897  70.235 0.0000000000
69145  -41.184  -27.601  70.075 0.0000000000
65616  -39.368  -29.875  65.902 0.0000000000
66751  -40.932  -28.688  66.815 0.0000000000
66740  -40.700  -28.702  67.722 0.0000000000
52781  -21.498  -40.557  65.859 0.0000000000
52764  -22.225  -40.625  66.405 0.0000000000
52749  -23.925  -40.929  67.573 0.0000000000
50156  -26.578  -42.356  69.981 0.0000000000
77812  -50.988  -20.657  62.097 0.0000000000
76611  -50.693  -20.634  60.342 0.0000000000
77836  -50.880  -20.093  60.285 0.0000000000
77885  -48.438  -19.348  57.573 0.0000000000
80352  -49.301  -18.573  58.103 0.0000000000
80367  -49.079  -18.397  57.689 0.0000000000
80338  -50.590  -18.147  59.263 0.0000000000
83034  -50.979  -15.946  57.454 0.0000000000
83190  -53.485  -16.569  48.600 0.0000000000
81873  -54.159  -16.604  48.909 0.0000000000
81874  -54.894  -16.785  48.867 0.0000000000
80497  -57.798  -17.377  50.799 0.0000000000
84506  -57.904  -15.322  47.971 0.0000000000
83175  -57.889  -15.701  48.855 0.0000000000
84489  -58.885  -14.890  49.223 0.0000000000
83176  -58.413  -15.609  49.033 0.0000000000
81859  -57.631  -16.516  49.055 0.0000000000
81843  -58.280  -17.082  49.700 0.0000000000
51298  -8.411  -41.973  76.773 0.0000000000
80513  -43.131  -18.625  50.061 0.0000000000
80514  -43.781  -18.213  50.349 0.0000000000
80532  -43.525  -18.317  49.739 0.0000000000
81853  -43.816  -17.743  49.474 0.0000000000
81871  -43.920  -17.435  48.367 0.0000000000
84498  -47.047  -16.071  48.242 0.0000000000
84514  -47.448  -16.128  47.848 0.0000000000
84529  -47.734  -16.181  47.498 0.0000000000
83207  -48.311  -16.108  47.512 0.0000000000
83229  -50.745  -16.543  46.921 0.0000000000
83247  -49.484  -16.952  45.719 0.0000000000
83230  -51.629  -16.868  46.893 0.0000000000
81911  -52.708  -17.219  45.597 0.0000000000
81898  -54.196  -16.868  46.497 0.0000000000
81899  -55.201  -16.625  46.246 0.0000000000
83248  -55.930  -16.125  46.045 0.0000000000
83235  -56.950  -15.860  46.246 0.0000000000
81965  -54.019  -16.980  43.274 0.0000000000
81949  -55.389  -17.035  44.123 0.0000000000
81950  -55.888  -16.912  44.420 0.0000000000
81932  -56.152  -16.788  44.861 0.0000000000
83250  -57.353  -15.958  45.579 0.0000000000
84539  -58.067  -15.628  45.718 0.0000000000
84533  -59.108  -15.101  45.662 0.0000000000
85807  -60.162  -14.475  44.846 0.0000000000
84553  -59.626  -14.893  44.029 0.0000000000
85821  -60.670  -13.643  44.344 0.0000000000
88377  -61.325  -11.757  44.315 0.0000000000
89577  -61.371  -11.141  43.763 0.0000000000
89585  -60.397  -11.159  42.080 0.0000000000
89592  -60.079  -10.990  41.498 0.0000000000
90743  -58.349  -9.765  39.207 0.0000000000
89606  -57.837  -10.210  39.385 0.0000000000
90753  -57.219  -9.653  38.773 0.0000000000
52583  -14.941  -41.511  74.321 0.0000000000
52568  -12.988  -41.277  74.993 0.0000000000
55015  -17.631  -39.166  78.910 0.0000000000
53842  -16.125  -40.294  78.024 0.0000000000
53841  -15.369  -40.642  78.042 0.0000000000
52548  -14.774  -40.900  77.393 0.0000000000
52567  -12.036  -41.706  74.681 0.0000000000
52545  -11.732  -41.198  77.494 0.0000000000
51301  -10.904  -41.732  75.989 0.0000000000
51288  -8.811  -41.924  77.417 0.0000000000
51279  -9.323  -42.119  77.926 0.0000000000
50044  -9.547  -42.441  78.167 0.0000000000
51275  -10.748  -41.867  79.139 0.0000000000
50045  -10.003  -42.572  78.568 0.0000000000
77742  -49.895  -20.312  65.924 0.0000000000
75259  -45.480  -22.508  64.662 0.0000000000
75235  -46.510  -21.879  65.730 0.0000000000
76530  -47.733  -21.598  65.653 0.0000000000
76544  -48.998  -21.418  64.483 0.0000000000
76545  -49.476  -21.264  64.000 0.0000000000
76575  -49.984  -21.528  62.300 0.0000000000
75321  -49.595  -21.797  60.800 0.0000000000
76609  -49.024  -21.537  59.906 0.0000000000
76645  -48.082  -21.072  58.283 0.0000000000
76660  -47.929  -20.632  57.780 0.0000000000
74144  -46.282  -22.556  59.616 0.0000000000
75359  -46.334  -21.990  58.421 0.0000000000
75377  -46.732  -21.592  57.555 0.0000000000
76659  -47.475  -20.978  57.598 0.0000000000
77883  -47.417  -20.646  56.869 0.0000000000
77910  -45.897  -20.065  54.683 0.0000000000
77924  -45.181  -20.016  54.199 0.0000000000
77923  -44.548  -19.951  53.866 0.0000000000
79145  -44.687  -19.406  53.698 0.0000000000
79212  -43.555  -18.724  51.328 0.0000000000
76673  -40.793  -22.317  57.174 0.0000000000
75416  -41.402  -22.706  55.733 0.0000000000
74186  -41.892  -23.218  55.008 0.0000000000
74207  -41.267  -23.555  54.205 0.0000000000
74208  -42.349  -23.328  54.031 0.0000000000
74233  -42.728  -22.780  52.952 0.0000000000
75483  -42.715  -21.352  51.910 0.0000000000
76738  -43.069  -20.720  52.135 0.0000000000
77986  -41.222  -20.293  50.521 0.0000000000
77960  -42.195  -20.241  51.455 0.0000000000
77961  -42.533  -20.014  51.719 0.0000000000
79211  -42.987  -19.061  50.758 0.0000000000
51372  -28.946  -42.317  71.100 0.0000000000
51374  -30.360  -41.213  71.575 0.0000000000
53907  -30.357  -39.284  72.245 0.0000000000
57443  -29.188  -36.619  62.905 0.0000000000
58508  -29.427  -36.007  64.731 0.0000000000
58491  -29.593  -35.447  65.384 0.0000000000
58458  -29.583  -35.274  66.570 0.0000000000
60871  -29.895  -33.996  65.555 0.0000000000
59620  -29.692  -34.836  66.050 0.0000000000
59603  -29.678  -34.832  67.121 0.0000000000
59585  -29.542  -34.379  68.087 0.0000000000
59573  -29.488  -34.123  68.695 0.0000000000
64450  -30.443  -31.002  61.316 0.0000000000
64397  -30.066  -31.127  63.733 0.0000000000
63253  -29.916  -31.521  64.804 0.0000000000
60818  -29.589  -33.732  69.335 0.0000000000
60808  -29.677  -33.364  70.075 0.0000000000
62074  -29.714  -32.937  70.802 0.0000000000
64306  -31.777  -30.577  70.858 0.0000000000
64295  -31.616  -30.624  71.759 0.0000000000
52669  -15.067  -41.003  70.373 0.0000000000
52697  -16.735  -40.896  69.471 0.0000000000
52671  -17.030  -41.035  70.503 0.0000000000
52648  -17.285  -41.275  71.480 0.0000000000
52590  -25.413  -40.764  74.413 0.0000000000
81813  -44.407  -17.820  51.205 0.0000000000
81814  -44.779  -17.596  51.531 0.0000000000
81793  -45.594  -17.329  52.288 0.0000000000
81838  -45.493  -16.787  50.723 0.0000000000
83116  -45.910  -16.687  51.820 0.0000000000
83137  -47.412  -15.207  51.289 0.0000000000
84423  -48.154  -15.225  51.778 0.0000000000
83100  -48.282  -15.796  53.311 0.0000000000
83081  -49.228  -15.548  54.521 0.0000000000
84378  -50.110  -15.076  55.100 0.0000000000
84396  -50.394  -14.838  54.645 0.0000000000
83172  -52.107  -15.646  49.388 0.0000000000
84484  -51.560  -15.205  49.770 0.0000000000
84486  -53.598  -15.206  50.107 0.0000000000
84464  -52.226  -14.614  50.443 0.0000000000
85732  -52.656  -13.676  51.553 0.0000000000
87036  -53.262  -13.322  52.106 0.0000000000
87035  -52.604  -13.359  52.078 0.0000000000
87018  -52.267  -13.415  52.560 0.0000000000
91934  -61.666  -8.809  42.192 0.0000000000
91942  -60.734  -8.616  41.221 0.0000000000
93119  -60.987  -8.548  41.602 0.0000000000
91935  -62.318  -8.824  42.211 0.0000000000
91944  -62.271  -8.844  41.427 0.0000000000
91955  -62.478  -9.167  41.212 0.0000000000
90738  -62.689  -9.725  40.802 0.0000000000
91977  -59.441  -9.517  38.951 0.0000000000
91978  -60.236  -9.032  39.162 0.0000000000
89620  -59.702  -10.172  38.199 0.0000000000
90757  -60.845  -9.062  39.011 0.0000000000
90744  -61.597  -9.488  39.647 0.0000000000
90745  -62.398  -9.926  40.059 0.0000000000
90746  -62.710  -10.154  40.284 0.0000000000
89610  -63.606  -11.185  39.924 0.0000000000
88425  -63.564  -11.100  39.161 0.0000000000
88431  -63.841  -11.291  38.568 0.0000000000
88432  -64.274  -11.712  38.494 0.0000000000
88442  -64.805  -11.505  37.425 0.0000000000
89635  -63.830  -10.293  36.595 0.0000000000
92044  -63.761  -8.973  33.432 0.0000000000
92045  -63.979  -9.105  33.351 0.0000000000
92070  -63.787  -9.146  32.074 0.0000000000
48785  -9.252  -43.251  77.602 0.0000000000
51260  -12.386  -41.669  80.081 0.0000000000
51274  -10.286  -42.155  78.746 0.0000000000
51280  -10.068  -41.861  78.365 0.0000000000
51281  -10.446  -41.824  78.756 0.0000000000
51338  -16.154  -41.508  73.089 0.0000000000
51353  -16.360  -41.423  72.914 0.0000000000
52516  -11.557  -41.508  79.734 0.0000000000
52523  -11.263  -41.394  79.432 0.0000000000
52614  -25.995  -41.127  73.919 0.0000000000
52707  -29.301  -40.594  69.807 0.0000000000
52770  -27.863  -39.656  66.545 0.0000000000
52784  -27.168  -39.903  65.787 0.0000000000
53824  -12.974  -40.645  79.253 0.0000000000
53837  -17.234  -39.670  78.420 0.0000000000
53845  -18.404  -39.585  77.773 0.0000000000
53848  -17.488  -39.905  77.412 0.0000000000
53860  -18.394  -39.889  76.574 0.0000000000
53881  -24.893  -40.537  74.385 0.0000000000
54010  -27.525  -39.440  65.598 0.0000000000
55014  -17.033  -39.446  79.456 0.0000000000
55088  -29.734  -38.633  71.568 0.0000000000
55148  -28.715  -38.246  66.590 0.0000000000
56194  -29.471  -37.035  72.412 0.0000000000
56265  -28.452  -37.978  65.920 0.0000000000
57274  -29.287  -36.614  72.496 0.0000000000
58529  -29.719  -34.975  64.189 0.0000000000
59656  -29.792  -34.408  64.015 0.0000000000
59674  -29.740  -34.865  63.681 0.0000000000
60886  -29.767  -34.167  64.894 0.0000000000
62117  -29.866  -32.876  65.921 0.0000000000
63278  -35.625  -31.663  61.991 0.0000000000
66663  -34.746  -29.751  72.217 0.0000000000
66717  -40.125  -28.745  69.134 0.0000000000
70575  -43.776  -25.501  65.239 0.0000000000
71846  -44.892  -24.833  67.489 0.0000000000
72997  -44.631  -24.311  66.131 0.0000000000
74105  -48.690  -22.713  62.065 0.0000000000
74130  -41.431  -22.878  60.500 0.0000000000
74134  -48.184  -22.734  61.076 0.0000000000
75275  -42.714  -22.775  61.418 0.0000000000
75294  -41.899  -22.727  60.734 0.0000000000
75318  -47.050  -22.575  59.883 0.0000000000
75339  -45.816  -22.486  59.262 0.0000000000
75464  -43.606  -21.550  53.252 0.0000000000
76576  -50.483  -21.211  61.805 0.0000000000
76628  -48.244  -21.379  58.863 0.0000000000
76755  -41.194  -20.761  50.656 0.0000000000
77777  -49.513  -21.096  64.391 0.0000000000
77987  -41.883  -20.201  50.814 0.0000000000
79052  -50.150  -19.105  59.220 0.0000000000
79070  -48.997  -18.933  58.253 0.0000000000
79087  -48.161  -19.189  56.908 0.0000000000
79126  -47.159  -18.847  54.971 0.0000000000
79127  -47.628  -18.776  55.528 0.0000000000
79191  -44.630  -18.652  52.715 0.0000000000
80382  -48.189  -18.359  55.970 0.0000000000
80438  -45.746  -17.944  53.552 0.0000000000
80560  -52.984  -17.472  45.086 0.0000000000
80561  -53.369  -17.456  44.918 0.0000000000
80568  -52.364  -17.427  44.787 0.0000000000
80569  -52.640  -17.447  44.744 0.0000000000
81839  -54.442  -16.304  50.292 0.0000000000
81861  -59.299  -16.113  49.387 0.0000000000
81877  -57.276  -16.337  48.715 0.0000000000
81889  -53.984  -16.814  47.103 0.0000000000
81900  -55.647  -16.375  46.124 0.0000000000
81948  -54.503  -17.144  43.654 0.0000000000
83138  -55.592  -15.696  51.489 0.0000000000
83139  -55.992  -15.993  51.690 0.0000000000
83159  -55.901  -16.283  51.131 0.0000000000
83171  -51.623  -15.525  49.357 0.0000000000
83177  -59.129  -15.465  49.310 0.0000000000
83187  -50.622  -15.665  48.610 0.0000000000
83215  -56.053  -15.852  46.961 0.0000000000
83249  -56.510  -16.245  45.780 0.0000000000
83263  -56.779  -16.499  45.003 0.0000000000
83275  -54.787  -16.952  43.201 0.0000000000
84412  -50.177  -14.899  54.127 0.0000000000
84467  -54.544  -15.318  50.911 0.0000000000
84469  -59.319  -14.495  49.433 0.0000000000
84472  -61.102  -14.650  49.515 0.0000000000
84490  -59.187  -14.903  49.478 0.0000000000
84512  -46.098  -16.258  47.049 0.0000000000
84520  -57.484  -15.206  47.349 0.0000000000
84530  -56.863  -15.629  46.629 0.0000000000
85677  -50.905  -14.513  54.891 0.0000000000
85728  -49.352  -14.503  51.596 0.0000000000
85737  -60.355  -14.461  49.677 0.0000000000
85754  -59.693  -14.224  49.545 0.0000000000
85755  -60.097  -14.532  49.747 0.0000000000
85756  -61.041  -14.235  49.453 0.0000000000
85767  -58.837  -14.460  48.645 0.0000000000
87041  -60.445  -14.062  49.514 0.0000000000
87047  -59.494  -14.025  49.487 0.0000000000
87048  -59.736  -13.924  49.380 0.0000000000
87049  -60.201  -13.776  49.444 0.0000000000
87058  -59.506  -13.912  49.263 0.0000000000
87060  -60.389  -13.248  49.051 0.0000000000
87061  -61.377  -13.186  49.276 0.0000000000
87071  -60.614  -13.066  48.511 0.0000000000
87086  -60.718  -13.008  47.797 0.0000000000
87183  -59.277  -12.601  41.680 0.0000000000
88279  -61.180  -13.043  49.245 0.0000000000
88286  -61.012  -12.717  48.735 0.0000000000
88305  -61.543  -12.038  48.269 0.0000000000
88344  -61.339  -12.124  46.523 0.0000000000
89517  -61.712  -11.799  47.971 0.0000000000
89518  -61.918  -11.751  47.982 0.0000000000
89565  -61.482  -11.278  44.232 0.0000000000
89567  -63.610  -10.806  44.653 0.0000000000
89607  -61.627  -9.948  39.312 0.0000000000
89653  -62.273  -11.015  35.210 0.0000000000
89685  -62.630  -9.587  33.840 0.0000000000
90686  -62.486  -10.941  45.911 0.0000000000
90736  -61.702  -9.277  40.117 0.0000000000
90754  -58.561  -9.729  38.407 0.0000000000
90767  -59.732  -9.900  38.429 0.0000000000
91933  -61.031  -8.819  41.818 0.0000000000
91945  -62.673  -9.235  41.706 0.0000000000
91954  -62.182  -9.040  40.859 0.0000000000
91967  -61.004  -8.832  39.676 0.0000000000
92026  -63.970  -8.945  33.821 0.0000000000
93120  -61.272  -8.582  41.675 0.0000000000
93121  -61.722  -8.637  41.787 0.0000000000
93126  -61.019  -8.362  41.493 0.0000000000
93128  -62.030  -8.638  41.520 0.0000000000
93144  -60.838  -8.488  40.500 0.0000000000
93145  -60.996  -8.574  40.219 0.0000000000
