#!ascii label  , from subject 3080 vox2ras=TkReg
1353
85297  -25.666  -14.235  -5.489 0.5555555820
85298  -26.723  -14.209  -5.482 0.6666666865
86556  -27.693  -13.338  -6.856 0.7777777910
86531  -28.153  -13.564  -5.984 0.7777777910
89087  -27.698  -11.388  -7.999 0.8888888955
87832  -30.897  -12.286  -6.670 0.8888888955
85296  -24.649  -14.187  -5.356 0.5555555820
86528  -25.136  -13.319  -5.554 0.5555555820
87827  -25.733  -12.531  -6.534 0.6666666865
87828  -26.170  -12.439  -6.937 0.8888888955
86557  -28.544  -13.014  -6.723 0.8888888955
87853  -29.310  -12.056  -7.553 0.8888888955
89090  -30.136  -11.096  -7.968 1.0000000000
89061  -31.255  -11.312  -6.892 0.8888888955
91367  -31.601  -9.989  -6.802 1.0000000000
89041  -24.859  -11.691  -6.074 0.7777777910
90242  -26.116  -10.535  -7.667 1.0000000000
92603  -26.323  -9.160  -8.106 1.0000000000
90265  -27.338  -10.386  -8.348 1.0000000000
90276  -28.902  -9.823  -9.070 1.0000000000
91413  -27.527  -9.412  -8.408 1.0000000000
90278  -30.035  -9.857  -9.690 1.0000000000
92623  -28.482  -8.255  -8.937 1.0000000000
91430  -29.770  -9.064  -9.496 1.0000000000
91431  -30.504  -9.288  -9.439 1.0000000000
91390  -32.139  -8.858  -7.361 1.0000000000
92642  -29.950  -8.193  -9.842 1.0000000000
91432  -31.097  -8.776  -9.411 1.0000000000
92605  -32.621  -8.118  -7.592 1.0000000000
93820  -32.094  -7.279  -8.981 1.0000000000
93821  -32.825  -7.169  -8.600 0.7777777910
93795  -25.038  -8.169  -8.009 0.8888888955
92621  -26.651  -8.652  -8.398 1.0000000000
92641  -29.122  -8.144  -9.740 1.0000000000
93817  -27.074  -7.826  -8.726 1.0000000000
93840  -28.277  -7.393  -9.478 1.0000000000
95044  -30.251  -7.263  -9.940 1.0000000000
95045  -30.681  -7.094  -9.862 1.0000000000
95046  -31.430  -6.841  -9.899 1.0000000000
95020  -33.394  -6.645  -8.719 1.0000000000
95048  -33.131  -5.994  -9.513 1.0000000000
95021  -33.936  -5.994  -8.269 0.7777777910
96230  -35.756  -6.070  -6.691 0.7777777910
95016  -24.681  -6.482  -8.107 0.5555555820
97533  -26.420  -4.858  -9.636 0.7777777910
96273  -26.135  -5.577  -9.332 0.8888888955
95058  -28.264  -6.236  -9.904 1.0000000000
93859  -29.318  -7.521  -10.375 1.0000000000
96275  -27.668  -5.579  -9.817 0.8888888955
96293  -29.243  -5.748  -10.317 1.0000000000
95061  -30.778  -6.394  -10.247 1.0000000000
95063  -32.272  -6.169  -10.966 1.0000000000
96279  -33.089  -5.528  -9.507 0.8888888955
97539  -33.044  -5.014  -9.396 1.0000000000
97519  -33.292  -4.250  -8.679 0.8888888955
97507  -35.021  -4.139  -6.898 0.7777777910
97509  -37.274  -4.381  -6.721 0.6666666865
97493  -36.742  -3.685  -6.670 0.6666666865
98756  -24.147  -3.903  -7.754 0.4444444478
97517  -25.116  -4.699  -8.794 0.7777777910
98782  -25.161  -3.267  -9.154 0.6666666865
98796  -27.181  -3.404  -10.110 0.7777777910
97558  -27.693  -4.554  -10.090 0.8888888955
97536  -29.775  -4.431  -9.829 0.8888888955
96296  -31.612  -5.970  -11.172 1.0000000000
98786  -30.475  -3.963  -10.591 1.0000000000
97580  -31.587  -4.440  -11.426 1.0000000000
97563  -32.306  -4.513  -10.970 1.0000000000
98787  -32.798  -3.337  -9.472 0.8888888955
98775  -33.591  -3.160  -8.452 0.7777777910
98761  -34.544  -3.191  -7.329 0.7777777910
97494  -37.290  -3.660  -6.763 0.5555555820
100004  -34.837  -2.204  -7.101 0.7777777910
99989  -36.206  -2.220  -6.700 0.6666666865
100024  -25.285  -2.561  -9.506 0.6666666865
100015  -24.678  -2.657  -9.005 0.6666666865
100034  -26.735  -2.458  -10.108 0.7777777910
98797  -28.177  -3.357  -9.925 0.8888888955
98799  -30.305  -3.289  -10.616 0.8888888955
100037  -29.827  -2.467  -10.926 1.0000000000
100038  -30.578  -2.877  -11.438 1.0000000000
98819  -31.284  -3.347  -11.818 1.0000000000
98801  -31.827  -3.750  -11.210 0.8888888955
100026  -32.690  -2.375  -9.629 0.8888888955
100017  -33.480  -2.144  -8.448 0.8888888955
100003  -34.082  -2.365  -7.738 0.7777777910
101240  -32.548  -1.338  -9.945 0.8888888955
101231  -33.259  -1.358  -8.712 0.7777777910
101217  -33.788  -1.126  -7.907 0.7777777910
100005  -35.507  -1.983  -6.806 0.7777777910
101200  -36.811  -1.366  -6.984 0.6666666865
101238  -24.836  -1.743  -9.402 0.6666666865
101230  -24.324  -1.715  -8.555 0.5555555820
101239  -25.493  -1.692  -9.861 0.7777777910
101250  -27.071  -1.542  -10.403 0.8888888955
100036  -28.589  -2.312  -10.973 0.8888888955
100051  -28.810  -1.718  -11.536 1.0000000000
100053  -30.188  -2.107  -11.792 1.0000000000
101252  -31.592  -1.264  -11.206 1.0000000000
100041  -32.293  -2.217  -10.410 0.8888888955
102453  -33.219  -0.416  -8.387 0.7777777910
103500  -34.004  0.667  -7.035 0.7777777910
102416  -36.001  -0.132  -6.716 0.6666666865
102417  -36.886  -0.300  -6.889 0.5555555820
102437  -37.219  -0.844  -7.225 0.5555555820
102462  -25.179  -0.977  -9.661 0.7777777910
102451  -24.360  -0.597  -8.576 0.6666666865
101265  -29.072  -1.172  -11.671 1.0000000000
101266  -29.816  -1.286  -11.775 1.0000000000
102475  -31.344  -0.382  -10.800 0.8888888955
102476  -32.156  -0.531  -10.539 0.8888888955
103526  -32.279  0.694  -9.277 0.8888888955
102464  -32.822  -0.828  -9.109 0.8888888955
103499  -33.459  0.921  -7.432 0.7777777910
104562  -33.693  1.645  -6.909 0.7777777910
104563  -34.346  1.256  -6.681 0.7777777910
103484  -36.443  0.657  -6.543 0.5555555820
105627  -32.649  2.612  -7.817 0.7777777910
104540  -35.024  1.571  -6.401 0.5555555820
104542  -36.814  1.571  -6.545 0.5555555820
105608  -34.707  2.660  -6.514 0.6666666865
104555  -23.240  1.529  -6.780 0.4444444478
103515  -24.394  0.390  -8.394 0.5555555820
103533  -26.061  0.360  -10.183 0.7777777910
102487  -27.698  -0.479  -11.544 1.0000000000
102486  -26.998  -0.186  -11.190 0.8888888955
103547  -29.135  0.616  -11.520 1.0000000000
103549  -30.431  0.377  -11.337 0.8888888955
104609  -30.970  1.083  -11.464 0.8888888955
103535  -31.642  0.491  -10.416 0.8888888955
104586  -31.679  1.435  -10.049 0.8888888955
104578  -32.551  1.658  -8.921 0.8888888955
105628  -33.224  2.601  -7.172 0.6666666865
105609  -35.578  2.553  -6.419 0.5555555820
105670  -25.735  2.535  -10.515 0.6666666865
104594  -25.305  1.355  -9.922 0.6666666865
104618  -27.386  1.999  -11.459 0.7777777910
104607  -29.657  1.622  -11.791 0.8888888955
104606  -28.776  1.642  -11.575 0.7777777910
105671  -30.333  2.553  -11.366 0.7777777910
104596  -30.908  1.830  -11.416 0.8888888955
106672  -30.951  3.414  -10.368 0.7777777910
105659  -31.885  1.961  -9.807 0.8888888955
106655  -31.445  3.283  -9.670 0.7777777910
105644  -31.605  2.693  -9.670 0.7777777910
105626  -32.359  2.591  -8.586 0.6666666865
108901  -31.427  5.331  -8.988 0.6666666865
107706  -32.179  4.460  -7.751 0.6666666865
106634  -32.802  3.545  -7.499 0.6666666865
110034  -32.848  6.424  -7.742 0.6666666865
108880  -32.386  5.497  -7.645 0.5555555820
108882  -33.907  5.685  -6.638 0.5555555820
106612  -35.145  3.606  -6.467 0.4444444478
110035  -33.495  6.476  -7.277 0.5555555820
107761  -25.489  4.788  -9.639 0.3333333433
106682  -25.136  4.029  -9.343 0.3333333433
106699  -26.315  3.524  -10.708 0.5555555820
106700  -27.083  3.472  -11.282 0.6666666865
107778  -27.477  4.329  -11.191 0.5555555820
106716  -28.628  3.169  -11.484 0.7777777910
106703  -29.533  3.560  -11.540 0.7777777910
107781  -29.651  4.521  -11.280 0.6666666865
106685  -30.248  3.461  -10.844 0.6666666865
107763  -30.039  4.516  -11.144 0.6666666865
107749  -31.174  4.402  -10.177 0.6666666865
108919  -31.211  5.397  -9.883 0.6666666865
110060  -31.366  6.456  -9.470 0.6666666865
110049  -32.157  6.444  -8.618 0.6666666865
111321  -33.131  7.013  -7.632 0.5555555820
111322  -33.527  7.578  -7.418 0.5555555820
111337  -32.668  7.571  -8.105 0.6666666865
108932  -26.600  5.378  -10.272 0.4444444478
107748  -25.176  5.019  -8.941 0.4444444478
107762  -26.048  4.577  -10.281 0.4444444478
108933  -27.231  5.682  -10.481 0.5555555820
108947  -27.128  5.008  -10.847 0.5555555820
108950  -29.309  5.486  -10.966 0.6666666865
107780  -29.064  4.488  -11.254 0.6666666865
108951  -29.765  5.495  -11.119 0.6666666865
108936  -30.720  5.428  -10.555 0.6666666865
110074  -30.747  6.410  -10.319 0.6666666865
111347  -31.509  7.585  -9.785 0.6666666865
112511  -32.435  8.510  -8.958 0.6666666865
113616  -33.374  9.160  -8.415 0.5555555820
112503  -33.521  8.562  -7.912 0.6666666865
110070  -26.695  6.445  -10.157 0.4444444478
110085  -29.463  6.527  -10.830 0.6666666865
110086  -29.814  6.481  -10.964 0.6666666865
108935  -30.148  5.465  -10.952 0.6666666865
110073  -30.226  6.427  -10.832 0.6666666865
112510  -31.775  8.560  -9.727 0.6666666865
87851  -27.305  -12.247  -7.456 0.8888888955
89059  -26.222  -11.992  -7.134 1.0000000000
90243  -26.839  -10.835  -7.959 1.0000000000
89107  -28.493  -11.041  -8.656 1.0000000000
91388  -30.749  -10.083  -7.985 1.0000000000
99999  -24.370  -2.835  -8.216 0.5555555820
98802  -32.332  -3.290  -10.406 0.8888888955
104576  -23.616  1.494  -7.543 0.5555555820
102472  -25.820  -0.726  -10.005 0.7777777910
102489  -29.472  -0.382  -11.603 1.0000000000
103516  -32.588  0.875  -8.616 0.8888888955
106611  -34.214  3.648  -6.477 0.6666666865
105686  -29.959  2.623  -11.876 0.7777777910
107681  -34.586  4.790  -6.146 0.4444444478
108949  -28.521  5.439  -10.746 0.6666666865
110084  -28.813  6.494  -10.675 0.6666666865
101215  -24.108  -2.266  -7.969 0.4444444478
101229  -24.024  -1.130  -8.208 0.4444444478
112485  -34.165  8.466  -7.372 0.5555555820
108918  -25.383  5.768  -9.187 0.2222222239
108931  -25.891  5.502  -9.762 0.3333333433
113617  -33.998  9.515  -7.985 0.5555555820
83977  -25.931  -15.730  -3.994 0.5555555820
83978  -26.949  -15.315  -3.999 0.5555555820
85299  -27.750  -14.272  -5.448 0.5555555820
85300  -28.711  -14.182  -5.270 0.5555555820
86534  -31.015  -13.683  -5.806 0.7777777910
86560  -31.442  -13.100  -6.333 0.8888888955
85274  -24.173  -14.881  -4.867 0.5555555820
86532  -29.098  -13.405  -5.749 0.6666666865
86558  -29.540  -12.992  -6.430 0.8888888955
87833  -31.885  -12.329  -6.563 0.7777777910
89062  -32.361  -11.482  -6.478 0.7777777910
90223  -32.877  -10.579  -6.040 0.8888888955
85295  -23.872  -14.074  -5.081 0.4444444478
87810  -24.642  -12.466  -5.499 0.5555555820
91368  -32.266  -9.635  -6.663 1.0000000000
90205  -24.488  -10.986  -5.658 0.2222222239
90220  -25.097  -10.707  -6.724 0.6666666865
92606  -33.346  -8.093  -7.263 0.8888888955
93776  -34.521  -7.591  -7.025 0.6666666865
94998  -34.967  -6.065  -7.147 0.7777777910
92601  -24.702  -8.645  -7.449 0.5555555820
96245  -37.699  -5.686  -6.780 0.6666666865
93793  -23.785  -7.451  -7.228 0.4444444478
97521  -38.725  -4.544  -8.271 0.5555555820
97502  -23.166  -4.503  -6.587 0.2222222239
98764  -38.343  -3.490  -7.788 0.5555555820
99997  -23.302  -2.719  -6.923 0.4444444478
101222  -38.216  -2.018  -7.995 0.5555555820
102432  -22.811  -1.200  -6.505 0.3333333433
101232  -38.371  -1.062  -8.116 0.5555555820
103514  -23.816  0.461  -7.686 0.4444444478
102439  -38.272  0.170  -8.062 0.4444444478
104533  -22.794  1.279  -6.200 0.3333333433
105629  -37.153  2.468  -6.678 0.5555555820
106613  -36.043  3.463  -6.449 0.4444444478
106671  -24.887  4.385  -8.749 0.3333333433
105657  -24.778  3.508  -8.881 0.4444444478
108859  -35.310  5.583  -6.202 0.4444444478
111302  -35.070  7.521  -6.596 0.4444444478
113600  -34.619  9.112  -7.439 0.2222222239
110069  -26.262  6.089  -9.762 0.3333333433
110072  -28.047  6.466  -10.602 0.6666666865
111363  -29.435  7.483  -11.237 0.6666666865
111354  -30.389  7.391  -10.895 0.6666666865
112516  -30.799  7.893  -11.078 0.6666666865
113635  -31.534  9.696  -10.335 0.6666666865
113628  -32.224  9.459  -9.530 0.6666666865
113629  -32.862  9.332  -8.905 0.6666666865
113630  -33.378  9.929  -8.717 0.4444444478
113618  -34.676  9.775  -7.642 0.3333333433
111362  -28.847  7.485  -11.041 0.5555555820
86529  -26.088  -13.344  -6.126 0.6666666865
85276  -26.286  -14.805  -4.712 0.6666666865
85277  -27.322  -14.721  -4.667 0.6666666865
86530  -27.213  -13.548  -6.088 0.7777777910
86555  -26.748  -13.110  -7.002 0.7777777910
86573  -27.027  -12.727  -7.327 0.8888888955
86575  -28.021  -13.039  -7.158 0.8888888955
89088  -28.804  -11.639  -8.110 1.0000000000
87852  -28.335  -12.455  -7.401 0.8888888955
89060  -30.457  -11.679  -7.234 1.0000000000
87831  -29.940  -12.339  -6.948 0.8888888955
86559  -30.498  -13.088  -6.423 0.8888888955
85275  -25.214  -14.971  -4.894 0.5555555820
86527  -24.152  -13.306  -5.389 0.5555555820
87811  -25.296  -12.587  -5.967 0.6666666865
89058  -25.564  -11.630  -6.915 0.8888888955
89042  -25.306  -12.137  -6.408 0.5555555820
87830  -29.023  -12.549  -6.964 0.8888888955
89089  -29.577  -11.563  -8.171 1.0000000000
90245  -30.766  -10.552  -7.535 1.0000000000
89108  -29.306  -11.141  -8.728 1.0000000000
90268  -30.019  -10.506  -9.109 1.0000000000
90222  -31.868  -10.552  -6.420 1.0000000000
91389  -31.299  -9.580  -7.610 1.0000000000
90219  -24.679  -10.780  -6.222 0.6666666865
89086  -26.538  -11.508  -7.443 1.0000000000
91366  -25.020  -10.133  -7.078 0.8888888955
91386  -25.378  -9.714  -7.535 0.8888888955
89085  -25.884  -11.104  -7.370 1.0000000000
90264  -26.573  -10.253  -8.171 1.0000000000
92602  -25.720  -8.715  -7.976 0.8888888955
90266  -28.314  -10.169  -8.522 1.0000000000
91414  -28.408  -9.167  -8.620 1.0000000000
90267  -29.109  -10.549  -9.124 1.0000000000
91415  -30.676  -9.829  -8.592 1.0000000000
92622  -27.691  -8.468  -8.553 1.0000000000
93818  -27.844  -7.720  -8.791 1.0000000000
91416  -31.216  -9.108  -8.817 1.0000000000
92583  -32.948  -8.773  -6.943 0.8888888955
92604  -31.694  -8.314  -8.173 1.0000000000
93842  -30.527  -7.723  -9.848 1.0000000000
92656  -29.348  -7.878  -10.170 1.0000000000
93843  -31.313  -7.703  -9.500 1.0000000000
93797  -32.363  -7.566  -8.212 1.0000000000
93798  -33.397  -7.373  -7.892 0.8888888955
94981  -34.623  -7.090  -7.211 0.7777777910
93815  -25.435  -7.635  -8.379 1.0000000000
93814  -24.943  -7.051  -8.293 0.5555555820
92620  -25.996  -8.202  -8.371 1.0000000000
93794  -24.625  -7.495  -7.764 0.5555555820
93839  -27.381  -7.134  -9.028 1.0000000000
95018  -26.002  -6.986  -8.816 0.8888888955
95043  -28.360  -6.857  -10.077 1.0000000000
95060  -29.876  -6.748  -10.189 1.0000000000
95062  -31.650  -6.432  -10.821 1.0000000000
96257  -33.876  -5.480  -8.206 0.8888888955
96243  -35.507  -5.234  -7.073 0.7777777910
96244  -36.511  -5.312  -6.660 0.6666666865
96240  -23.911  -5.606  -7.205 0.5555555820
94995  -24.177  -6.529  -7.447 0.5555555820
96241  -24.466  -5.643  -7.778 0.6666666865
96254  -24.860  -5.611  -8.471 0.6666666865
95017  -25.300  -6.504  -8.585 0.7777777910
95040  -25.930  -6.197  -8.913 0.7777777910
98773  -25.349  -3.941  -9.060 0.6666666865
97557  -26.751  -4.234  -10.030 0.8888888955
96274  -26.901  -5.671  -9.578 0.8888888955
97534  -27.088  -4.946  -9.720 0.8888888955
95041  -26.637  -6.482  -9.203 0.8888888955
97560  -29.656  -5.145  -9.988 0.8888888955
97581  -32.059  -5.129  -11.290 1.0000000000
97518  -32.985  -3.834  -9.209 0.8888888955
97505  -33.712  -3.732  -8.180 0.8888888955
97506  -34.076  -4.154  -7.787 0.7777777910
97508  -36.149  -4.402  -6.679 0.7777777910
98762  -35.373  -2.877  -6.734 0.6666666865
97510  -38.261  -4.508  -7.276 0.5555555820
98747  -37.204  -3.156  -6.870 0.6666666865
98772  -24.836  -3.700  -8.546 0.5555555820
98755  -23.445  -3.708  -7.125 0.3333333433
97503  -23.619  -4.683  -7.217 0.3333333433
97516  -24.638  -4.736  -8.129 0.6666666865
98795  -26.330  -3.398  -10.046 0.7777777910
98784  -29.675  -3.888  -9.755 0.8888888955
96277  -30.499  -4.913  -10.627 1.0000000000
98818  -30.959  -3.808  -12.069 1.0000000000
100016  -33.033  -2.762  -8.924 0.7777777910
101218  -34.572  -1.317  -7.298 0.7777777910
100007  -37.980  -2.499  -7.481 0.5555555820
100035  -27.581  -2.421  -10.360 0.8888888955
101268  -31.229  -1.867  -12.023 1.0000000000
102435  -34.291  -0.296  -7.176 0.7777777910
101219  -35.201  -1.436  -6.899 0.7777777910
101199  -35.974  -1.152  -6.639 0.6666666865
101214  -23.793  -1.698  -7.567 0.4444444478
101251  -27.632  -1.602  -11.144 0.8888888955
101267  -30.565  -1.546  -12.028 1.0000000000
102491  -30.832  -0.767  -11.405 0.8888888955
102452  -32.575  0.066  -8.741 0.7777777910
103501  -34.696  0.525  -6.651 0.6666666865
102418  -37.369  0.211  -7.163 0.5555555820
102438  -37.805  -0.328  -7.573 0.5555555820
102450  -23.982  -0.530  -7.890 0.5555555820
103524  -25.359  0.029  -9.527 0.6666666865
102474  -27.207  -0.871  -10.908 0.8888888955
102463  -32.374  -0.305  -9.573 0.8888888955
104561  -33.029  1.659  -7.649 0.8888888955
104541  -36.003  1.561  -6.340 0.6666666865
105610  -36.437  2.488  -6.441 0.5555555820
104585  -25.020  0.711  -9.431 0.5555555820
103545  -27.391  0.620  -11.432 1.0000000000
103548  -29.904  0.539  -11.646 0.8888888955
103546  -28.208  0.610  -11.772 0.7777777910
106614  -36.864  3.342  -6.450 0.5555555820
105669  -25.086  2.690  -9.576 0.5555555820
105668  -24.620  2.078  -9.435 0.5555555820
105698  -26.993  2.058  -11.237 0.6666666865
105683  -27.517  2.550  -11.436 0.6666666865
104604  -27.066  1.590  -11.229 0.7777777910
104584  -24.665  1.308  -9.164 0.7777777910
104593  -24.746  1.851  -9.695 0.6666666865
105684  -28.475  2.636  -11.544 0.7777777910
104605  -27.791  1.667  -11.664 0.7777777910
105672  -30.915  2.517  -10.871 0.7777777910
106656  -31.812  3.397  -8.913 0.6666666865
107731  -31.703  4.380  -8.505 0.6666666865
110048  -31.556  5.930  -8.753 0.6666666865
108902  -31.716  5.372  -8.232 0.6666666865
107707  -32.922  4.544  -7.205 0.5555555820
107708  -33.662  4.634  -6.630 0.5555555820
110036  -34.161  6.651  -6.847 0.4444444478
107682  -35.635  4.502  -6.305 0.4444444478
106683  -25.571  3.711  -10.079 0.4444444478
107777  -26.790  4.385  -10.786 0.5555555820
106701  -28.055  3.442  -11.364 0.6666666865
111348  -32.160  7.580  -9.155 0.6666666865
112502  -32.987  8.541  -8.366 0.6666666865
108934  -27.834  5.798  -10.491 0.6666666865
111355  -30.939  7.392  -10.368 0.6666666865
102433  -23.373  -0.613  -6.957 0.4444444478
105641  -23.478  2.258  -7.306 0.3333333433
112486  -35.065  8.316  -6.888 0.3333333433
114662  -33.885  10.470  -8.568 0.3333333433
86535  -31.927  -13.655  -5.640 0.6666666865
83976  -24.701  -15.631  -4.295 0.5555555820
91369  -33.416  -9.570  -6.327 0.7777777910
85273  -23.365  -14.540  -4.414 0.3333333433
87809  -23.799  -12.434  -5.173 0.4444444478
94982  -35.024  -6.866  -6.850 0.6666666865
97504  -24.229  -4.901  -7.541 0.3333333433
96224  -22.781  -5.246  -6.255 0.1111111119
101213  -23.071  -1.783  -6.695 0.4444444478
102408  -22.605  -0.575  -6.150 0.3333333433
102409  -23.148  -0.044  -6.548 0.3333333433
105643  -24.411  3.332  -8.391 0.3333333433
114676  -32.857  10.355  -9.493 0.6666666865
114677  -33.496  10.627  -9.102 0.4444444478
79955  -30.384  -18.597  -4.410 0.4444444478
78758  -30.455  -19.399  -6.887 0.2222222239
83961  -26.340  -16.074  -3.694 0.4444444478
82600  -27.288  -16.562  -3.237 0.4444444478
83964  -28.304  -15.858  -3.546 0.4444444478
82617  -29.597  -16.367  -3.681 0.4444444478
82619  -31.368  -16.580  -4.422 0.4444444478
81298  -32.094  -18.122  -5.772 0.2222222239
85279  -29.299  -14.811  -4.589 0.4444444478
83981  -29.892  -15.599  -4.165 0.4444444478
83982  -30.808  -15.643  -4.344 0.4444444478
81311  -33.134  -17.969  -7.604 0.1111111119
81322  -33.180  -18.267  -8.375 0.1111111119
85281  -31.138  -14.861  -4.697 0.4444444478
82633  -33.040  -16.459  -5.177 0.3333333433
85280  -30.250  -14.837  -4.622 0.4444444478
83983  -31.701  -15.605  -4.531 0.3333333433
83996  -33.406  -15.487  -5.452 0.3333333433
81312  -34.190  -17.241  -7.235 0.2222222239
85282  -31.868  -14.857  -4.810 0.4444444478
83995  -32.563  -15.398  -4.945 0.3333333433
85301  -29.682  -14.161  -5.184 0.5555555820
85302  -30.616  -14.224  -5.207 0.4444444478
85318  -34.487  -14.544  -6.364 0.2222222239
84009  -35.602  -15.377  -7.178 0.1111111119
85330  -35.846  -14.650  -8.539 0.1111111119
85317  -33.673  -14.646  -5.865 0.3333333433
86562  -33.564  -13.634  -6.369 0.3333333433
87834  -32.947  -12.483  -6.680 0.4444444478
89063  -33.472  -11.554  -6.763 0.5555555820
89093  -35.776  -11.699  -7.508 0.4444444478
90224  -34.011  -10.590  -6.526 0.6666666865
91391  -37.098  -10.183  -7.284 0.3333333433
91370  -34.489  -9.574  -6.471 0.6666666865
91372  -36.484  -9.704  -6.684 0.5555555820
92584  -33.935  -8.554  -6.784 0.6666666865
92586  -35.953  -8.664  -6.461 0.5555555820
92587  -36.913  -8.699  -6.447 0.5555555820
91373  -37.376  -9.496  -6.853 0.4444444478
93780  -38.153  -7.841  -6.757 0.3333333433
92585  -34.967  -8.598  -6.555 0.5555555820
95000  -38.390  -6.795  -6.995 0.4444444478
94985  -37.762  -7.173  -6.556 0.4444444478
96246  -38.977  -5.698  -7.687 0.4444444478
111364  -29.921  7.452  -11.252 0.5555555820
112524  -30.329  8.474  -11.847 0.5555555820
112525  -31.013  8.929  -11.706 0.5555555820
113643  -31.186  9.537  -11.410 0.5555555820
114682  -31.852  10.733  -10.424 0.5555555820
115725  -31.745  11.193  -10.895 0.5555555820
81282  -29.181  -17.844  -3.843 0.4444444478
78741  -30.831  -18.946  -6.376 0.2222222239
81300  -33.849  -16.939  -6.353 0.2222222239
84008  -34.970  -15.460  -6.554 0.2222222239
82647  -35.011  -16.238  -7.357 0.1111111119
86563  -34.911  -13.544  -6.976 0.4444444478
86576  -35.168  -13.119  -7.570 0.3333333433
87835  -34.065  -12.577  -6.936 0.4444444478
90246  -35.722  -10.942  -6.981 0.4444444478
93800  -38.954  -7.885  -7.209 0.3333333433
96247  -39.663  -6.351  -8.004 0.4444444478
98776  -38.651  -3.450  -8.713 0.4444444478
113650  -30.113  9.445  -12.807 0.5555555820
113649  -29.427  9.350  -13.031 0.5555555820
85278  -28.323  -14.771  -4.625 0.4444444478
87857  -36.203  -12.348  -8.287 0.2222222239
114683  -32.391  10.812  -10.045 0.5555555820
79940  -26.730  -18.406  -3.156 0.4444444478
78704  -28.354  -18.702  -3.396 0.4444444478
78721  -28.583  -19.242  -4.413 0.4444444478
78757  -29.581  -19.861  -6.502 0.2222222239
77515  -30.898  -20.539  -7.004 0.1111111119
82615  -25.141  -16.238  -3.784 0.4444444478
81265  -25.975  -17.436  -3.098 0.4444444478
80000  -31.706  -18.845  -7.695 0.1111111119
80001  -32.487  -18.469  -7.991 0.1111111119
77531  -31.026  -19.827  -7.355 0.1111111119
81330  -33.767  -18.277  -8.758 0.1111111119
81324  -34.588  -17.157  -8.343 0.1111111119
81336  -35.592  -17.024  -9.339 0.1111111119
85334  -36.556  -14.997  -9.302 0.1111111119
86581  -36.159  -13.872  -9.191 0.1111111119
89094  -36.809  -11.669  -8.424 0.2222222239
91392  -37.791  -10.107  -7.503 0.1111111119
93801  -39.571  -8.047  -7.933 0.2222222239
95022  -39.983  -7.137  -8.335 0.3333333433
96258  -39.222  -5.252  -8.377 0.4444444478
97540  -38.882  -4.285  -9.221 0.3333333433
97564  -38.934  -4.230  -10.076 0.3333333433
100008  -38.319  -2.572  -8.287 0.4444444478
98788  -38.769  -3.420  -9.716 0.3333333433
105656  -24.499  2.451  -8.833 0.4444444478
103503  -38.121  0.771  -7.870 0.4444444478
108860  -36.176  5.281  -6.323 0.3333333433
111352  -27.561  7.099  -10.508 0.4444444478
115717  -32.850  11.055  -9.965 0.5555555820
112522  -28.855  8.375  -11.663 0.5555555820
112532  -29.093  8.685  -12.364 0.5555555820
114689  -30.829  10.206  -11.842 0.5555555820
114697  -31.122  10.859  -12.093 0.5555555820
115732  -31.523  11.702  -11.540 0.5555555820
113648  -29.039  8.973  -12.877 0.5555555820
83962  -26.738  -16.000  -3.644 0.4444444478
86533  -30.081  -13.588  -5.802 0.5555555820
85303  -31.479  -14.280  -5.223 0.5555555820
86561  -32.421  -13.184  -6.276 0.6666666865
93777  -35.478  -7.721  -6.560 0.5555555820
94983  -36.063  -6.916  -6.501 0.5555555820
96232  -37.300  -6.326  -6.539 0.4444444478
100018  -38.589  -2.492  -9.205 0.4444444478
110016  -34.996  6.684  -6.467 0.3333333433
83979  -27.904  -15.355  -4.065 0.4444444478
86536  -32.765  -13.919  -5.761 0.3333333433
85304  -32.287  -14.433  -5.259 0.3333333433
81269  -29.308  -16.880  -3.505 0.4444444478
79969  -30.806  -18.998  -5.153 0.4444444478
78723  -30.317  -19.065  -5.121 0.3333333433
81284  -30.895  -17.554  -4.346 0.4444444478
79954  -29.416  -18.468  -4.123 0.4444444478
78740  -30.269  -18.915  -6.039 0.3333333433
79999  -30.997  -18.994  -7.300 0.1111111119
82599  -26.316  -16.490  -3.412 0.4444444478
81266  -26.998  -17.389  -3.056 0.4444444478
82601  -28.161  -16.500  -3.234 0.4444444478
79941  -27.710  -18.220  -3.024 0.4444444478
81267  -27.950  -17.304  -2.977 0.4444444478
83980  -28.904  -15.541  -3.955 0.4444444478
82602  -28.877  -16.373  -3.468 0.4444444478
82618  -30.442  -16.534  -4.026 0.4444444478
79956  -31.202  -18.431  -4.807 0.4444444478
81285  -31.877  -17.605  -5.095 0.4444444478
79971  -32.002  -18.405  -6.327 0.2222222239
81286  -32.577  -17.078  -5.198 0.4444444478
79987  -32.255  -18.426  -7.120 0.1111111119
81299  -32.943  -17.553  -6.101 0.2222222239
81323  -33.860  -17.698  -8.407 0.1111111119
78778  -32.843  -19.195  -8.402 0.1111111119
84007  -34.141  -15.480  -6.010 0.3333333433
85305  -33.031  -14.645  -5.443 0.3333333433
82634  -33.699  -16.407  -5.822 0.2222222239
85319  -35.431  -14.563  -6.774 0.2222222239
85328  -35.623  -14.595  -7.586 0.1111111119
84020  -35.535  -15.305  -7.987 0.1111111119
86577  -35.557  -13.657  -7.987 0.1111111119
84027  -35.898  -16.196  -8.979 0.1111111119
89064  -34.715  -11.615  -7.059 0.4444444478
90247  -36.470  -10.788  -7.339 0.3333333433
87855  -34.878  -12.605  -7.376 0.4444444478
87856  -35.530  -12.667  -7.817 0.3333333433
90249  -37.911  -10.457  -8.495 0.1111111119
90226  -35.890  -10.362  -6.681 0.4444444478
91371  -35.483  -9.577  -6.517 0.5555555820
93778  -36.464  -7.784  -6.411 0.5555555820
92589  -38.514  -8.793  -7.107 0.3333333433
96259  -39.953  -5.859  -8.838 0.4444444478
113642  -30.589  9.512  -12.043 0.5555555820
112523  -29.522  8.269  -11.791 0.5555555820
114690  -31.408  10.557  -11.239 0.5555555820
79942  -28.408  -17.967  -3.229 0.4444444478
79953  -28.845  -18.233  -3.774 0.4444444478
82667  -34.931  -16.821  -8.978 0.1111111119
114695  -29.492  10.353  -13.223 0.5555555820
87865  -35.760  -12.956  -8.763 0.2222222239
78703  -27.581  -19.196  -3.428 0.4444444478
78739  -29.158  -19.519  -6.020 0.4444444478
78722  -29.733  -19.151  -4.980 0.4444444478
82597  -24.860  -16.646  -3.495 0.4444444478
78773  -32.075  -19.445  -8.148 0.1111111119
78772  -31.303  -19.407  -7.515 0.1111111119
74883  -26.676  -22.183  -1.329 0.1111111119
77434  -23.077  -20.782  -2.992 0.3333333433
76146  -24.810  -20.892  -2.624 0.2222222239
76123  -26.198  -21.393  -1.699 0.2222222239
76124  -27.186  -21.491  -1.746 0.1111111119
76148  -26.616  -21.008  -2.601 0.1111111119
79936  -22.723  -18.621  -3.122 0.3333333433
77433  -22.577  -20.355  -2.823 0.3333333433
76188  -24.450  -21.062  -4.304 0.3333333433
76189  -24.996  -21.480  -4.555 0.3333333433
77435  -25.104  -20.876  -3.311 0.2222222239
77457  -26.074  -20.647  -3.176 0.2222222239
76173  -27.490  -21.264  -3.326 0.1111111119
76172  -26.290  -21.259  -3.725 0.2222222239
82596  -22.482  -16.685  -3.305 0.2222222239
78699  -23.274  -19.572  -3.403 0.3333333433
77454  -23.433  -20.578  -3.530 0.3333333433
76187  -23.862  -20.972  -4.047 0.3333333433
76190  -25.943  -22.003  -4.843 0.1111111119
82612  -22.674  -16.517  -4.034 0.2222222239
81262  -22.882  -17.490  -3.612 0.3333333433
81280  -23.425  -17.060  -4.006 0.3333333433
79937  -23.540  -18.545  -3.319 0.3333333433
81281  -24.004  -17.139  -3.679 0.3333333433
79938  -24.510  -18.535  -3.375 0.3333333433
78701  -25.227  -19.683  -3.708 0.3333333433
78718  -25.227  -20.523  -4.410 0.3333333433
77470  -25.485  -20.788  -5.183 0.3333333433
78736  -26.254  -20.571  -5.295 0.3333333433
76233  -26.458  -22.125  -6.012 0.3333333433
74950  -26.385  -22.652  -5.619 0.1111111119
73818  -26.599  -23.213  -6.214 0.2222222239
83974  -22.850  -15.645  -4.300 0.2222222239
82613  -23.179  -16.421  -4.287 0.2222222239
81264  -24.761  -17.342  -3.283 0.3333333433
78702  -26.432  -19.431  -3.633 0.3333333433
78719  -26.061  -20.193  -4.726 0.3333333433
78720  -27.189  -19.679  -4.583 0.3333333433
77511  -26.707  -21.680  -5.929 0.3333333433
76234  -27.229  -21.832  -6.200 0.1111111119
85272  -22.844  -15.070  -3.925 0.3333333433
83975  -23.686  -15.587  -4.336 0.3333333433
78738  -27.873  -19.994  -5.478 0.3333333433
96260  -40.475  -6.505  -9.364 0.2222222239
97541  -39.315  -4.971  -9.692 0.2222222239
96281  -40.624  -6.224  -9.969 0.2222222239
102455  -38.356  -0.415  -8.458 0.3333333433
101242  -38.472  -1.585  -9.760 0.2222222239
76145  -23.677  -21.006  -2.902 0.3333333433
77437  -26.025  -20.643  -2.722 0.2222222239
76191  -27.026  -21.811  -4.388 0.1111111119
78717  -24.484  -20.331  -4.089 0.3333333433
77469  -24.705  -21.042  -4.799 0.3333333433
76208  -24.769  -21.461  -4.854 0.3333333433
76210  -26.011  -22.066  -5.458 0.3333333433
81263  -23.819  -17.650  -3.446 0.3333333433
82614  -24.162  -16.475  -3.847 0.3333333433
74882  -25.679  -22.043  -1.186 0.1111111119
74867  -26.183  -22.921  -0.931 0.1111111119
76143  -22.221  -20.799  -2.453 0.3333333433
76144  -22.720  -21.003  -2.578 0.3333333433
76120  -23.039  -21.379  -1.955 0.3333333433
76121  -24.117  -21.256  -1.799 0.3333333433
76122  -25.197  -21.246  -1.638 0.3333333433
74868  -27.167  -22.882  -0.895 0.1111111119
78698  -22.550  -19.525  -2.983 0.3333333433
76149  -27.717  -21.194  -2.457 0.1111111119
81250  -22.341  -17.779  -2.731 0.2222222239
76192  -28.208  -21.631  -4.139 0.1111111119
74951  -27.026  -23.101  -5.546 0.1111111119
73819  -27.025  -23.414  -6.299 0.1111111119
83973  -22.581  -15.819  -3.711 0.2222222239
74974  -27.583  -22.787  -6.416 0.1111111119
76212  -27.783  -21.377  -6.133 0.1111111119
77490  -28.543  -20.739  -6.090 0.1111111119
85263  -23.118  -14.300  -3.587 0.1111111119
103527  -38.482  0.341  -9.608 0.2222222239
102477  -38.558  -0.621  -10.295 0.2222222239
86515  -23.545  -13.367  -4.846 0.2222222239
98803  -38.823  -3.584  -10.880 0.2222222239
74884  -27.646  -22.204  -1.269 0.1111111119
77453  -22.925  -20.027  -3.230 0.3333333433
79925  -22.087  -18.860  -2.564 0.2222222239
78685  -21.911  -19.705  -2.585 0.2222222239
76169  -23.918  -21.082  -3.787 0.3333333433
76170  -24.636  -21.063  -3.720 0.3333333433
77468  -24.074  -20.741  -4.153 0.3333333433
76171  -25.398  -21.268  -4.065 0.2222222239
78716  -23.791  -20.136  -3.915 0.3333333433
74933  -26.265  -22.378  -5.270 0.1111111119
78700  -24.111  -19.481  -3.643 0.3333333433
77487  -25.306  -21.477  -5.276 0.3333333433
78737  -26.786  -20.351  -5.361 0.3333333433
73798  -27.374  -23.589  -6.021 0.1111111119
79939  -25.609  -18.486  -3.324 0.3333333433
77489  -27.370  -21.049  -5.817 0.3333333433
74866  -25.132  -22.775  -0.669 0.1111111119
77432  -21.756  -20.462  -2.327 0.2222222239
79924  -21.720  -19.282  -2.288 0.2222222239
96280  -40.148  -5.438  -10.203 0.1111111119
96314  -41.976  -6.213  -12.267 0.1111111119
96299  -41.253  -5.756  -11.181 0.1111111119
97582  -40.026  -4.516  -11.871 0.1111111119
97593  -40.437  -4.555  -12.876 0.1111111119
100028  -38.595  -2.524  -10.290 0.1111111119
98821  -39.467  -4.170  -12.596 0.1111111119
100042  -38.598  -2.519  -11.426 0.1111111119
98820  -38.815  -3.406  -12.239 0.1111111119
105630  -37.623  2.515  -7.239 0.2222222239
101254  -38.507  -1.559  -10.844 0.1111111119
107709  -37.682  4.258  -6.896 0.1111111119
108861  -37.042  5.038  -6.580 0.2222222239
111304  -36.474  6.981  -6.503 0.1111111119
106637  -37.995  3.429  -7.346 0.1111111119
108903  -37.907  5.740  -7.694 0.1111111119
112473  -35.805  7.848  -6.512 0.1111111119
112509  -28.139  8.089  -10.358 0.4444444478
112515  -28.273  8.250  -11.082 0.4444444478
112487  -35.940  8.596  -6.899 0.1111111119
114696  -30.398  10.484  -12.625 0.4444444478
115718  -33.618  11.432  -9.713 0.3333333433
115705  -33.796  10.939  -9.019 0.2222222239
115707  -35.464  11.385  -8.261 0.1111111119
113602  -36.246  9.418  -7.335 0.1111111119
115696  -36.034  10.978  -7.703 0.1111111119
115740  -29.890  11.581  -13.218 0.4444444478
116771  -29.996  12.360  -13.335 0.4444444478
115741  -30.719  11.625  -12.477 0.4444444478
116759  -31.136  12.471  -12.278 0.4444444478
115733  -32.229  12.181  -11.334 0.4444444478
117699  -33.258  13.462  -10.955 0.4444444478
116750  -33.217  12.816  -10.768 0.2222222239
116740  -33.692  12.778  -10.252 0.2222222239
116741  -34.334  12.933  -9.857 0.2222222239
117679  -35.148  13.504  -9.879 0.2222222239
115720  -35.253  12.194  -9.001 0.2222222239
123501  -33.967  19.225  -10.678 0.1111111119
121485  -34.561  17.334  -10.066 0.1111111119
117681  -36.708  13.576  -9.296 0.1111111119
114674  -28.496  9.933  -10.046 0.4444444478
114681  -28.722  10.155  -11.537 0.4444444478
115738  -28.590  11.533  -12.943 0.3333333433
115739  -29.105  11.346  -13.292 0.4444444478
117706  -30.539  13.678  -13.315 0.4444444478
117707  -31.215  13.474  -12.603 0.4444444478
116748  -31.973  12.808  -11.856 0.4444444478
117698  -32.503  13.580  -11.462 0.4444444478
119507  -30.702  15.612  -13.264 0.3333333433
118573  -32.779  14.814  -11.028 0.3333333433
119490  -33.123  15.583  -11.009 0.1111111119
118574  -33.505  14.530  -10.812 0.1111111119
119491  -34.204  15.466  -10.438 0.1111111119
117689  -34.584  13.581  -10.143 0.2222222239
118576  -34.990  14.469  -10.245 0.1111111119
120493  -35.020  16.498  -9.756 0.1111111119
116757  -29.183  12.981  -12.786 0.3333333433
118594  -30.299  14.249  -13.870 0.3333333433
118584  -31.486  14.371  -12.326 0.4444444478
119498  -31.387  15.426  -12.362 0.2222222239
119500  -32.787  16.056  -11.294 0.2222222239
120502  -33.689  16.526  -10.597 0.1111111119
120510  -31.491  16.679  -11.909 0.1111111119
121496  -32.358  17.506  -11.518 0.1111111119
121495  -31.515  17.776  -12.112 0.1111111119
121483  -32.899  17.766  -10.969 0.1111111119
121484  -33.543  17.611  -10.569 0.1111111119
115731  -28.648  11.320  -11.954 0.3333333433
116746  -28.175  12.564  -12.265 0.3333333433
116747  -28.426  12.717  -11.492 0.3333333433
117695  -28.336  13.524  -12.293 0.3333333433
117719  -29.289  13.623  -13.214 0.3333333433
119506  -30.194  15.240  -13.973 0.2222222239
120518  -30.844  16.329  -12.842 0.2222222239
121503  -30.612  17.425  -12.787 0.1111111119
122498  -32.135  18.624  -11.639 0.1111111119
122499  -32.697  19.150  -11.241 0.1111111119
125525  -32.637  21.025  -12.100 0.1111111119
117673  -27.920  13.172  -8.325 0.1111111119
116719  -28.940  13.158  -9.294 0.1111111119
117686  -28.891  13.646  -10.827 0.2222222239
118572  -29.073  14.455  -10.792 0.2222222239
119504  -28.706  14.937  -12.873 0.3333333433
119497  -29.110  15.279  -12.026 0.2222222239
118626  -29.284  15.015  -14.349 0.3333333433
119505  -28.831  15.722  -13.206 0.3333333433
120509  -29.200  16.372  -12.793 0.2222222239
121501  -29.570  16.748  -13.078 0.1111111119
121502  -29.843  17.407  -13.143 0.1111111119
122511  -30.252  18.586  -13.286 0.1111111119
122497  -31.117  18.581  -12.609 0.1111111119
124519  -31.222  20.045  -12.535 0.1111111119
123518  -32.351  19.693  -11.587 0.1111111119
124522  -34.003  20.498  -11.611 0.1111111119
123520  -34.436  19.812  -11.159 0.1111111119
117674  -28.872  13.532  -8.690 0.1111111119
118559  -29.582  14.112  -8.937 0.1111111119
118564  -29.254  14.430  -9.725 0.1111111119
119477  -29.854  15.003  -9.824 0.1111111119
119488  -30.069  16.085  -10.208 0.1111111119
120501  -29.813  16.533  -10.730 0.1111111119
120500  -29.539  16.536  -11.757 0.2222222239
121482  -29.903  17.570  -11.277 0.1111111119
121481  -29.626  17.271  -12.110 0.1111111119
122496  -29.767  18.758  -11.969 0.1111111119
122510  -29.681  18.641  -13.096 0.1111111119
123516  -29.749  19.239  -12.641 0.1111111119
123532  -30.021  19.662  -12.930 0.1111111119
118560  -30.358  14.377  -8.573 0.1111111119
119471  -30.916  14.974  -8.749 0.1111111119
120491  -30.291  16.822  -10.027 0.1111111119
121473  -30.318  17.873  -10.214 0.1111111119
122481  -29.778  18.801  -10.622 0.1111111119
120483  -31.664  16.632  -8.745 0.1111111119
120477  -31.897  16.110  -8.117 0.1111111119
96300  -41.707  -6.397  -11.734 0.1111111119
97566  -40.505  -4.933  -11.296 0.1111111119
97583  -40.918  -5.051  -12.155 0.1111111119
97594  -41.567  -4.979  -13.259 0.1111111119
111305  -37.199  6.868  -6.808 0.1111111119
113634  -28.315  9.146  -11.333 0.4444444478
115726  -32.522  11.620  -10.603 0.4444444478
115727  -33.255  12.035  -10.326 0.3333333433
115719  -34.658  11.883  -9.189 0.2222222239
113603  -37.123  9.259  -7.434 0.1111111119
118566  -35.622  14.555  -9.813 0.2222222239
120503  -34.418  16.351  -10.163 0.1111111119
121477  -36.205  16.788  -9.662 0.1111111119
117720  -29.989  13.361  -13.615 0.3333333433
122483  -33.122  18.593  -10.865 0.1111111119
121493  -29.620  17.035  -12.637 0.1111111119
119478  -30.558  15.490  -9.498 0.1111111119
122495  -29.530  19.308  -11.291 0.1111111119
121474  -31.100  17.542  -9.497 0.1111111119
96328  -43.114  -6.367  -13.008 0.1111111119
96327  -42.701  -5.948  -12.985 0.1111111119
103518  -38.341  0.687  -8.597 0.2222222239
107684  -37.186  4.055  -6.537 0.2222222239
111324  -36.945  7.533  -6.789 0.1111111119
113640  -28.803  9.263  -12.327 0.4444444478
116758  -30.469  12.647  -13.043 0.4444444478
116770  -29.417  12.605  -13.224 0.4444444478
117697  -31.914  13.760  -12.006 0.4444444478
118585  -32.178  14.624  -11.577 0.2222222239
117675  -29.489  13.892  -8.213 0.1111111119
117670  -29.808  13.867  -7.457 0.1111111119
119472  -31.374  15.503  -8.462 0.1111111119
120492  -31.010  16.481  -9.401 0.1111111119
95087  -42.961  -6.885  -13.168 0.1111111119
95049  -40.743  -7.035  -9.808 0.1111111119
95064  -41.285  -6.844  -10.556 0.1111111119
95086  -42.430  -6.895  -12.806 0.1111111119
97596  -43.109  -5.370  -13.510 0.1111111119
96316  -43.344  -6.724  -12.887 0.1111111119
97606  -41.820  -4.789  -14.366 0.1111111119
98834  -39.944  -4.057  -13.618 0.1111111119
100076  -39.973  -3.083  -14.261 0.1111111119
100056  -38.734  -2.391  -12.423 0.1111111119
103537  -38.566  0.442  -10.893 0.1111111119
102492  -38.557  -0.556  -11.430 0.1111111119
101269  -38.684  -1.523  -11.950 0.1111111119
104598  -38.463  1.505  -10.423 0.1111111119
106687  -38.404  3.739  -9.920 0.1111111119
108904  -38.309  5.527  -8.361 0.1111111119
111353  -28.112  7.378  -10.815 0.4444444478
110050  -37.947  6.463  -7.854 0.1111111119
111325  -37.495  7.335  -7.303 0.1111111119
115708  -36.673  11.264  -8.062 0.1111111119
114651  -37.389  9.809  -7.586 0.1111111119
113626  -27.965  8.810  -9.645 0.4444444478
113627  -28.136  8.861  -10.593 0.4444444478
117682  -37.700  13.541  -9.171 0.1111111119
119483  -37.091  15.347  -9.439 0.1111111119
114660  -27.772  10.372  -8.864 0.2222222239
115724  -28.444  11.151  -10.774 0.3333333433
115716  -28.697  11.244  -9.622 0.2222222239
116736  -28.556  12.096  -11.247 0.2222222239
121487  -36.520  17.390  -10.018 0.1111111119
116717  -27.839  12.327  -8.380 0.1111111119
116737  -29.028  12.842  -10.676 0.2222222239
123521  -35.557  19.862  -11.416 0.1111111119
124538  -35.330  20.581  -12.177 0.1111111119
117672  -27.674  12.772  -8.003 0.1111111119
117659  -27.765  13.341  -7.080 0.1111111119
117669  -28.873  13.633  -7.486 0.1111111119
125527  -34.222  20.981  -11.975 0.1111111119
117661  -29.150  13.617  -6.422 0.1111111119
117662  -30.354  13.547  -6.538 0.1111111119
123515  -29.565  19.813  -12.087 0.1111111119
124534  -30.068  20.686  -12.739 0.1111111119
125540  -31.293  21.513  -13.170 0.1111111119
125555  -31.732  21.909  -13.406 0.1111111119
118554  -31.586  14.627  -7.641 0.1111111119
122473  -30.517  18.650  -9.711 0.1111111119
124482  -29.504  20.468  -9.895 0.1111111119
121465  -31.798  17.720  -8.766 0.1111111119
104580  -38.261  1.687  -8.350 0.1111111119
114649  -35.681  10.469  -7.608 0.1111111119
97565  -39.678  -4.557  -10.765 0.1111111119
110019  -37.149  6.086  -6.693 0.2222222239
114687  -28.936  10.329  -12.733 0.4444444478
98804  -39.241  -4.115  -11.673 0.1111111119
97605  -40.986  -4.445  -13.718 0.1111111119
98833  -39.203  -3.647  -13.123 0.1111111119
105646  -38.060  2.603  -7.942 0.1111111119
107732  -38.368  4.520  -8.294 0.1111111119
106657  -38.272  3.580  -8.153 0.1111111119
115695  -35.694  10.982  -7.802 0.1111111119
114665  -37.230  10.818  -7.847 0.1111111119
118586  -32.860  14.192  -11.173 0.2222222239
117688  -33.890  13.757  -10.556 0.2222222239
118575  -34.325  14.453  -10.455 0.1111111119
117680  -35.756  13.625  -9.666 0.2222222239
116730  -35.938  12.627  -9.040 0.1111111119
123502  -34.893  19.281  -10.547 0.1111111119
123519  -33.356  19.626  -11.248 0.1111111119
121476  -35.706  16.968  -9.742 0.1111111119
122484  -34.203  18.429  -10.410 0.1111111119
122485  -35.236  18.409  -10.230 0.1111111119
121486  -35.573  17.618  -10.006 0.1111111119
118568  -37.415  14.435  -9.360 0.1111111119
116731  -36.988  12.776  -8.810 0.1111111119
118567  -36.434  14.492  -9.444 0.2222222239
118595  -30.878  14.583  -13.198 0.3333333433
119482  -36.101  15.427  -9.402 0.2222222239
117704  -28.737  13.512  -12.736 0.3333333433
119499  -32.239  15.727  -11.450 0.2222222239
121497  -33.043  17.044  -11.058 0.1111111119
116725  -29.059  12.035  -10.176 0.1111111119
118582  -28.646  14.004  -12.010 0.3333333433
118608  -28.868  14.484  -13.247 0.3333333433
120524  -29.741  15.805  -13.934 0.2222222239
120517  -30.161  16.330  -13.488 0.1111111119
123517  -31.549  19.504  -12.247 0.1111111119
124521  -32.917  20.497  -11.666 0.1111111119
124520  -31.869  20.569  -12.202 0.1111111119
125526  -33.503  21.194  -12.106 0.1111111119
124536  -31.510  21.155  -12.638 0.1111111119
117667  -27.702  13.020  -7.535 0.1111111119
117668  -27.983  13.688  -7.670 0.1111111119
117678  -29.388  13.120  -9.909 0.1111111119
117677  -28.861  13.631  -9.875 0.1111111119
119496  -28.771  14.529  -12.251 0.3333333433
119516  -28.782  15.153  -13.590 0.3333333433
120516  -29.473  16.188  -13.469 0.2222222239
121494  -29.606  17.836  -12.587 0.1111111119
123533  -30.746  19.494  -12.767 0.1111111119
118565  -30.023  14.588  -9.412 0.1111111119
119487  -29.619  15.502  -10.571 0.1111111119
122480  -29.519  19.379  -10.825 0.1111111119
123531  -29.832  20.216  -12.542 0.1111111119
118561  -31.030  14.722  -8.211 0.1111111119
119479  -31.122  16.037  -8.994 0.1111111119
123500  -29.555  19.541  -10.488 0.1111111119
93869  -41.741  -7.626  -11.929 0.1111111119
97595  -42.428  -5.449  -13.918 0.1111111119
104588  -38.406  1.596  -9.320 0.1111111119
116720  -36.446  12.021  -8.518 0.1111111119
120504  -37.136  17.101  -9.902 0.1111111119
123499  -29.367  19.922  -10.994 0.1111111119
122474  -31.545  18.622  -9.181 0.1111111119
118553  -30.733  14.183  -7.566 0.1111111119
105660  -38.279  2.802  -8.957 0.1111111119
107750  -38.366  4.675  -9.137 0.1111111119
116732  -37.948  12.649  -8.770 0.1111111119
120496  -37.806  16.049  -9.519 0.1111111119
122487  -37.034  18.188  -10.517 0.1111111119
116718  -28.689  12.469  -9.074 0.1111111119
116715  -27.463  12.285  -7.657 0.1111111119
123503  -35.887  19.129  -10.663 0.1111111119
124533  -29.526  20.707  -12.354 0.1111111119
124535  -30.830  20.612  -12.801 0.1111111119
123482  -29.857  19.620  -9.867 0.1111111119
124483  -30.343  20.543  -9.522 0.1111111119
74879  -22.506  -22.030  -1.381 0.2222222239
92581  -23.884  -8.323  -6.941 0.2222222239
89040  -24.300  -11.640  -5.333 0.3333333433
92582  -24.372  -9.103  -6.682 0.3333333433
92600  -24.150  -8.004  -7.393 0.4444444478
111346  -27.769  7.592  -10.361 0.3333333433
111344  -26.651  7.365  -9.739 0.2222222239
113614  -27.220  8.669  -9.073 0.1111111119
113615  -27.364  9.501  -8.970 0.1111111119
105623  -23.643  2.923  -7.220 0.1111111119
92567  -24.297  -9.476  -6.216 0.2222222239
106626  -23.497  3.523  -6.801 0.1111111119
107726  -24.811  5.141  -8.265 0.1111111119
108897  -25.040  6.041  -8.571 0.1111111119
111335  -25.966  7.263  -8.724 0.1111111119
112484  -26.241  8.422  -7.895 0.1111111119
113598  -26.660  9.435  -8.126 0.1111111119
113599  -27.289  9.901  -8.389 0.1111111119
111351  -27.057  7.007  -10.259 0.2222222239
89030  -23.888  -11.587  -4.740 0.2222222239
91354  -24.290  -10.091  -5.799 0.2222222239
91365  -24.622  -9.970  -6.549 0.3333333433
99986  -22.668  -2.672  -6.331 0.2222222239
110059  -26.138  6.803  -9.607 0.1111111119
98739  -22.615  -3.522  -6.028 0.1111111119
112508  -27.851  7.895  -9.775 0.3333333433
112507  -27.212  7.939  -9.486 0.3333333433
92566  -23.927  -8.817  -5.947 0.2222222239
110047  -25.769  6.952  -9.183 0.1111111119
111336  -26.173  7.366  -9.130 0.1111111119
112501  -26.617  8.094  -8.833 0.1111111119
110029  -25.822  6.792  -8.417 0.1111111119
111316  -26.138  7.425  -8.387 0.1111111119
112500  -26.208  7.707  -8.556 0.1111111119
110046  -25.546  6.689  -8.837 0.1111111119
87866  -36.999  -12.700  -9.078 0.1111111119
74880  -23.536  -21.877  -1.174 0.1111111119
74865  -24.000  -22.621  -0.620 0.1111111119
74877  -20.732  -22.366  -1.164 0.1111111119
74878  -21.514  -22.205  -1.356 0.1111111119
76119  -21.910  -21.346  -1.998 0.1111111119
89012  -23.819  -11.551  -3.948 0.1111111119
94976  -23.099  -6.689  -6.114 0.1111111119
93774  -23.453  -7.599  -6.468 0.1111111119
103477  -23.012  0.531  -6.324 0.2222222239
103476  -22.465  0.555  -5.680 0.2222222239
104513  -21.575  1.781  -5.188 0.2222222239
76118  -20.973  -21.710  -1.401 0.1111111119
94994  -23.575  -6.471  -6.689 0.1111111119
74863  -22.166  -22.730  -0.755 0.1111111119
74864  -23.061  -22.482  -0.773 0.1111111119
77416  -21.151  -20.789  -1.499 0.1111111119
78669  -21.286  -19.713  -1.191 0.1111111119
78684  -21.418  -19.775  -2.054 0.1111111119
79906  -21.712  -18.827  -1.769 0.1111111119
79907  -22.055  -18.309  -2.202 0.1111111119
87781  -23.753  -12.511  -3.470 0.1111111119
90194  -24.162  -10.753  -4.474 0.1111111119
93757  -23.473  -7.587  -5.675 0.1111111119
102388  -22.086  -0.312  -5.033 0.2222222239
105599  -22.535  2.996  -6.131 0.1111111119
74881  -24.610  -21.906  -1.086 0.1111111119
73713  -21.808  -23.689  -0.568 0.1111111119
104532  -22.427  1.871  -5.777 0.2222222239
105622  -23.216  2.599  -6.789 0.1111111119
90204  -24.194  -10.810  -5.125 0.1111111119
94993  -22.970  -5.966  -6.321 0.1111111119
82583  -22.675  -16.707  -2.312 0.1111111119
83943  -22.906  -15.891  -2.338 0.1111111119
87799  -23.625  -12.468  -4.376 0.1111111119
74862  -21.117  -22.927  -0.886 0.1111111119
102386  -20.715  0.610  -4.388 0.1111111119
88996  -24.163  -11.530  -2.983 0.1111111119
106582  -22.235  3.204  -5.660 0.1111111119
106589  -22.193  3.731  -6.179 0.1111111119
106651  -24.269  3.846  -7.863 0.1111111119
101171  -22.584  -1.424  -5.621 0.1111111119
107698  -23.840  4.033  -6.902 0.1111111119
107725  -24.541  4.572  -7.877 0.1111111119
73797  -26.558  -23.494  -6.052 0.1111111119
74934  -26.690  -22.365  -5.191 0.1111111119
74972  -26.293  -22.880  -6.040 0.2222222239
74973  -26.768  -22.800  -6.311 0.2222222239
76147  -25.735  -20.881  -2.297 0.2222222239
76209  -25.165  -21.802  -5.072 0.3333333433
76211  -27.474  -21.422  -6.052 0.1111111119
77415  -20.643  -21.431  -1.180 0.1111111119
77436  -25.537  -20.646  -2.942 0.2222222239
77455  -25.152  -21.045  -3.667 0.2222222239
77456  -25.573  -20.979  -3.478 0.2222222239
77471  -25.987  -20.662  -5.268 0.3333333433
77486  -24.855  -21.547  -5.091 0.3333333433
77488  -26.273  -21.212  -5.615 0.3333333433
77491  -29.230  -20.170  -6.281 0.2222222239
77512  -26.905  -21.474  -5.851 0.3333333433
77532  -31.530  -20.022  -7.626 0.1111111119
78759  -30.611  -18.944  -6.628 0.2222222239
78777  -32.466  -19.056  -8.315 0.1111111119
78779  -33.536  -19.369  -8.439 0.1111111119
79970  -31.411  -18.781  -5.746 0.2222222239
79985  -30.778  -18.969  -7.132 0.2222222239
79986  -31.107  -18.725  -6.922 0.1111111119
80005  -32.255  -18.885  -8.189 0.1111111119
80006  -32.822  -18.736  -8.379 0.1111111119
80007  -33.421  -18.837  -8.605 0.1111111119
81268  -28.855  -17.318  -3.379 0.4444444478
81279  -22.941  -16.922  -4.169 0.2222222239
81283  -29.832  -17.496  -3.721 0.4444444478
81313  -34.703  -16.821  -7.794 0.1111111119
81329  -33.286  -18.543  -8.522 0.1111111119
81332  -35.729  -17.348  -9.012 0.1111111119
81335  -35.148  -16.943  -9.487 0.1111111119
82598  -25.459  -16.691  -3.352 0.4444444478
82616  -25.722  -16.283  -3.643 0.4444444478
82620  -32.231  -16.478  -4.787 0.4444444478
82646  -34.404  -16.361  -6.454 0.2222222239
82648  -35.383  -15.737  -7.641 0.1111111119
82660  -35.012  -16.580  -8.239 0.1111111119
82661  -35.415  -16.003  -8.097 0.1111111119
82668  -35.493  -16.377  -8.693 0.1111111119
82671  -35.050  -17.119  -9.339 0.1111111119
82672  -35.586  -16.674  -9.173 0.1111111119
83963  -27.560  -15.866  -3.516 0.4444444478
84024  -35.873  -15.607  -8.729 0.1111111119
84025  -36.277  -15.389  -9.114 0.1111111119
84028  -36.425  -15.886  -9.301 0.1111111119
85331  -36.205  -15.039  -8.930 0.1111111119
85333  -36.222  -14.586  -9.104 0.1111111119
86537  -33.255  -14.201  -5.860 0.3333333433
86554  -26.211  -12.851  -6.639 0.6666666865
86564  -35.410  -14.066  -7.288 0.1111111119
86574  -27.517  -12.913  -7.278 0.8888888955
86585  -36.446  -14.461  -9.294 0.1111111119
87829  -28.647  -12.739  -7.074 0.8888888955
87850  -26.655  -12.361  -7.236 0.8888888955
87854  -29.992  -11.912  -7.734 1.0000000000
89057  -25.068  -11.187  -6.463 0.6666666865
89065  -35.330  -11.220  -7.005 0.4444444478
89091  -30.635  -11.160  -7.386 1.0000000000
89092  -35.207  -12.137  -7.467 0.4444444478
89106  -27.953  -10.775  -8.412 1.0000000000
89109  -29.720  -11.068  -8.504 1.0000000000
90221  -31.348  -10.405  -7.031 1.0000000000
90225  -35.106  -10.582  -6.638 0.4444444478
90241  -25.490  -10.644  -7.240 1.0000000000
90244  -30.392  -10.416  -8.256 1.0000000000
90248  -37.371  -10.870  -8.021 0.1111111119
90277  -29.553  -9.913  -9.444 1.0000000000
91374  -38.110  -9.475  -6.996 0.3333333433
91385  -24.755  -9.529  -7.116 0.7777777910
91387  -26.136  -9.672  -7.961 1.0000000000
91412  -26.713  -9.622  -8.338 1.0000000000
91429  -29.108  -9.032  -9.134 1.0000000000
92588  -37.766  -8.687  -6.666 0.5555555820
92624  -31.397  -8.394  -9.087 1.0000000000
92643  -30.835  -8.404  -9.680 1.0000000000
92644  -31.178  -8.361  -9.471 1.0000000000
92655  -29.113  -7.805  -10.341 1.0000000000
93775  -33.851  -7.782  -7.273 0.8888888955
93779  -37.362  -7.840  -6.461 0.5555555820
93796  -31.927  -7.738  -8.542 1.0000000000
93799  -34.074  -7.420  -7.542 0.7777777910
93816  -26.285  -7.756  -8.595 1.0000000000
93819  -31.705  -7.906  -8.886 1.0000000000
93822  -39.846  -8.263  -8.730 0.2222222239
93838  -26.660  -7.227  -8.861 0.8888888955
93841  -29.955  -7.496  -9.995 1.0000000000
93844  -31.800  -7.084  -9.527 1.0000000000
93858  -28.766  -7.460  -10.390 1.0000000000
93861  -41.464  -7.687  -11.210 0.1111111119
94984  -37.049  -6.957  -6.502 0.5555555820
94996  -33.800  -7.000  -8.220 0.7777777910
94997  -34.286  -6.791  -7.723 0.7777777910
94999  -37.684  -6.557  -6.574 0.4444444478
95001  -39.374  -6.942  -7.549 0.3333333433
95019  -32.730  -6.950  -9.076 1.0000000000
95042  -27.673  -6.465  -9.527 1.0000000000
95047  -32.384  -6.576  -9.792 1.0000000000
95059  -28.803  -6.619  -10.547 1.0000000000
95065  -41.664  -6.835  -11.396 0.1111111119
95076  -31.930  -6.137  -11.297 1.0000000000
95077  -32.112  -5.847  -11.305 1.0000000000
95078  -41.921  -6.922  -12.169 0.1111111119
95080  -43.387  -6.954  -12.849 0.1111111119
95088  -43.248  -6.844  -13.044 0.1111111119
96231  -36.725  -6.185  -6.500 0.6666666865
96239  -23.336  -5.411  -6.666 0.1111111119
96242  -34.408  -5.369  -7.628 0.7777777910
96255  -25.466  -5.538  -8.950 0.6666666865
96256  -33.471  -5.506  -8.834 0.8888888955
96276  -30.221  -5.048  -10.295 1.0000000000
96278  -32.709  -5.466  -10.194 0.8888888955
96292  -28.442  -5.589  -10.031 0.8888888955
96294  -30.115  -5.788  -10.290 1.0000000000
96295  -30.949  -5.506  -10.925 1.0000000000
96297  -32.313  -5.496  -11.122 1.0000000000
96298  -40.430  -5.115  -10.804 0.1111111119
96310  -31.329  -5.018  -11.299 1.0000000000
96311  -31.756  -5.502  -11.305 1.0000000000
96312  -32.095  -5.534  -11.309 1.0000000000
96313  -41.827  -5.539  -12.516 0.1111111119
96315  -43.250  -6.273  -12.720 0.1111111119
96326  -42.218  -5.475  -13.256 0.1111111119
96329  -43.266  -6.520  -12.994 0.1111111119
97492  -35.945  -3.513  -6.556 0.6666666865
97520  -33.761  -4.970  -8.171 0.8888888955
97522  -39.144  -5.012  -8.884 0.4444444478
97532  -25.678  -4.627  -9.415 0.7777777910
97535  -29.412  -4.054  -9.660 0.8888888955
97537  -30.331  -4.449  -10.297 1.0000000000
97538  -32.780  -4.252  -9.782 0.8888888955
97556  -26.098  -4.149  -9.873 0.6666666865
97559  -28.930  -4.569  -9.666 0.8888888955
97561  -30.639  -4.561  -10.934 1.0000000000
97562  -31.927  -4.244  -11.235 1.0000000000
97579  -30.984  -4.565  -11.480 1.0000000000
97607  -42.657  -4.795  -14.423 0.1111111119
98745  -36.007  -2.897  -6.586 0.6666666865
98746  -36.555  -2.967  -6.729 0.6666666865
98754  -23.011  -3.579  -6.423 0.3333333433
98760  -34.053  -3.332  -7.939 0.7777777910
98763  -37.840  -3.476  -7.007 0.5555555820
98774  -33.066  -3.478  -8.898 0.7777777910
98783  -25.681  -3.496  -9.599 0.7777777910
98785  -30.113  -3.830  -9.985 1.0000000000
98798  -29.383  -3.360  -10.004 0.8888888955
98800  -30.658  -3.819  -11.454 1.0000000000
99990  -37.238  -2.283  -6.975 0.5555555820
99991  -37.598  -2.845  -7.040 0.6666666865
99998  -23.812  -2.853  -7.630 0.4444444478
100006  -37.765  -1.890  -7.302 0.5555555820
100025  -25.866  -2.554  -10.050 0.7777777910
100027  -33.143  -2.049  -9.040 0.8888888955
100039  -30.777  -3.342  -11.948 1.0000000000
100040  -31.603  -2.513  -11.169 0.8888888955
100052  -29.350  -1.887  -11.574 1.0000000000
100054  -30.881  -2.706  -12.144 1.0000000000
100055  -31.242  -2.615  -11.966 1.0000000000
100066  -39.411  -3.459  -13.635 0.1111111119
101195  -22.552  -1.734  -6.183 0.4444444478
101220  -37.494  -1.350  -7.284 0.5555555820
101221  -38.113  -1.440  -7.716 0.5555555820
101233  -38.312  -1.548  -8.615 0.5555555820
101241  -32.887  -1.596  -9.282 0.8888888955
101249  -26.209  -1.596  -10.257 0.7777777910
101253  -32.119  -1.558  -10.736 1.0000000000
101264  -28.370  -1.312  -11.533 1.0000000000
102387  -21.037  0.300  -4.549 0.1111111119
102434  -33.620  0.057  -7.649 0.7777777910
102436  -35.163  -0.482  -6.743 0.6666666865
102454  -38.272  -0.804  -7.893 0.5555555820
102461  -24.663  -0.797  -9.255 0.7777777910
102465  -38.459  -0.774  -9.338 0.3333333433
102473  -26.642  -0.548  -10.453 0.7777777910
102488  -28.655  -0.362  -11.675 1.0000000000
102490  -30.159  -0.551  -11.564 1.0000000000
103455  -21.132  0.861  -4.582 0.1111111119
103456  -21.691  0.795  -5.127 0.1111111119
103483  -35.557  0.602  -6.501 0.6666666865
103485  -37.173  0.729  -6.796 0.5555555820
103497  -23.394  0.553  -6.963 0.4444444478
103502  -37.616  0.769  -7.348 0.5555555820
103517  -32.971  0.626  -8.049 0.8888888955
103523  -24.718  0.180  -9.087 0.5555555820
103525  -31.878  0.856  -9.790 0.8888888955
103534  -26.725  0.547  -10.869 0.7777777910
103536  -32.019  0.214  -9.900 0.8888888955
103550  -30.926  0.370  -10.876 0.8888888955
104539  -34.323  1.947  -6.584 0.7777777910
104554  -22.768  1.983  -6.484 0.2222222239
104560  -32.729  1.979  -8.266 0.7777777910
104564  -37.360  1.611  -7.036 0.4444444478
104565  -37.811  1.655  -7.651 0.1111111119
104577  -24.146  1.470  -8.282 0.5555555820
104579  -32.719  1.353  -8.255 0.8888888955
104587  -32.110  1.518  -9.566 0.8888888955
104595  -26.290  1.475  -10.622 0.7777777910
104597  -31.344  1.446  -10.863 0.8888888955
104608  -30.395  1.522  -11.745 0.8888888955
104617  -27.177  1.936  -11.347 0.7777777910
105570  -22.099  2.645  -5.339 0.1111111119
105580  -21.943  2.510  -5.267 0.1111111119
105581  -22.360  2.829  -5.710 0.1111111119
105607  -33.889  2.663  -6.653 0.6666666865
105621  -22.727  2.729  -6.375 0.1111111119
105642  -23.948  2.685  -7.898 0.4444444478
105645  -31.985  2.446  -9.425 0.7777777910
105658  -31.451  2.389  -10.061 0.7777777910
105682  -26.744  2.425  -11.108 0.6666666865
105685  -29.231  2.656  -11.634 0.7777777910
105699  -27.163  2.196  -11.349 0.7777777910
105700  -28.766  2.968  -11.546 0.7777777910
105701  -28.925  2.861  -11.599 0.7777777910
106588  -22.127  3.652  -5.674 0.1111111119
106627  -23.933  3.598  -7.306 0.2222222239
106633  -32.255  3.489  -8.167 0.6666666865
106635  -33.437  3.595  -6.876 0.6666666865
106636  -37.510  3.335  -6.751 0.2222222239
106652  -24.677  4.122  -8.314 0.3333333433
106673  -38.319  3.857  -8.907 0.1111111119
106684  -29.952  3.558  -11.389 0.7777777910
106702  -28.859  3.497  -11.482 0.7777777910
106717  -28.860  3.186  -11.550 0.7777777910
107655  -22.360  4.074  -5.697 0.1111111119
107683  -36.509  4.284  -6.442 0.4444444478
107710  -38.152  4.368  -7.538 0.1111111119
107730  -31.479  4.360  -9.376 0.6666666865
107764  -30.522  4.462  -10.685 0.6666666865
107779  -28.285  4.404  -11.243 0.5555555820
108858  -34.600  5.882  -6.448 0.4444444478
108881  -33.202  5.546  -7.167 0.5555555820
108883  -37.672  5.276  -7.184 0.1111111119
108884  -38.224  5.114  -7.746 0.1111111119
108948  -27.753  5.073  -10.807 0.5555555820
110017  -35.866  6.291  -6.308 0.3333333433
110018  -36.575  5.947  -6.413 0.2222222239
110037  -37.535  6.298  -7.258 0.1111111119
110058  -25.785  6.322  -9.371 0.3333333433
110061  -31.896  6.980  -9.342 0.6666666865
110071  -27.380  6.439  -10.442 0.6666666865
111303  -35.587  7.190  -6.450 0.3333333433
111323  -34.463  7.561  -6.872 0.4444444478
111338  -33.054  8.126  -7.829 0.6666666865
111345  -27.320  7.489  -10.063 0.3333333433
112472  -35.366  7.741  -6.570 0.1111111119
112474  -36.422  7.913  -6.672 0.1111111119
112483  -26.090  7.661  -8.362 0.1111111119
112488  -36.847  8.372  -7.101 0.1111111119
112517  -31.298  8.446  -10.910 0.6666666865
112533  -29.508  8.773  -12.517 0.5555555820
112534  -29.865  8.972  -12.667 0.5555555820
113601  -35.304  9.416  -7.371 0.2222222239
113625  -27.612  8.295  -9.464 0.3333333433
113641  -28.989  9.494  -12.974 0.5555555820
114648  -35.061  10.189  -7.652 0.1111111119
114650  -36.775  10.334  -7.573 0.1111111119
114663  -34.629  10.464  -8.084 0.3333333433
114664  -35.189  10.647  -7.873 0.1111111119
114666  -37.813  10.262  -7.941 0.1111111119
114673  -27.873  9.662  -9.381 0.1111111119
114675  -32.010  10.287  -9.809 0.6666666865
114688  -29.146  9.836  -13.162 0.5555555820
114694  -28.945  10.865  -13.154 0.4444444478
115706  -34.297  11.142  -8.754 0.2222222239
115749  -28.806  11.905  -13.295 0.3333333433
115750  -29.247  11.939  -13.407 0.4444444478
115751  -29.704  12.014  -13.394 0.4444444478
116721  -37.277  11.947  -8.504 0.1111111119
116726  -29.305  12.868  -9.766 0.1111111119
116727  -29.455  12.860  -9.869 0.1111111119
116728  -34.223  12.402  -9.669 0.2222222239
116729  -34.955  12.874  -9.514 0.2222222239
116738  -29.454  12.984  -10.094 0.2222222239
116739  -33.095  12.380  -10.627 0.2222222239
116749  -32.739  12.669  -11.145 0.4444444478
116756  -28.747  12.495  -12.948 0.3333333433
116769  -28.971  12.199  -13.265 0.4444444478
117687  -29.295  13.202  -10.165 0.1111111119
117690  -35.277  13.915  -10.084 0.2222222239
117696  -28.394  13.372  -11.629 0.3333333433
117705  -28.934  13.170  -12.671 0.3333333433
117718  -29.032  14.073  -13.174 0.3333333433
118583  -28.788  14.219  -11.607 0.3333333433
118593  -28.739  14.143  -12.591 0.3333333433
118609  -29.102  14.428  -13.714 0.3333333433
118610  -29.599  14.483  -14.155 0.3333333433
118624  -28.867  14.834  -13.860 0.3333333433
118625  -29.065  14.851  -14.224 0.3333333433
119480  -34.666  15.934  -10.016 0.1111111119
119481  -35.129  15.439  -9.924 0.1111111119
119489  -32.581  15.189  -11.250 0.2222222239
119492  -34.682  14.947  -10.314 0.1111111119
119517  -29.085  15.532  -13.876 0.3333333433
119518  -29.507  15.355  -14.203 0.3333333433
119532  -28.878  15.148  -14.066 0.3333333433
119533  -29.116  15.206  -14.251 0.3333333433
119534  -29.342  15.249  -14.305 0.3333333433
120494  -35.798  16.281  -9.514 0.1111111119
120495  -36.801  16.428  -9.607 0.1111111119
120511  -32.513  16.557  -11.392 0.2222222239
120512  -33.089  16.350  -11.148 0.1111111119
120523  -29.439  15.709  -13.896 0.2222222239
121475  -35.195  17.123  -9.815 0.1111111119
122482  -32.649  18.118  -11.256 0.1111111119
122486  -36.233  18.373  -10.399 0.1111111119
122500  -36.788  18.746  -10.778 0.1111111119
123481  -29.427  20.038  -10.312 0.1111111119
123504  -36.443  18.954  -10.725 0.1111111119
124523  -34.832  20.390  -11.561 0.1111111119
125538  -29.883  21.185  -12.633 0.1111111119
