#!ascii label  , from subject 3080 vox2ras=TkReg
841
114429  47.170  8.482  42.122 0.0000000000
114492  53.016  8.293  34.241 0.0000000000
118030  45.488  12.254  32.077 0.0000000000
115724  52.784  9.475  27.290 0.0000000000
112025  45.123  6.524  37.664 0.0000000000
121354  51.244  14.614  36.206 0.0000000000
116907  54.483  11.002  29.339 0.0000000000
119174  43.460  12.565  28.999 0.0000000000
115619  55.882  9.793  38.611 0.0000000000
116808  50.004  10.140  37.816 0.0000000000
109647  50.077  5.390  33.679 0.0000000000
123466  45.348  16.769  26.509 0.0000000000
119244  44.478  12.283  24.663 0.0000000000
116859  50.790  10.322  33.529 0.0000000000
118105  49.641  12.404  27.420 0.0000000000
122475  43.156  15.523  29.351 0.0000000000
116770  50.858  11.162  40.422 0.0000000000
116786  47.730  10.473  39.896 0.0000000000
110804  48.057  5.680  35.499 0.0000000000
122457  47.429  16.024  31.173 0.0000000000
123450  47.574  16.762  28.363 0.0000000000
121413  45.457  14.529  29.593 0.0000000000
120302  44.222  13.823  26.638 0.0000000000
118092  45.385  11.591  28.164 0.0000000000
114462  54.744  9.079  37.059 0.0000000000
116805  52.744  10.989  37.193 0.0000000000
116842  54.577  10.188  33.862 0.0000000000
119213  54.192  12.224  26.557 0.0000000000
118086  52.197  12.334  28.431 0.0000000000
119216  50.898  12.272  26.650 0.0000000000
116948  48.368  10.837  26.053 0.0000000000
115726  50.573  9.941  27.595 0.0000000000
113350  49.578  7.198  29.848 0.0000000000
113246  44.451  7.767  41.860 0.0000000000
114440  45.220  8.660  39.569 0.0000000000
121367  47.661  14.256  34.435 0.0000000000
112075  52.454  6.977  31.633 0.0000000000
115680  54.123  9.496  32.018 0.0000000000
114549  53.675  9.272  29.100 0.0000000000
116929  56.061  10.864  27.394 0.0000000000
119092  56.543  12.258  40.231 0.0000000000
116756  54.854  10.616  41.089 0.0000000000
115623  53.603  9.420  38.528 0.0000000000
114465  52.084  8.417  36.029 0.0000000000
114456  47.342  8.990  37.093 0.0000000000
113270  49.536  7.671  36.057 0.0000000000
112039  51.312  6.979  34.093 0.0000000000
109691  52.120  4.870  31.341 0.0000000000
111988  41.585  7.092  43.641 0.0000000000
125287  47.138  18.458  27.652 0.0000000000
125302  44.312  18.172  27.522 0.0000000000
122489  42.873  14.721  26.446 0.0000000000
118111  43.380  11.843  27.340 0.0000000000
114589  43.913  8.767  26.092 0.0000000000
120201  52.584  13.246  38.797 0.0000000000
117990  49.281  12.168  36.367 0.0000000000
118018  47.611  11.400  34.151 0.0000000000
118027  53.126  11.205  31.791 0.0000000000
118056  50.170  10.906  30.702 0.0000000000
116909  47.234  10.914  29.666 0.0000000000
118124  46.495  11.517  25.930 0.0000000000
115739  46.169  9.661  25.416 0.0000000000
122476  42.562  15.904  29.811 0.0000000000
124353  42.921  16.993  29.072 0.0000000000
116772  48.550  10.526  40.916 0.0000000000
116773  47.515  9.769  40.946 0.0000000000
121392  46.084  14.058  32.034 0.0000000000
121406  46.265  14.817  30.992 0.0000000000
120274  45.554  13.530  30.879 0.0000000000
119173  45.002  12.796  29.398 0.0000000000
119172  45.218  12.216  29.910 0.0000000000
114479  54.171  8.461  35.696 0.0000000000
115660  54.897  9.507  35.499 0.0000000000
114500  54.722  8.985  34.192 0.0000000000
118117  53.453  11.710  26.416 0.0000000000
119214  53.116  12.316  26.651 0.0000000000
116945  51.950  11.384  26.789 0.0000000000
118103  50.615  11.271  26.778 0.0000000000
115725  51.666  9.808  27.697 0.0000000000
115711  50.941  9.093  28.193 0.0000000000
115710  52.043  8.895  28.141 0.0000000000
113251  43.019  8.066  40.135 0.0000000000
122420  49.069  15.261  34.293 0.0000000000
121364  49.895  14.774  35.298 0.0000000000
110873  52.680  6.256  30.600 0.0000000000
113347  52.952  7.828  30.108 0.0000000000
112112  53.390  7.306  29.317 0.0000000000
114565  56.719  8.876  27.307 0.0000000000
115746  57.314  9.407  26.139 0.0000000000
118131  56.465  10.566  25.710 0.0000000000
116797  50.573  10.400  38.664 0.0000000000
116782  52.410  10.460  39.473 0.0000000000
116806  51.571  9.673  38.088 0.0000000000
114453  52.571  8.871  36.905 0.0000000000
114454  51.357  8.851  36.706 0.0000000000
113260  45.073  7.731  38.222 0.0000000000
114446  46.144  8.879  38.124 0.0000000000
113265  46.529  7.376  37.109 0.0000000000
109630  48.960  4.940  34.639 0.0000000000
112033  48.706  6.545  35.274 0.0000000000
112041  49.826  6.640  34.581 0.0000000000
113294  50.454  7.464  34.739 0.0000000000
112053  50.564  6.491  33.975 0.0000000000
110831  51.424  5.934  32.677 0.0000000000
108541  50.909  4.557  32.600 0.0000000000
107336  53.240  2.798  31.984 0.0000000000
123460  46.570  16.956  27.291 0.0000000000
124370  47.392  17.604  27.228 0.0000000000
124371  46.461  17.529  27.027 0.0000000000
125301  45.276  18.209  27.157 0.0000000000
125306  44.800  17.951  26.708 0.0000000000
123462  43.484  16.529  27.156 0.0000000000
122494  44.268  15.588  26.155 0.0000000000
119221  44.278  12.751  26.161 0.0000000000
119222  43.599  12.720  26.497 0.0000000000
118139  43.563  11.860  25.193 0.0000000000
115730  43.520  9.579  26.489 0.0000000000
115740  43.908  9.868  25.530 0.0000000000
117964  55.687  11.226  39.255 0.0000000000
120196  54.753  13.239  39.719 0.0000000000
117966  53.966  11.822  39.171 0.0000000000
116833  51.458  10.684  35.456 0.0000000000
117988  51.692  11.296  37.000 0.0000000000
116834  50.157  10.913  35.584 0.0000000000
118009  48.430  11.489  34.892 0.0000000000
116860  49.575  10.497  33.635 0.0000000000
115693  54.235  10.321  30.840 0.0000000000
116870  54.332  10.867  31.805 0.0000000000
118037  54.237  11.286  30.747 0.0000000000
118087  51.202  12.196  28.317 0.0000000000
118070  51.084  11.576  29.232 0.0000000000
118071  50.048  11.308  29.447 0.0000000000
116899  48.819  10.742  30.780 0.0000000000
118089  48.666  11.474  28.517 0.0000000000
118090  47.243  11.331  27.938 0.0000000000
119202  48.297  12.215  26.454 0.0000000000
115729  47.845  9.680  26.667 0.0000000000
115750  47.281  9.932  25.407 0.0000000000
114572  46.605  8.688  27.008 0.0000000000
114573  45.876  8.340  26.642 0.0000000000
122395  53.347  14.933  36.680 0.0000000000
121408  43.232  14.737  30.188 0.0000000000
120276  43.527  13.582  29.532 0.0000000000
117952  51.584  11.382  41.970 0.0000000000
117961  49.991  11.253  41.904 0.0000000000
116771  49.711  11.097  40.862 0.0000000000
116798  49.418  10.608  38.665 0.0000000000
112029  46.601  6.137  36.609 0.0000000000
123433  47.804  16.612  30.220 0.0000000000
122473  46.166  16.040  28.810 0.0000000000
122480  45.383  15.706  27.910 0.0000000000
122487  44.709  15.288  26.893 0.0000000000
121420  44.796  14.628  28.130 0.0000000000
119203  44.500  12.961  27.282 0.0000000000
118126  44.879  12.098  26.477 0.0000000000
115631  55.122  9.302  37.765 0.0000000000
116792  54.450  10.659  38.020 0.0000000000
115647  54.813  9.451  36.580 0.0000000000
116831  53.864  10.321  35.046 0.0000000000
116844  52.972  10.619  34.222 0.0000000000
119180  54.331  12.282  27.898 0.0000000000
118067  53.769  12.064  29.000 0.0000000000
119181  53.506  12.513  27.985 0.0000000000
119198  51.715  12.635  26.998 0.0000000000
119199  50.639  12.573  26.853 0.0000000000
119218  48.876  12.378  26.079 0.0000000000
118120  50.083  11.656  26.386 0.0000000000
116933  49.223  10.545  26.985 0.0000000000
115713  48.964  9.501  27.968 0.0000000000
113371  50.195  7.539  29.176 0.0000000000
114431  45.341  8.224  41.450 0.0000000000
114435  45.904  8.726  41.212 0.0000000000
114432  44.472  8.353  40.982 0.0000000000
114441  44.556  8.068  39.048 0.0000000000
112018  44.474  6.268  37.974 0.0000000000
122444  49.376  16.240  32.613 0.0000000000
121389  48.054  14.919  33.240 0.0000000000
120254  46.530  13.576  33.850 0.0000000000
114512  53.155  8.392  32.915 0.0000000000
114510  54.400  9.180  33.427 0.0000000000
113324  53.315  8.378  31.989 0.0000000000
114529  53.785  9.198  30.935 0.0000000000
115700  53.963  9.769  29.575 0.0000000000
114547  54.981  8.490  27.878 0.0000000000
114567  54.828  9.756  27.991 0.0000000000
116918  54.819  11.168  28.462 0.0000000000
119194  55.522  12.114  26.823 0.0000000000
118116  54.631  11.497  26.143 0.0000000000
115735  53.850  9.630  26.486 0.0000000000
114569  53.117  8.053  27.221 0.0000000000
116754  56.406  10.938  40.713 0.0000000000
115602  55.819  9.640  39.537 0.0000000000
116768  53.005  10.792  40.548 0.0000000000
116781  53.582  9.941  39.479 0.0000000000
115622  54.691  9.311  38.430 0.0000000000
115633  54.197  9.177  37.794 0.0000000000
114464  53.331  8.567  36.264 0.0000000000
114480  52.832  8.203  35.146 0.0000000000
115614  46.362  9.552  39.344 0.0000000000
115626  47.267  9.982  38.014 0.0000000000
115638  48.119  9.529  37.218 0.0000000000
113272  47.348  7.444  36.647 0.0000000000
114468  48.880  8.138  36.519 0.0000000000
114467  49.803  8.351  36.385 0.0000000000
114466  50.781  8.269  35.916 0.0000000000
114481  51.596  8.080  35.064 0.0000000000
113304  52.239  7.409  33.683 0.0000000000
112063  51.899  6.748  32.758 0.0000000000
110851  52.038  5.904  31.821 0.0000000000
109708  52.593  5.295  30.701 0.0000000000
108540  51.461  3.884  32.250 0.0000000000
108565  53.476  3.997  30.593 0.0000000000
113238  44.460  7.170  42.861 0.0000000000
113239  43.454  7.548  42.459 0.0000000000
111989  40.680  7.168  43.211 0.0000000000
126149  47.932  18.778  27.167 0.0000000000
125272  47.011  18.670  28.534 0.0000000000
124363  43.308  17.209  28.326 0.0000000000
122482  43.267  15.301  28.309 0.0000000000
120282  43.409  13.476  28.424 0.0000000000
120312  43.305  14.408  25.797 0.0000000000
120295  43.349  13.544  26.931 0.0000000000
119187  43.260  12.612  28.019 0.0000000000
121342  51.447  14.196  37.103 0.0000000000
117976  52.613  11.523  37.733 0.0000000000
119106  50.963  12.503  37.642 0.0000000000
121343  50.489  14.159  36.583 0.0000000000
120230  48.730  13.603  35.771 0.0000000000
118010  47.301  12.063  34.771 0.0000000000
116863  46.672  11.438  32.932 0.0000000000
116855  54.403  10.378  32.906 0.0000000000
116856  53.949  10.511  33.130 0.0000000000
116873  52.089  10.732  32.273 0.0000000000
118053  52.911  11.437  30.030 0.0000000000
116886  51.613  10.815  31.619 0.0000000000
116875  49.937  10.474  32.623 0.0000000000
116876  48.854  10.684  32.641 0.0000000000
116891  47.210  10.758  31.487 0.0000000000
118043  46.232  11.359  31.244 0.0000000000
116910  46.294  11.088  29.501 0.0000000000
118108  46.371  11.310  26.837 0.0000000000
118138  45.449  11.604  25.187 0.0000000000
118136  47.468  11.318  25.473 0.0000000000
116960  46.686  10.675  24.943 0.0000000000
115753  45.202  9.994  24.888 0.0000000000
114588  44.699  8.784  25.756 0.0000000000
112095  47.408  6.654  30.842 0.0000000000
124336  42.310  17.074  30.250 0.0000000000
124352  43.067  17.405  29.343 0.0000000000
116761  47.737  9.346  41.575 0.0000000000
115597  47.007  9.072  41.446 0.0000000000
120269  45.608  13.491  31.912 0.0000000000
121400  45.957  14.159  31.327 0.0000000000
119158  45.358  12.743  31.609 0.0000000000
119163  45.202  12.667  30.503 0.0000000000
118044  45.444  11.981  31.431 0.0000000000
114491  54.043  8.489  34.721 0.0000000000
114490  54.759  8.931  35.136 0.0000000000
115736  53.257  10.237  26.772 0.0000000000
116944  52.678  10.894  26.936 0.0000000000
116930  52.127  10.277  27.286 0.0000000000
122407  52.278  15.143  35.841 0.0000000000
122408  50.995  14.997  35.433 0.0000000000
122419  50.227  15.294  34.699 0.0000000000
122409  50.347  14.896  35.301 0.0000000000
110887  53.382  6.247  29.512 0.0000000000
110888  52.837  6.869  29.955 0.0000000000
114582  57.417  8.702  26.636 0.0000000000
114595  57.276  8.855  26.234 0.0000000000
115747  57.181  9.548  25.979 0.0000000000
118076  43.443  11.594  29.565 0.0000000000
116807  51.010  9.792  38.012 0.0000000000
115635  51.788  9.350  37.634 0.0000000000
115636  50.532  9.328  37.265 0.0000000000
113266  45.433  7.366  37.736 0.0000000000
114458  45.942  7.960  37.537 0.0000000000
112024  46.000  6.468  36.970 0.0000000000
109629  49.562  5.093  34.200 0.0000000000
110807  49.207  5.897  34.622 0.0000000000
110806  49.725  5.886  34.144 0.0000000000
112054  50.217  6.453  34.189 0.0000000000
110817  50.800  5.895  33.294 0.0000000000
109646  50.487  4.886  33.090 0.0000000000
123461  45.674  16.561  27.146 0.0000000000
123465  46.031  16.976  26.798 0.0000000000
124379  45.157  17.539  26.535 0.0000000000
123467  44.638  16.731  26.255 0.0000000000
122493  44.836  16.299  26.293 0.0000000000
119234  44.170  12.860  25.099 0.0000000000
119235  43.722  12.519  25.505 0.0000000000
119246  43.763  12.482  24.908 0.0000000000
116963  44.006  11.061  24.926 0.0000000000
116777  56.150  10.374  39.099 0.0000000000
117968  55.629  10.704  38.785 0.0000000000
116845  51.773  10.632  34.395 0.0000000000
116846  50.496  10.586  34.552 0.0000000000
116847  49.284  11.051  34.627 0.0000000000
116897  54.365  10.902  30.322 0.0000000000
118051  54.148  11.335  29.660 0.0000000000
118088  49.988  12.132  28.161 0.0000000000
118106  49.077  12.209  27.341 0.0000000000
114571  47.547  9.005  27.334 0.0000000000
114585  47.218  9.111  26.598 0.0000000000
122468  42.800  15.508  30.067 0.0000000000
121415  43.406  14.509  28.900 0.0000000000
117953  50.694  11.274  42.418 0.0000000000
117954  49.949  10.884  42.685 0.0000000000
116785  48.875  10.859  39.744 0.0000000000
122456  48.182  16.246  31.496 0.0000000000
123432  48.675  16.808  30.403 0.0000000000
122467  45.963  14.925  29.810 0.0000000000
122466  46.570  15.546  30.095 0.0000000000
122474  45.723  15.336  29.217 0.0000000000
121419  45.220  14.940  28.800 0.0000000000
122481  44.770  15.090  27.523 0.0000000000
121414  44.988  14.331  29.006 0.0000000000
118075  44.839  12.372  28.830 0.0000000000
119186  44.623  12.952  28.354 0.0000000000
118093  44.686  12.153  28.191 0.0000000000
118110  44.717  12.066  27.172 0.0000000000
116803  54.796  10.033  37.222 0.0000000000
116830  54.616  10.020  34.790 0.0000000000
116818  54.630  9.997  35.857 0.0000000000
116843  54.003  10.474  34.052 0.0000000000
119170  54.038  12.288  28.482 0.0000000000
119196  53.824  12.533  27.147 0.0000000000
119215  52.045  12.299  26.794 0.0000000000
119197  52.778  12.641  27.095 0.0000000000
119217  49.612  12.218  26.187 0.0000000000
116932  50.170  10.678  27.020 0.0000000000
115727  49.532  9.973  27.509 0.0000000000
115712  49.807  9.247  28.051 0.0000000000
114552  51.344  8.126  28.442 0.0000000000
113370  50.913  7.464  28.837 0.0000000000
114438  43.820  8.167  39.606 0.0000000000
114442  43.980  7.811  39.191 0.0000000000
113254  44.095  7.643  38.914 0.0000000000
113262  43.834  7.027  38.644 0.0000000000
122421  48.554  14.988  34.101 0.0000000000
122434  48.606  15.300  33.587 0.0000000000
121378  47.483  14.543  33.684 0.0000000000
121379  46.805  14.309  33.424 0.0000000000
121368  47.041  14.117  34.042 0.0000000000
113316  52.831  7.954  32.572 0.0000000000
113315  53.251  8.385  32.456 0.0000000000
113325  53.076  7.703  31.420 0.0000000000
113346  53.185  8.213  29.825 0.0000000000
113332  53.497  8.416  30.945 0.0000000000
114538  53.649  9.109  30.149 0.0000000000
115708  53.959  9.773  29.096 0.0000000000
112130  54.847  7.289  28.425 0.0000000000
113365  55.494  7.911  27.876 0.0000000000
115720  56.318  9.861  27.237 0.0000000000
114566  55.533  9.059  27.607 0.0000000000
115721  55.255  10.282  27.784 0.0000000000
115706  54.951  10.766  28.178 0.0000000000
118082  55.728  11.559  27.503 0.0000000000
118101  56.097  11.550  26.807 0.0000000000
116957  55.549  10.246  25.627 0.0000000000
118133  55.360  10.990  25.790 0.0000000000
116942  54.690  10.453  26.053 0.0000000000
115734  54.926  9.250  25.843 0.0000000000
114584  54.134  8.312  26.297 0.0000000000
117949  55.290  10.863  41.467 0.0000000000
116744  56.303  11.162  41.462 0.0000000000
116755  55.781  10.760  41.055 0.0000000000
116765  56.138  10.165  40.120 0.0000000000
116766  55.335  10.015  40.103 0.0000000000
117959  51.626  11.405  41.021 0.0000000000
117951  52.401  11.295  41.408 0.0000000000
117958  52.267  11.279  40.770 0.0000000000
116795  52.879  9.829  38.864 0.0000000000
115613  53.729  9.563  39.026 0.0000000000
115612  54.247  9.459  39.073 0.0000000000
115606  45.635  8.984  40.071 0.0000000000
115605  46.263  9.281  40.570 0.0000000000
115615  45.797  9.053  39.425 0.0000000000
114457  46.611  8.513  37.352 0.0000000000
115627  46.504  9.496  38.213 0.0000000000
115639  47.103  9.362  37.502 0.0000000000
110799  47.467  5.397  35.911 0.0000000000
112022  47.201  6.638  36.601 0.0000000000
112028  47.617  6.406  36.220 0.0000000000
113283  48.877  7.027  35.510 0.0000000000
113271  48.527  7.235  36.078 0.0000000000
113281  50.159  7.774  35.508 0.0000000000
112040  50.892  6.918  34.257 0.0000000000
114493  50.985  7.936  34.565 0.0000000000
113293  51.531  7.438  34.286 0.0000000000
113280  52.170  7.890  34.772 0.0000000000
113305  51.769  7.116  33.891 0.0000000000
112051  51.857  6.945  33.375 0.0000000000
109692  51.670  5.319  31.979 0.0000000000
110830  51.759  6.208  32.412 0.0000000000
108539  52.101  3.259  32.084 0.0000000000
108552  53.551  3.335  31.354 0.0000000000
111996  44.947  6.804  43.149 0.0000000000
111987  42.490  6.878  43.845 0.0000000000
113227  43.385  7.192  43.327 0.0000000000
113228  42.506  7.386  43.080 0.0000000000
113240  42.481  7.544  42.131 0.0000000000
113229  41.641  7.365  42.765 0.0000000000
125299  47.257  18.116  27.120 0.0000000000
125298  48.170  18.235  26.947 0.0000000000
126139  47.757  19.112  28.029 0.0000000000
125291  43.657  17.694  28.408 0.0000000000
125303  43.737  17.839  27.979 0.0000000000
122488  42.998  15.246  27.056 0.0000000000
121421  43.207  14.243  27.654 0.0000000000
121431  44.247  14.669  26.434 0.0000000000
121440  44.267  14.650  26.082 0.0000000000
120310  43.996  14.160  26.109 0.0000000000
119204  43.351  12.827  27.272 0.0000000000
116923  43.238  10.624  28.061 0.0000000000
120195  55.740  13.248  39.761 0.0000000000
120197  53.752  13.258  39.292 0.0000000000
121322  54.173  14.134  39.069 0.0000000000
121328  53.106  13.994  38.572 0.0000000000
121332  53.170  14.434  37.707 0.0000000000
121333  52.209  13.965  37.885 0.0000000000
116804  53.546  10.792  37.315 0.0000000000
117975  53.401  11.155  37.877 0.0000000000
117989  50.363  11.625  36.770 0.0000000000
117978  50.710  11.999  37.389 0.0000000000
119107  50.406  12.728  37.397 0.0000000000
120216  50.625  13.644  37.128 0.0000000000
120217  49.740  13.489  36.747 0.0000000000
120229  49.315  13.783  36.169 0.0000000000
119118  49.144  12.799  36.544 0.0000000000
118017  48.242  11.344  34.258 0.0000000000
118011  46.638  12.270  34.164 0.0000000000
116862  47.203  11.078  33.283 0.0000000000
115679  54.472  9.782  32.601 0.0000000000
118026  53.761  11.409  31.559 0.0000000000
116871  53.884  11.009  32.331 0.0000000000
116872  53.167  10.740  32.428 0.0000000000
116857  53.070  10.404  33.223 0.0000000000
118028  52.631  10.986  31.961 0.0000000000
118068  52.957  11.744  29.093 0.0000000000
118069  52.070  11.742  29.190 0.0000000000
118055  51.083  11.256  30.369 0.0000000000
118042  50.653  10.755  31.327 0.0000000000
116887  51.112  10.743  31.771 0.0000000000
116888  50.235  10.678  31.687 0.0000000000
116889  49.267  10.676  31.754 0.0000000000
116908  48.246  10.833  29.709 0.0000000000
116900  47.736  10.675  30.624 0.0000000000
116901  46.752  10.946  30.447 0.0000000000
118058  45.947  11.312  30.087 0.0000000000
118091  46.171  11.308  27.909 0.0000000000
118134  48.878  11.920  25.577 0.0000000000
119232  48.219  12.025  25.711 0.0000000000
118135  48.273  11.560  25.704 0.0000000000
115738  46.577  9.589  25.686 0.0000000000
115751  46.727  10.011  25.133 0.0000000000
115752  45.925  9.912  25.029 0.0000000000
116961  45.661  10.803  24.925 0.0000000000
114599  45.393  9.524  25.155 0.0000000000
114600  44.949  9.290  25.151 0.0000000000
114587  45.588  9.086  25.790 0.0000000000
113373  45.232  7.674  27.443 0.0000000000
113387  45.116  7.993  26.398 0.0000000000
113351  48.354  7.640  29.798 0.0000000000
113335  48.389  7.014  30.422 0.0000000000
122469  42.262  15.812  30.595 0.0000000000
123445  42.844  16.378  29.280 0.0000000000
116759  49.296  10.682  41.935 0.0000000000
116760  48.422  9.800  42.017 0.0000000000
122446  47.079  15.311  32.104 0.0000000000
122458  46.668  15.245  31.364 0.0000000000
121399  46.324  14.639  31.713 0.0000000000
121407  45.882  14.488  30.415 0.0000000000
120280  45.441  13.927  30.159 0.0000000000
120281  45.103  13.699  29.600 0.0000000000
120275  45.248  13.390  30.237 0.0000000000
118074  45.293  11.730  29.277 0.0000000000
114478  54.737  8.952  36.113 0.0000000000
115667  54.925  9.592  34.526 0.0000000000
118118  52.423  11.838  26.588 0.0000000000
118119  51.340  11.739  26.667 0.0000000000
116931  51.384  10.805  27.135 0.0000000000
114551  52.265  7.905  28.184 0.0000000000
113247  43.390  8.014  41.332 0.0000000000
113248  42.300  7.406  41.000 0.0000000000
122433  49.703  15.873  33.401 0.0000000000
121365  49.247  14.816  35.010 0.0000000000
121357  48.661  14.234  35.250 0.0000000000
112092  52.790  7.145  30.697 0.0000000000
112113  52.871  7.525  30.033 0.0000000000
113367  53.753  8.227  28.786 0.0000000000
113384  56.321  8.277  27.614 0.0000000000
115719  57.106  9.427  26.787 0.0000000000
116928  56.694  10.369  26.585 0.0000000000
118100  56.523  11.023  26.228 0.0000000000
116941  56.888  10.393  26.103 0.0000000000
115748  56.715  9.499  25.730 0.0000000000
116746  54.381  10.951  41.645 0.0000000000
116783  51.245  10.691  39.475 0.0000000000
116769  51.921  11.133  40.208 0.0000000000
116796  51.754  10.062  38.552 0.0000000000
115624  52.476  9.536  38.241 0.0000000000
115634  53.082  9.192  37.701 0.0000000000
114447  45.499  8.391  38.341 0.0000000000
115628  46.061  9.063  38.681 0.0000000000
113273  46.818  7.869  36.859 0.0000000000
110803  48.631  5.588  34.994 0.0000000000
112034  48.125  6.216  35.679 0.0000000000
112042  49.227  6.399  34.790 0.0000000000
113282  49.470  7.182  35.270 0.0000000000
113295  49.919  7.126  34.847 0.0000000000
112052  51.440  6.685  33.584 0.0000000000
110816  51.216  6.187  33.197 0.0000000000
109669  50.931  5.343  32.754 0.0000000000
109668  51.276  4.937  32.269 0.0000000000
108538  53.985  2.978  31.908 0.0000000000
123459  47.479  17.065  27.621 0.0000000000
125300  46.350  18.031  27.322 0.0000000000
125288  46.174  18.330  27.944 0.0000000000
124372  45.801  17.768  26.898 0.0000000000
124373  44.065  18.052  26.933 0.0000000000
124374  43.704  17.621  27.236 0.0000000000
124381  43.804  17.106  26.778 0.0000000000
123468  43.928  16.564  26.338 0.0000000000
122495  43.492  15.493  26.431 0.0000000000
120303  43.548  13.759  26.216 0.0000000000
118127  43.518  11.786  26.143 0.0000000000
116936  43.439  10.657  26.933 0.0000000000
116950  43.668  10.818  25.826 0.0000000000
117963  56.431  11.349  39.765 0.0000000000
119090  55.623  12.616  39.816 0.0000000000
119094  55.132  12.244  39.845 0.0000000000
119095  54.142  12.386  39.470 0.0000000000
119098  53.598  12.076  39.130 0.0000000000
116820  52.449  10.785  36.494 0.0000000000
117987  52.364  11.097  37.125 0.0000000000
116821  51.053  10.923  36.328 0.0000000000
116822  50.380  11.119  36.237 0.0000000000
117999  50.024  11.221  36.138 0.0000000000
118008  49.137  11.321  35.139 0.0000000000
116848  48.580  11.253  34.356 0.0000000000
116861  48.392  11.055  33.669 0.0000000000
115686  54.419  10.157  31.635 0.0000000000
116885  54.473  10.773  31.106 0.0000000000
118025  54.107  11.404  31.281 0.0000000000
118057  49.443  10.831  30.627 0.0000000000
118072  49.216  11.096  29.988 0.0000000000
116919  47.642  11.032  28.896 0.0000000000
118107  47.882  11.831  26.769 0.0000000000
116934  48.461  10.386  26.637 0.0000000000
116949  47.893  10.218  25.606 0.0000000000
116935  48.126  10.012  26.058 0.0000000000
115737  47.386  9.613  25.989 0.0000000000
114586  46.510  9.076  26.291 0.0000000000
114557  46.045  8.175  27.322 0.0000000000
121409  42.755  15.326  30.470 0.0000000000
117960  50.722  11.332  41.442 0.0000000000
116784  50.082  10.876  39.628 0.0000000000
116809  48.994  10.125  37.858 0.0000000000
110801  46.180  5.655  36.699 0.0000000000
110800  46.944  5.465  36.394 0.0000000000
109626  48.303  4.839  35.001 0.0000000000
108493  49.279  4.215  34.220 0.0000000000
108519  49.880  4.320  33.595 0.0000000000
123441  48.560  17.044  29.433 0.0000000000
123442  47.725  16.716  29.232 0.0000000000
122465  47.228  16.158  30.338 0.0000000000
123434  47.231  16.322  29.803 0.0000000000
123443  46.983  16.350  29.075 0.0000000000
123451  46.681  16.593  28.140 0.0000000000
123452  45.993  16.536  27.756 0.0000000000
122486  45.082  16.027  26.677 0.0000000000
121425  44.526  14.562  27.167 0.0000000000
120287  44.769  13.709  28.713 0.0000000000
120294  44.533  13.788  27.684 0.0000000000
119220  44.531  12.564  25.401 0.0000000000
115620  55.595  9.525  38.450 0.0000000000
116791  55.593  10.176  38.412 0.0000000000
116802  55.361  9.597  38.041 0.0000000000
116819  53.782  10.428  36.170 0.0000000000
116832  52.787  10.731  35.273 0.0000000000
118066  54.471  11.790  28.737 0.0000000000
118084  53.567  12.314  28.500 0.0000000000
118085  53.090  12.299  28.467 0.0000000000
119182  52.456  12.570  27.721 0.0000000000
119183  51.445  12.558  27.567 0.0000000000
119184  50.460  12.497  27.477 0.0000000000
119200  49.614  12.530  26.843 0.0000000000
118121  48.989  11.694  25.865 0.0000000000
118104  50.154  11.186  26.670 0.0000000000
116946  49.747  11.046  26.663 0.0000000000
116947  49.098  11.116  26.476 0.0000000000
115728  48.517  9.797  27.328 0.0000000000
114554  48.817  8.792  28.548 0.0000000000
114539  49.724  7.762  29.216 0.0000000000
114553  50.078  8.237  28.654 0.0000000000
114430  46.295  8.264  41.771 0.0000000000
115598  46.354  8.885  41.324 0.0000000000
114436  45.342  8.712  40.596 0.0000000000
114433  43.795  8.378  40.415 0.0000000000
114437  44.497  8.543  40.014 0.0000000000
114448  44.905  7.865  38.492 0.0000000000
113267  45.031  7.043  37.945 0.0000000000
123422  48.848  16.603  31.357 0.0000000000
122445  48.369  15.806  32.420 0.0000000000
121391  46.511  14.502  32.535 0.0000000000
120262  46.367  13.873  33.185 0.0000000000
119146  45.866  13.106  33.123 0.0000000000
114502  53.044  8.371  33.362 0.0000000000
114501  53.940  8.622  33.794 0.0000000000
114511  53.684  8.743  32.710 0.0000000000
114520  53.635  9.063  31.689 0.0000000000
115687  54.036  9.689  31.302 0.0000000000
115694  53.951  9.772  30.482 0.0000000000
115699  54.221  10.382  29.910 0.0000000000
112111  54.126  6.738  28.772 0.0000000000
112131  54.064  7.480  28.609 0.0000000000
113366  54.568  8.048  28.242 0.0000000000
114548  54.495  9.016  28.278 0.0000000000
115707  54.387  10.192  28.660 0.0000000000
118083  55.056  11.811  27.842 0.0000000000
119195  54.900  12.405  27.125 0.0000000000
118115  55.800  11.466  26.054 0.0000000000
119212  55.164  12.108  26.441 0.0000000000
116943  53.749  10.803  26.406 0.0000000000
115723  53.473  8.681  26.787 0.0000000000
114568  53.551  7.881  26.670 0.0000000000
117957  56.798  11.583  40.590 0.0000000000
116764  56.490  10.615  39.929 0.0000000000
115601  56.123  9.871  39.398 0.0000000000
115610  55.908  9.353  38.964 0.0000000000
116748  53.255  11.108  42.178 0.0000000000
116758  53.145  10.958  41.657 0.0000000000
116757  53.900  10.784  41.190 0.0000000000
116767  54.241  10.341  40.304 0.0000000000
116779  55.204  9.664  39.616 0.0000000000
115611  55.237  9.463  39.144 0.0000000000
115621  55.333  9.302  38.404 0.0000000000
115632  54.946  8.988  37.895 0.0000000000
114451  54.571  8.991  37.370 0.0000000000
114452  53.734  8.798  37.148 0.0000000000
114463  54.320  8.698  36.638 0.0000000000
115604  46.908  9.447  40.934 0.0000000000
116774  46.905  9.581  40.637 0.0000000000
116787  46.878  9.930  40.097 0.0000000000
116800  46.921  10.320  38.989 0.0000000000
116799  48.115  10.503  38.553 0.0000000000
115637  49.411  9.487  37.294 0.0000000000
112023  46.854  6.641  36.748 0.0000000000
114470  47.056  8.090  36.731 0.0000000000
112027  48.276  6.743  35.872 0.0000000000
114469  47.750  8.370  36.688 0.0000000000
115650  48.438  8.751  36.717 0.0000000000
115649  49.068  8.893  36.768 0.0000000000
114455  50.446  8.760  36.597 0.0000000000
114482  50.732  8.015  35.007 0.0000000000
113292  52.360  7.880  34.514 0.0000000000
112064  51.567  6.459  33.020 0.0000000000
110872  53.122  5.593  30.066 0.0000000000
108554  51.729  4.543  31.792 0.0000000000
107337  52.698  3.093  31.810 0.0000000000
108553  52.408  3.852  31.397 0.0000000000
108566  52.730  4.506  30.726 0.0000000000
109707  53.541  4.895  30.180 0.0000000000
114426  46.620  8.089  42.428 0.0000000000
113245  45.402  7.640  42.158 0.0000000000
113230  41.061  7.274  42.409 0.0000000000
124332  46.019  17.956  29.606 0.0000000000
125273  46.111  18.217  29.047 0.0000000000
124350  45.502  17.997  29.730 0.0000000000
123454  43.102  16.787  28.724 0.0000000000
123444  43.275  15.917  28.806 0.0000000000
123453  43.232  16.228  28.221 0.0000000000
122504  43.590  15.054  26.066 0.0000000000
121427  42.879  14.486  26.176 0.0000000000
121432  42.779  14.006  26.073 0.0000000000
121426  42.948  14.066  26.744 0.0000000000
120288  43.256  13.335  27.632 0.0000000000
118094  43.276  11.620  28.530 0.0000000000
122385  53.552  14.737  37.360 0.0000000000
121341  52.543  14.559  37.097 0.0000000000
121353  51.998  14.695  36.552 0.0000000000
117970  53.719  11.466  38.519 0.0000000000
119100  52.329  12.652  38.577 0.0000000000
117977  51.323  11.860  37.495 0.0000000000
119105  51.821  12.408  38.123 0.0000000000
120202  51.911  13.006  38.574 0.0000000000
120215  51.193  13.593  37.440 0.0000000000
121344  49.790  14.145  36.267 0.0000000000
121356  49.396  14.301  35.672 0.0000000000
120231  48.215  13.729  35.316 0.0000000000
118001  48.378  12.215  35.667 0.0000000000
119131  48.040  13.032  35.494 0.0000000000
120241  47.716  13.618  34.971 0.0000000000
119139  46.808  12.808  34.344 0.0000000000
119145  46.233  12.721  33.566 0.0000000000
118029  46.108  11.840  32.432 0.0000000000
115673  54.717  9.707  33.618 0.0000000000
116858  51.964  10.500  33.361 0.0000000000
118052  53.625  11.437  29.878 0.0000000000
118038  53.689  11.528  30.819 0.0000000000
118039  52.966  11.571  31.017 0.0000000000
118054  52.053  11.363  30.184 0.0000000000
118040  52.116  11.043  31.284 0.0000000000
116874  51.019  10.505  32.526 0.0000000000
116890  48.251  10.582  31.646 0.0000000000
116877  47.746  10.746  32.534 0.0000000000
116878  46.816  11.115  32.335 0.0000000000
118059  45.484  11.803  30.430 0.0000000000
118073  45.807  11.302  29.528 0.0000000000
116922  45.596  11.407  28.848 0.0000000000
116920  46.748  11.072  28.771 0.0000000000
118109  45.394  11.572  27.030 0.0000000000
118125  45.230  11.972  25.897 0.0000000000
118146  44.769  11.944  24.669 0.0000000000
119201  48.670  12.336  26.553 0.0000000000
119219  48.254  12.212  26.170 0.0000000000
118123  47.517  11.719  25.838 0.0000000000
116959  47.494  10.632  25.360 0.0000000000
118137  46.540  11.232  25.363 0.0000000000
116971  45.046  11.356  24.736 0.0000000000
116972  44.478  11.498  24.650 0.0000000000
115754  44.530  10.021  25.076 0.0000000000
114601  44.402  9.322  25.504 0.0000000000
113402  44.491  8.221  26.358 0.0000000000
115709  52.570  8.422  27.689 0.0000000000
110818  50.166  6.191  33.920 0.0000000000
110832  51.066  5.712  32.932 0.0000000000
110852  51.718  5.708  32.173 0.0000000000
112030  46.211  6.110  36.714 0.0000000000
112032  49.320  6.836  35.010 0.0000000000
113242  41.022  7.181  42.030 0.0000000000
113261  44.501  7.226  38.381 0.0000000000
113264  47.136  6.876  36.741 0.0000000000
113269  50.095  7.936  36.022 0.0000000000
113279  52.442  8.017  34.812 0.0000000000
113333  53.057  7.765  30.509 0.0000000000
113372  45.952  7.931  27.749 0.0000000000
113401  44.990  8.457  26.044 0.0000000000
114450  54.883  9.019  37.580 0.0000000000
114494  50.697  7.857  34.705 0.0000000000
114556  46.575  8.450  27.888 0.0000000000
115596  47.883  8.932  41.967 0.0000000000
115603  55.472  9.645  39.590 0.0000000000
115609  56.028  9.725  38.837 0.0000000000
115625  51.865  9.627  38.127 0.0000000000
115630  55.415  9.363  38.101 0.0000000000
115648  49.837  8.971  36.835 0.0000000000
115722  54.788  10.122  28.100 0.0000000000
115733  57.258  9.528  26.343 0.0000000000
116778  55.843  10.589  38.849 0.0000000000
116780  54.649  9.730  39.638 0.0000000000
116790  56.011  9.983  38.736 0.0000000000
116793  53.761  10.936  37.957 0.0000000000
116794  53.457  9.644  38.985 0.0000000000
116835  49.477  11.190  35.281 0.0000000000
116898  49.581  10.722  31.106 0.0000000000
116911  45.761  11.269  29.189 0.0000000000
116917  55.379  11.140  27.895 0.0000000000
116921  45.953  11.174  28.730 0.0000000000
116927  57.141  9.863  26.392 0.0000000000
116940  57.178  9.988  26.194 0.0000000000
116954  57.208  9.955  25.972 0.0000000000
116955  56.832  10.187  25.861 0.0000000000
116956  56.305  10.187  25.564 0.0000000000
116958  48.050  10.907  25.711 0.0000000000
116962  44.807  10.781  24.774 0.0000000000
116973  44.085  11.667  24.628 0.0000000000
117965  54.574  11.591  39.281 0.0000000000
117969  54.980  10.909  38.721 0.0000000000
117971  52.946  11.860  38.371 0.0000000000
117991  48.841  12.500  36.167 0.0000000000
118000  49.360  11.479  35.777 0.0000000000
118002  47.729  12.489  35.258 0.0000000000
118019  46.581  11.746  33.665 0.0000000000
118041  51.129  10.865  31.162 0.0000000000
118102  55.564  12.049  27.255 0.0000000000
118114  56.512  10.831  25.857 0.0000000000
118122  48.383  11.300  25.864 0.0000000000
118132  56.051  10.839  25.591 0.0000000000
118147  44.274  12.020  24.561 0.0000000000
118148  43.840  11.978  24.670 0.0000000000
119089  55.848  12.754  39.794 0.0000000000
119093  55.976  12.345  39.807 0.0000000000
119096  53.499  12.622  39.210 0.0000000000
119099  52.998  12.371  38.818 0.0000000000
119104  52.519  12.156  38.353 0.0000000000
119116  50.417  12.253  37.295 0.0000000000
119117  49.842  12.562  37.031 0.0000000000
119130  48.610  12.882  36.077 0.0000000000
119138  47.435  12.891  34.896 0.0000000000
119151  46.207  12.278  33.045 0.0000000000
119152  45.677  12.731  32.630 0.0000000000
119164  45.055  13.140  29.958 0.0000000000
119171  53.794  12.320  28.514 0.0000000000
119185  49.914  12.461  27.444 0.0000000000
119211  55.632  11.841  26.528 0.0000000000
119230  49.129  12.060  25.655 0.0000000000
119231  48.876  12.142  25.687 0.0000000000
119233  44.731  12.430  24.955 0.0000000000
119245  44.172  12.470  24.692 0.0000000000
120190  55.653  12.886  39.824 0.0000000000
120191  55.383  12.844  39.884 0.0000000000
120198  53.158  13.015  39.109 0.0000000000
120200  53.220  13.470  38.956 0.0000000000
120204  52.056  13.479  38.429 0.0000000000
120205  51.496  13.247  37.968 0.0000000000
120206  50.779  13.169  37.525 0.0000000000
120207  50.204  13.155  37.273 0.0000000000
120218  49.037  13.326  36.329 0.0000000000
120242  47.166  13.553  34.448 0.0000000000
120255  46.130  13.376  33.322 0.0000000000
120263  45.974  13.593  32.702 0.0000000000
120304  43.238  14.171  25.919 0.0000000000
120311  43.585  14.255  25.981 0.0000000000
121323  53.562  13.732  38.965 0.0000000000
121329  52.455  13.712  38.460 0.0000000000
121331  53.739  14.665  37.697 0.0000000000
121334  51.584  13.757  37.585 0.0000000000
121340  53.159  14.652  37.193 0.0000000000
121355  50.289  14.581  35.833 0.0000000000
121358  48.088  14.142  34.967 0.0000000000
121366  48.468  14.642  34.582 0.0000000000
121377  48.133  14.750  33.932 0.0000000000
121390  47.365  14.891  32.911 0.0000000000
121433  42.980  14.531  25.866 0.0000000000
121441  43.661  14.694  25.948 0.0000000000
121442  43.264  14.738  25.885 0.0000000000
122396  52.548  14.810  36.520 0.0000000000
122447  46.600  14.956  31.951 0.0000000000
122479  45.983  16.327  28.202 0.0000000000
122496  42.919  14.938  26.241 0.0000000000
122503  44.118  15.162  26.041 0.0000000000
122505  43.015  15.179  25.921 0.0000000000
123408  49.336  16.481  32.060 0.0000000000
123423  48.155  16.512  30.959 0.0000000000
124333  45.804  17.930  29.857 0.0000000000
124349  45.721  18.010  29.477 0.0000000000
124364  43.102  17.030  28.695 0.0000000000
124378  45.786  17.311  26.680 0.0000000000
124380  44.292  17.511  26.640 0.0000000000
125307  44.510  18.121  26.901 0.0000000000
