#!ascii label  , from subject 3967 vox2ras=TkReg
804
42195  -19.041  -44.579  84.815 0.0000000000
58375  -45.095  -28.957  74.372 0.0000000000
60857  -48.296  -27.019  68.616 0.0000000000
71685  -51.409  -17.698  65.646 0.0000000000
55049  -40.926  -32.478  75.874 0.0000000000
67371  -48.052  -21.745  68.349 0.0000000000
75808  -54.539  -13.691  57.640 0.0000000000
79941  -57.582  -8.307  56.103 0.0000000000
53968  -45.846  -33.583  69.742 0.0000000000
57304  -50.446  -31.162  69.300 0.0000000000
59632  -46.995  -27.732  71.410 0.0000000000
47174  -20.039  -39.859  85.869 0.0000000000
48305  -24.535  -38.273  85.160 0.0000000000
51646  -29.493  -36.446  82.882 0.0000000000
48364  -32.861  -38.973  80.405 0.0000000000
48384  -37.034  -38.845  78.158 0.0000000000
50668  -39.607  -36.480  76.816 0.0000000000
52843  -44.806  -34.812  74.249 0.0000000000
60868  -53.224  -27.233  65.951 0.0000000000
83185  -58.555  -5.985  53.712 0.0000000000
56163  -45.978  -31.708  71.568 0.0000000000
57283  -45.554  -30.373  69.692 0.0000000000
129594  -45.712  -28.869  71.907 0.0000000000
47197  -21.167  -38.950  82.796 0.0000000000
48299  -21.873  -38.880  85.465 0.0000000000
50654  -36.393  -36.404  77.488 0.0000000000
49568  -38.218  -37.553  77.649 0.0000000000
52772  -38.416  -35.346  77.412 0.0000000000
57247  -43.313  -30.835  75.301 0.0000000000
55051  -43.316  -33.177  75.884 0.0000000000
55061  -45.664  -32.536  74.071 0.0000000000
52871  -46.160  -34.888  72.070 0.0000000000
59654  -50.207  -28.310  70.292 0.0000000000
58513  -52.249  -30.253  67.538 0.0000000000
61911  -51.389  -26.649  68.878 0.0000000000
70643  -49.037  -19.105  67.537 0.0000000000
67385  -50.053  -21.260  68.155 0.0000000000
68567  -50.869  -20.188  67.113 0.0000000000
68596  -52.535  -20.197  64.708 0.0000000000
75801  -56.946  -13.842  58.454 0.0000000000
74821  -55.113  -14.670  60.258 0.0000000000
53885  -38.920  -33.774  75.828 0.0000000000
69683  -48.499  -19.218  63.349 0.0000000000
77806  -56.248  -11.275  56.847 0.0000000000
77799  -58.591  -11.663  57.228 0.0000000000
79966  -59.775  -9.957  52.423 0.0000000000
51841  -48.742  -35.967  68.608 0.0000000000
55122  -48.564  -33.005  69.010 0.0000000000
58464  -48.150  -29.411  70.873 0.0000000000
44065  -19.454  -41.737  86.653 0.0000000000
47192  -26.020  -40.001  84.130 0.0000000000
49479  -26.620  -37.537  84.549 0.0000000000
48318  -27.415  -38.983  83.228 0.0000000000
48327  -29.374  -38.575  81.781 0.0000000000
47216  -31.722  -39.380  80.903 0.0000000000
46174  -32.824  -40.646  80.049 0.0000000000
47251  -34.936  -39.333  79.554 0.0000000000
46208  -37.599  -40.313  77.547 0.0000000000
52781  -40.474  -34.459  77.444 0.0000000000
51728  -41.514  -35.166  75.873 0.0000000000
50729  -42.999  -37.529  72.792 0.0000000000
49647  -45.130  -37.769  71.792 0.0000000000
50771  -46.299  -37.144  69.915 0.0000000000
65173  -50.108  -23.452  69.325 0.0000000000
72698  -52.918  -15.605  62.324 0.0000000000
72651  -52.898  -17.284  64.115 0.0000000000
43125  -18.217  -43.189  85.994 0.0000000000
57272  -46.182  -30.270  73.217 0.0000000000
129595  -45.855  -30.195  71.876 0.0000000000
129601  -45.615  -28.817  73.252 0.0000000000
51696  -36.913  -36.045  76.936 0.0000000000
51687  -37.878  -35.921  77.503 0.0000000000
52793  -38.026  -34.893  76.524 0.0000000000
57249  -44.531  -29.565  74.829 0.0000000000
56120  -44.625  -31.404  75.138 0.0000000000
57250  -45.299  -29.998  74.711 0.0000000000
56146  -46.120  -31.479  73.687 0.0000000000
60832  -50.485  -27.928  69.865 0.0000000000
61909  -49.529  -26.744  69.000 0.0000000000
70663  -50.478  -18.148  66.785 0.0000000000
69634  -50.660  -19.275  68.036 0.0000000000
70664  -51.493  -18.684  66.866 0.0000000000
68581  -51.480  -20.101  66.166 0.0000000000
70688  -52.310  -18.829  65.727 0.0000000000
74857  -57.588  -14.597  57.795 0.0000000000
73748  -56.841  -15.560  58.506 0.0000000000
72766  -57.385  -16.695  57.310 0.0000000000
77821  -55.974  -10.978  55.430 0.0000000000
77807  -56.540  -10.245  56.553 0.0000000000
78846  -57.570  -10.821  57.866 0.0000000000
78858  -58.122  -9.837  57.179 0.0000000000
77809  -59.045  -11.390  56.150 0.0000000000
81020  -58.654  -8.456  55.996 0.0000000000
82120  -59.335  -6.972  53.642 0.0000000000
52924  -47.828  -35.048  69.650 0.0000000000
52925  -48.791  -35.082  69.202 0.0000000000
53984  -46.796  -33.789  69.279 0.0000000000
58462  -45.982  -29.199  70.425 0.0000000000
57285  -46.916  -29.942  69.474 0.0000000000
59652  -47.509  -28.560  71.014 0.0000000000
58442  -48.459  -28.493  71.203 0.0000000000
60818  -47.461  -26.659  71.175 0.0000000000
44076  -20.078  -41.480  86.505 0.0000000000
46132  -20.445  -40.273  86.385 0.0000000000
48301  -23.607  -38.630  85.391 0.0000000000
51652  -28.928  -35.989  82.902 0.0000000000
50580  -28.227  -36.782  83.601 0.0000000000
48308  -27.394  -38.205  84.180 0.0000000000
49486  -28.619  -37.543  83.146 0.0000000000
48320  -28.934  -38.262  82.389 0.0000000000
49496  -29.482  -37.602  82.473 0.0000000000
47217  -32.442  -39.427  80.724 0.0000000000
47231  -32.240  -40.044  80.507 0.0000000000
47232  -33.192  -39.958  80.459 0.0000000000
49565  -36.046  -37.906  78.022 0.0000000000
48401  -35.531  -38.741  78.327 0.0000000000
47252  -35.715  -39.598  79.165 0.0000000000
46177  -35.407  -40.312  79.722 0.0000000000
46193  -35.841  -40.470  79.062 0.0000000000
45227  -36.194  -41.397  77.867 0.0000000000
47254  -37.256  -39.764  78.178 0.0000000000
49569  -38.888  -37.499  77.336 0.0000000000
48423  -38.968  -38.480  76.887 0.0000000000
49601  -39.754  -37.869  76.296 0.0000000000
49602  -40.044  -37.556  75.852 0.0000000000
53876  -39.817  -33.230  76.777 0.0000000000
53877  -40.500  -32.812  76.883 0.0000000000
52811  -43.911  -33.961  75.015 0.0000000000
53888  -42.378  -34.216  76.217 0.0000000000
52826  -43.201  -35.136  74.627 0.0000000000
51756  -42.105  -36.323  73.637 0.0000000000
51758  -43.736  -36.275  73.657 0.0000000000
51774  -44.881  -36.585  73.287 0.0000000000
53953  -45.742  -33.632  70.781 0.0000000000
51805  -46.052  -35.976  71.457 0.0000000000
51823  -46.651  -36.068  69.792 0.0000000000
51824  -47.628  -36.350  69.428 0.0000000000
47188  -19.699  -39.573  84.251 0.0000000000
46137  -18.707  -40.041  85.484 0.0000000000
45147  -18.778  -41.014  86.606 0.0000000000
55124  -50.572  -33.205  68.648 0.0000000000
56190  -51.500  -32.312  68.085 0.0000000000
60866  -52.875  -28.412  67.134 0.0000000000
65185  -48.008  -23.094  69.017 0.0000000000
64080  -49.661  -24.226  69.567 0.0000000000
66292  -49.003  -22.432  69.103 0.0000000000
66324  -49.707  -22.239  67.007 0.0000000000
65194  -50.769  -22.926  67.594 0.0000000000
73697  -55.061  -15.757  61.039 0.0000000000
73696  -54.192  -14.885  61.589 0.0000000000
73682  -54.052  -15.706  62.009 0.0000000000
72682  -52.973  -15.804  63.306 0.0000000000
71747  -53.654  -17.523  62.672 0.0000000000
70737  -53.503  -19.026  63.710 0.0000000000
81048  -56.471  -7.682  53.427 0.0000000000
82106  -58.306  -6.869  55.022 0.0000000000
82130  -57.144  -6.427  53.556 0.0000000000
84143  -58.036  -4.840  52.649 0.0000000000
55097  -45.741  -32.451  70.957 0.0000000000
55108  -45.504  -32.322  69.656 0.0000000000
56169  -45.374  -31.083  70.386 0.0000000000
58461  -45.518  -29.656  70.909 0.0000000000
59631  -46.096  -27.949  71.540 0.0000000000
47189  -20.337  -39.331  84.080 0.0000000000
47175  -21.118  -39.505  85.716 0.0000000000
49476  -24.059  -37.655  83.699 0.0000000000
49551  -36.675  -37.916  78.002 0.0000000000
49552  -37.443  -37.743  77.874 0.0000000000
50642  -37.466  -36.672  77.757 0.0000000000
50655  -38.532  -36.631  77.482 0.0000000000
51698  -38.816  -35.731  77.285 0.0000000000
56131  -42.061  -31.470  75.127 0.0000000000
56108  -42.117  -31.942  76.702 0.0000000000
56110  -43.243  -31.700  76.198 0.0000000000
55052  -44.133  -32.593  75.409 0.0000000000
53900  -44.970  -33.682  74.414 0.0000000000
52844  -45.369  -34.904  73.669 0.0000000000
53912  -45.579  -33.744  73.686 0.0000000000
55076  -46.314  -32.957  72.371 0.0000000000
47195  -19.809  -39.607  83.371 0.0000000000
57287  -50.022  -30.283  70.250 0.0000000000
57305  -51.328  -30.967  68.606 0.0000000000
59656  -51.464  -29.078  69.367 0.0000000000
60848  -51.730  -27.628  68.785 0.0000000000
61923  -52.116  -26.745  68.273 0.0000000000
69632  -48.539  -19.963  67.580 0.0000000000
67373  -49.492  -21.376  68.546 0.0000000000
68541  -50.069  -20.235  68.357 0.0000000000
68553  -50.478  -20.454  67.827 0.0000000000
75810  -55.711  -13.038  58.201 0.0000000000
74847  -54.828  -13.707  59.033 0.0000000000
74838  -55.630  -14.391  59.628 0.0000000000
73720  -55.803  -15.810  60.099 0.0000000000
57271  -43.841  -29.538  73.535 0.0000000000
57270  -43.239  -30.036  73.909 0.0000000000
62967  -47.954  -25.455  67.897 0.0000000000
68564  -47.481  -20.995  66.322 0.0000000000
69657  -47.649  -19.955  65.633 0.0000000000
70684  -48.916  -18.778  65.520 0.0000000000
70711  -50.167  -17.951  64.555 0.0000000000
76804  -55.243  -12.513  56.922 0.0000000000
77788  -56.900  -12.130  58.253 0.0000000000
76798  -57.839  -12.505  57.925 0.0000000000
74869  -58.504  -14.165  56.438 0.0000000000
81029  -59.248  -8.374  54.862 0.0000000000
79958  -59.708  -9.507  54.007 0.0000000000
51842  -49.241  -35.721  68.079 0.0000000000
53986  -49.221  -34.178  68.898 0.0000000000
56187  -49.037  -32.020  68.934 0.0000000000
56185  -46.711  -31.658  68.697 0.0000000000
57302  -48.381  -30.923  69.360 0.0000000000
57303  -49.492  -31.055  69.443 0.0000000000
58465  -49.444  -29.082  71.118 0.0000000000
59653  -49.316  -27.852  70.795 0.0000000000
60816  -45.020  -27.735  72.395 0.0000000000
60801  -44.896  -26.323  71.798 0.0000000000
62932  -46.226  -25.423  71.303 0.0000000000
43137  -19.161  -43.316  85.328 0.0000000000
44081  -19.968  -42.604  85.288 0.0000000000
46157  -25.647  -40.308  82.882 0.0000000000
49481  -24.120  -37.722  82.692 0.0000000000
49477  -24.703  -37.726  84.311 0.0000000000
49478  -25.631  -37.714  84.579 0.0000000000
47193  -26.672  -39.497  83.694 0.0000000000
48363  -29.564  -39.213  80.719 0.0000000000
47229  -30.211  -39.596  80.595 0.0000000000
48379  -33.019  -38.505  79.239 0.0000000000
48399  -33.697  -38.627  78.335 0.0000000000
48380  -33.969  -39.048  79.697 0.0000000000
47233  -34.304  -39.882  80.170 0.0000000000
46191  -34.310  -41.201  79.577 0.0000000000
47272  -37.964  -39.610  77.442 0.0000000000
52794  -38.660  -34.324  76.734 0.0000000000
52780  -39.205  -34.622  77.410 0.0000000000
52795  -40.654  -35.020  77.046 0.0000000000
53869  -42.143  -33.224  77.116 0.0000000000
51713  -41.354  -34.980  76.606 0.0000000000
51712  -40.738  -35.499  76.397 0.0000000000
50696  -40.763  -36.618  74.750 0.0000000000
49629  -42.088  -38.005  73.239 0.0000000000
49671  -44.882  -38.185  70.464 0.0000000000
51789  -46.045  -35.805  72.362 0.0000000000
50760  -45.904  -37.034  70.835 0.0000000000
49672  -45.629  -37.775  70.128 0.0000000000
49682  -46.848  -37.691  68.678 0.0000000000
44063  -18.352  -41.851  86.570 0.0000000000
62957  -49.823  -25.462  69.151 0.0000000000
62958  -50.974  -25.526  69.011 0.0000000000
64083  -52.266  -24.914  68.232 0.0000000000
66294  -50.317  -22.801  68.759 0.0000000000
65196  -51.801  -23.640  67.946 0.0000000000
62981  -52.388  -25.471  65.999 0.0000000000
70735  -49.925  -18.315  63.313 0.0000000000
70712  -50.996  -17.568  64.772 0.0000000000
73737  -54.160  -14.397  59.720 0.0000000000
72732  -52.614  -15.714  60.103 0.0000000000
71763  -51.732  -16.882  62.203 0.0000000000
71746  -51.848  -16.741  63.352 0.0000000000
71705  -52.394  -17.497  64.785 0.0000000000
70714  -53.073  -18.989  64.287 0.0000000000
42194  -18.594  -44.845  84.619 0.0000000000
58406  -46.035  -29.550  73.727 0.0000000000
59581  -45.233  -28.449  73.794 0.0000000000
51709  -36.641  -36.002  75.952 0.0000000000
51697  -37.695  -35.695  77.106 0.0000000000
57263  -46.006  -30.263  74.122 0.0000000000
60845  -48.883  -27.267  69.474 0.0000000000
60846  -50.024  -27.494  69.778 0.0000000000
61908  -49.047  -26.992  68.907 0.0000000000
71670  -51.193  -17.885  66.369 0.0000000000
70665  -52.032  -18.988  66.404 0.0000000000
70687  -51.941  -18.495  66.208 0.0000000000
73771  -57.528  -15.744  56.946 0.0000000000
73759  -57.162  -16.077  57.540 0.0000000000
78885  -56.377  -8.896  55.128 0.0000000000
78870  -56.847  -9.068  56.241 0.0000000000
78857  -57.471  -9.985  57.289 0.0000000000
79930  -57.795  -9.021  56.820 0.0000000000
79931  -58.437  -9.185  56.566 0.0000000000
79942  -58.156  -8.563  56.325 0.0000000000
53969  -46.447  -34.226  69.511 0.0000000000
53983  -46.142  -33.206  69.374 0.0000000000
59651  -46.597  -28.576  71.004 0.0000000000
59633  -47.847  -27.784  71.018 0.0000000000
47178  -23.934  -38.965  85.457 0.0000000000
49485  -27.854  -37.643  83.940 0.0000000000
49495  -28.832  -37.883  82.691 0.0000000000
50582  -29.590  -37.145  82.856 0.0000000000
49527  -32.061  -38.083  80.790 0.0000000000
48347  -32.054  -38.706  80.944 0.0000000000
48383  -36.306  -38.880  78.257 0.0000000000
48382  -35.912  -39.011  78.471 0.0000000000
47253  -36.522  -39.747  78.546 0.0000000000
46194  -36.749  -40.561  78.144 0.0000000000
49585  -39.420  -37.563  76.792 0.0000000000
49586  -39.779  -37.243  76.486 0.0000000000
50669  -40.088  -36.505  76.384 0.0000000000
55040  -41.147  -32.569  76.683 0.0000000000
52827  -44.090  -34.457  74.697 0.0000000000
52810  -43.417  -34.297  75.221 0.0000000000
52842  -44.033  -35.404  74.280 0.0000000000
52841  -43.474  -35.655  74.087 0.0000000000
51759  -44.526  -35.964  73.862 0.0000000000
51760  -45.089  -35.687  73.706 0.0000000000
52902  -45.936  -34.879  70.145 0.0000000000
52903  -46.422  -34.833  69.657 0.0000000000
51839  -47.154  -35.483  69.527 0.0000000000
47180  -19.402  -39.709  85.195 0.0000000000
47179  -18.907  -39.801  84.811 0.0000000000
47173  -19.516  -39.919  85.861 0.0000000000
46131  -19.398  -40.305  86.299 0.0000000000
56189  -50.943  -32.239  68.756 0.0000000000
55125  -51.144  -33.180  68.207 0.0000000000
60867  -53.078  -27.794  66.419 0.0000000000
59701  -52.803  -28.655  66.157 0.0000000000
59708  -52.622  -28.366  65.738 0.0000000000
60877  -52.690  -27.551  65.428 0.0000000000
66308  -47.821  -22.450  68.144 0.0000000000
65186  -48.711  -23.106  69.378 0.0000000000
66291  -48.225  -22.195  68.783 0.0000000000
74856  -53.895  -14.272  57.665 0.0000000000
72699  -54.990  -16.356  61.028 0.0000000000
73683  -54.681  -15.775  61.440 0.0000000000
72683  -53.755  -16.599  62.342 0.0000000000
56170  -45.647  -31.519  71.001 0.0000000000
58441  -45.764  -28.553  71.490 0.0000000000
47190  -20.986  -38.969  83.879 0.0000000000
48311  -23.369  -37.843  83.234 0.0000000000
50640  -36.371  -37.421  78.087 0.0000000000
50641  -36.751  -36.922  78.038 0.0000000000
51688  -38.317  -35.923  77.427 0.0000000000
56132  -42.829  -31.113  75.251 0.0000000000
56117  -42.308  -31.675  76.033 0.0000000000
56118  -43.110  -30.977  76.065 0.0000000000
56133  -44.990  -31.931  74.891 0.0000000000
55053  -44.725  -32.171  75.035 0.0000000000
55060  -45.036  -32.612  74.715 0.0000000000
55059  -44.648  -33.139  74.827 0.0000000000
53901  -45.352  -33.167  74.272 0.0000000000
56155  -46.247  -31.705  72.501 0.0000000000
55085  -46.123  -32.706  71.652 0.0000000000
47196  -20.429  -39.353  83.041 0.0000000000
58466  -50.611  -29.423  70.327 0.0000000000
60847  -50.920  -27.694  69.393 0.0000000000
59675  -51.423  -28.186  69.222 0.0000000000
70642  -48.682  -19.495  67.017 0.0000000000
69619  -48.872  -19.963  68.269 0.0000000000
70632  -49.187  -19.328  68.016 0.0000000000
68554  -50.932  -19.860  67.905 0.0000000000
68542  -50.457  -19.682  68.135 0.0000000000
67399  -50.120  -20.888  67.532 0.0000000000
68580  -50.509  -20.470  66.132 0.0000000000
75800  -56.145  -13.450  58.587 0.0000000000
75790  -55.710  -13.854  59.156 0.0000000000
75791  -56.179  -14.129  58.989 0.0000000000
72719  -55.567  -16.314  60.377 0.0000000000
57261  -44.073  -29.571  74.174 0.0000000000
69646  -47.761  -20.279  66.621 0.0000000000
69670  -48.360  -19.187  64.501 0.0000000000
70685  -49.777  -18.205  65.605 0.0000000000
70710  -49.231  -18.603  64.243 0.0000000000
76813  -55.588  -11.867  56.214 0.0000000000
76812  -54.991  -12.550  55.856 0.0000000000
76805  -55.899  -12.078  57.298 0.0000000000
77797  -56.675  -11.771  57.788 0.0000000000
77790  -58.037  -11.394  57.878 0.0000000000
77789  -57.286  -11.642  58.210 0.0000000000
75819  -58.299  -13.438  57.264 0.0000000000
76806  -58.449  -12.461  57.302 0.0000000000
75825  -58.745  -13.300  56.620 0.0000000000
76814  -58.890  -12.489  56.668 0.0000000000
78871  -59.039  -10.458  55.849 0.0000000000
81028  -58.567  -7.594  55.450 0.0000000000
82107  -58.992  -7.178  54.677 0.0000000000
81050  -59.641  -9.004  52.579 0.0000000000
81036  -59.752  -8.476  53.539 0.0000000000
50794  -48.506  -36.541  68.010 0.0000000000
51854  -49.157  -35.677  67.818 0.0000000000
53985  -48.140  -33.967  69.317 0.0000000000
55123  -49.721  -33.221  69.001 0.0000000000
56176  -45.444  -31.386  69.434 0.0000000000
56184  -45.858  -31.551  68.904 0.0000000000
57300  -46.133  -30.787  68.940 0.0000000000
58489  -47.782  -30.109  69.954 0.0000000000
57301  -47.170  -30.559  69.055 0.0000000000
57286  -48.884  -30.121  70.222 0.0000000000
60819  -48.045  -27.462  70.877 0.0000000000
59634  -48.585  -27.817  71.145 0.0000000000
44075  -19.472  -42.081  86.291 0.0000000000
45149  -20.641  -40.885  86.145 0.0000000000
47176  -22.200  -39.332  85.827 0.0000000000
46148  -25.182  -40.413  83.944 0.0000000000
46156  -25.267  -40.469  83.008 0.0000000000
46149  -25.702  -40.367  83.475 0.0000000000
49493  -24.829  -37.514  82.127 0.0000000000
49482  -24.786  -37.456  83.235 0.0000000000
48306  -25.716  -38.398  84.840 0.0000000000
48313  -27.883  -38.289  83.580 0.0000000000
48312  -27.152  -38.823  84.059 0.0000000000
47199  -26.668  -39.497  82.638 0.0000000000
47206  -26.560  -39.392  81.416 0.0000000000
48326  -28.624  -38.709  81.960 0.0000000000
48343  -29.113  -38.907  81.235 0.0000000000
47215  -30.881  -39.357  81.018 0.0000000000
48346  -31.200  -38.556  81.267 0.0000000000
47230  -31.121  -40.050  80.327 0.0000000000
46173  -31.822  -40.586  79.786 0.0000000000
46189  -32.339  -41.097  79.197 0.0000000000
46206  -32.681  -41.379  78.661 0.0000000000
46190  -33.317  -41.186  79.387 0.0000000000
47270  -35.223  -39.082  79.050 0.0000000000
48400  -34.696  -38.863  78.776 0.0000000000
48381  -34.550  -39.098  79.526 0.0000000000
47250  -34.473  -39.329  79.824 0.0000000000
46192  -35.123  -40.972  79.461 0.0000000000
45210  -34.740  -41.470  78.882 0.0000000000
46207  -37.045  -41.060  77.379 0.0000000000
49567  -37.986  -38.248  77.758 0.0000000000
48403  -37.753  -38.996  77.900 0.0000000000
48404  -38.375  -38.723  77.365 0.0000000000
53867  -40.112  -33.574  77.429 0.0000000000
53866  -39.566  -33.719  77.268 0.0000000000
55034  -42.477  -32.536  76.810 0.0000000000
55033  -41.935  -32.402  77.079 0.0000000000
53879  -42.737  -33.290  76.414 0.0000000000
52809  -42.462  -34.746  75.516 0.0000000000
52797  -41.867  -34.453  76.645 0.0000000000
51727  -40.925  -35.858  75.256 0.0000000000
51741  -41.093  -36.098  74.651 0.0000000000
50712  -42.472  -37.108  73.203 0.0000000000
50732  -45.115  -37.265  72.562 0.0000000000
52857  -45.942  -34.901  73.014 0.0000000000
51822  -46.114  -36.053  70.508 0.0000000000
49681  -46.252  -37.854  69.186 0.0000000000
50772  -47.090  -37.282  69.174 0.0000000000
51825  -48.302  -36.353  69.134 0.0000000000
50773  -47.897  -37.012  68.845 0.0000000000
50781  -48.067  -37.070  68.279 0.0000000000
45138  -18.917  -41.465  86.652 0.0000000000
44064  -19.077  -41.795  86.613 0.0000000000
43126  -18.834  -42.961  85.847 0.0000000000
57306  -51.880  -30.575  68.112 0.0000000000
57323  -51.957  -31.125  67.614 0.0000000000
64088  -48.352  -24.728  68.645 0.0000000000
62968  -48.919  -25.344  68.871 0.0000000000
64072  -49.895  -23.703  69.762 0.0000000000
64081  -50.403  -24.294  69.252 0.0000000000
62959  -51.916  -25.678  68.494 0.0000000000
64082  -51.546  -24.537  68.694 0.0000000000
66293  -49.924  -22.144  68.974 0.0000000000
65195  -51.303  -23.231  67.914 0.0000000000
64100  -52.084  -24.239  66.774 0.0000000000
64113  -51.887  -25.178  65.846 0.0000000000
70736  -50.705  -17.738  63.685 0.0000000000
74820  -54.665  -14.407  60.174 0.0000000000
73695  -53.609  -15.332  61.922 0.0000000000
73717  -53.703  -14.915  61.220 0.0000000000
72717  -53.120  -15.432  61.225 0.0000000000
72731  -51.926  -16.534  60.037 0.0000000000
72716  -52.295  -16.184  61.388 0.0000000000
71776  -51.521  -17.035  61.008 0.0000000000
72665  -53.094  -16.574  63.727 0.0000000000
72681  -52.588  -16.520  63.627 0.0000000000
72664  -52.688  -17.038  64.181 0.0000000000
71727  -52.125  -16.919  64.264 0.0000000000
72650  -52.661  -17.390  64.435 0.0000000000
71687  -52.448  -18.174  65.185 0.0000000000
71707  -53.033  -17.979  63.941 0.0000000000
129597  -45.651  -28.765  72.432 0.0000000000
51686  -37.075  -36.005  77.870 0.0000000000
52779  -38.305  -35.035  77.336 0.0000000000
57248  -43.729  -30.128  75.152 0.0000000000
57233  -43.534  -30.866  75.458 0.0000000000
57234  -44.131  -30.571  75.274 0.0000000000
56121  -45.047  -30.767  74.943 0.0000000000
56134  -45.388  -31.376  74.562 0.0000000000
59674  -49.737  -27.919  70.244 0.0000000000
61910  -50.461  -26.632  69.128 0.0000000000
70662  -49.470  -18.625  66.653 0.0000000000
70644  -49.994  -18.757  67.749 0.0000000000
70645  -50.841  -18.751  67.558 0.0000000000
69635  -51.142  -19.301  67.574 0.0000000000
69648  -51.425  -19.431  67.070 0.0000000000
69659  -51.640  -19.644  66.666 0.0000000000
69660  -52.068  -19.557  66.103 0.0000000000
69671  -52.544  -19.679  65.133 0.0000000000
75802  -57.456  -14.155  58.159 0.0000000000
74848  -56.949  -14.674  58.699 0.0000000000
73749  -57.204  -14.950  58.412 0.0000000000
77822  -56.236  -9.788  55.311 0.0000000000
77798  -56.933  -10.839  57.643 0.0000000000
78847  -58.009  -10.465  57.727 0.0000000000
78848  -58.334  -10.482  57.312 0.0000000000
77800  -58.688  -11.059  57.018 0.0000000000
78859  -58.628  -10.220  56.722 0.0000000000
79932  -58.778  -9.580  56.221 0.0000000000
81021  -58.952  -9.042  55.625 0.0000000000
83193  -58.857  -6.056  53.145 0.0000000000
82132  -59.542  -6.668  52.729 0.0000000000
81049  -59.733  -7.774  52.571 0.0000000000
79979  -59.636  -9.863  51.635 0.0000000000
52905  -48.453  -35.721  69.342 0.0000000000
55121  -47.354  -32.791  68.971 0.0000000000
57284  -46.397  -30.002  69.514 0.0000000000
58463  -47.038  -29.331  70.065 0.0000000000
45148  -19.660  -41.198  86.696 0.0000000000
45150  -21.334  -40.460  85.742 0.0000000000
47191  -25.410  -39.972  84.638 0.0000000000
49480  -27.263  -37.697  84.312 0.0000000000
50570  -27.644  -37.285  84.076 0.0000000000
48319  -28.175  -38.533  82.760 0.0000000000
48314  -28.441  -38.097  82.919 0.0000000000
48321  -29.493  -38.252  82.035 0.0000000000
49584  -35.420  -37.842  77.346 0.0000000000
48421  -34.998  -38.477  77.779 0.0000000000
47234  -35.241  -39.983  79.972 0.0000000000
45212  -36.098  -40.942  78.460 0.0000000000
46195  -37.377  -40.196  77.987 0.0000000000
48405  -38.672  -38.086  77.371 0.0000000000
48437  -39.835  -38.158  75.909 0.0000000000
49615  -40.575  -37.612  74.742 0.0000000000
53886  -39.588  -33.329  75.798 0.0000000000
53875  -39.217  -33.715  76.776 0.0000000000
53868  -41.162  -33.025  77.588 0.0000000000
53889  -42.939  -33.899  75.946 0.0000000000
52825  -42.512  -35.215  74.777 0.0000000000
51742  -41.772  -35.652  74.456 0.0000000000
51743  -42.566  -35.439  74.392 0.0000000000
51757  -42.786  -35.910  73.740 0.0000000000
50713  -43.134  -36.804  73.143 0.0000000000
51773  -44.242  -36.716  73.269 0.0000000000
53937  -46.136  -33.815  71.773 0.0000000000
52886  -45.841  -34.904  71.049 0.0000000000
47187  -19.114  -39.748  84.240 0.0000000000
59690  -52.395  -29.107  67.554 0.0000000000
58531  -52.678  -29.742  66.549 0.0000000000
58532  -52.738  -29.103  66.303 0.0000000000
64078  -48.106  -23.691  69.040 0.0000000000
64079  -48.753  -23.925  69.329 0.0000000000
65171  -49.201  -23.180  69.636 0.0000000000
65172  -49.707  -23.255  69.676 0.0000000000
67384  -50.218  -21.650  67.967 0.0000000000
66310  -50.285  -22.221  68.078 0.0000000000
74805  -55.003  -15.054  61.129 0.0000000000
74804  -54.613  -14.892  60.876 0.0000000000
74786  -54.588  -15.317  61.384 0.0000000000
73681  -53.410  -15.754  62.662 0.0000000000
73667  -53.589  -16.164  62.725 0.0000000000
72666  -53.404  -16.755  63.247 0.0000000000
71728  -53.409  -17.809  63.441 0.0000000000
79951  -56.871  -8.180  55.343 0.0000000000
81027  -57.677  -7.465  55.380 0.0000000000
81035  -56.923  -7.381  54.494 0.0000000000
82118  -57.665  -6.663  54.547 0.0000000000
82131  -57.770  -6.088  54.107 0.0000000000
83191  -57.386  -5.694  53.157 0.0000000000
83192  -58.025  -5.554  53.555 0.0000000000
84135  -58.452  -5.406  52.852 0.0000000000
53952  -45.551  -32.956  70.363 0.0000000000
55109  -45.871  -32.904  69.458 0.0000000000
55096  -45.466  -32.186  70.377 0.0000000000
59650  -46.075  -28.547  71.126 0.0000000000
47181  -20.224  -39.420  85.067 0.0000000000
47182  -20.875  -39.044  84.871 0.0000000000
48298  -21.325  -38.961  85.306 0.0000000000
48303  -22.316  -38.470  84.703 0.0000000000
48304  -23.438  -37.911  84.680 0.0000000000
49539  -32.193  -38.114  80.038 0.0000000000
49550  -36.385  -37.781  78.041 0.0000000000
49553  -37.750  -37.072  77.715 0.0000000000
50643  -37.977  -36.598  77.612 0.0000000000
50656  -39.107  -36.565  77.176 0.0000000000
55050  -41.569  -32.074  75.890 0.0000000000
55041  -41.720  -32.185  76.597 0.0000000000
56109  -42.658  -31.877  76.502 0.0000000000
55042  -43.123  -32.534  76.290 0.0000000000
56119  -43.748  -31.450  75.638 0.0000000000
55043  -43.603  -32.058  75.951 0.0000000000
53899  -44.343  -33.637  74.891 0.0000000000
52828  -44.589  -34.104  74.530 0.0000000000
53911  -45.141  -34.252  74.006 0.0000000000
53924  -46.156  -33.845  72.720 0.0000000000
55068  -46.176  -32.725  73.227 0.0000000000
57288  -50.872  -30.324  69.674 0.0000000000
58490  -51.377  -30.172  69.043 0.0000000000
58491  -51.727  -29.843  68.569 0.0000000000
59655  -51.097  -28.667  69.683 0.0000000000
59676  -51.785  -28.704  68.832 0.0000000000
60858  -52.446  -27.802  67.733 0.0000000000
61924  -52.819  -26.749  67.621 0.0000000000
68539  -48.199  -21.081  68.133 0.0000000000
67372  -48.699  -21.555  68.556 0.0000000000
68540  -48.937  -20.462  68.464 0.0000000000
69621  -50.047  -19.431  68.281 0.0000000000
67398  -49.908  -21.461  67.438 0.0000000000
75809  -55.023  -13.008  57.816 0.0000000000
75798  -54.796  -13.545  58.395 0.0000000000
75799  -55.344  -13.439  58.743 0.0000000000
74837  -55.167  -13.964  59.601 0.0000000000
74839  -56.133  -14.862  59.323 0.0000000000
74822  -55.423  -14.975  60.145 0.0000000000
74806  -55.361  -15.218  60.618 0.0000000000
73698  -55.307  -15.746  60.783 0.0000000000
72718  -55.414  -16.535  60.732 0.0000000000
58374  -44.733  -28.847  74.199 0.0000000000
59559  -44.921  -28.441  74.042 0.0000000000
58389  -44.399  -28.630  73.364 0.0000000000
55058  -41.451  -32.055  74.963 0.0000000000
56145  -42.726  -30.914  74.424 0.0000000000
57260  -43.302  -30.386  74.731 0.0000000000
61920  -48.017  -26.405  67.771 0.0000000000
61921  -48.687  -26.528  68.485 0.0000000000
64096  -47.377  -24.401  66.885 0.0000000000
66323  -47.374  -22.710  67.071 0.0000000000
67383  -47.749  -21.738  67.593 0.0000000000
68551  -47.829  -20.788  67.282 0.0000000000
69647  -48.243  -19.674  66.492 0.0000000000
69658  -48.276  -19.419  65.546 0.0000000000
70661  -48.745  -19.141  66.481 0.0000000000
70686  -50.649  -17.799  65.666 0.0000000000
75818  -54.785  -13.192  56.741 0.0000000000
76795  -55.651  -12.675  57.655 0.0000000000
76796  -56.454  -12.695  58.105 0.0000000000
76789  -56.912  -13.116  58.335 0.0000000000
76797  -57.177  -12.667  58.283 0.0000000000
75811  -57.164  -13.301  58.269 0.0000000000
75812  -57.619  -13.628  57.962 0.0000000000
74863  -58.043  -14.490  57.082 0.0000000000
73781  -58.161  -15.327  55.862 0.0000000000
76815  -59.119  -12.393  56.007 0.0000000000
81019  -58.158  -7.898  56.055 0.0000000000
79952  -59.355  -9.566  54.884 0.0000000000
82108  -59.335  -7.708  54.192 0.0000000000
52926  -49.429  -35.190  68.468 0.0000000000
53987  -50.206  -34.266  68.292 0.0000000000
56188  -50.089  -32.195  69.080 0.0000000000
55120  -46.151  -32.554  69.039 0.0000000000
56186  -47.851  -31.825  68.915 0.0000000000
58443  -49.018  -28.254  71.293 0.0000000000
60844  -47.915  -27.032  68.808 0.0000000000
129596  -45.202  -28.153  73.411 0.0000000000
60802  -45.649  -26.371  72.044 0.0000000000
60817  -46.251  -26.994  71.808 0.0000000000
60803  -46.476  -26.217  71.870 0.0000000000
61886  -46.713  -25.731  71.448 0.0000000000
60856  -47.755  -26.812  67.941 0.0000000000
46133  -21.458  -40.104  85.829 0.0000000000
47185  -25.899  -39.288  84.675 0.0000000000
48307  -26.691  -38.460  84.539 0.0000000000
47198  -26.088  -40.064  83.199 0.0000000000
48325  -27.579  -38.989  82.028 0.0000000000
49509  -29.874  -38.068  81.862 0.0000000000
48328  -29.906  -38.552  81.599 0.0000000000
48344  -29.907  -38.996  81.209 0.0000000000
48420  -34.331  -38.483  77.385 0.0000000000
48365  -33.565  -39.568  80.209 0.0000000000
46175  -33.823  -40.705  80.120 0.0000000000
46176  -34.748  -40.607  79.961 0.0000000000
45209  -33.884  -41.496  78.816 0.0000000000
47271  -37.681  -39.858  77.889 0.0000000000
46209  -37.910  -39.900  77.159 0.0000000000
46224  -37.866  -40.082  76.957 0.0000000000
51699  -39.505  -35.498  77.152 0.0000000000
51711  -40.121  -35.520  76.877 0.0000000000
55032  -41.484  -32.578  77.039 0.0000000000
52782  -41.501  -33.947  77.323 0.0000000000
53878  -42.354  -33.839  76.638 0.0000000000
52783  -42.033  -33.893  77.086 0.0000000000
52796  -41.161  -34.757  77.079 0.0000000000
50683  -40.412  -36.614  75.576 0.0000000000
50710  -40.987  -37.117  74.155 0.0000000000
50711  -41.597  -36.904  73.650 0.0000000000
51775  -45.618  -36.099  73.075 0.0000000000
50746  -45.734  -36.919  71.922 0.0000000000
49661  -45.354  -37.746  71.059 0.0000000000
49710  -46.297  -37.642  68.042 0.0000000000
50780  -47.181  -37.504  68.376 0.0000000000
43136  -18.637  -43.821  85.271 0.0000000000
57322  -51.764  -31.721  67.819 0.0000000000
61922  -49.326  -25.969  68.801 0.0000000000
62956  -49.348  -24.722  69.253 0.0000000000
62970  -52.469  -26.074  68.024 0.0000000000
62972  -53.151  -26.065  66.768 0.0000000000
66274  -49.960  -22.908  69.245 0.0000000000
66275  -50.266  -23.166  68.987 0.0000000000
65188  -51.678  -23.921  68.404 0.0000000000
64089  -52.238  -24.209  68.022 0.0000000000
64101  -52.866  -25.132  66.544 0.0000000000
62983  -53.126  -26.260  66.090 0.0000000000
70734  -49.182  -18.838  62.872 0.0000000000
74846  -54.296  -13.966  58.697 0.0000000000
73747  -53.672  -14.658  58.802 0.0000000000
73746  -52.881  -15.275  58.893 0.0000000000
73718  -54.141  -14.590  60.738 0.0000000000
73736  -53.458  -14.949  60.131 0.0000000000
72744  -52.263  -16.081  58.954 0.0000000000
71762  -51.195  -17.699  61.793 0.0000000000
72697  -52.337  -16.172  62.762 0.0000000000
71745  -51.286  -17.446  62.929 0.0000000000
71726  -51.422  -17.220  64.025 0.0000000000
71704  -51.760  -17.415  64.909 0.0000000000
71686  -52.064  -17.950  65.619 0.0000000000
70713  -52.637  -18.903  64.922 0.0000000000
69672  -52.969  -19.709  64.512 0.0000000000
69685  -53.598  -20.084  64.097 0.0000000000
69684  -53.142  -20.175  64.383 0.0000000000
44074  -18.654  -42.386  86.343 0.0000000000
45139  -19.320  -41.558  86.685 0.0000000000
46138  -19.237  -39.918  85.783 0.0000000000
46164  -25.397  -40.329  82.509 0.0000000000
47269  -34.963  -39.042  79.174 0.0000000000
48402  -36.024  -38.559  78.182 0.0000000000
49487  -29.276  -37.280  82.871 0.0000000000
49566  -36.315  -38.172  78.035 0.0000000000
49693  -46.537  -37.680  68.370 0.0000000000
49694  -46.899  -37.649  68.486 0.0000000000
50581  -29.265  -36.847  82.982 0.0000000000
50697  -41.192  -36.456  74.288 0.0000000000
50774  -48.329  -36.651  68.617 0.0000000000
50779  -46.763  -37.589  68.189 0.0000000000
50782  -48.463  -36.578  68.221 0.0000000000
51645  -29.129  -36.426  83.008 0.0000000000
51840  -47.727  -35.719  69.611 0.0000000000
51853  -48.645  -36.158  67.899 0.0000000000
52773  -38.661  -35.355  77.390 0.0000000000
52904  -48.076  -35.885  69.559 0.0000000000
52923  -46.890  -34.697  69.432 0.0000000000
53870  -42.640  -33.016  76.632 0.0000000000
53890  -43.706  -33.588  75.395 0.0000000000
53967  -45.440  -32.794  69.983 0.0000000000
53988  -50.760  -33.694  68.203 0.0000000000
55119  -45.620  -31.972  69.173 0.0000000000
56101  -42.059  -31.981  76.970 0.0000000000
56102  -42.282  -32.140  76.881 0.0000000000
57232  -43.296  -30.941  75.594 0.0000000000
57235  -44.758  -30.392  75.103 0.0000000000
57262  -44.499  -29.146  74.289 0.0000000000
57289  -51.225  -30.274  69.282 0.0000000000
57299  -45.633  -30.996  69.114 0.0000000000
58390  -44.534  -28.727  73.928 0.0000000000
58391  -45.669  -29.218  74.088 0.0000000000
58467  -51.287  -29.642  69.493 0.0000000000
58468  -51.557  -29.308  69.123 0.0000000000
58488  -47.208  -29.963  69.572 0.0000000000
58548  -52.533  -29.030  66.005 0.0000000000
59558  -44.715  -28.481  73.910 0.0000000000
59700  -52.893  -28.848  66.644 0.0000000000
60833  -50.690  -28.178  69.834 0.0000000000
60859  -53.044  -27.360  67.271 0.0000000000
60878  -53.095  -27.384  65.736 0.0000000000
61925  -53.151  -26.483  67.106 0.0000000000
61936  -53.168  -27.036  66.998 0.0000000000
61937  -53.209  -26.823  66.405 0.0000000000
61950  -52.630  -27.003  65.313 0.0000000000
61951  -53.000  -26.878  65.647 0.0000000000
62960  -52.516  -25.453  68.011 0.0000000000
62969  -49.357  -25.622  68.980 0.0000000000
62971  -53.034  -25.836  67.533 0.0000000000
62982  -52.827  -25.862  65.974 0.0000000000
63002  -52.847  -26.380  65.736 0.0000000000
64070  -49.164  -23.506  69.649 0.0000000000
64071  -49.445  -23.565  69.713 0.0000000000
64090  -52.804  -24.878  67.483 0.0000000000
64091  -53.090  -25.452  66.960 0.0000000000
64102  -53.092  -25.697  66.437 0.0000000000
65187  -50.974  -23.494  68.725 0.0000000000
65205  -51.641  -23.604  67.472 0.0000000000
66273  -49.566  -22.832  69.345 0.0000000000
66309  -50.094  -21.825  67.721 0.0000000000
68552  -48.400  -20.563  67.890 0.0000000000
68555  -51.134  -19.622  67.412 0.0000000000
68568  -51.254  -19.790  67.103 0.0000000000
69620  -49.270  -19.697  68.288 0.0000000000
69631  -47.961  -20.288  67.207 0.0000000000
69633  -48.965  -19.465  67.934 0.0000000000
69649  -51.778  -19.316  66.663 0.0000000000
70633  -49.513  -19.212  68.068 0.0000000000
71671  -51.674  -18.087  66.213 0.0000000000
71706  -52.713  -17.938  64.586 0.0000000000
72652  -53.229  -17.167  63.802 0.0000000000
72700  -55.371  -16.095  60.884 0.0000000000
72720  -55.632  -16.041  60.287 0.0000000000
72767  -57.682  -17.157  57.022 0.0000000000
73666  -53.392  -16.052  63.325 0.0000000000
73699  -55.377  -15.604  60.644 0.0000000000
73719  -55.490  -15.882  60.510 0.0000000000
73760  -57.316  -15.182  57.951 0.0000000000
73770  -57.417  -16.463  57.098 0.0000000000
74787  -54.811  -15.532  61.184 0.0000000000
74807  -55.366  -15.395  60.470 0.0000000000
74823  -55.501  -15.286  60.071 0.0000000000
74836  -54.616  -14.023  59.494 0.0000000000
74849  -57.306  -14.545  58.265 0.0000000000
75792  -56.554  -14.398  58.808 0.0000000000
76788  -56.625  -13.237  58.380 0.0000000000
77791  -58.334  -10.960  57.537 0.0000000000
77808  -58.911  -11.815  56.659 0.0000000000
79943  -59.026  -9.713  55.599 0.0000000000
81012  -58.740  -9.055  56.162 0.0000000000
81013  -58.855  -9.286  55.972 0.0000000000
82119  -58.465  -6.331  54.217 0.0000000000
83186  -58.830  -6.290  53.708 0.0000000000
83200  -57.557  -5.256  52.877 0.0000000000
129600  -45.322  -28.370  73.533 0.0000000000
