#!ascii label  , from subject 3967 vox2ras=TkReg
2209
11323  -43.087  -75.933  -1.030 0.1000000015
11335  -42.197  -75.818  -1.744 0.1000000015
10441  -40.130  -77.744  -2.427 0.1000000015
11342  -40.714  -76.619  -2.450 0.1000000015
11341  -39.903  -76.963  -2.712 0.1000000015
12182  -40.161  -76.262  -2.519 0.1000000015
10430  -38.309  -77.218  -2.427 0.1000000015
12157  -38.557  -76.023  -1.438 0.1000000015
12158  -39.704  -75.393  -1.452 0.1000000015
11319  -37.971  -76.522  -1.472 0.1000000015
12156  -37.917  -76.248  -0.994 0.1000000015
12144  -38.958  -75.318  -0.587 0.1000000015
12143  -37.690  -75.735  -0.085 0.1000000015
11303  -36.976  -76.461  -0.225 0.1000000015
13028  -38.582  -74.832  0.349 0.1000000015
13875  -37.858  -73.398  1.253 0.1000000015
12142  -36.766  -76.135  0.288 0.1000000015
13008  -37.230  -74.411  1.090 0.1000000015
12132  -37.321  -75.123  0.741 0.1000000015
13053  -44.625  -74.056  -0.886 0.1000000015
12160  -42.847  -75.559  -1.443 0.1000000015
13052  -43.823  -74.256  -1.420 0.1000000015
12174  -41.390  -75.515  -2.122 0.1000000015
13067  -43.848  -73.675  -1.587 0.1000000015
13066  -43.142  -74.192  -1.842 0.1000000015
13065  -42.103  -74.258  -1.983 0.1000000015
12173  -40.442  -75.496  -2.177 0.1000000015
13050  -41.398  -74.408  -1.375 0.1000000015
13048  -39.889  -75.109  -0.906 0.1000000015
13029  -39.719  -74.796  -0.182 0.1000000015
16741  -40.903  -70.053  2.638 0.1000000015
16788  -40.952  -70.710  0.864 0.1000000015
15779  -40.892  -71.288  1.413 0.1000000015
15778  -40.264  -71.642  1.196 0.1000000015
14802  -39.550  -72.468  1.320 0.1000000015
13876  -38.833  -73.314  1.257 0.1000000015
13010  -39.200  -74.103  0.864 0.1000000015
13009  -38.217  -74.139  1.012 0.1000000015
13027  -37.793  -74.848  0.695 0.1000000015
13015  -45.464  -73.857  0.395 0.1000000015
14827  -47.427  -71.618  -0.066 0.2000000030
13902  -46.882  -72.598  -0.080 0.2000000030
13034  -45.365  -73.849  -0.414 0.1000000015
14828  -47.953  -71.073  0.079 0.1000000015
14842  -46.540  -71.933  -0.713 0.1000000015
13901  -45.990  -73.325  -0.400 0.1000000015
15797  -46.101  -71.172  -0.897 0.1000000015
13917  -44.323  -72.708  -1.418 0.1000000015
21626  -43.601  -65.204  9.108 0.1000000015
20657  -43.486  -66.628  8.605 0.1000000015
14840  -44.751  -71.772  -1.306 0.1000000015
13916  -43.205  -72.939  -1.575 0.1000000015
13927  -42.479  -73.717  -1.872 0.1000000015
20656  -42.451  -66.539  8.649 0.1000000015
18684  -42.272  -67.865  7.968 0.1000000015
18702  -42.694  -68.435  7.432 0.1000000015
17706  -42.570  -69.552  6.516 0.1000000015
16674  -43.013  -70.137  6.065 0.1000000015
16696  -42.465  -70.708  5.566 0.1000000015
13899  -43.665  -72.603  -0.594 0.1000000015
13032  -42.351  -73.682  -0.589 0.1000000015
13030  -40.807  -74.494  -0.285 0.1000000015
17686  -42.139  -68.968  6.991 0.1000000015
17705  -41.627  -69.497  6.500 0.1000000015
16673  -42.030  -70.140  6.025 0.1000000015
15711  -41.529  -71.193  4.467 0.1000000015
15712  -42.399  -71.752  4.635 0.1000000015
14747  -42.915  -72.340  4.019 0.1000000015
14764  -41.671  -72.462  2.831 0.1000000015
13031  -41.663  -74.135  -0.465 0.1000000015
16695  -41.473  -70.624  5.134 0.1000000015
15710  -41.188  -70.996  3.840 0.1000000015
15737  -41.405  -71.575  3.543 0.1000000015
14746  -41.930  -72.190  3.939 0.1000000015
13855  -41.344  -72.920  1.866 0.1000000015
13877  -39.761  -73.267  1.346 0.1000000015
15758  -41.174  -70.736  2.104 0.1000000015
14763  -41.243  -71.551  2.768 0.1000000015
14778  -41.031  -72.139  2.108 0.1000000015
13011  -40.218  -74.045  0.762 0.1000000015
14808  -48.090  -71.279  0.444 0.1000000015
14807  -47.537  -71.826  0.622 0.2000000030
13859  -46.530  -73.271  1.491 0.1000000015
12979  -46.472  -73.853  2.723 0.2000000030
15782  -48.511  -71.054  0.228 0.1000000015
16789  -47.873  -70.137  -0.204 0.1000000015
23622  -44.947  -63.557  8.152 0.1000000015
22612  -44.089  -64.362  8.888 0.1000000015
15780  -46.092  -70.671  -0.448 0.1000000015
14825  -44.547  -71.786  -0.530 0.1000000015
14805  -44.697  -71.940  0.800 0.1000000015
18685  -43.278  -67.876  7.806 0.1000000015
17687  -43.101  -68.984  6.926 0.1000000015
17707  -43.545  -69.503  6.425 0.1000000015
15691  -42.926  -71.268  5.154 0.1000000015
14748  -43.944  -72.090  3.809 0.1000000015
13843  -42.890  -72.981  2.684 0.1000000015
13857  -42.796  -73.184  1.896 0.1000000015
13013  -41.941  -73.880  0.336 0.1000000015
13879  -41.642  -73.501  1.238 0.1000000015
15717  -49.511  -70.690  4.082 0.1000000015
15716  -49.327  -71.171  4.177 0.1000000015
16746  -49.242  -70.455  3.418 0.1000000015
15741  -49.177  -70.803  3.298 0.1000000015
14770  -48.683  -71.400  2.548 0.1000000015
14769  -48.241  -72.008  2.396 0.2000000030
13845  -47.701  -72.574  2.744 0.2000000030
14784  -48.202  -71.517  1.328 0.2000000030
13844  -47.132  -73.343  3.050 0.2000000030
12967  -46.644  -73.853  3.375 0.2000000030
16778  -48.401  -70.453  0.385 0.1000000015
16763  -48.470  -70.357  1.585 0.1000000015
16777  -47.812  -69.994  0.672 0.1000000015
15760  -46.854  -70.296  1.289 0.1000000015
23598  -45.424  -63.804  8.638 0.1000000015
22613  -45.373  -64.391  9.083 0.1000000015
20640  -45.223  -66.073  9.181 0.1000000015
20659  -45.763  -66.763  8.714 0.1000000015
15781  -47.035  -70.364  0.163 0.1000000015
15759  -45.977  -70.579  0.752 0.1000000015
23643  -45.377  -63.463  7.353 0.1000000015
20639  -44.096  -65.990  9.012 0.1000000015
20658  -44.576  -66.743  8.676 0.1000000015
18686  -44.289  -67.910  7.649 0.1000000015
18704  -45.040  -68.409  6.992 0.1000000015
16676  -44.583  -69.856  5.726 0.1000000015
16720  -45.329  -70.578  4.393 0.1000000015
15738  -44.907  -71.591  3.185 0.1000000015
14768  -44.983  -71.615  2.467 0.1000000015
23671  -44.929  -63.628  6.523 0.1000000015
16697  -43.498  -70.622  5.516 0.1000000015
15692  -43.897  -71.136  4.992 0.1000000015
14767  -44.412  -72.179  3.018 0.1000000015
13881  -43.522  -72.944  1.011 0.1000000015
23670  -43.852  -63.606  6.572 0.1000000015
23694  -44.583  -64.108  5.680 0.1000000015
23693  -43.463  -64.142  5.696 0.1000000015
22682  -44.326  -64.822  4.810 0.1000000015
17713  -50.812  -69.358  6.508 0.1000000015
16702  -49.655  -70.474  5.015 0.1000000015
18725  -51.186  -68.666  6.736 0.1000000015
17728  -49.220  -69.363  4.894 0.1000000015
16701  -49.572  -71.004  5.186 0.1000000015
14752  -48.884  -71.529  3.724 0.1000000015
14751  -48.155  -72.397  3.550 0.2000000030
17712  -49.749  -69.052  5.662 0.1000000015
17738  -48.989  -69.649  4.009 0.1000000015
16745  -49.024  -70.265  2.839 0.1000000015
14750  -47.432  -72.953  4.023 0.2000000030
18723  -48.917  -68.506  6.147 0.1000000015
23708  -47.847  -64.146  4.803 0.1000000015
23697  -47.278  -63.896  5.440 0.1000000015
23673  -46.813  -63.550  6.442 0.1000000015
23674  -47.766  -63.521  6.450 0.1000000015
23623  -45.846  -63.540  8.121 0.1000000015
23599  -46.209  -63.939  8.773 0.1000000015
22614  -46.584  -64.605  9.179 0.1000000015
17711  -48.467  -68.915  5.439 0.1000000015
16744  -48.082  -69.901  2.692 0.1000000015
16762  -47.556  -70.101  1.821 0.1000000015
23644  -46.332  -63.460  7.341 0.1000000015
19685  -46.394  -67.307  8.149 0.1000000015
16700  -46.205  -70.005  4.309 0.1000000015
16722  -46.627  -70.050  3.826 0.1000000015
15740  -46.797  -70.331  2.121 0.1000000015
22694  -47.342  -64.636  4.325 0.1000000015
19684  -45.074  -67.499  8.044 0.1000000015
18687  -44.860  -67.916  7.546 0.1000000015
18720  -45.404  -68.981  6.318 0.1000000015
17725  -45.573  -69.846  5.168 0.1000000015
16699  -45.709  -70.111  4.643 0.1000000015
15715  -45.602  -70.720  3.755 0.1000000015
15739  -45.832  -70.854  2.550 0.1000000015
22685  -46.835  -64.238  5.082 0.1000000015
23695  -45.591  -64.036  5.677 0.1000000015
22684  -46.356  -64.501  4.928 0.1000000015
22683  -45.453  -64.747  4.846 0.1000000015
22681  -43.126  -64.773  4.773 0.1000000015
18724  -50.275  -68.530  6.282 0.1000000015
18709  -51.442  -68.258  7.309 0.1000000015
17691  -51.128  -69.613  7.102 0.1000000015
15695  -49.162  -71.458  5.023 0.1000000015
18707  -49.376  -68.003  6.812 0.1000000015
19688  -50.503  -66.926  8.342 0.1000000015
16678  -49.602  -71.043  5.949 0.1000000015
15694  -48.300  -72.033  5.392 0.1000000015
19702  -48.503  -67.583  7.500 0.1000000015
19703  -49.876  -67.441  7.512 0.1000000015
15693  -47.709  -72.146  5.688 0.2000000030
23709  -48.444  -63.977  4.700 0.1000000015
23645  -47.324  -63.466  7.389 0.1000000015
23646  -48.433  -63.545  7.496 0.1000000015
18706  -47.968  -68.070  6.806 0.1000000015
18722  -47.524  -68.607  6.177 0.1000000015
14713  -46.629  -72.240  6.007 0.2000000030
23698  -48.150  -63.712  5.534 0.1000000015
20660  -47.038  -66.652  8.657 0.1000000015
19700  -45.855  -67.824  7.511 0.1000000015
18705  -46.585  -68.252  6.900 0.1000000015
17710  -47.125  -69.104  5.483 0.1000000015
22693  -46.451  -65.192  3.940 0.1000000015
22692  -45.343  -65.519  3.903 0.1000000015
22691  -44.103  -65.575  3.887 0.1000000015
20663  -51.158  -66.555  9.274 0.1000000015
19705  -51.677  -67.914  8.087 0.1000000015
20662  -49.810  -66.436  8.831 0.1000000015
19704  -51.042  -67.575  7.766 0.1000000015
19690  -52.006  -67.906  8.828 0.1000000015
16658  -50.312  -70.259  6.696 0.1000000015
18691  -51.783  -68.728  8.369 0.1000000015
15676  -48.794  -71.536  5.763 0.1000000015
20642  -47.716  -66.088  9.085 0.1000000015
20643  -49.059  -66.105  9.041 0.1000000015
17690  -50.298  -69.896  7.476 0.1000000015
22696  -48.573  -64.228  4.172 0.1000000015
23710  -49.157  -63.833  4.308 0.1000000015
23699  -49.054  -63.561  5.455 0.1000000015
23675  -48.792  -63.495  6.498 0.1000000015
23647  -49.656  -63.610  7.579 0.1000000015
23601  -48.360  -64.303  9.020 0.1000000015
22615  -47.743  -64.784  9.244 0.1000000015
20661  -48.406  -66.567  8.682 0.1000000015
16657  -48.613  -70.620  7.359 0.1000000015
16677  -48.650  -71.330  6.366 0.1000000015
22704  -48.648  -64.357  3.714 0.1000000015
23625  -47.899  -63.737  8.331 0.1000000015
20641  -46.434  -66.085  9.145 0.1000000015
19686  -47.733  -67.193  8.171 0.1000000015
15659  -47.117  -71.335  6.983 0.1000000015
22703  -48.240  -64.713  3.366 0.1000000015
22702  -47.412  -65.092  3.141 0.1000000015
22701  -46.336  -65.651  2.670 0.1000000015
21700  -45.983  -65.958  1.531 0.1000000015
21632  -50.925  -66.642  9.569 0.1000000015
20644  -50.295  -66.603  9.806 0.1000000015
20645  -51.500  -66.974  9.957 0.1000000015
22618  -51.915  -65.883  9.476 0.1000000015
19672  -51.762  -67.641  9.684 0.1000000015
21631  -49.641  -65.973  9.242 0.1000000015
22640  -52.833  -65.307  9.364 0.1000000015
18673  -50.912  -68.277  9.442 0.1000000015
17674  -51.227  -69.313  7.912 0.1000000015
21630  -48.358  -65.558  9.249 0.1000000015
22617  -50.195  -65.185  9.271 0.1000000015
18690  -51.162  -68.942  8.777 0.1000000015
23724  -49.354  -63.987  3.132 0.1000000015
23626  -49.314  -64.062  8.642 0.1000000015
23602  -49.165  -64.616  9.096 0.1000000015
22638  -50.343  -64.482  8.949 0.1000000015
17673  -50.219  -69.481  8.280 0.1000000015
23711  -50.386  -63.430  4.180 0.1000000015
23700  -50.188  -63.479  5.374 0.1000000015
23676  -49.967  -63.490  6.516 0.1000000015
16647  -48.063  -70.092  8.234 0.1000000015
23723  -48.276  -64.447  2.563 0.1000000015
23722  -47.234  -64.540  2.610 0.1000000015
23721  -46.306  -64.547  2.505 0.1000000015
22709  -46.065  -65.432  1.860 0.1000000015
23650  -53.983  -64.292  7.728 0.1000000015
22641  -53.730  -65.585  9.450 0.1000000015
19671  -50.606  -67.537  10.020 0.1000000015
23677  -51.341  -63.618  6.550 0.1000000015
23678  -52.755  -64.042  6.592 0.1000000015
23649  -52.616  -64.128  7.693 0.1000000015
22639  -51.359  -64.848  9.124 0.1000000015
19656  -49.812  -67.263  10.210 0.1000000015
23725  -50.801  -63.375  3.227 0.1000000015
23648  -51.057  -63.684  7.638 0.1000000015
18689  -49.945  -68.985  9.063 0.1000000015
24709  -48.978  -63.143  2.662 0.1000000015
17672  -48.848  -69.652  8.530 0.1000000015
16646  -47.273  -70.328  8.245 0.1000000015
24708  -47.733  -63.050  3.034 0.1000000015
24707  -46.651  -63.456  3.220 0.1000000015
24692  -45.925  -62.481  4.007 0.1000000015
24691  -45.015  -62.527  4.030 0.1000000015
23720  -45.445  -63.865  2.500 0.1000000015
22619  -53.239  -66.106  9.800 0.1000000015
21633  -52.081  -66.659  10.067 0.1000000015
21607  -51.892  -65.817  10.673 0.1000000015
21606  -50.596  -66.285  10.523 0.1000000015
24711  -51.618  -62.953  2.795 0.1000000015
23712  -51.767  -63.332  4.225 0.1000000015
23702  -52.895  -63.772  5.521 0.1000000015
23679  -54.021  -63.992  6.682 0.1000000015
24710  -50.346  -62.754  2.506 0.1000000015
23701  -51.542  -63.519  5.405 0.1000000015
18672  -49.536  -68.276  9.680 0.1000000015
24694  -47.346  -62.110  3.643 0.1000000015
24693  -46.824  -62.322  3.807 0.1000000015
25623  -46.205  -61.239  4.618 0.1000000015
25621  -44.367  -61.892  4.546 0.1000000015
23651  -55.018  -64.137  7.580 0.1000000015
23629  -53.881  -64.611  8.983 0.1000000015
22620  -53.997  -65.433  9.902 0.1000000015
21635  -53.684  -65.833  10.352 0.1000000015
23585  -53.529  -64.643  10.451 0.1000000015
23680  -54.921  -63.939  6.599 0.1000000015
25635  -48.546  -61.820  3.104 0.1000000015
25636  -49.511  -61.732  2.677 0.1000000015
25634  -47.751  -61.598  3.606 0.1000000015
25624  -47.095  -61.382  4.080 0.1000000015
25622  -45.225  -61.726  4.650 0.1000000015
25601  -44.512  -61.237  5.169 0.1000000015
24625  -53.743  -63.599  9.526 0.1000000015
24720  -51.389  -62.151  2.319 0.1000000015
23726  -51.570  -63.248  3.353 0.1000000015
24695  -52.337  -63.183  3.565 0.1000000015
23714  -54.180  -63.356  4.775 0.1000000015
26542  -48.203  -60.574  3.524 0.1000000015
25602  -45.329  -60.865  5.221 0.1000000015
26503  -44.655  -60.450  5.653 0.1000000015
26502  -43.818  -60.792  5.587 0.1000000015
23652  -55.183  -63.799  7.063 0.1000000015
24697  -54.266  -62.853  4.108 0.1000000015
23715  -54.808  -63.080  4.855 0.1000000015
23681  -55.028  -63.500  6.450 0.1000000015
25647  -50.399  -61.415  2.441 0.1000000015
24712  -52.784  -62.863  3.010 0.1000000015
24713  -53.668  -62.628  3.366 0.1000000015
25603  -45.840  -60.388  5.146 0.1000000015
26483  -44.735  -59.705  5.940 0.1000000015
26482  -44.075  -60.034  6.154 0.1000000015
25638  -54.632  -61.901  3.477 0.1000000015
25648  -51.199  -61.204  2.311 0.1000000015
24721  -52.400  -62.263  2.468 0.1000000015
25651  -54.049  -61.938  2.786 0.1000000015
26543  -48.971  -60.534  2.978 0.1000000015
26526  -46.861  -60.397  4.442 0.1000000015
26525  -46.329  -60.083  4.904 0.1000000015
27415  -45.132  -59.060  5.819 0.1000000015
28423  -44.534  -58.108  6.560 0.1000000015
27449  -47.224  -59.689  4.200 0.1000000015
27430  -46.206  -59.227  4.995 0.1000000015
26505  -45.903  -59.758  5.234 0.1000000015
27429  -45.698  -59.137  5.381 0.1000000015
28424  -45.001  -58.235  6.040 0.1000000015
28436  -45.571  -58.329  5.504 0.1000000015
27465  -47.789  -59.525  3.796 0.1000000015
28451  -46.549  -58.472  4.696 0.1000000015
28437  -46.038  -58.515  5.123 0.1000000015
10442  -40.935  -77.363  -2.159 0.1000000015
10440  -39.340  -77.709  -2.701 0.1000000015
12183  -40.697  -75.935  -2.472 0.1000000015
11340  -39.176  -76.920  -2.683 0.1000000015
12172  -39.390  -76.136  -2.280 0.1000000015
11332  -38.302  -76.752  -2.110 0.1000000015
12159  -40.362  -75.226  -1.768 0.1000000015
13918  -45.641  -72.904  -1.090 0.1000000015
12175  -42.437  -74.967  -1.822 0.1000000015
13929  -43.399  -73.350  -1.771 0.1000000015
13064  -41.091  -74.896  -1.921 0.1000000015
13915  -42.644  -73.407  -1.518 0.1000000015
15777  -39.665  -71.632  0.912 0.1000000015
14803  -40.362  -72.358  1.515 0.1000000015
14801  -38.658  -72.479  1.160 0.1000000015
13882  -46.236  -73.284  0.663 0.1000000015
13919  -46.311  -72.738  -0.659 0.1000000015
13883  -47.052  -72.655  0.941 0.2000000030
14841  -45.599  -71.803  -1.234 0.1000000015
19683  -43.913  -67.333  8.196 0.1000000015
15690  -41.993  -71.213  5.107 0.1000000015
15713  -43.484  -71.729  4.540 0.1000000015
14765  -42.472  -72.682  3.272 0.1000000015
14779  -41.481  -72.639  2.219 0.1000000015
13842  -42.258  -72.896  2.574 0.1000000015
13856  -41.966  -72.988  1.983 0.1000000015
13012  -41.177  -73.989  0.610 0.1000000015
14785  -48.626  -71.067  1.768 0.1000000015
13861  -47.878  -72.113  2.080 0.2000000030
13860  -47.255  -72.749  1.957 0.2000000030
15761  -48.586  -70.858  1.269 0.1000000015
14806  -45.258  -71.139  0.078 0.1000000015
14824  -44.156  -72.421  0.412 0.1000000015
18703  -43.716  -68.432  7.279 0.1000000015
16675  -43.989  -69.971  5.866 0.1000000015
15714  -44.742  -71.302  4.087 0.1000000015
13858  -43.477  -72.866  2.157 0.1000000015
13880  -42.656  -73.409  0.583 0.1000000015
17746  -48.570  -69.859  3.107 0.1000000015
14782  -45.242  -71.363  1.428 0.1000000015
23672  -45.896  -63.605  6.490 0.1000000015
17708  -44.661  -69.355  6.208 0.1000000015
17724  -45.046  -69.753  5.611 0.1000000015
16698  -44.723  -70.399  5.182 0.1000000015
14781  -44.584  -72.057  1.977 0.1000000015
17692  -51.506  -69.077  7.131 0.1000000015
16679  -50.281  -70.168  6.078 0.1000000015
17739  -49.554  -69.881  4.602 0.1000000015
17727  -48.101  -69.270  4.628 0.1000000015
14733  -47.088  -72.705  5.077 0.2000000030
16723  -47.375  -69.878  3.386 0.1000000015
17736  -47.183  -69.782  3.885 0.1000000015
16743  -46.934  -70.234  2.852 0.1000000015
18721  -46.220  -68.802  6.289 0.1000000015
15660  -47.952  -71.435  6.611 0.1000000015
22700  -45.066  -66.140  3.028 0.1000000015
21697  -46.044  -66.077  1.832 0.1000000015
23627  -50.624  -64.097  8.487 0.1000000015
23628  -52.165  -64.375  8.635 0.1000000015
24706  -45.686  -63.360  3.292 0.1000000015
24690  -44.266  -62.421  3.951 0.1000000015
23713  -53.116  -63.427  4.589 0.1000000015
19583  -48.643  -67.989  16.701 0.5000000000
12877  -47.694  -75.275  9.959 0.5000000000
13757  -49.217  -73.578  10.654 0.5000000000
19564  -48.191  -67.710  17.324 0.5000000000
18563  -48.554  -68.196  16.208 0.5000000000
18588  -49.301  -68.422  15.631 0.5000000000
13756  -47.963  -73.906  10.799 0.5000000000
20519  -47.539  -66.776  19.208 0.5000000000
19548  -47.648  -67.279  18.159 0.5000000000
19582  -47.903  -68.068  16.787 0.5000000000
13740  -48.329  -73.194  11.348 0.5000000000
19563  -47.359  -67.584  17.319 0.5000000000
19547  -46.830  -67.154  17.907 0.5000000000
19581  -47.108  -67.892  16.788 0.5000000000
19562  -46.573  -67.421  17.286 0.4000000060
18561  -46.846  -68.189  16.337 0.4000000060
12874  -44.697  -74.892  10.521 0.5000000000
12016  -44.242  -75.408  10.016 0.5000000000
12857  -44.124  -74.181  11.065 0.5000000000
12873  -43.653  -74.637  10.542 0.5000000000
13768  -42.324  -73.491  10.682 0.5000000000
12855  -42.806  -73.854  10.859 0.5000000000
14638  -41.901  -72.437  10.753 0.4000000060
15615  -41.902  -71.464  11.320 0.4000000060
13729  -50.879  -73.436  13.195 0.1000000015
13758  -50.362  -73.509  10.345 0.5000000000
19549  -48.594  -67.456  18.071 0.5000000000
19565  -49.187  -67.763  17.222 0.5000000000
18564  -49.527  -68.025  16.234 0.5000000000
17579  -49.020  -68.945  15.275 0.4000000060
13741  -48.950  -73.057  11.146 0.5000000000
20520  -48.501  -66.866  19.479 0.5000000000
19531  -48.217  -67.208  18.797 0.5000000000
20506  -48.001  -66.235  19.999 0.5000000000
22462  -49.014  -64.650  20.494 0.5000000000
21481  -48.512  -65.488  20.403 0.5000000000
22461  -47.960  -64.569  20.337 0.4000000060
20505  -47.044  -66.083  19.831 0.3000000119
20539  -46.984  -66.858  18.571 0.5000000000
20538  -46.314  -66.741  18.452 0.4000000060
19580  -46.276  -67.704  16.775 0.4000000060
20504  -46.510  -65.995  19.710 0.3000000119
17577  -47.062  -69.154  15.456 0.6999999881
17598  -46.629  -69.803  14.915 0.5000000000
21480  -47.434  -65.396  20.291 0.3000000119
21479  -46.296  -65.425  20.084 0.3000000119
20517  -45.811  -66.328  19.046 0.3000000119
19561  -45.665  -67.191  17.373 0.4000000060
18585  -46.493  -68.589  15.834 0.5000000000
17576  -46.046  -69.194  15.321 0.6000000238
15574  -46.826  -70.933  13.970 0.6000000238
14619  -48.091  -72.120  12.722 0.6000000238
13755  -46.824  -73.962  11.252 0.5000000000
12875  -45.779  -75.075  10.390 0.3000000119
21500  -45.477  -65.713  19.599 0.3000000119
20537  -45.488  -66.669  18.226 0.3000000119
19578  -44.409  -67.647  16.668 0.4000000060
17575  -45.013  -69.258  15.217 0.5000000000
15573  -46.014  -70.961  13.855 0.6000000238
14626  -45.587  -72.585  12.550 0.6000000238
13754  -45.694  -73.831  11.471 0.5000000000
12858  -45.190  -74.371  10.999 0.5000000000
20536  -44.557  -66.431  18.252 0.4000000060
20545  -44.214  -66.754  17.652 0.4000000060
18583  -44.487  -68.694  15.660 0.5000000000
17596  -44.508  -69.880  14.659 0.5000000000
14615  -44.590  -71.867  12.941 0.5000000000
13737  -45.104  -73.143  12.070 0.5000000000
21522  -43.275  -65.832  18.504 0.4000000060
20544  -43.372  -66.662  17.524 0.4000000060
19577  -43.455  -67.642  16.534 0.5000000000
17595  -43.513  -69.717  14.560 0.5000000000
16593  -43.423  -70.776  13.561 0.4000000060
14625  -44.431  -72.336  12.585 0.5000000000
13752  -43.540  -73.410  11.526 0.5000000000
19558  -42.976  -67.133  16.961 0.4000000060
18557  -43.007  -68.174  15.971 0.5000000000
16574  -43.001  -70.125  13.961 0.5000000000
15587  -43.148  -71.206  13.099 0.4000000060
14623  -42.623  -72.025  12.034 0.4000000060
14640  -42.928  -72.988  11.621 0.5000000000
18603  -41.946  -68.816  14.692 0.5000000000
16591  -41.911  -69.986  13.435 0.4000000060
15605  -41.989  -71.015  12.191 0.4000000060
17593  -41.841  -69.317  14.119 0.3000000119
17617  -41.620  -69.361  13.457 0.4000000060
16611  -41.758  -70.248  12.788 0.3000000119
17630  -41.493  -69.252  12.478 0.3000000119
17639  -41.667  -69.527  11.458 0.3000000119
13719  -51.845  -72.949  14.565 0.1000000015
13718  -51.289  -73.681  14.661 0.1000000015
14593  -53.069  -71.338  14.412 0.1000000015
14604  -52.277  -72.334  13.767 0.1000000015
15613  -52.634  -71.381  12.390 0.4000000060
14632  -51.998  -72.277  11.742 0.4000000060
13759  -51.079  -73.431  10.630 0.4000000060
14643  -50.974  -72.660  10.525 0.5000000000
15617  -51.526  -72.266  10.794 0.4000000060
14631  -50.430  -72.301  10.954 0.5000000000
14642  -50.003  -72.828  10.473 0.5000000000
19550  -49.485  -67.553  18.167 0.5000000000
19566  -50.036  -67.750  17.527 0.5000000000
18547  -50.091  -67.862  16.833 0.5000000000
18589  -50.425  -68.333  15.365 0.4000000060
15595  -51.078  -71.013  12.194 0.5000000000
14630  -49.685  -72.435  11.269 0.5000000000
20507  -49.150  -66.485  20.150 0.5000000000
20521  -49.267  -67.061  19.535 0.5000000000
19533  -49.817  -67.455  19.061 0.5000000000
21482  -49.618  -65.600  20.604 0.5000000000
16598  -49.752  -70.729  13.389 0.6000000238
23435  -48.466  -63.840  20.167 0.2000000030
23453  -48.958  -63.287  19.502 0.2000000030
22460  -46.878  -64.474  20.345 0.3000000119
21478  -45.250  -65.078  20.063 0.3000000119
21499  -44.449  -65.261  19.682 0.4000000060
23434  -47.434  -63.737  20.129 0.3000000119
22459  -45.789  -64.405  20.291 0.3000000119
23450  -46.557  -63.039  19.785 0.3000000119
23431  -44.370  -63.665  20.070 0.4000000060
22478  -43.571  -64.626  19.762 0.4000000060
23430  -43.823  -63.669  20.002 0.3000000119
21498  -43.210  -65.300  19.151 0.4000000060
20543  -42.486  -66.637  17.401 0.4000000060
20542  -41.575  -66.603  17.082 0.4000000060
23447  -43.129  -63.707  19.839 0.3000000119
22476  -41.726  -64.515  18.972 0.3000000119
20541  -40.854  -66.123  16.962 0.3000000119
18556  -42.220  -68.009  15.803 0.4000000060
19593  -40.873  -67.175  15.516 0.3000000119
18602  -41.410  -68.413  14.301 0.4000000060
18617  -41.308  -68.462  13.324 0.3000000119
21536  -40.497  -65.472  16.418 0.2000000030
20565  -40.566  -66.255  15.489 0.2000000030
18616  -41.095  -67.704  13.840 0.3000000119
18628  -41.341  -68.122  12.621 0.3000000119
22545  -40.861  -64.217  15.101 0.1000000015
20580  -41.014  -66.064  13.862 0.2000000030
18627  -41.150  -67.753  13.204 0.4000000060
25481  -41.744  -60.882  13.947 0.1000000015
15576  -53.589  -70.825  14.150 0.1000000015
14605  -52.920  -71.540  13.861 0.1000000015
15596  -53.333  -70.913  13.139 0.2000000030
16615  -52.779  -70.995  12.280 0.5000000000
15612  -52.185  -71.572  11.783 0.4000000060
15611  -51.300  -71.656  11.399 0.4000000060
19551  -50.483  -67.695  18.266 0.5000000000
18548  -51.111  -67.806  17.192 0.4000000060
18566  -52.145  -67.986  16.167 0.4000000060
18604  -51.207  -68.485  14.745 0.4000000060
16599  -50.979  -70.355  12.959 0.5000000000
16613  -51.561  -70.847  12.187 0.5000000000
20508  -50.364  -66.645  20.644 0.5000000000
19520  -50.033  -67.262  19.945 0.5000000000
19534  -50.944  -67.691  19.298 0.4000000060
15594  -50.402  -71.250  12.424 0.4000000060
22464  -51.075  -64.818  20.617 0.4000000060
23438  -51.551  -64.253  20.129 0.4000000060
22463  -50.071  -64.770  20.542 0.5000000000
23437  -50.574  -64.072  20.149 0.4000000060
23455  -51.171  -63.698  19.428 0.3000000119
24458  -49.395  -62.914  18.553 0.2000000030
23452  -47.924  -63.188  19.601 0.2000000030
24457  -48.352  -62.706  18.778 0.3000000119
24484  -47.652  -62.201  18.151 0.1000000015
24456  -47.338  -62.550  19.101 0.3000000119
24454  -45.033  -62.463  19.355 0.3000000119
24483  -46.654  -62.003  18.524 0.2000000030
25374  -44.118  -61.887  19.027 0.2000000030
24451  -42.299  -63.033  19.459 0.2000000030
23475  -40.904  -63.715  18.707 0.2000000030
25397  -43.353  -61.320  18.791 0.2000000030
24480  -40.832  -62.879  18.650 0.2000000030
23490  -40.407  -63.734  17.950 0.2000000030
25396  -42.411  -61.504  18.955 0.2000000030
25394  -40.670  -62.036  18.283 0.1000000015
22533  -40.453  -64.326  16.095 0.2000000030
27277  -40.723  -60.312  17.568 0.1000000015
25437  -40.425  -61.388  16.981 0.1000000015
23517  -40.657  -63.083  15.773 0.1000000015
26376  -40.481  -60.480  16.098 0.1000000015
25465  -40.753  -61.138  15.391 0.1000000015
24548  -41.102  -62.196  15.157 0.1000000015
26389  -40.967  -60.402  14.792 0.1000000015
25466  -41.465  -61.349  14.443 0.1000000015
27334  -41.364  -59.466  13.863 0.1000000015
28342  -41.668  -58.450  13.340 0.1000000015
15577  -54.133  -70.055  14.441 0.3000000119
16602  -53.778  -69.946  13.918 0.3000000119
18552  -56.191  -69.756  17.667 0.3000000119
18569  -56.010  -69.357  17.063 0.3000000119
17621  -53.967  -69.533  14.149 0.3000000119
17620  -53.386  -69.554  13.569 0.3000000119
16614  -52.238  -70.912  12.018 0.4000000060
18539  -54.743  -68.755  18.521 0.3000000119
18568  -55.335  -68.842  16.364 0.3000000119
17603  -52.819  -68.933  13.741 0.5000000000
17619  -52.426  -69.613  13.188 0.5000000000
18507  -52.307  -68.198  20.197 0.4000000060
18538  -53.181  -68.261  18.331 0.5000000000
18590  -51.588  -68.173  15.279 0.4000000060
17602  -51.218  -69.238  14.071 0.5000000000
22451  -52.834  -65.279  21.059 0.4000000060
21469  -51.554  -66.065  21.285 0.4000000060
19507  -51.097  -67.079  20.785 0.5000000000
19521  -51.198  -67.500  20.308 0.5000000000
22482  -55.242  -64.559  19.026 0.4000000060
22481  -53.900  -64.283  19.492 0.4000000060
22465  -52.051  -64.847  20.639 0.4000000060
22450  -52.177  -65.356  21.077 0.5000000000
23456  -52.323  -63.999  19.440 0.4000000060
22505  -55.654  -64.369  18.219 0.3000000119
23457  -53.278  -63.968  18.980 0.3000000119
23479  -52.645  -63.701  18.360 0.3000000119
23478  -51.672  -63.508  18.461 0.3000000119
23492  -52.976  -63.513  17.350 0.3000000119
23491  -52.163  -63.470  17.741 0.2000000030
24506  -50.749  -62.821  16.759 0.1000000015
24486  -49.929  -62.842  17.583 0.1000000015
24485  -48.764  -62.384  17.574 0.1000000015
24482  -45.636  -61.916  18.711 0.2000000030
25402  -47.866  -61.809  17.434 0.1000000015
25401  -46.996  -61.579  17.727 0.1000000015
25375  -44.821  -61.770  18.765 0.2000000030
25400  -45.961  -61.331  18.014 0.2000000030
26323  -44.446  -60.552  18.248 0.2000000030
26321  -42.587  -60.690  18.595 0.1000000015
27253  -42.754  -59.773  18.257 0.1000000015
27278  -41.303  -59.782  17.902 0.1000000015
28286  -42.412  -58.981  17.891 0.1000000015
27296  -40.512  -59.917  16.755 0.1000000015
27305  -40.540  -59.645  15.960 0.1000000015
29364  -40.848  -58.169  16.587 0.1000000015
28313  -40.627  -58.777  15.797 0.1000000015
29388  -41.279  -57.180  14.210 0.1000000015
30507  -41.419  -56.347  14.357 0.1000000015
29408  -41.574  -57.161  13.424 0.1000000015
30545  -41.960  -56.336  12.957 0.1000000015
30546  -42.589  -56.318  12.369 0.1000000015
31694  -43.282  -55.325  12.034 0.1000000015
32825  -44.348  -54.784  11.744 0.1000000015
17545  -55.597  -70.799  18.445 0.3000000119
17556  -54.545  -70.527  17.594 0.2000000030
18525  -55.652  -69.967  19.774 0.3000000119
18508  -53.725  -69.248  20.338 0.4000000060
17498  -53.793  -69.692  21.103 0.3000000119
21472  -54.794  -66.049  21.489 0.3000000119
21470  -52.370  -65.951  21.495 0.3000000119
19509  -52.617  -67.837  21.786 0.4000000060
18484  -53.199  -68.738  21.943 0.3000000119
22468  -55.779  -65.251  20.001 0.3000000119
22453  -55.152  -65.541  20.706 0.3000000119
20476  -53.724  -67.807  22.502 0.4000000060
19494  -53.402  -68.170  22.338 0.4000000060
19495  -54.189  -68.464  22.663 0.3000000119
23484  -58.074  -63.908  18.204 0.3000000119
22483  -56.663  -64.902  19.353 0.3000000119
22506  -56.388  -64.503  18.348 0.3000000119
23483  -57.147  -64.264  17.582 0.3000000119
23495  -56.606  -64.024  16.612 0.3000000119
23480  -53.656  -63.831  18.112 0.3000000119
23493  -54.168  -63.631  17.195 0.3000000119
23506  -53.566  -63.428  16.594 0.2000000030
24507  -52.019  -63.251  16.880 0.1000000015
24523  -53.410  -63.176  15.762 0.1000000015
24522  -51.743  -62.512  15.847 0.1000000015
25442  -50.970  -62.052  15.795 0.1000000015
24505  -49.603  -62.328  16.659 0.1000000015
25425  -49.065  -61.952  16.580 0.1000000015
25423  -47.414  -61.067  16.987 0.1000000015
26325  -45.764  -60.668  17.718 0.2000000030
26352  -45.930  -60.160  17.455 0.2000000030
27282  -45.237  -59.464  17.451 0.2000000030
27280  -43.689  -59.390  17.946 0.1000000015
28289  -45.325  -58.631  17.113 0.1000000015
29345  -43.545  -57.901  17.459 0.1000000015
29343  -41.530  -58.343  17.384 0.1000000015
30448  -42.884  -57.209  17.289 0.1000000015
29366  -42.199  -57.095  16.967 0.1000000015
30473  -41.559  -56.533  16.350 0.1000000015
30491  -41.518  -55.852  15.392 0.1000000015
31654  -41.797  -55.373  14.621 0.1000000015
30529  -41.708  -56.206  13.531 0.1000000015
31693  -42.406  -55.419  12.997 0.1000000015
32796  -42.946  -54.032  13.616 0.1000000015
33828  -43.871  -53.890  12.943 0.1000000015
31695  -43.940  -54.931  11.785 0.1000000015
32812  -44.122  -54.416  12.255 0.1000000015
32826  -45.216  -54.520  11.736 0.1000000015
32827  -46.421  -54.468  11.499 0.1000000015
16528  -53.574  -71.131  19.045 0.2000000030
17544  -54.027  -70.860  18.455 0.2000000030
16474  -52.992  -71.955  21.809 0.2000000030
16506  -55.251  -71.242  20.048 0.3000000119
16460  -53.897  -70.869  23.945 0.2000000030
16486  -54.543  -71.309  20.711 0.3000000119
17499  -54.235  -70.590  21.307 0.3000000119
21471  -53.564  -65.983  21.681 0.3000000119
20492  -53.230  -67.060  22.161 0.3000000119
17491  -53.728  -69.636  21.788 0.3000000119
21502  -56.909  -65.328  20.040 0.3000000119
21485  -55.862  -65.680  20.565 0.3000000119
21473  -55.963  -66.148  21.139 0.3000000119
20494  -55.622  -66.755  21.998 0.3000000119
20478  -55.284  -67.487  22.631 0.3000000119
20477  -54.294  -67.651  22.595 0.3000000119
23459  -58.261  -63.758  19.398 0.3000000119
22470  -58.214  -64.380  20.110 0.3000000119
20479  -56.184  -67.090  22.649 0.3000000119
19496  -54.983  -68.383  22.961 0.2000000030
18486  -54.674  -69.471  23.196 0.2000000030
24462  -57.781  -62.540  18.856 0.2000000030
24463  -58.267  -63.267  18.796 0.2000000030
24490  -58.231  -63.097  18.092 0.3000000119
23497  -57.985  -63.290  17.543 0.3000000119
23494  -55.377  -63.930  16.840 0.3000000119
23508  -55.903  -63.756  15.702 0.2000000030
24508  -52.924  -63.375  16.596 0.1000000015
23518  -56.467  -63.639  15.029 0.2000000030
24524  -55.123  -63.445  15.130 0.1000000015
24535  -53.116  -62.297  15.116 0.1000000015
25455  -53.731  -62.004  14.486 0.1000000015
25469  -54.416  -61.466  13.950 0.1000000015
26392  -55.167  -60.537  13.417 0.1000000015
24534  -52.277  -61.920  15.324 0.1000000015
25454  -52.895  -61.387  14.735 0.1000000015
26390  -52.987  -60.380  14.473 0.1000000015
27320  -53.410  -59.530  14.347 0.1000000015
27336  -55.643  -59.653  13.231 0.1000000015
28344  -56.029  -58.698  13.250 0.1000000015
25452  -50.262  -60.985  15.548 0.1000000015
27310  -51.461  -59.460  15.051 0.1000000015
27319  -52.407  -59.497  14.687 0.1000000015
28325  -53.858  -58.646  14.287 0.1000000015
29390  -54.156  -57.564  14.307 0.1000000015
25439  -48.171  -60.921  16.460 0.1000000015
26371  -48.513  -60.301  16.042 0.1000000015
25438  -47.643  -60.641  16.633 0.1000000015
27297  -46.466  -59.241  16.693 0.2000000030
28290  -46.013  -58.857  16.807 0.1000000015
28304  -45.755  -58.304  16.758 0.1000000015
30475  -43.809  -56.202  16.804 0.1000000015
30474  -42.709  -56.358  16.829 0.1000000015
31615  -43.092  -55.275  16.473 0.1000000015
31639  -42.176  -55.081  15.307 0.1000000015
32771  -42.231  -54.846  14.643 0.1000000015
33790  -42.902  -54.049  14.517 0.1000000015
32795  -42.455  -54.518  13.929 0.1000000015
33815  -44.161  -53.507  13.253 0.1000000015
33829  -44.544  -53.687  12.796 0.1000000015
33830  -45.334  -53.609  12.510 0.1000000015
19448  -54.516  -67.113  25.849 0.2000000030
16451  -54.341  -70.570  23.955 0.2000000030
17492  -54.197  -70.477  22.646 0.3000000119
20426  -54.753  -66.408  26.433 0.2000000030
19468  -54.768  -67.978  25.262 0.2000000030
17478  -54.855  -69.358  24.171 0.2000000030
16469  -54.282  -70.713  23.332 0.3000000119
22456  -58.177  -64.663  21.147 0.3000000119
21476  -57.990  -65.423  21.500 0.3000000119
20496  -57.327  -66.322  21.831 0.3000000119
20480  -56.947  -66.677  22.747 0.3000000119
23443  -58.175  -63.711  20.569 0.3000000119
23429  -58.133  -64.240  21.287 0.3000000119
22446  -57.668  -65.242  22.653 0.3000000119
21459  -57.557  -66.005  22.666 0.3000000119
19498  -56.329  -67.197  22.994 0.3000000119
25378  -53.945  -61.313  19.594 0.2000000030
24446  -56.215  -62.596  20.439 0.3000000119
19497  -55.594  -67.847  23.321 0.2000000030
18477  -55.080  -69.150  23.763 0.2000000030
25379  -55.308  -61.415  19.271 0.2000000030
25380  -56.678  -61.705  18.739 0.2000000030
26306  -54.146  -60.761  18.973 0.2000000030
24489  -57.884  -62.686  17.835 0.3000000119
25403  -55.811  -61.171  18.512 0.3000000119
24509  -57.789  -62.931  16.906 0.3000000119
23509  -56.915  -63.656  15.684 0.2000000030
25405  -57.366  -62.231  17.457 0.3000000119
25426  -56.686  -61.703  17.015 0.2000000030
25444  -56.994  -62.261  16.213 0.2000000030
24539  -57.355  -62.909  14.864 0.2000000030
24552  -56.119  -62.346  13.623 0.1000000015
27308  -49.723  -59.295  15.435 0.1000000015
28317  -51.060  -58.508  15.318 0.1000000015
28318  -51.989  -58.542  15.042 0.1000000015
29381  -52.609  -57.555  15.046 0.1000000015
27300  -48.652  -59.639  15.777 0.1000000015
27307  -49.029  -59.204  15.587 0.1000000015
28315  -49.332  -58.374  15.568 0.1000000015
29379  -50.630  -57.592  15.539 0.1000000015
27299  -48.004  -59.374  16.089 0.1000000015
28307  -48.119  -58.380  15.860 0.1000000015
29370  -48.304  -57.411  15.994 0.1000000015
29371  -49.111  -57.397  15.853 0.1000000015
30481  -49.756  -56.442  15.999 0.1000000015
28306  -47.271  -58.498  16.196 0.1000000015
29368  -46.594  -57.593  16.385 0.1000000015
30479  -47.761  -56.558  16.315 0.1000000015
31619  -47.169  -55.619  16.485 0.1000000015
29367  -45.827  -57.662  16.618 0.1000000015
30451  -45.220  -57.077  16.730 0.1000000015
30476  -44.786  -56.289  16.709 0.1000000015
31617  -45.198  -55.472  16.574 0.1000000015
32724  -43.696  -54.602  16.185 0.1000000015
32756  -42.756  -54.469  15.356 0.1000000015
33813  -42.957  -53.813  13.996 0.1000000015
23373  -52.941  -63.838  26.854 0.3000000119
22400  -54.086  -64.449  26.094 0.3000000119
21395  -55.374  -65.797  25.886 0.3000000119
20427  -55.508  -66.740  25.588 0.2000000030
19469  -55.502  -67.770  24.885 0.2000000030
18462  -55.201  -68.845  24.211 0.2000000030
22401  -55.020  -65.022  25.439 0.3000000119
21413  -55.620  -65.584  25.223 0.3000000119
20445  -56.049  -66.782  24.734 0.3000000119
18476  -54.635  -69.897  23.680 0.2000000030
23441  -55.666  -63.100  21.142 0.3000000119
23422  -55.159  -64.063  22.661 0.3000000119
22444  -55.672  -64.565  23.365 0.3000000119
21415  -56.584  -66.335  24.090 0.3000000119
19486  -55.766  -67.888  23.961 0.2000000030
25376  -52.352  -61.329  20.141 0.2000000030
23440  -54.989  -63.036  21.117 0.3000000119
24439  -53.839  -62.741  21.328 0.3000000119
26304  -51.912  -60.738  19.683 0.2000000030
26326  -52.435  -60.201  18.975 0.2000000030
26307  -55.010  -60.765  18.657 0.2000000030
26328  -54.285  -60.163  18.360 0.3000000119
26330  -55.873  -61.012  17.556 0.2000000030
26356  -55.759  -61.008  16.804 0.2000000030
32727  -46.599  -54.670  16.518 0.1000000015
32725  -44.634  -54.462  16.287 0.1000000015
32758  -44.060  -54.085  15.844 0.1000000015
32757  -43.459  -54.196  15.618 0.1000000015
24385  -50.846  -62.438  27.095 0.1000000015
24400  -50.314  -62.349  25.684 0.2000000030
24401  -51.431  -62.713  26.007 0.3000000119
23390  -52.916  -63.705  26.055 0.3000000119
23389  -52.246  -63.201  25.274 0.3000000119
23412  -53.085  -63.758  24.320 0.3000000119
23421  -53.903  -63.669  22.935 0.3000000119
23420  -52.664  -63.147  22.683 0.3000000119
25367  -51.857  -61.553  20.580 0.3000000119
24442  -51.892  -62.098  21.259 0.3000000119
24437  -52.317  -62.575  21.771 0.3000000119
26301  -49.164  -60.138  20.180 0.2000000030
27241  -50.555  -59.855  19.416 0.2000000030
27257  -50.339  -59.097  18.956 0.1000000015
26327  -53.296  -60.218  18.680 0.2000000030
29324  -48.560  -57.591  19.061 0.1000000015
28269  -50.915  -58.491  18.477 0.2000000030
27260  -53.426  -59.715  18.273 0.2000000030
28291  -51.575  -58.250  18.095 0.2000000030
28292  -52.567  -58.593  17.904 0.3000000119
24417  -50.567  -62.532  24.447 0.3000000119
24418  -51.418  -62.801  24.250 0.3000000119
24430  -50.715  -62.526  23.268 0.3000000119
23419  -52.040  -62.907  22.886 0.3000000119
27236  -47.923  -59.933  20.724 0.3000000119
25362  -50.761  -61.862  21.526 0.3000000119
24436  -51.482  -62.327  21.867 0.3000000119
27235  -47.390  -59.607  20.546 0.2000000030
27238  -47.371  -58.930  20.047 0.2000000030
29314  -46.849  -57.339  19.697 0.1000000015
30424  -47.332  -56.498  19.577 0.1000000015
30425  -48.164  -56.556  19.237 0.1000000015
30433  -48.917  -56.596  18.783 0.1000000015
29326  -50.306  -57.446  18.309 0.1000000015
25355  -47.494  -61.435  23.079 0.3000000119
25353  -45.933  -61.070  23.227 0.2000000030
25357  -49.243  -61.948  22.733 0.3000000119
24434  -50.298  -62.289  22.673 0.3000000119
25359  -48.092  -61.305  22.381 0.3000000119
27234  -46.403  -59.158  20.610 0.2000000030
26296  -47.407  -60.205  21.080 0.3000000119
25361  -49.881  -61.922  22.041 0.3000000119
29310  -45.555  -57.650  20.475 0.2000000030
27233  -45.711  -58.707  20.762 0.2000000030
31528  -44.396  -55.945  21.915 0.1000000015
31545  -45.013  -55.980  21.231 0.1000000015
31512  -44.942  -55.627  22.745 0.1000000015
31546  -45.683  -55.719  20.963 0.1000000015
31547  -46.557  -55.588  20.579 0.1000000015
31564  -47.095  -55.818  19.930 0.1000000015
31530  -46.279  -55.484  21.612 0.1000000015
31548  -47.499  -55.387  20.427 0.1000000015
32637  -48.028  -55.208  20.929 0.1000000015
26285  -45.365  -60.549  22.765 0.2000000030
26284  -44.440  -59.796  22.463 0.2000000030
26293  -47.439  -60.867  21.990 0.2000000030
28245  -44.464  -58.197  21.364 0.2000000030
26292  -46.368  -60.208  21.535 0.2000000030
30395  -43.853  -56.725  21.742 0.1000000015
29308  -44.581  -57.495  21.102 0.2000000030
31511  -43.960  -55.761  22.920 0.1000000015
31529  -45.352  -55.630  21.804 0.1000000015
31513  -45.924  -55.612  22.570 0.1000000015
31514  -46.882  -55.652  22.429 0.1000000015
31515  -47.977  -55.846  22.612 0.1000000015
31532  -48.406  -55.465  21.625 0.1000000015
31481  -45.617  -56.102  24.397 0.1000000015
30361  -46.297  -56.093  23.783 0.1000000015
30362  -46.889  -56.288  23.775 0.1000000015
30363  -47.944  -56.440  23.578 0.1000000015
30335  -46.490  -56.692  25.493 0.1000000015
30348  -47.207  -56.713  24.584 0.1000000015
17599  -47.620  -69.667  14.909 0.4000000060
18587  -48.343  -68.538  15.809 0.5000000000
18562  -47.702  -68.293  16.329 0.5000000000
17600  -48.610  -69.530  14.823 0.4000000060
18586  -47.430  -68.583  15.882 0.5000000000
17578  -48.028  -69.056  15.422 0.6000000238
16580  -49.186  -70.155  14.246 0.5000000000
17581  -50.715  -68.643  14.772 0.4000000060
12860  -47.395  -74.611  10.464 0.5000000000
17601  -49.705  -69.381  14.554 0.4000000060
16578  -47.230  -70.373  14.394 0.5000000000
14629  -48.835  -72.555  11.820 0.5000000000
16579  -48.156  -70.179  14.366 0.6000000238
13739  -47.294  -73.338  11.730 0.5000000000
12859  -46.295  -74.515  10.794 0.3000000119
12017  -45.290  -75.608  9.940 0.5000000000
15593  -49.122  -71.673  12.743 0.5000000000
12878  -47.989  -75.362  10.052 0.5000000000
14628  -47.715  -72.692  12.220 0.5000000000
18560  -45.935  -68.156  16.322 0.4000000060
12856  -43.196  -73.978  10.982 0.5000000000
14639  -42.423  -72.457  11.489 0.4000000060
13767  -41.940  -73.323  10.248 0.4000000060
15616  -42.299  -71.673  11.908 0.4000000060
16622  -41.627  -70.376  11.855 0.3000000119
14620  -52.020  -72.439  12.790 0.2000000030
18565  -50.777  -68.007  16.142 0.5000000000
19579  -45.356  -67.637  16.755 0.3000000119
16577  -46.224  -70.446  14.352 0.6000000238
20516  -44.940  -66.135  19.002 0.4000000060
20546  -44.946  -66.838  17.728 0.4000000060
18559  -44.956  -68.171  16.251 0.5000000000
17597  -45.581  -69.871  14.762 0.6000000238
14617  -46.064  -72.038  13.018 0.6000000238
14618  -47.097  -72.034  12.894 0.6000000238
15592  -47.667  -71.339  13.488 0.6000000238
16597  -48.613  -70.848  13.796 0.6000000238
19559  -43.872  -67.169  17.101 0.4000000060
18558  -43.965  -68.181  16.120 0.4000000060
17574  -44.016  -69.261  15.125 0.5000000000
15590  -45.461  -71.371  13.466 0.6000000238
16576  -45.098  -70.627  14.054 0.5000000000
14627  -46.649  -72.666  12.430 0.5000000000
13738  -46.191  -73.297  11.991 0.5000000000
20535  -43.731  -66.266  18.104 0.4000000060
20515  -44.015  -65.905  18.816 0.4000000060
18582  -43.517  -68.693  15.517 0.5000000000
16575  -43.946  -70.375  14.096 0.5000000000
15608  -44.195  -71.749  12.958 0.4000000060
15589  -44.613  -71.482  13.272 0.5000000000
13736  -44.165  -73.023  12.008 0.5000000000
20534  -42.907  -66.123  17.952 0.4000000060
21497  -42.193  -65.030  18.932 0.3000000119
19576  -42.531  -67.608  16.394 0.5000000000
17573  -43.218  -69.119  14.949 0.5000000000
17594  -42.573  -69.388  14.478 0.5000000000
15607  -43.552  -71.770  12.776 0.4000000060
14624  -43.231  -72.481  12.139 0.5000000000
18581  -42.560  -68.628  15.231 0.5000000000
15606  -42.645  -71.464  12.537 0.4000000060
16592  -42.481  -70.589  13.260 0.4000000060
18579  -41.193  -67.795  15.046 0.4000000060
19594  -41.278  -67.646  15.495 0.4000000060
18537  -51.726  -67.886  18.263 0.5000000000
15609  -49.426  -72.161  11.922 0.5000000000
21483  -50.752  -65.684  20.890 0.5000000000
16581  -50.185  -69.979  13.896 0.5000000000
23436  -49.525  -63.910  20.206 0.3000000119
23433  -46.359  -63.442  20.082 0.3000000119
22458  -44.744  -64.477  20.152 0.4000000060
24441  -45.622  -62.968  19.833 0.3000000119
24455  -46.289  -62.622  19.450 0.3000000119
24453  -43.996  -62.561  19.477 0.3000000119
24452  -43.130  -62.754  19.630 0.3000000119
22477  -42.614  -64.528  19.439 0.3000000119
21527  -41.266  -65.855  17.638 0.3000000119
20533  -41.979  -66.082  17.919 0.3000000119
19575  -41.533  -67.394  16.142 0.3000000119
21519  -40.925  -64.979  18.177 0.3000000119
24450  -41.461  -63.178  19.127 0.2000000030
21526  -40.710  -65.173  17.657 0.3000000119
19574  -40.963  -67.016  16.116 0.3000000119
22522  -40.386  -64.442  17.152 0.2000000030
19602  -40.685  -66.810  14.871 0.3000000119
18601  -40.975  -67.486  14.624 0.4000000060
21546  -40.585  -65.276  15.324 0.2000000030
20573  -40.663  -66.099  14.637 0.3000000119
19621  -41.023  -67.095  13.436 0.2000000030
21557  -41.086  -65.164  14.304 0.2000000030
25467  -41.981  -61.888  14.212 0.1000000015
27318  -41.085  -59.785  14.462 0.1000000015
18522  -52.149  -68.082  19.219 0.4000000060
18506  -51.591  -67.857  19.779 0.4000000060
18549  -52.722  -67.985  17.237 0.5000000000
18605  -52.211  -68.500  14.468 0.4000000060
23439  -52.230  -64.372  20.154 0.4000000060
23454  -50.106  -63.380  19.356 0.3000000119
24459  -50.247  -63.097  18.406 0.2000000030
24487  -50.994  -63.187  17.765 0.1000000015
25373  -43.228  -62.019  19.236 0.2000000030
25398  -44.235  -61.236  18.585 0.2000000030
25371  -41.753  -62.600  19.164 0.2000000030
25372  -42.353  -62.286  19.265 0.2000000030
26322  -43.537  -60.565  18.459 0.2000000030
25395  -41.398  -61.961  18.862 0.1000000015
23505  -40.374  -63.408  16.903 0.2000000030
26320  -41.668  -60.932  18.611 0.1000000015
27251  -41.224  -60.419  18.183 0.1000000015
26349  -40.521  -61.034  17.458 0.1000000015
24503  -40.415  -62.651  17.720 0.2000000030
26368  -40.449  -60.721  16.861 0.1000000015
28285  -41.459  -59.105  17.657 0.1000000015
25450  -40.489  -61.313  16.294 0.1000000015
24519  -40.439  -62.214  16.717 0.1000000015
24533  -40.654  -61.984  15.843 0.1000000015
23531  -41.296  -63.244  14.874 0.1000000015
28303  -40.644  -59.090  16.615 0.1000000015
24549  -41.728  -62.404  14.543 0.1000000015
27317  -40.771  -59.501  15.109 0.1000000015
27333  -41.013  -59.166  14.497 0.1000000015
29407  -41.290  -57.787  13.943 0.1000000015
16545  -54.694  -70.009  15.702 0.3000000119
17582  -55.141  -69.441  15.332 0.3000000119
17527  -55.793  -70.677  19.536 0.3000000119
17558  -56.069  -70.026  17.285 0.3000000119
18540  -55.963  -69.738  18.724 0.3000000119
18551  -55.788  -68.930  17.618 0.3000000119
17563  -55.534  -69.704  16.546 0.3000000119
18592  -54.457  -68.746  15.015 0.3000000119
18567  -53.797  -68.183  16.166 0.3000000119
18524  -54.893  -69.295  19.541 0.3000000119
18591  -52.973  -68.271  15.184 0.3000000119
19522  -51.828  -67.768  20.562 0.4000000060
18496  -52.859  -68.610  21.118 0.4000000060
18523  -53.481  -68.618  19.371 0.4000000060
22466  -53.099  -64.567  20.232 0.4000000060
20490  -51.213  -66.627  21.097 0.4000000060
19508  -51.800  -67.544  21.014 0.4000000060
22467  -54.529  -64.839  20.115 0.4000000060
23458  -54.185  -64.089  18.745 0.3000000119
23482  -56.055  -64.253  17.562 0.3000000119
24488  -51.683  -63.355  17.695 0.2000000030
25424  -48.474  -61.733  16.802 0.1000000015
26324  -45.220  -60.705  18.003 0.2000000030
25422  -46.464  -60.871  17.490 0.2000000030
26350  -44.747  -60.213  17.964 0.1000000015
27254  -43.778  -59.864  18.170 0.1000000015
27279  -41.938  -59.511  18.066 0.1000000015
29344  -42.458  -57.916  17.507 0.1000000015
29342  -40.974  -58.779  17.173 0.1000000015
29365  -41.515  -57.506  16.896 0.1000000015
29377  -40.697  -57.828  15.597 0.1000000015
28323  -40.776  -58.558  14.951 0.1000000015
30506  -41.118  -56.978  14.646 0.1000000015
32794  -42.078  -55.031  14.243 0.1000000015
31676  -42.313  -55.045  13.519 0.1000000015
16529  -54.495  -71.359  19.227 0.2000000030
16530  -55.257  -71.259  19.483 0.2000000030
17561  -53.586  -70.193  16.962 0.2000000030
17507  -54.484  -70.020  20.719 0.3000000119
20491  -52.077  -66.804  21.535 0.4000000060
21504  -57.904  -64.719  19.779 0.3000000119
22508  -57.806  -64.287  18.748 0.3000000119
23507  -54.574  -63.568  16.156 0.1000000015
24521  -50.534  -62.278  16.180 0.1000000015
24520  -49.944  -61.944  16.210 0.1000000015
25453  -51.399  -61.448  15.400 0.1000000015
25440  -49.294  -61.341  16.062 0.1000000015
26353  -46.657  -60.282  17.091 0.1000000015
27281  -44.369  -59.588  17.806 0.1000000015
28288  -44.398  -58.717  17.457 0.1000000015
29346  -44.452  -57.837  17.205 0.1000000015
31614  -42.179  -55.592  16.118 0.1000000015
16505  -54.626  -71.786  20.059 0.2000000030
15492  -52.708  -71.701  22.691 0.2000000030
15502  -53.447  -71.488  22.494 0.2000000030
16468  -53.867  -71.039  23.135 0.2000000030
21487  -57.256  -65.553  20.580 0.3000000119
21474  -56.942  -66.079  21.201 0.3000000119
20495  -56.623  -66.642  21.882 0.3000000119
24447  -57.517  -62.791  20.056 0.3000000119
24460  -55.481  -62.109  19.970 0.3000000119
23519  -57.013  -63.450  14.896 0.2000000030
24537  -56.223  -63.256  14.401 0.1000000015
24536  -54.678  -62.611  14.401 0.1000000015
25468  -53.541  -60.936  14.311 0.1000000015
27321  -54.440  -59.569  13.776 0.1000000015
26391  -53.975  -60.419  14.064 0.1000000015
26380  -51.985  -60.428  14.924 0.1000000015
28324  -52.898  -58.614  14.631 0.1000000015
28326  -54.833  -58.604  13.643 0.1000000015
29391  -55.197  -57.532  13.650 0.1000000015
25451  -49.703  -60.683  15.634 0.1000000015
26379  -50.922  -60.334  15.219 0.1000000015
26378  -50.045  -60.163  15.385 0.1000000015
27309  -50.549  -59.379  15.281 0.1000000015
29389  -53.348  -57.913  14.592 0.1000000015
26370  -47.777  -60.183  16.400 0.1000000015
26377  -49.254  -60.124  15.624 0.1000000015
27298  -47.110  -59.438  16.443 0.1000000015
28305  -46.426  -58.536  16.519 0.1000000015
30450  -44.524  -57.025  16.944 0.1000000015
31640  -42.591  -54.947  15.898 0.1000000015
20418  -54.358  -65.881  26.932 0.2000000030
19449  -55.086  -67.265  25.757 0.2000000030
18460  -54.345  -68.984  24.701 0.2000000030
22384  -54.604  -64.939  26.593 0.3000000119
18461  -54.884  -68.854  24.545 0.2000000030
22455  -58.011  -64.619  21.825 0.3000000119
21441  -57.015  -66.036  23.517 0.3000000119
23427  -56.338  -63.848  22.020 0.3000000119
22445  -56.719  -64.686  22.964 0.3000000119
22454  -57.406  -64.466  22.230 0.3000000119
21440  -56.694  -65.689  23.875 0.3000000119
20466  -56.486  -66.880  23.895 0.3000000119
25369  -53.705  -61.821  20.241 0.3000000119
26305  -53.100  -60.733  19.317 0.2000000030
24445  -54.702  -62.575  20.694 0.3000000119
26329  -55.403  -60.559  18.121 0.3000000119
25427  -57.336  -62.412  16.727 0.2000000030
24553  -56.829  -62.617  14.047 0.1000000015
25472  -57.011  -62.436  14.356 0.2000000030
28316  -50.184  -58.456  15.435 0.1000000015
29382  -53.343  -57.189  14.696 0.1000000015
28308  -48.707  -58.041  15.710 0.1000000015
29378  -49.875  -57.548  15.656 0.1000000015
29369  -47.467  -57.524  16.157 0.1000000015
30478  -46.829  -56.600  16.419 0.1000000015
30477  -45.804  -56.622  16.590 0.1000000015
31618  -46.204  -55.593  16.562 0.1000000015
31616  -44.181  -55.356  16.541 0.1000000015
22399  -53.422  -64.011  26.641 0.3000000119
22367  -53.615  -64.902  27.242 0.3000000119
22427  -53.502  -64.038  25.609 0.3000000119
22428  -54.141  -64.417  24.730 0.3000000119
22402  -55.703  -65.367  24.732 0.3000000119
22429  -55.235  -64.844  24.301 0.3000000119
23426  -54.716  -63.312  21.677 0.3000000119
23423  -55.979  -64.288  22.743 0.3000000119
23425  -53.455  -63.101  21.954 0.3000000119
22443  -54.609  -64.324  23.593 0.3000000119
25368  -52.773  -61.738  20.443 0.3000000119
26300  -51.203  -61.033  20.246 0.3000000119
26303  -50.886  -60.496  19.853 0.2000000030
24444  -53.397  -62.289  20.837 0.3000000119
27258  -51.441  -59.655  18.925 0.2000000030
26354  -54.713  -59.993  17.978 0.2000000030
26355  -55.037  -60.225  17.488 0.2000000030
23358  -51.798  -63.257  27.924 0.1000000015
24415  -48.865  -62.044  24.271 0.2000000030
23413  -53.881  -64.053  23.857 0.3000000119
23411  -52.120  -63.112  23.688 0.3000000119
26298  -49.607  -60.757  20.646 0.3000000119
25365  -50.160  -61.379  21.080 0.3000000119
27240  -49.494  -59.380  19.452 0.2000000030
28256  -48.733  -58.802  19.417 0.2000000030
28268  -49.978  -58.284  18.710 0.1000000015
28267  -49.211  -58.380  19.034 0.1000000015
29325  -49.414  -57.475  18.657 0.2000000030
24428  -49.217  -62.120  23.502 0.3000000119
25364  -49.371  -61.248  21.318 0.3000000119
28251  -45.910  -58.228  20.440 0.2000000030
28253  -46.541  -58.163  20.057 0.2000000030
28254  -47.215  -58.164  19.739 0.2000000030
29315  -47.684  -57.423  19.419 0.1000000015
30423  -46.456  -56.408  19.916 0.1000000015
30422  -45.843  -56.650  20.228 0.1000000015
29312  -45.530  -57.080  20.354 0.1000000015
31565  -47.886  -55.672  19.663 0.1000000015
26287  -47.008  -61.137  22.684 0.3000000119
26294  -48.204  -61.051  21.833 0.3000000119
27231  -45.329  -59.131  21.240 0.2000000030
30411  -44.552  -56.699  21.168 0.1000000015
31495  -45.629  -55.853  23.702 0.1000000015
31531  -47.361  -55.372  21.461 0.1000000015
27225  -43.477  -58.951  22.397 0.2000000030
27230  -44.409  -59.072  21.781 0.2000000030
31527  -43.580  -56.312  22.386 0.1000000015
31497  -47.243  -56.018  23.123 0.1000000015
30347  -46.162  -56.312  24.471 0.1000000015
12033  -44.857  -76.184  9.469 0.3000000119
10228  -45.283  -78.063  9.191 0.3000000119
11144  -45.505  -77.014  9.161 0.3000000119
7861  -41.672  -81.673  7.987 0.2000000030
7860  -40.728  -81.154  8.399 0.2000000030
9397  -44.402  -79.786  9.052 0.4000000060
8638  -43.537  -80.205  8.603 0.3000000119
11143  -44.429  -77.023  9.051 0.4000000060
7863  -43.193  -81.524  8.764 0.3000000119
12032  -43.843  -75.933  9.456 0.4000000060
10244  -43.493  -77.940  8.714 0.4000000060
7885  -41.894  -81.406  6.931 0.2000000030
11142  -43.406  -76.520  9.064 0.4000000060
11161  -43.731  -77.368  8.860 0.4000000060
9411  -42.797  -79.156  8.295 0.4000000060
12015  -43.259  -75.131  10.007 0.4000000060
8637  -42.624  -80.412  7.871 0.3000000119
12047  -42.605  -76.159  8.866 0.4000000060
10243  -42.861  -78.014  8.493 0.4000000060
9410  -42.353  -79.213  7.816 0.3000000119
7886  -42.339  -81.055  6.637 0.4000000060
10242  -42.220  -78.056  8.007 0.4000000060
8657  -42.410  -79.887  6.924 0.3000000119
12872  -42.596  -74.121  10.465 0.4000000060
11159  -42.349  -76.962  8.396 0.4000000060
10253  -41.875  -77.700  7.305 0.4000000060
12889  -42.560  -74.866  9.807 0.4000000060
11173  -41.803  -76.830  7.832 0.4000000060
10269  -42.269  -78.216  6.400 0.3000000119
12046  -41.871  -75.723  8.438 0.4000000060
10268  -42.046  -77.628  6.543 0.4000000060
12030  -42.197  -75.182  9.234 0.4000000060
12912  -41.572  -74.715  8.091 0.4000000060
12056  -41.591  -75.771  7.538 0.4000000060
11186  -41.640  -76.795  6.994 0.4000000060
10291  -42.451  -78.006  5.927 0.3000000119
12888  -42.059  -74.202  9.758 0.4000000060
12064  -41.883  -75.811  6.518 0.4000000060
11207  -42.163  -76.999  6.214 0.3000000119
10316  -43.249  -78.328  5.080 0.2000000030
12871  -42.152  -73.886  10.164 0.3000000119
12901  -41.718  -74.517  8.943 0.4000000060
13770  -41.730  -73.521  9.374 0.4000000060
13775  -41.649  -73.721  8.563 0.4000000060
12925  -41.687  -74.768  7.148 0.4000000060
11208  -42.785  -77.152  5.502 0.2000000030
12087  -43.027  -76.116  5.212 0.2000000030
10317  -43.911  -78.309  4.138 0.3000000119
14652  -41.753  -72.530  10.266 0.3000000119
12065  -42.454  -75.498  5.814 0.3000000119
12102  -43.846  -76.451  4.842 0.2000000030
11228  -43.602  -77.277  4.926 0.2000000030
10318  -44.329  -77.599  3.753 0.2000000030
15620  -41.754  -71.766  10.324 0.3000000119
14671  -41.794  -72.740  8.916 0.3000000119
13802  -42.126  -74.034  6.905 0.4000000060
12944  -43.122  -74.723  5.465 0.1000000015
15638  -42.189  -72.160  8.761 0.3000000119
14687  -42.468  -72.739  7.737 0.2000000030
13803  -42.830  -73.701  6.373 0.2000000030
12103  -44.465  -76.059  4.532 0.1000000015
10344  -44.435  -77.264  3.342 0.2000000030
15655  -43.033  -72.282  7.846 0.2000000030
14688  -43.199  -72.543  7.365 0.2000000030
13804  -43.725  -73.393  6.075 0.1000000015
12945  -44.380  -74.827  4.850 0.1000000015
11230  -44.673  -76.798  3.977 0.1000000015
16624  -41.757  -70.578  10.844 0.2000000030
15626  -42.114  -71.709  9.304 0.3000000119
15627  -42.672  -71.294  9.028 0.3000000119
17647  -42.173  -69.544  10.722 0.1000000015
16630  -42.032  -70.968  10.004 0.3000000119
16642  -42.963  -71.130  8.938 0.2000000030
14710  -43.480  -72.917  6.702 0.1000000015
12104  -45.115  -75.893  4.064 0.1000000015
18649  -42.068  -68.862  11.156 0.2000000030
16625  -42.304  -70.238  10.222 0.2000000030
16631  -42.854  -70.610  9.465 0.2000000030
15656  -43.634  -72.071  7.789 0.1000000015
14711  -44.628  -72.725  6.378 0.1000000015
14731  -44.811  -73.192  5.732 0.1000000015
12946  -44.998  -74.390  4.779 0.1000000015
12105  -45.501  -75.258  3.782 0.1000000015
12120  -44.733  -75.468  2.431 0.1000000015
17648  -43.035  -69.535  10.199 0.1000000015
16643  -43.574  -70.940  8.901 0.2000000030
15640  -44.119  -71.408  8.289 0.1000000015
15657  -44.687  -71.907  7.454 0.1000000015
14732  -45.506  -73.036  5.580 0.1000000015
13828  -46.052  -74.052  4.377 0.1000000015
12966  -46.136  -74.504  3.631 0.1000000015
12121  -45.403  -74.792  2.648 0.1000000015
12133  -44.056  -75.859  0.997 0.1000000015
15641  -45.195  -71.142  8.080 0.1000000015
13815  -46.460  -73.447  4.572 0.1000000015
12992  -45.608  -74.123  1.831 0.1000000015
13014  -44.904  -74.518  0.881 0.1000000015
13829  -46.865  -73.563  3.976 0.1000000015
29349  -51.618  -57.484  17.732 0.2000000030
18636  -41.715  -68.412  11.771 0.1000000015
16632  -43.957  -70.258  9.387 0.1000000015
17649  -43.851  -69.321  10.092 0.1000000015
16644  -44.785  -70.495  8.877 0.1000000015
15672  -45.478  -72.074  6.821 0.1000000015
12113  -45.491  -75.075  3.184 0.1000000015
15673  -46.349  -71.878  6.590 0.1000000015
10227  -44.337  -78.347  8.891 0.3000000119
7862  -42.340  -81.666  7.951 0.3000000119
9412  -43.569  -78.925  8.651 0.3000000119
11160  -43.035  -77.141  8.753 0.4000000060
12031  -42.942  -75.628  9.426 0.4000000060
9422  -42.298  -79.011  6.959 0.3000000119
12086  -42.405  -76.289  5.825 0.2000000030
13786  -41.819  -73.735  7.661 0.3000000119
12926  -42.276  -74.720  6.336 0.2000000030
11229  -44.232  -77.124  4.403 0.2000000030
14686  -41.879  -73.052  8.241 0.3000000119
12088  -43.736  -75.620  4.949 0.1000000015
13787  -42.375  -73.417  7.127 0.4000000060
14672  -42.202  -72.480  8.418 0.2000000030
14709  -42.812  -73.000  7.016 0.2000000030
13812  -43.920  -73.960  5.491 0.1000000015
11252  -44.674  -76.392  3.297 0.1000000015
13805  -44.357  -73.367  5.764 0.1000000015
14689  -43.912  -72.423  7.148 0.1000000015
13813  -44.865  -73.748  5.186 0.1000000015
12112  -45.128  -75.650  3.426 0.1000000015
13814  -45.895  -73.522  4.934 0.1000000015
12991  -44.857  -74.805  1.642 0.1000000015
14712  -45.931  -72.459  6.111 0.1000000015
15642  -45.762  -70.996  7.926 0.1000000015
17657  -44.376  -69.577  9.776 0.1000000015
10194  -48.008  -77.158  11.951 0.3000000119
10193  -47.377  -77.679  11.542 0.2000000030
9361  -46.708  -79.027  12.128 0.3000000119
9388  -46.439  -78.710  11.069 0.2000000030
12863  -50.542  -73.925  10.492 0.4000000060
12006  -48.753  -75.473  11.213 0.2000000030
12862  -49.690  -74.371  10.769 0.4000000060
11101  -47.851  -76.767  10.987 0.3000000119
9375  -46.384  -79.211  11.722 0.2000000030
12861  -48.382  -74.794  10.409 0.4000000060
10215  -47.496  -76.992  10.487 0.2000000030
9387  -45.949  -79.366  10.955 0.2000000030
9374  -45.629  -79.595  11.694 0.1000000015
8609  -45.376  -80.200  11.024 0.2000000030
8594  -44.994  -80.178  11.447 0.1000000015
11146  -46.866  -76.973  9.382 0.3000000119
9373  -44.743  -79.446  11.799 0.1000000015
8624  -45.475  -79.700  10.330 0.2000000030
8592  -43.862  -80.220  11.262 0.1000000015
7826  -43.196  -81.278  10.520 0.1000000015
7827  -44.060  -80.963  10.908 0.1000000015
8605  -41.202  -80.241  10.338 0.1000000015
8606  -42.308  -80.176  10.545 0.1000000015
7067  -42.301  -82.022  10.097 0.1000000015
7823  -40.114  -80.724  9.717 0.1000000015
7824  -41.021  -81.206  10.053 0.1000000015
11123  -47.338  -76.518  9.681 0.3000000119
9399  -45.740  -78.809  9.967 0.2000000030
8623  -44.848  -80.396  10.109 0.2000000030
8608  -44.621  -80.692  11.004 0.2000000030
7846  -44.068  -81.072  10.351 0.2000000030
7844  -40.828  -81.289  9.522 0.1000000015
8603  -38.871  -80.224  9.960 0.1000000015
12035  -46.723  -76.334  9.332 0.2000000030
11145  -46.331  -76.930  9.262 0.3000000119
9398  -45.169  -79.284  9.465 0.2000000030
7845  -43.471  -81.636  9.723 0.2000000030
7082  -41.584  -81.930  9.488 0.1000000015
8621  -39.040  -80.422  9.215 0.1000000015
7842  -39.653  -80.647  9.242 0.1000000015
12876  -46.830  -75.128  10.061 0.2000000030
7100  -42.673  -82.067  8.825 0.2000000030
7099  -42.025  -82.223  8.679 0.1000000015
7859  -39.842  -80.728  8.933 0.1000000015
7843  -40.244  -80.955  9.222 0.1000000015
8653  -39.194  -79.469  7.833 0.1000000015
12034  -45.869  -76.290  9.425 0.2000000030
7884  -41.279  -81.064  7.185 0.1000000015
9420  -39.346  -79.067  7.077 0.1000000015
8654  -40.139  -79.941  7.046 0.1000000015
12018  -46.321  -75.690  9.725 0.2000000030
7906  -41.656  -81.170  6.297 0.1000000015
8680  -41.080  -80.488  6.121 0.1000000015
7907  -41.984  -81.344  5.659 0.1000000015
10252  -38.234  -77.858  6.836 0.1000000015
8679  -40.446  -79.850  6.285 0.1000000015
8681  -41.632  -81.053  5.785 0.1000000015
8682  -42.546  -80.218  5.927 0.3000000119
9457  -40.243  -78.957  5.357 0.1000000015
12019  -47.195  -75.730  9.567 0.3000000119
12021  -48.184  -75.696  10.341 0.3000000119
11124  -47.848  -76.298  10.204 0.2000000030
7098  -41.433  -81.817  8.733 0.1000000015
8634  -39.689  -80.295  8.310 0.1000000015
8622  -43.984  -80.882  9.447 0.2000000030
10213  -46.211  -78.475  10.387 0.2000000030
10229  -46.107  -77.767  9.585 0.3000000119
7068  -42.935  -82.071  9.873 0.1000000015
9419  -38.332  -78.649  7.657 0.1000000015
9436  -38.978  -78.397  6.595 0.1000000015
9438  -40.607  -79.819  5.899 0.1000000015
9437  -39.908  -79.161  6.028 0.1000000015
7908  -42.402  -80.957  5.548 0.2000000030
10315  -41.376  -79.344  3.930 0.1000000015
10340  -41.272  -78.079  3.619 0.1000000015
10341  -41.927  -78.957  3.194 0.2000000030
11248  -40.444  -76.749  3.162 0.1000000015
7936  -42.260  -80.957  4.334 0.2000000030
9499  -42.234  -80.129  3.444 0.2000000030
11249  -41.504  -77.450  2.997 0.2000000030
9500  -42.771  -79.774  3.034 0.1000000015
10342  -43.044  -78.911  2.657 0.1000000015
7922  -42.340  -81.026  4.838 0.2000000030
8731  -42.625  -80.454  3.582 0.1000000015
11250  -42.149  -78.012  2.628 0.1000000015
10366  -42.625  -78.302  2.476 0.1000000015
8701  -42.775  -80.427  5.017 0.2000000030
8732  -43.132  -79.912  3.275 0.1000000015
9481  -43.315  -79.615  4.413 0.1000000015
9501  -43.339  -79.345  2.966 0.1000000015
9440  -42.446  -79.003  6.327 0.2000000030
9460  -42.805  -79.319  5.405 0.2000000030
10343  -43.969  -78.210  2.800 0.1000000015
9482  -43.500  -79.335  3.501 0.1000000015
10367  -43.244  -78.069  2.157 0.1000000015
7921  -42.024  -81.217  4.640 0.1000000015
8715  -41.853  -80.888  4.303 0.1000000015
12007  -49.274  -75.051  11.704 0.2000000030
10174  -47.534  -77.757  12.583 0.1000000015
17562  -54.653  -70.152  16.718 0.2000000030
16558  -53.245  -70.771  15.287 0.1000000015
20425  -53.994  -66.531  26.267 0.1000000015
16503  -51.488  -70.954  20.307 0.1000000015
17526  -51.803  -70.724  19.473 0.1000000015
17476  -54.006  -70.161  24.490 0.1000000015
16484  -52.334  -71.492  21.093 0.1000000015
21412  -52.945  -66.217  25.860 0.2000000030
20443  -53.029  -66.946  25.092 0.1000000015
17497  -50.178  -70.535  21.961 0.1000000015
21393  -53.187  -65.670  26.791 0.2000000030
19467  -54.017  -67.669  25.420 0.1000000015
19466  -53.324  -68.176  24.757 0.1000000015
17481  -51.902  -70.055  23.478 0.1000000015
16466  -51.872  -70.917  23.010 0.1000000015
16472  -51.016  -70.883  22.347 0.1000000015
12852  -50.525  -74.071  11.099 0.2000000030
16559  -53.900  -70.348  15.109 0.1000000015
16473  -51.999  -71.575  22.136 0.1000000015
16459  -52.966  -70.831  23.705 0.1000000015
18459  -53.725  -69.077  24.733 0.1000000015
22382  -53.007  -64.469  27.141 0.2000000030
17525  -50.755  -70.543  19.662 0.1000000015
16483  -50.680  -70.926  21.328 0.1000000015
17475  -53.424  -69.887  24.398 0.1000000015
19485  -52.556  -68.022  24.307 0.1000000015
12851  -49.772  -74.538  11.986 0.1000000015
26274  -44.319  -60.495  23.612 0.1000000015
25341  -44.728  -60.796  23.820 0.1000000015
25343  -46.021  -61.383  23.972 0.1000000015
25328  -46.225  -61.480  24.950 0.1000000015
25312  -48.368  -61.771  26.795 0.1000000015
25344  -46.897  -61.583  24.102 0.1000000015
25345  -47.952  -61.692  24.345 0.1000000015
26261  -43.347  -60.457  24.491 0.1000000015
26244  -43.059  -60.633  25.202 0.1000000015
25308  -44.552  -61.285  25.458 0.1000000015
25299  -45.742  -61.674  26.599 0.1000000015
26262  -43.992  -60.663  24.311 0.1000000015
25309  -45.508  -61.432  25.702 0.1000000015
25310  -46.467  -61.514  25.987 0.1000000015
25285  -48.352  -62.249  27.789 0.1000000015
26273  -43.422  -59.730  23.281 0.1000000015
24368  -42.928  -61.891  26.747 0.1000000015
26259  -41.534  -59.514  24.529 0.1000000015
26243  -42.325  -60.553  25.361 0.1000000015
25306  -42.925  -60.723  25.555 0.1000000015
25297  -43.766  -61.380  26.187 0.1000000015
26260  -42.264  -59.803  24.216 0.1000000015
25298  -44.759  -61.594  26.330 0.1000000015
24370  -45.005  -62.201  26.958 0.1000000015
27217  -43.029  -59.233  23.062 0.1000000015
27224  -42.984  -58.480  22.598 0.1000000015
26233  -40.309  -60.063  26.351 0.1000000015
26234  -41.369  -60.528  26.118 0.1000000015
25296  -42.698  -61.021  26.187 0.1000000015
26242  -41.208  -59.864  25.267 0.1000000015
27215  -41.993  -58.339  23.522 0.1000000015
27229  -44.015  -58.615  21.806 0.1000000015
27286  -53.924  -59.400  17.773 0.1000000015
27287  -54.540  -59.595  17.117 0.1000000015
27302  -54.511  -59.383  16.354 0.1000000015
28205  -41.575  -58.074  23.858 0.1000000015
29282  -43.042  -57.452  22.376 0.1000000015
29296  -43.518  -57.460  21.904 0.1000000015
29327  -51.038  -57.762  18.084 0.1000000015
25443  -56.454  -61.713  16.007 0.1000000015
26373  -55.694  -61.025  15.751 0.1000000015
29350  -52.595  -57.500  17.348 0.1000000015
27311  -55.274  -59.487  15.373 0.1000000015
26381  -55.172  -60.207  15.710 0.1000000015
25294  -40.768  -60.753  26.687 0.1000000015
25295  -41.557  -61.238  26.709 0.1000000015
25456  -56.580  -61.681  14.830 0.1000000015
24383  -48.938  -61.920  26.174 0.1000000015
24376  -51.122  -62.843  28.000 0.1000000015
24398  -48.630  -61.918  25.136 0.1000000015
26283  -43.834  -59.489  22.591 0.1000000015
26372  -55.007  -60.278  16.587 0.1000000015
25327  -45.315  -61.314  24.712 0.1000000015
25330  -48.078  -61.741  25.659 0.1000000015
24374  -49.256  -61.921  27.346 0.1000000015
25300  -46.741  -61.755  26.933 0.1000000015
27202  -42.274  -59.254  23.696 0.1000000015
27201  -41.653  -58.943  24.019 0.1000000015
27301  -54.061  -59.009  17.089 0.1000000015
26382  -56.030  -60.655  14.583 0.1000000015
19622  -41.283  -67.245  12.821 0.1000000015
20599  -41.692  -66.761  12.580 0.1000000015
20589  -41.385  -66.272  13.178 0.1000000015
11953  -48.203  -75.783  14.453 0.1000000015
11973  -47.825  -76.482  14.050 0.1000000015
11072  -47.527  -77.045  13.595 0.1000000015
12828  -48.621  -75.196  15.005 0.1000000015
11952  -47.212  -75.587  14.396 0.1000000015
11972  -46.896  -76.363  13.955 0.1000000015
12801  -48.109  -74.403  15.835 0.1000000015
12829  -49.557  -75.263  14.619 0.1000000015
12800  -46.837  -74.321  15.704 0.1000000015
12776  -48.233  -74.396  16.727 0.1000000015
12802  -49.063  -74.828  15.631 0.1000000015
12763  -47.588  -74.664  17.569 0.1000000015
12777  -49.221  -74.793  16.624 0.1000000015
12683  -45.126  -74.285  25.068 0.1000000015
12684  -46.313  -74.563  24.997 0.1000000015
8435  -46.733  -79.567  22.490 0.1000000015
8445  -46.423  -80.001  21.631 0.1000000015
8476  -46.459  -80.512  19.461 0.1000000015
11073  -48.216  -77.043  13.435 0.1000000015
7690  -46.141  -80.950  18.464 0.1000000015
8491  -47.218  -79.849  18.969 0.1000000015
12775  -47.192  -74.288  16.680 0.1000000015
12762  -46.502  -74.715  17.425 0.1000000015
10173  -46.908  -78.482  12.582 0.1000000015
7723  -45.758  -80.948  17.107 0.1000000015
9298  -45.820  -78.848  17.248 0.1000000015
10110  -45.088  -77.831  17.328 0.1000000015
12761  -45.469  -74.898  17.254 0.1000000015
11900  -47.050  -75.365  17.991 0.1000000015
11901  -48.043  -75.323  18.433 0.1000000015
12764  -48.707  -74.933  17.694 0.1000000015
9360  -46.250  -79.085  12.216 0.1000000015
7740  -44.615  -81.231  16.086 0.1000000015
10109  -44.178  -78.053  16.840 0.1000000015
11017  -46.049  -76.681  17.979 0.1000000015
11888  -47.455  -76.038  18.597 0.1000000015
10920  -47.196  -76.618  25.062 0.1000000015
10011  -47.394  -77.382  24.759 0.1000000015
9217  -47.476  -78.199  23.677 0.1000000015
12830  -50.408  -74.373  14.302 0.1000000015
11975  -49.279  -75.670  13.637 0.1000000015
8464  -46.884  -80.084  20.768 0.1000000015
9238  -47.228  -79.221  22.340 0.1000000015
10175  -48.073  -77.388  12.863 0.1000000015
9299  -46.608  -78.634  17.824 0.1000000015
10112  -46.676  -78.065  18.009 0.1000000015
10096  -46.681  -77.426  18.202 0.1000000015
11902  -49.210  -75.596  18.694 0.1000000015
10097  -47.129  -77.919  18.374 0.1000000015
11009  -46.731  -76.756  18.298 0.1000000015
13607  -46.791  -74.122  24.817 0.1000000015
12685  -47.363  -74.878  24.758 0.1000000015
14516  -45.930  -72.336  23.623 0.1000000015
14515  -45.130  -71.721  23.847 0.1000000015
10921  -47.950  -76.532  24.597 0.1000000015
10934  -48.551  -76.470  24.132 0.1000000015
12803  -50.095  -75.021  15.655 0.1000000015
10025  -48.014  -77.473  23.879 0.1000000015
12778  -50.604  -75.061  16.962 0.1000000015
12845  -49.704  -74.802  13.334 0.1000000015
9228  -47.538  -78.073  23.198 0.1000000015
8447  -47.570  -79.073  21.443 0.1000000015
9269  -47.918  -78.685  20.128 0.1000000015
9282  -47.525  -78.862  19.158 0.1000000015
9281  -47.064  -79.297  18.269 0.1000000015
11011  -48.401  -76.952  19.470 0.1000000015
11889  -48.474  -76.165  19.303 0.1000000015
10098  -48.168  -77.733  19.454 0.1000000015
14523  -45.092  -71.993  22.615 0.1000000015
12804  -51.230  -74.464  15.793 0.1000000015
13620  -47.064  -73.883  24.426 0.1000000015
14524  -45.920  -72.389  22.954 0.1000000015
15489  -43.671  -70.905  22.397 0.1000000015
16463  -43.192  -70.311  22.688 0.1000000015
12779  -51.499  -74.715  17.225 0.1000000015
13704  -51.449  -73.986  15.371 0.1000000015
11833  -48.186  -75.538  23.817 0.1000000015
13630  -47.147  -73.711  23.630 0.1000000015
12765  -49.887  -75.245  17.939 0.1000000015
11991  -48.940  -75.723  12.575 0.1000000015
10037  -47.775  -77.472  23.529 0.1000000015
10947  -48.131  -76.225  23.565 0.1000000015
11890  -49.428  -75.951  19.623 0.1000000015
9239  -47.525  -78.684  22.089 0.1000000015
10995  -48.719  -76.877  20.080 0.1000000015
9258  -47.864  -78.590  21.056 0.1000000015
10078  -48.295  -77.803  20.499 0.1000000015
13628  -45.812  -72.704  22.605 0.1000000015
12766  -51.036  -75.174  18.516 0.1000000015
12846  -50.317  -74.057  12.578 0.1000000015
10979  -47.919  -77.030  20.912 0.1000000015
10048  -47.504  -77.105  22.649 0.1000000015
10049  -47.528  -77.594  22.516 0.1000000015
10065  -47.842  -77.866  21.444 0.1000000015
12755  -50.922  -74.601  19.177 0.1000000015
13682  -51.775  -73.978  17.543 0.1000000015
12748  -49.956  -74.609  19.684 0.1000000015
12706  -46.752  -74.138  22.777 0.1000000015
11881  -48.343  -75.802  20.158 0.1000000015
11882  -49.324  -75.343  20.010 0.1000000015
12747  -49.241  -74.673  19.891 0.1000000015
11846  -47.279  -75.234  23.029 0.1000000015
11867  -48.211  -76.542  20.427 0.1000000015
10978  -46.941  -76.633  21.402 0.1000000015
11866  -47.372  -76.308  20.658 0.1000000015
10962  -47.394  -77.200  21.719 0.1000000015
13674  -51.150  -74.022  18.607 0.1000000015
14576  -50.702  -72.589  16.922 0.1000000015
12753  -47.950  -74.049  19.220 0.1000000015
13663  -49.176  -74.068  19.459 0.1000000015
13640  -45.275  -73.172  21.927 0.1000000015
12751  -46.452  -74.211  19.238 0.1000000015
12752  -47.247  -74.146  19.212 0.1000000015
12745  -47.154  -74.863  19.664 0.1000000015
10961  -47.039  -76.478  22.452 0.1000000015
14575  -49.908  -72.139  16.920 0.1000000015
14568  -48.563  -72.767  18.011 0.1000000015
13670  -47.389  -73.558  18.683 0.1000000015
14562  -47.818  -73.072  18.327 0.1000000015
14530  -44.684  -72.541  21.840 0.1000000015
11865  -46.182  -75.902  21.048 0.1000000015
11855  -46.744  -75.733  22.578 0.1000000015
15541  -49.454  -71.624  17.140 0.1000000015
12719  -45.871  -74.077  22.184 0.1000000015
15490  -44.349  -71.065  22.766 0.1000000015
19482  -43.014  -67.931  24.066 0.1000000015
18471  -42.632  -68.533  23.586 0.1000000015
17486  -42.560  -69.464  22.839 0.1000000015
9216  -46.960  -78.545  23.818 0.1000000015
8465  -47.539  -79.336  20.856 0.1000000015
7705  -46.260  -80.805  17.909 0.1000000015
8490  -46.664  -80.293  18.388 0.1000000015
8511  -45.439  -79.999  16.744 0.1000000015
11016  -45.361  -76.675  17.719 0.1000000015
11899  -46.035  -75.751  17.860 0.1000000015
12773  -44.757  -74.697  16.709 0.1000000015
10012  -47.984  -77.149  24.255 0.1000000015
12699  -47.924  -75.424  24.397 0.1000000015
12767  -51.703  -74.562  17.974 0.1000000015
11904  -50.501  -75.414  19.274 0.1000000015
13673  -50.289  -73.865  18.910 0.1000000015
12746  -48.299  -74.741  19.712 0.1000000015
11880  -46.716  -75.490  20.226 0.1000000015
14569  -49.681  -72.604  17.487 0.1000000015
18472  -43.085  -68.287  24.060 0.1000000015
4796  -37.336  -85.920  3.863 0.1000000015
4775  -37.756  -85.632  4.702 0.1000000015
3605  -34.551  -87.922  0.305 0.1000000015
3591  -34.619  -88.417  1.167 0.1000000015
3592  -35.152  -87.832  0.801 0.1000000015
3579  -35.517  -88.122  2.032 0.1000000015
3569  -36.802  -87.382  3.794 0.1000000015
4212  -34.593  -87.547  -0.389 0.1000000015
4856  -35.000  -86.605  -1.862 0.1000000015
5446  -35.050  -85.438  -2.026 0.1000000015
4795  -36.718  -85.518  3.983 0.1000000015
5373  -36.876  -84.529  4.777 0.1000000015
5362  -37.068  -84.363  5.721 0.1000000015
4794  -35.861  -85.827  3.251 0.1000000015
4181  -35.924  -86.865  2.599 0.1000000015
3580  -36.220  -87.706  2.949 0.1000000015
4170  -36.953  -86.594  3.761 0.1000000015
5363  -37.971  -84.992  5.661 0.1000000015
3606  -34.983  -87.675  0.279 0.1000000015
3568  -36.060  -88.218  3.161 0.1000000015
4203  -35.345  -87.197  0.017 0.1000000015
4844  -35.509  -85.939  -1.549 0.1000000015
5445  -34.697  -84.762  -1.737 0.1000000015
9455  -32.817  -78.804  5.990 0.1000000015
7919  -33.253  -80.453  5.520 0.1000000015
9456  -33.297  -78.866  5.416 0.1000000015
5372  -36.196  -83.990  4.357 0.1000000015
5910  -36.386  -83.513  5.094 0.1000000015
5900  -35.606  -83.110  5.543 0.1000000015
6489  -34.653  -82.223  5.433 0.1000000015
6476  -34.112  -82.780  6.034 0.1000000015
7145  -33.902  -81.265  5.357 0.1000000015
5382  -36.394  -84.802  4.153 0.1000000015
5381  -35.800  -84.424  3.634 0.1000000015
5901  -36.506  -83.846  5.556 0.1000000015
4222  -35.137  -87.009  -1.147 0.1000000015
10286  -33.888  -77.433  5.590 0.1000000015
11200  -33.686  -77.197  6.198 0.1000000015
6490  -35.463  -82.356  5.050 0.1000000015
7157  -34.964  -81.232  4.633 0.1000000015
7146  -34.633  -81.457  5.064 0.1000000015
5909  -35.957  -83.141  4.545 0.1000000015
4193  -35.520  -86.708  1.311 0.1000000015
4834  -35.867  -85.976  0.245 0.1000000015
4845  -35.609  -86.200  -0.831 0.1000000015
8697  -32.930  -79.613  5.742 0.1000000015
7920  -33.922  -80.400  5.058 0.1000000015
4812  -35.680  -85.592  2.349 0.1000000015
7905  -32.533  -80.435  6.190 0.1000000015
5917  -35.636  -83.027  3.605 0.1000000015
5926  -35.622  -83.262  2.649 0.1000000015
8678  -32.406  -79.487  6.417 0.1000000015
5932  -36.055  -83.659  1.891 0.1000000015
6535  -37.026  -82.291  1.922 0.1000000015
7195  -37.741  -81.680  1.486 0.1000000015
7932  -34.279  -80.381  4.760 0.1000000015
6503  -35.404  -81.975  4.569 0.1000000015
6512  -35.557  -82.132  3.963 0.1000000015
6526  -36.096  -82.248  2.482 0.1000000015
7179  -35.800  -81.356  2.842 0.1000000015
7166  -35.507  -81.308  3.541 0.1000000015
7933  -34.642  -80.460  4.436 0.1000000015
7945  -35.110  -80.492  3.904 0.1000000015
7956  -36.042  -80.503  2.638 0.1000000015
6525  -35.590  -82.204  3.148 0.1000000015
6536  -37.985  -82.726  1.245 0.1000000015
3616  -34.150  -87.893  0.010 0.1000000015
3617  -34.404  -87.768  -0.002 0.1000000015
4169  -36.351  -86.459  3.383 0.1000000015
4171  -37.426  -86.532  4.221 0.1000000015
4182  -36.508  -87.116  3.267 0.1000000015
4202  -34.884  -87.631  0.028 0.1000000015
4213  -35.208  -87.055  -0.864 0.1000000015
4774  -37.263  -85.224  4.474 0.1000000015
4857  -35.206  -86.797  -1.245 0.1000000015
5374  -37.763  -84.985  4.955 0.1000000015
5431  -34.632  -84.564  -1.305 0.1000000015
5890  -36.664  -84.122  6.043 0.1000000015
5927  -36.342  -82.989  2.060 0.1000000015
6502  -35.094  -81.801  4.975 0.1000000015
6987  -44.925  -81.592  16.425 0.1000000015
7066  -41.706  -81.770  10.078 0.1000000015
7081  -40.968  -81.525  9.092 0.1000000015
7083  -42.431  -82.246  9.396 0.1000000015
7084  -43.006  -82.063  9.255 0.2000000030
7101  -42.992  -81.984  8.929 0.2000000030
7144  -32.922  -81.337  5.919 0.1000000015
7156  -34.407  -80.854  4.892 0.1000000015
7158  -35.320  -81.307  4.174 0.1000000015
7724  -46.037  -80.869  17.570 0.1000000015
7741  -45.210  -80.920  16.519 0.1000000015
7806  -43.897  -80.719  11.101 0.1000000015
7807  -44.267  -80.751  11.135 0.1000000015
7822  -39.564  -80.569  9.491 0.1000000015
7825  -41.951  -81.252  10.355 0.1000000015
7934  -35.039  -80.864  4.296 0.1000000015
7935  -42.130  -80.953  4.102 0.2000000030
7944  -34.737  -80.144  4.128 0.1000000015
7946  -42.241  -80.771  3.707 0.2000000030
7947  -42.314  -80.768  3.961 0.2000000030
8436  -47.079  -79.393  22.427 0.1000000015
8446  -47.172  -79.550  21.808 0.1000000015
8477  -47.350  -79.641  19.888 0.1000000015
8512  -46.391  -80.007  17.480 0.1000000015
8593  -44.349  -80.307  11.337 0.1000000015
8635  -40.557  -80.622  7.604 0.1000000015
8636  -42.420  -79.726  7.509 0.3000000119
8655  -40.793  -80.557  6.988 0.1000000015
8656  -42.331  -79.282  7.338 0.3000000119
8698  -33.538  -79.669  5.185 0.1000000015
8699  -41.223  -80.451  5.459 0.1000000015
8716  -42.714  -80.567  4.215 0.2000000030
8717  -43.160  -80.107  3.718 0.1000000015
8730  -42.138  -80.715  3.812 0.2000000030
9215  -46.573  -78.527  23.850 0.1000000015
9226  -46.420  -78.869  23.324 0.1000000015
9227  -47.164  -78.941  22.967 0.1000000015
9421  -42.152  -78.585  7.402 0.3000000119
9439  -42.123  -78.341  6.815 0.3000000119
9480  -41.560  -80.120  3.968 0.1000000015
10024  -47.504  -77.907  24.192 0.1000000015
10036  -47.740  -77.069  23.135 0.1000000015
10111  -46.234  -77.639  17.886 0.1000000015
10164  -47.527  -77.562  13.220 0.1000000015
10165  -47.899  -77.349  13.320 0.1000000015
10192  -46.883  -78.631  11.627 0.2000000030
10214  -46.821  -77.673  10.338 0.2000000030
10230  -46.555  -77.297  9.538 0.3000000119
10285  -33.288  -77.977  5.775 0.1000000015
10290  -42.220  -77.509  6.238 0.3000000119
10310  -33.646  -78.365  5.182 0.1000000015
10429  -37.862  -77.548  -2.225 0.1000000015
10933  -48.572  -75.909  23.966 0.1000000015
10948  -48.254  -77.010  23.772 0.1000000015
10960  -46.476  -76.044  22.124 0.1000000015
11010  -47.780  -76.932  18.922 0.1000000015
11102  -48.260  -76.315  11.216 0.2000000030
11125  -48.088  -76.257  10.614 0.3000000119
11331  -37.743  -76.972  -1.719 0.1000000015
11333  -38.840  -76.625  -2.386 0.1000000015
11339  -38.602  -77.002  -2.539 0.1000000015
11820  -46.745  -75.652  25.082 0.1000000015
11821  -47.721  -75.777  24.942 0.1000000015
11822  -48.207  -75.852  24.472 0.1000000015
11834  -48.385  -75.664  24.130 0.1000000015
11845  -46.709  -74.883  22.680 0.1000000015
11854  -46.196  -75.319  22.090 0.1000000015
11883  -50.010  -75.096  19.911 0.1000000015
11884  -50.398  -74.957  19.875 0.1000000015
11887  -46.767  -75.926  18.232 0.1000000015
11891  -50.084  -75.537  19.672 0.1000000015
11892  -50.633  -75.172  19.593 0.1000000015
11903  -50.108  -75.584  19.026 0.1000000015
11954  -49.015  -75.897  14.434 0.1000000015
11974  -48.768  -76.435  13.728 0.1000000015
11992  -49.339  -75.142  12.665 0.1000000015
12020  -47.791  -75.758  9.807 0.5000000000
12134  -44.521  -75.261  1.303 0.1000000015
12145  -39.566  -75.166  -0.764 0.1000000015
12171  -38.764  -76.369  -2.108 0.1000000015
12176  -43.015  -74.940  -1.592 0.1000000015
12181  -39.672  -76.563  -2.596 0.1000000015
12686  -47.835  -75.499  24.619 0.1000000015
12698  -47.710  -74.776  24.000 0.1000000015
12707  -47.330  -74.370  23.353 0.1000000015
12749  -50.547  -74.800  19.663 0.1000000015
12754  -50.359  -74.404  19.412 0.1000000015
12756  -51.440  -74.538  18.581 0.1000000015
12760  -44.980  -75.001  17.133 0.1000000015
12964  -44.863  -75.442  4.457 0.1000000015
12965  -45.378  -74.879  4.377 0.1000000015
12978  -45.867  -74.530  2.862 0.2000000030
12993  -46.473  -73.516  2.033 0.1000000015
13049  -40.492  -74.957  -1.281 0.1000000015
13051  -42.128  -73.883  -1.441 0.1000000015
13054  -45.444  -73.530  -0.763 0.1000000015
13063  -40.655  -75.151  -1.872 0.1000000015
13619  -46.591  -73.043  24.011 0.1000000015
13629  -46.485  -72.937  23.113 0.1000000015
13641  -46.071  -73.359  22.494 0.1000000015
13662  -48.590  -74.233  19.481 0.1000000015
13664  -49.806  -74.062  19.313 0.1000000015
13671  -48.336  -73.676  18.913 0.1000000015
13672  -49.166  -73.562  18.770 0.1000000015
13675  -51.587  -74.199  18.188 0.1000000015
13679  -49.609  -73.269  18.230 0.1000000015
13680  -50.431  -73.438  18.108 0.1000000015
13681  -51.180  -73.586  17.758 0.1000000015
13687  -48.265  -74.380  16.257 0.1000000015
13688  -48.520  -74.496  16.330 0.1000000015
13702  -48.393  -74.425  16.054 0.1000000015
13703  -48.655  -74.518  16.073 0.1000000015
13705  -51.696  -73.629  15.548 0.1000000015
13730  -51.556  -72.868  13.567 0.1000000015
13750  -42.182  -73.050  10.886 0.5000000000
13751  -42.699  -73.448  11.107 0.5000000000
13753  -44.621  -73.660  11.543 0.5000000000
13811  -43.346  -73.906  5.821 0.1000000015
13827  -45.423  -74.113  4.712 0.1000000015
13830  -47.436  -72.946  3.474 0.2000000030
13841  -41.939  -72.808  2.498 0.1000000015
13878  -40.737  -73.227  1.508 0.1000000015
13898  -42.876  -73.134  -0.842 0.1000000015
13900  -44.220  -72.039  -1.173 0.1000000015
13928  -42.801  -73.524  -1.953 0.1000000015
14522  -44.293  -71.613  22.252 0.1000000015
14529  -43.896  -72.110  21.551 0.1000000015
14563  -48.442  -73.286  18.462 0.1000000015
14570  -50.516  -73.064  17.579 0.1000000015
14616  -45.122  -71.949  12.986 0.6000000238
14621  -52.552  -71.812  12.791 0.4000000060
14633  -52.314  -71.747  12.147 0.4000000060
14641  -49.366  -72.892  10.969 0.5000000000
14644  -51.588  -72.630  10.830 0.4000000060
14661  -41.738  -72.603  9.748 0.3000000119
14734  -48.552  -72.053  4.535 0.1000000015
14735  -49.014  -71.528  4.365 0.1000000015
14749  -44.491  -71.816  3.568 0.1000000015
14766  -43.467  -72.636  3.133 0.1000000015
14780  -44.025  -72.515  2.410 0.1000000015
14783  -47.542  -72.084  1.220 0.2000000030
14804  -44.103  -72.521  1.498 0.1000000015
14826  -45.336  -71.218  -0.954 0.1000000015
15486  -44.768  -71.413  23.779 0.1000000015
15491  -44.845  -71.340  23.355 0.1000000015
15493  -53.340  -71.545  22.809 0.2000000030
15494  -53.582  -71.311  22.655 0.2000000030
15500  -52.734  -71.838  22.267 0.2000000030
15501  -53.170  -71.783  22.366 0.2000000030
15544  -50.207  -71.608  16.740 0.1000000015
15563  -53.903  -70.279  14.597 0.3000000119
15575  -47.375  -70.857  14.013 0.5000000000
15588  -43.843  -71.339  13.241 0.4000000060
15591  -46.509  -71.451  13.468 0.6000000238
15597  -53.788  -70.251  14.176 0.2000000030
15610  -50.068  -71.913  11.758 0.5000000000
15618  -51.938  -72.047  11.023 0.4000000060
15639  -42.869  -71.795  8.476 0.2000000030
15674  -47.258  -71.916  6.146 0.2000000030
15675  -48.145  -71.823  6.053 0.1000000015
15689  -41.653  -71.032  4.941 0.1000000015
15696  -49.536  -70.958  4.691 0.1000000015
15736  -41.143  -70.830  3.168 0.1000000015
15742  -49.357  -70.547  3.652 0.1000000015
15762  -48.730  -70.712  2.235 0.1000000015
15795  -40.567  -70.975  0.703 0.1000000015
15796  -40.712  -71.176  0.983 0.1000000015
15798  -47.189  -70.967  -0.474 0.1000000015
15799  -48.093  -70.872  -0.127 0.1000000015
15810  -46.411  -71.407  -0.846 0.1000000015
15811  -46.699  -71.401  -0.701 0.1000000015
16450  -54.213  -70.524  24.140 0.2000000030
16457  -43.963  -70.579  23.337 0.1000000015
16458  -52.361  -70.550  23.552 0.1000000015
16461  -54.293  -70.698  23.665 0.3000000119
16462  -42.630  -69.977  22.523 0.1000000015
16464  -43.836  -70.658  22.776 0.1000000015
16467  -53.130  -71.351  23.319 0.2000000030
16475  -53.683  -71.237  22.007 0.2000000030
16485  -53.667  -71.654  20.919 0.2000000030
16502  -50.494  -70.705  20.411 0.1000000015
16504  -53.109  -71.321  19.850 0.2000000030
16546  -55.120  -69.700  15.524 0.3000000119
16560  -54.772  -69.941  14.763 0.3000000119
16572  -41.859  -69.659  13.721 0.4000000060
16573  -42.231  -69.865  13.834 0.4000000060
16582  -54.476  -69.883  14.261 0.3000000119
16594  -44.281  -70.959  13.645 0.5000000000
16595  -44.856  -71.109  13.606 0.5000000000
16596  -47.802  -70.717  14.042 0.6000000238
16600  -52.032  -70.281  12.625 0.5000000000
16601  -53.057  -70.259  12.698 0.3000000119
16612  -42.175  -70.836  12.701 0.4000000060
16659  -50.704  -69.849  6.673 0.1000000015
16719  -41.250  -70.709  4.581 0.1000000015
16721  -45.909  -70.302  4.089 0.1000000015
16724  -49.201  -69.991  3.463 0.1000000015
16725  -49.441  -70.223  3.841 0.1000000015
16742  -46.158  -70.429  3.441 0.1000000015
16764  -48.704  -70.646  1.990 0.1000000015
16790  -48.136  -70.650  -0.138 0.1000000015
17477  -54.528  -69.898  24.188 0.2000000030
17482  -52.719  -70.064  23.959 0.1000000015
17483  -53.463  -70.500  24.200 0.1000000015
17484  -54.557  -70.132  23.770 0.3000000119
17485  -54.848  -69.569  23.968 0.2000000030
17493  -54.424  -70.364  23.479 0.3000000119
17508  -55.145  -70.587  20.331 0.3000000119
17546  -56.110  -70.308  17.760 0.3000000119
17557  -55.606  -70.304  17.389 0.3000000119
17564  -56.043  -69.739  17.169 0.3000000119
17580  -50.045  -68.749  14.929 0.4000000060
17604  -53.842  -69.195  14.114 0.3000000119
17605  -54.596  -69.456  14.341 0.3000000119
17618  -51.676  -69.849  13.185 0.5000000000
17656  -43.602  -69.854  9.777 0.1000000015
17675  -51.599  -69.079  7.627 0.1000000015
17688  -43.995  -68.939  6.783 0.1000000015
17689  -49.513  -69.955  7.921 0.1000000015
17709  -45.804  -69.370  5.703 0.1000000015
17714  -51.403  -68.978  6.856 0.1000000015
17726  -46.695  -69.646  4.599 0.1000000015
17729  -49.893  -69.794  5.490 0.1000000015
17737  -48.008  -69.564  3.651 0.1000000015
17747  -48.851  -69.841  3.377 0.1000000015
18457  -43.386  -68.360  24.527 0.1000000015
18458  -43.646  -68.340  24.850 0.1000000015
18475  -52.948  -69.088  24.361 0.1000000015
18485  -53.921  -69.210  22.444 0.3000000119
18487  -55.103  -68.781  23.461 0.2000000030
18495  -52.157  -67.992  20.723 0.4000000060
18509  -54.946  -69.783  20.215 0.3000000119
18541  -56.216  -70.212  18.149 0.3000000119
18550  -54.383  -68.366  17.360 0.3000000119
18580  -41.672  -68.134  15.253 0.5000000000
18584  -45.497  -68.644  15.755 0.5000000000
18606  -53.499  -68.697  14.386 0.3000000119
18607  -54.283  -68.978  14.370 0.3000000119
18674  -51.762  -68.327  9.122 0.1000000015
18708  -50.641  -67.973  6.900 0.1000000015
18710  -51.723  -68.619  7.787 0.1000000015
18726  -51.551  -68.784  7.105 0.1000000015
19447  -54.209  -67.034  25.819 0.2000000030
19487  -56.239  -67.242  23.326 0.2000000030
19532  -48.963  -67.268  18.872 0.5000000000
19546  -46.176  -67.016  17.810 0.4000000060
19557  -42.178  -67.119  16.830 0.4000000060
19560  -44.759  -67.199  17.215 0.4000000060
19610  -40.835  -66.868  14.116 0.3000000119
19682  -42.866  -67.250  8.279 0.1000000015
19687  -49.131  -66.989  8.158 0.1000000015
19689  -51.664  -67.144  8.662 0.1000000015
19699  -45.171  -67.897  7.517 0.1000000015
19701  -47.125  -67.692  7.501 0.1000000015
20417  -54.161  -66.056  26.844 0.2000000030
20424  -53.390  -66.392  25.986 0.1000000015
20444  -53.682  -66.842  25.712 0.1000000015
20446  -56.382  -66.487  24.332 0.3000000119
20465  -55.982  -67.317  24.368 0.2000000030
20481  -57.546  -66.185  22.214 0.3000000119
20493  -54.449  -66.778  22.214 0.3000000119
20497  -57.683  -65.926  21.801 0.3000000119
20518  -46.610  -66.418  19.221 0.5000000000
20555  -40.721  -66.497  16.174 0.3000000119
20556  -41.096  -66.738  16.489 0.3000000119
20588  -41.026  -66.596  13.635 0.2000000030
20664  -52.124  -67.148  9.473 0.1000000015
21380  -53.471  -65.262  27.231 0.2000000030
21381  -53.916  -65.543  27.197 0.2000000030
21382  -54.591  -65.555  26.864 0.3000000119
21394  -53.805  -65.951  26.888 0.2000000030
21396  -55.803  -66.316  25.221 0.2000000030
21414  -56.266  -65.967  24.629 0.3000000119
21460  -57.863  -65.676  22.133 0.3000000119
21475  -57.556  -65.781  21.278 0.3000000119
21477  -44.800  -64.976  20.037 0.4000000060
21484  -51.625  -65.442  21.020 0.5000000000
21486  -56.493  -65.650  20.496 0.3000000119
21488  -57.932  -65.155  20.596 0.3000000119
21496  -41.786  -64.899  18.791 0.3000000119
21501  -46.131  -65.996  19.565 0.3000000119
21503  -57.420  -65.091  19.895 0.3000000119
21520  -41.475  -65.157  18.407 0.3000000119
21521  -42.497  -65.603  18.503 0.3000000119
21608  -52.982  -65.550  10.595 0.1000000015
21609  -53.589  -65.435  10.526 0.1000000015
21627  -44.696  -65.206  9.257 0.1000000015
21628  -45.891  -65.281  9.335 0.1000000015
21629  -47.103  -65.398  9.247 0.1000000015
21634  -52.896  -66.124  10.287 0.1000000015
22366  -53.299  -65.040  27.249 0.2000000030
22368  -54.181  -64.977  27.179 0.3000000119
22383  -53.902  -64.434  27.066 0.3000000119
22430  -56.277  -65.203  23.955 0.3000000119
22431  -56.985  -65.387  23.422 0.3000000119
22447  -58.150  -65.131  21.904 0.3000000119
22452  -53.990  -65.263  20.968 0.3000000119
22457  -43.957  -64.131  20.074 0.3000000119
22469  -56.496  -65.298  19.962 0.3000000119
22479  -44.176  -64.651  19.973 0.4000000060
22480  -53.113  -64.209  19.544 0.4000000060
22484  -57.551  -64.596  19.231 0.3000000119
22485  -58.062  -64.292  19.207 0.3000000119
22503  -40.826  -64.525  18.314 0.3000000119
22504  -41.285  -64.606  18.635 0.3000000119
22507  -57.343  -64.433  18.524 0.3000000119
22513  -40.498  -64.471  17.786 0.2000000030
22595  -53.908  -65.160  10.465 0.1000000015
22616  -48.899  -65.026  9.261 0.1000000015
22695  -48.185  -64.466  4.146 0.1000000015
23424  -52.831  -62.884  21.928 0.3000000119
23428  -57.657  -63.974  21.538 0.3000000119
23432  -45.236  -63.539  20.113 0.4000000060
23442  -57.033  -63.254  21.013 0.3000000119
23444  -41.187  -63.497  18.967 0.2000000030
23445  -41.386  -63.826  19.054 0.2000000030
23446  -42.063  -63.796  19.412 0.3000000119
23448  -43.844  -63.214  19.837 0.3000000119
23449  -44.606  -63.045  19.822 0.4000000060
23451  -46.991  -63.096  19.711 0.3000000119
23476  -41.190  -64.242  18.775 0.2000000030
23477  -50.836  -63.322  18.712 0.2000000030
23481  -54.896  -64.105  17.961 0.3000000119
23496  -57.536  -63.641  16.817 0.3000000119
23510  -57.389  -63.257  15.621 0.2000000030
23520  -57.309  -63.231  14.872 0.2000000030
23597  -44.751  -63.906  8.709 0.1000000015
23600  -47.252  -64.115  8.847 0.1000000015
23604  -53.824  -64.265  10.170 0.1000000015
23624  -46.803  -63.605  8.189 0.1000000015
23696  -46.437  -63.918  5.659 0.1000000015
23703  -54.070  -63.697  5.679 0.1000000015
23704  -54.764  -63.446  5.721 0.1000000015
23705  -54.967  -63.081  5.562 0.1000000015
24357  -49.208  -62.559  28.105 0.1000000015
24367  -42.244  -61.612  26.679 0.1000000015
24375  -50.098  -62.544  27.765 0.1000000015
24377  -51.630  -63.003  28.116 0.1000000015
24384  -49.897  -61.998  26.721 0.1000000015
24386  -51.657  -62.858  27.583 0.1000000015
24399  -49.375  -62.144  25.380 0.2000000030
24416  -49.684  -62.315  24.380 0.3000000119
24429  -49.910  -62.320  23.237 0.3000000119
24431  -51.475  -62.691  22.915 0.3000000119
24432  -51.979  -62.715  22.396 0.3000000119
24435  -50.753  -62.287  22.337 0.3000000119
24438  -53.031  -62.628  21.451 0.3000000119
24440  -45.131  -62.980  19.817 0.3000000119
24443  -52.517  -62.163  21.028 0.3000000119
24448  -58.214  -63.155  19.549 0.3000000119
24449  -41.060  -63.297  18.891 0.2000000030
24461  -56.586  -62.112  19.587 0.3000000119
24481  -41.332  -62.635  18.985 0.2000000030
24504  -48.947  -62.182  16.856 0.1000000015
24510  -58.071  -63.021  17.603 0.3000000119
24525  -55.961  -63.630  14.965 0.2000000030
24526  -57.349  -62.784  15.912 0.2000000030
24538  -57.087  -63.097  14.471 0.2000000030
24554  -57.137  -62.818  14.354 0.2000000030
24652  -54.972  -63.443  7.364 0.1000000015
24653  -55.131  -63.498  6.864 0.1000000015
24696  -53.394  -63.069  3.877 0.1000000015
24698  -54.695  -62.568  4.269 0.1000000015
24714  -54.356  -62.316  3.494 0.1000000015
24715  -54.717  -62.267  3.879 0.1000000015
24719  -50.811  -61.964  2.314 0.1000000015
24722  -53.345  -62.328  2.744 0.1000000015
24723  -53.879  -62.327  3.044 0.1000000015
25286  -48.642  -62.357  27.950 0.1000000015
25301  -47.804  -61.982  27.438 0.1000000015
25302  -48.621  -62.058  27.639 0.1000000015
25307  -43.585  -60.876  25.307 0.1000000015
25311  -47.434  -61.679  26.347 0.1000000015
25325  -43.844  -60.738  24.654 0.1000000015
25326  -44.440  -60.925  24.455 0.1000000015
25329  -47.169  -61.619  25.221 0.1000000015
25342  -45.233  -61.010  23.756 0.1000000015
25354  -46.630  -61.297  23.239 0.2000000030
25356  -48.504  -61.753  23.140 0.3000000119
25360  -48.789  -61.477  21.997 0.3000000119
25363  -51.376  -61.861  21.179 0.3000000119
25366  -50.951  -61.460  20.792 0.3000000119
25370  -54.608  -61.839  19.947 0.3000000119
25377  -52.936  -61.298  19.878 0.2000000030
25381  -57.342  -62.132  18.160 0.3000000119
25399  -45.065  -61.265  18.365 0.2000000030
25404  -56.550  -61.431  17.962 0.3000000119
25421  -40.474  -61.723  17.586 0.1000000015
25441  -50.371  -61.721  15.844 0.1000000015
25457  -57.056  -62.355  15.296 0.1000000015
25637  -54.442  -62.009  3.134 0.1000000015
25650  -53.191  -61.544  2.483 0.1000000015
25652  -54.388  -61.811  2.970 0.1000000015
26235  -41.990  -60.815  26.123 0.1000000015
26272  -42.713  -59.376  23.486 0.1000000015
26275  -44.914  -60.721  23.476 0.1000000015
26286  -46.463  -60.863  22.553 0.3000000119
26290  -44.873  -59.501  21.791 0.2000000030
26291  -45.354  -59.858  21.795 0.2000000030
26295  -46.875  -59.861  20.864 0.3000000119
26297  -48.460  -60.602  21.049 0.3000000119
26299  -50.474  -60.881  20.430 0.3000000119
26302  -50.028  -60.257  19.977 0.2000000030
26319  -40.815  -61.144  18.198 0.1000000015
26351  -45.228  -60.145  17.738 0.1000000015
26369  -47.213  -60.262  16.700 0.1000000015
26388  -40.660  -60.225  15.447 0.1000000015
26402  -41.378  -60.384  14.151 0.1000000015
26504  -45.358  -59.927  5.548 0.1000000015
26541  -47.504  -60.528  3.997 0.1000000015
27183  -41.161  -59.254  24.749 0.1000000015
27216  -42.578  -58.741  23.181 0.1000000015
27226  -44.032  -59.357  22.287 0.2000000030
27232  -45.860  -59.623  21.260 0.2000000030
27237  -46.880  -58.620  20.079 0.2000000030
27239  -48.326  -59.476  20.097 0.2000000030
27242  -51.186  -60.197  19.449 0.2000000030
27252  -41.880  -60.142  18.337 0.1000000015
27255  -44.366  -60.041  18.072 0.1000000015
27256  -49.745  -58.792  19.005 0.1000000015
27259  -52.565  -59.524  18.443 0.2000000030
27283  -46.085  -59.483  17.090 0.1000000015
27284  -46.711  -59.763  16.781 0.2000000030
27285  -53.114  -59.299  18.107 0.2000000030
27306  -48.498  -59.066  15.745 0.1000000015
27414  -44.397  -59.004  6.404 0.1000000015
27448  -46.726  -59.410  4.562 0.1000000015
28221  -41.913  -57.856  23.491 0.1000000015
28233  -42.732  -58.050  22.673 0.1000000015
28234  -43.209  -58.113  22.232 0.1000000015
28244  -43.755  -58.154  21.794 0.1000000015
28246  -44.859  -58.670  21.303 0.2000000030
28249  -44.825  -57.820  20.995 0.2000000030
28250  -45.202  -58.235  20.872 0.2000000030
28255  -48.058  -58.402  19.507 0.2000000030
28264  -42.766  -59.339  18.092 0.1000000015
28265  -43.145  -59.327  18.068 0.1000000015
28266  -48.640  -58.291  19.235 0.2000000030
28270  -51.807  -58.898  18.379 0.2000000030
28284  -40.847  -59.454  17.322 0.1000000015
28287  -43.431  -58.819  17.762 0.1000000015
28314  -48.737  -58.628  15.665 0.1000000015
28341  -41.116  -58.514  14.166 0.1000000015
28356  -41.897  -57.800  12.938 0.1000000015
29250  -41.288  -57.529  24.196 0.1000000015
29265  -41.673  -57.447  23.746 0.1000000015
29281  -42.582  -57.402  22.859 0.1000000015
29297  -44.092  -57.444  21.456 0.2000000030
29309  -45.042  -57.343  20.725 0.2000000030
29313  -46.066  -57.364  20.082 0.1000000015
29347  -45.188  -57.759  16.885 0.1000000015
29348  -50.852  -57.130  17.916 0.1000000015
29387  -40.949  -57.643  14.669 0.1000000015
29527  -45.468  -57.646  5.714 0.1000000015
30346  -45.595  -56.216  24.729 0.1000000015
30412  -45.335  -56.455  20.658 0.1000000015
30413  -45.929  -56.083  20.388 0.1000000015
30434  -49.672  -56.534  18.437 0.1000000015
30449  -43.655  -57.044  17.185 0.1000000015
30472  -40.978  -57.302  16.200 0.1000000015
30490  -41.009  -56.844  15.337 0.1000000015
31496  -46.483  -55.893  23.223 0.1000000015
31675  -41.939  -55.436  13.787 0.1000000015
31692  -41.945  -55.831  13.283 0.1000000015
32649  -48.244  -55.192  20.282 0.1000000015
32723  -43.031  -54.586  16.004 0.1000000015
32755  -42.405  -54.684  15.022 0.1000000015
32772  -42.579  -54.444  14.742 0.1000000015
32810  -42.529  -54.833  13.355 0.1000000015
32811  -43.070  -54.429  13.014 0.1000000015
32813  -44.825  -54.076  12.341 0.1000000015
33778  -42.861  -54.224  14.923 0.1000000015
33814  -43.559  -53.648  13.607 0.1000000015
