#!ascii label  , from subject 3967 vox2ras=TkReg
462
71415  -31.211  -18.477  -3.716 0.0000000000
75538  -30.548  -14.909  -5.921 0.0000000000
90563  -33.622  0.678  -5.704 0.0000000000
84762  -32.342  -5.522  -8.908 0.0000000000
78504  -31.496  -11.631  -11.597 0.0000000000
72464  -33.919  -17.349  -11.607 0.0000000000
93377  -33.369  3.367  -5.149 0.0000000000
81727  -31.646  -8.564  -9.709 0.0000000000
79494  -32.424  -10.472  -7.409 0.0000000000
72405  -29.777  -17.224  -6.485 0.0000000000
74532  -31.076  -15.425  -9.502 0.0000000000
73439  -33.346  -16.990  -6.997 0.0000000000
68181  -25.932  -21.859  -0.212 0.0000000000
71401  -28.382  -18.581  -3.451 0.0000000000
99771  -31.811  10.536  -7.456 0.0000000000
97919  -33.905  9.044  -7.357 0.0000000000
95240  -34.689  5.559  -8.177 0.0000000000
92500  -33.725  2.614  -9.181 0.0000000000
89680  -31.694  -0.642  -9.941 0.0000000000
87663  -32.970  -2.368  -7.773 0.0000000000
86703  -30.970  -4.045  -11.225 0.0000000000
82770  -30.140  -6.748  -13.080 0.0000000000
80664  -33.056  -8.953  -15.334 0.0000000000
77554  -36.409  -12.366  -14.129 0.0000000000
77513  -31.668  -12.779  -8.543 0.0000000000
76570  -32.969  -14.248  -12.707 0.0000000000
80596  -33.059  -8.937  -5.982 0.0000000000
79453  -32.908  -9.817  -4.805 0.0000000000
72391  -30.831  -17.695  -5.333 0.0000000000
73422  -31.641  -16.801  -7.053 0.0000000000
72408  -32.882  -17.541  -5.426 0.0000000000
64801  -26.367  -24.900  4.237 0.0000000000
65895  -26.030  -23.791  3.148 0.0000000000
67008  -26.867  -22.785  2.001 0.0000000000
72380  -28.549  -17.757  -3.631 0.0000000000
71400  -27.308  -18.466  -2.736 0.0000000000
96987  -34.351  7.401  -7.433 0.0000000000
91525  -33.521  1.594  -5.112 0.0000000000
92481  -34.159  2.669  -6.903 0.0000000000
91546  -33.782  1.663  -7.349 0.0000000000
91561  -32.667  0.944  -9.474 0.0000000000
90587  -33.192  0.353  -7.666 0.0000000000
86687  -32.785  -3.481  -8.219 0.0000000000
87672  -31.923  -2.555  -9.198 0.0000000000
85726  -31.441  -4.622  -10.228 0.0000000000
84777  -30.103  -5.096  -11.875 0.0000000000
83796  -30.889  -6.505  -10.454 0.0000000000
80635  -31.662  -9.615  -10.271 0.0000000000
81743  -31.384  -8.840  -12.074 0.0000000000
79532  -32.414  -10.578  -13.360 0.0000000000
78524  -35.339  -10.530  -15.450 0.0000000000
78510  -32.970  -11.903  -13.692 0.0000000000
76505  -31.511  -13.404  -4.392 0.0000000000
77500  -32.411  -12.512  -6.246 0.0000000000
76529  -31.265  -13.964  -7.285 0.0000000000
74540  -32.354  -15.983  -10.130 0.0000000000
74539  -31.866  -15.482  -10.875 0.0000000000
74558  -34.156  -15.542  -12.095 0.0000000000
76571  -36.129  -13.913  -12.370 0.0000000000
75590  -35.982  -15.008  -11.083 0.0000000000
68183  -27.508  -21.389  -0.009 0.0000000000
69318  -26.712  -21.204  -1.185 0.0000000000
69320  -28.378  -20.613  -0.878 0.0000000000
69334  -28.368  -20.134  -1.647 0.0000000000
83777  -32.977  -6.381  -6.921 0.0000000000
82755  -31.830  -7.529  -9.302 0.0000000000
82741  -32.513  -7.656  -7.833 0.0000000000
80623  -32.340  -9.387  -8.139 0.0000000000
79510  -31.836  -10.619  -9.725 0.0000000000
73391  -29.737  -16.217  -5.649 0.0000000000
75564  -29.978  -14.999  -7.870 0.0000000000
73436  -30.381  -16.312  -7.938 0.0000000000
74522  -31.828  -16.144  -8.210 0.0000000000
72451  -33.256  -17.390  -10.253 0.0000000000
67028  -27.274  -22.340  1.229 0.0000000000
74471  -30.221  -15.912  -4.248 0.0000000000
72381  -29.006  -17.618  -4.556 0.0000000000
71413  -29.144  -18.313  -4.661 0.0000000000
71402  -29.175  -18.998  -3.720 0.0000000000
102065  -32.219  13.137  -8.541 0.0000000000
97917  -30.507  8.912  -7.530 0.0000000000
98821  -32.371  9.737  -7.178 0.0000000000
97923  -34.648  8.515  -8.731 0.0000000000
96994  -34.913  7.583  -9.261 0.0000000000
95247  -34.221  5.576  -9.878 0.0000000000
94295  -34.070  4.460  -6.092 0.0000000000
94312  -34.394  4.623  -8.610 0.0000000000
93405  -33.393  3.544  -10.162 0.0000000000
92507  -32.343  2.344  -10.667 0.0000000000
90635  -30.802  0.572  -11.285 0.0000000000
89707  -30.434  -0.428  -11.398 0.0000000000
89641  -33.310  -0.858  -6.703 0.0000000000
88690  -32.255  -1.674  -8.901 0.0000000000
88707  -31.249  -1.645  -10.516 0.0000000000
87697  -29.915  -2.588  -12.218 0.0000000000
129704  -29.147  -4.759  -13.606 0.0000000000
82802  -31.577  -6.751  -15.718 0.0000000000
81734  -30.814  -8.086  -11.682 0.0000000000
81752  -31.298  -8.131  -14.021 0.0000000000
78451  -32.630  -11.219  -4.810 0.0000000000
78482  -32.125  -11.624  -7.986 0.0000000000
77529  -30.922  -12.442  -11.023 0.0000000000
75573  -30.267  -14.796  -9.607 0.0000000000
76550  -30.459  -13.714  -11.098 0.0000000000
77538  -31.493  -12.794  -12.146 0.0000000000
77546  -35.467  -12.891  -13.627 0.0000000000
77547  -36.596  -12.903  -13.244 0.0000000000
70406  -27.590  -19.254  -2.754 0.0000000000
70407  -28.499  -19.207  -2.837 0.0000000000
70409  -30.613  -19.144  -2.255 0.0000000000
71426  -30.995  -18.123  -4.576 0.0000000000
72407  -31.731  -17.407  -5.653 0.0000000000
72392  -31.879  -17.687  -4.899 0.0000000000
72393  -32.565  -17.900  -4.684 0.0000000000
71427  -32.083  -18.136  -4.201 0.0000000000
64825  -26.647  -24.335  3.784 0.0000000000
91540  -33.908  1.869  -6.449 0.0000000000
90579  -33.633  1.110  -6.550 0.0000000000
91545  -33.412  1.025  -7.553 0.0000000000
90578  -33.362  0.133  -6.717 0.0000000000
84755  -33.066  -5.491  -7.400 0.0000000000
85704  -33.296  -4.601  -6.959 0.0000000000
85709  -32.551  -4.503  -8.615 0.0000000000
85718  -31.913  -4.550  -9.412 0.0000000000
85727  -31.672  -5.122  -9.817 0.0000000000
84770  -31.417  -5.655  -10.115 0.0000000000
84771  -31.850  -5.664  -9.515 0.0000000000
79518  -31.695  -10.657  -10.906 0.0000000000
79526  -31.738  -10.668  -12.194 0.0000000000
78515  -32.817  -11.263  -13.707 0.0000000000
78509  -32.064  -11.684  -12.940 0.0000000000
75528  -30.995  -14.511  -4.805 0.0000000000
75539  -31.459  -14.145  -5.640 0.0000000000
75552  -30.856  -14.353  -6.810 0.0000000000
73456  -33.061  -16.754  -10.809 0.0000000000
74549  -33.057  -15.965  -11.796 0.0000000000
73463  -33.693  -16.765  -11.622 0.0000000000
74550  -34.647  -15.677  -11.524 0.0000000000
74551  -35.745  -15.745  -10.609 0.0000000000
73465  -35.082  -16.974  -10.891 0.0000000000
69304  -27.600  -21.198  -0.383 0.0000000000
82735  -33.014  -7.206  -6.384 0.0000000000
82742  -32.699  -7.279  -7.255 0.0000000000
81707  -32.822  -8.092  -6.602 0.0000000000
79484  -32.813  -9.886  -6.529 0.0000000000
80614  -32.762  -8.926  -6.903 0.0000000000
79495  -32.578  -9.510  -7.307 0.0000000000
79501  -32.065  -10.545  -8.581 0.0000000000
73401  -29.553  -16.656  -6.317 0.0000000000
73420  -29.800  -16.525  -7.295 0.0000000000
72424  -29.988  -17.078  -7.096 0.0000000000
73438  -32.513  -16.491  -7.771 0.0000000000
73450  -33.397  -16.926  -8.048 0.0000000000
73449  -33.020  -16.577  -9.213 0.0000000000
72452  -33.634  -17.639  -9.020 0.0000000000
72441  -33.755  -17.615  -7.514 0.0000000000
64824  -25.442  -24.670  3.643 0.0000000000
63727  -25.260  -25.265  4.046 0.0000000000
73382  -29.444  -16.723  -4.189 0.0000000000
71412  -28.729  -18.204  -4.185 0.0000000000
100621  -31.298  11.479  -7.619 0.0000000000
101382  -31.778  12.843  -8.238 0.0000000000
101373  -31.970  12.072  -7.963 0.0000000000
101383  -32.921  12.363  -8.443 0.0000000000
101374  -32.592  11.782  -7.995 0.0000000000
97908  -32.616  8.358  -6.616 0.0000000000
98807  -32.055  9.037  -6.864 0.0000000000
98822  -33.361  9.574  -7.323 0.0000000000
99773  -33.727  10.505  -7.951 0.0000000000
98823  -34.043  9.530  -7.754 0.0000000000
98832  -34.367  9.422  -8.355 0.0000000000
96104  -34.593  6.512  -7.787 0.0000000000
96991  -34.636  7.516  -8.238 0.0000000000
96108  -34.750  6.546  -8.671 0.0000000000
96111  -34.662  6.531  -9.620 0.0000000000
95243  -34.515  5.584  -9.053 0.0000000000
93378  -33.867  3.503  -5.743 0.0000000000
92486  -34.211  2.696  -7.791 0.0000000000
93399  -34.337  3.654  -8.204 0.0000000000
93402  -33.940  3.652  -9.161 0.0000000000
93406  -33.802  4.155  -9.666 0.0000000000
93401  -33.609  3.087  -9.540 0.0000000000
93404  -32.893  2.907  -10.583 0.0000000000
92508  -32.969  2.427  -10.182 0.0000000000
90607  -32.161  0.370  -9.681 0.0000000000
90622  -31.850  0.809  -10.192 0.0000000000
90606  -31.617  0.126  -10.220 0.0000000000
89696  -31.137  -0.510  -10.704 0.0000000000
87653  -33.312  -2.552  -6.791 0.0000000000
87644  -33.439  -2.542  -5.805 0.0000000000
88660  -33.208  -1.564  -7.143 0.0000000000
88675  -32.981  -1.355  -7.805 0.0000000000
88674  -32.635  -1.603  -8.327 0.0000000000
86694  -31.376  -3.591  -10.228 0.0000000000
87671  -31.511  -2.604  -9.944 0.0000000000
87685  -31.164  -2.824  -10.752 0.0000000000
87698  -30.579  -2.869  -11.447 0.0000000000
129712  -29.470  -3.201  -12.747 0.0000000000
129711  -29.776  -3.923  -12.200 0.0000000000
83804  -29.922  -6.129  -12.441 0.0000000000
83814  -29.490  -6.162  -13.467 0.0000000000
82781  -30.045  -6.899  -14.072 0.0000000000
82792  -30.532  -6.552  -15.179 0.0000000000
82793  -30.952  -7.320  -14.612 0.0000000000
82763  -31.114  -7.571  -10.052 0.0000000000
81735  -31.177  -8.583  -10.825 0.0000000000
80655  -32.489  -9.635  -14.129 0.0000000000
81753  -31.760  -8.830  -13.346 0.0000000000
81762  -32.209  -8.567  -14.681 0.0000000000
81770  -32.810  -7.980  -15.865 0.0000000000
80672  -33.430  -8.571  -15.915 0.0000000000
78518  -36.317  -11.423  -14.667 0.0000000000
78511  -36.580  -11.775  -13.573 0.0000000000
78434  -32.270  -11.125  -4.073 0.0000000000
77507  -32.110  -12.645  -7.372 0.0000000000
78489  -31.806  -11.692  -9.172 0.0000000000
77520  -31.023  -12.812  -9.859 0.0000000000
74520  -30.257  -15.558  -8.373 0.0000000000
75572  -30.101  -14.868  -8.781 0.0000000000
74531  -30.300  -15.156  -9.113 0.0000000000
75587  -31.709  -15.084  -11.759 0.0000000000
75579  -30.698  -14.371  -11.290 0.0000000000
75586  -31.361  -14.268  -11.947 0.0000000000
77537  -31.167  -13.380  -11.756 0.0000000000
76569  -32.337  -13.623  -12.736 0.0000000000
76579  -33.143  -13.109  -13.203 0.0000000000
76580  -33.866  -13.607  -13.048 0.0000000000
76572  -36.801  -13.938  -12.050 0.0000000000
76582  -36.410  -13.455  -12.537 0.0000000000
77539  -36.476  -12.992  -12.260 0.0000000000
70382  -29.177  -20.102  -1.275 0.0000000000
70395  -28.854  -19.603  -2.031 0.0000000000
70408  -29.504  -19.162  -2.625 0.0000000000
81694  -33.133  -7.958  -5.718 0.0000000000
80578  -33.121  -9.118  -5.088 0.0000000000
79466  -33.008  -9.939  -5.534 0.0000000000
72390  -29.907  -17.674  -5.688 0.0000000000
73402  -30.948  -17.115  -6.778 0.0000000000
72406  -30.688  -17.381  -6.201 0.0000000000
73404  -32.285  -17.258  -5.930 0.0000000000
73424  -33.263  -17.197  -6.404 0.0000000000
72409  -33.529  -17.830  -5.523 0.0000000000
71440  -33.898  -18.438  -5.511 0.0000000000
64800  -25.894  -24.945  4.160 0.0000000000
67007  -25.942  -22.927  1.962 0.0000000000
65917  -26.474  -23.273  2.576 0.0000000000
65918  -27.474  -23.245  2.635 0.0000000000
73372  -28.225  -16.881  -3.151 0.0000000000
72373  -27.848  -17.692  -2.957 0.0000000000
99770  -30.727  10.620  -7.491 0.0000000000
97909  -33.627  8.463  -6.910 0.0000000000
97910  -34.148  7.962  -7.154 0.0000000000
96984  -34.005  7.407  -6.796 0.0000000000
96101  -34.309  6.493  -7.007 0.0000000000
95237  -34.529  5.540  -7.318 0.0000000000
92473  -34.015  2.654  -6.105 0.0000000000
91555  -33.888  1.950  -8.335 0.0000000000
91572  -33.105  1.941  -9.804 0.0000000000
91554  -33.424  1.163  -8.092 0.0000000000
90608  -32.712  0.423  -9.124 0.0000000000
89682  -32.705  -0.082  -8.760 0.0000000000
87662  -32.436  -2.524  -8.548 0.0000000000
86686  -32.198  -3.504  -8.912 0.0000000000
86695  -31.698  -3.465  -9.544 0.0000000000
129708  -29.685  -4.711  -12.305 0.0000000000
84778  -30.967  -5.383  -10.933 0.0000000000
83805  -30.434  -6.313  -11.427 0.0000000000
80641  -31.559  -9.689  -11.463 0.0000000000
80648  -31.926  -9.683  -12.719 0.0000000000
80656  -32.982  -10.026  -14.368 0.0000000000
79549  -34.819  -9.971  -15.660 0.0000000000
79541  -33.316  -10.396  -14.504 0.0000000000
78517  -35.330  -11.230  -15.020 0.0000000000
77553  -35.549  -12.079  -14.404 0.0000000000
76506  -32.069  -12.803  -4.751 0.0000000000
76520  -32.033  -13.341  -5.460 0.0000000000
76530  -31.761  -13.555  -6.659 0.0000000000
76538  -31.458  -13.573  -7.790 0.0000000000
75588  -32.522  -15.449  -11.967 0.0000000000
75597  -33.176  -15.000  -12.461 0.0000000000
75605  -34.182  -14.280  -12.623 0.0000000000
75598  -34.966  -14.574  -11.943 0.0000000000
75599  -36.374  -14.604  -11.616 0.0000000000
75600  -36.865  -14.849  -11.505 0.0000000000
76562  -37.120  -14.410  -10.794 0.0000000000
75591  -37.188  -15.125  -11.187 0.0000000000
68182  -26.739  -21.630  -0.059 0.0000000000
68200  -26.443  -21.455  -0.894 0.0000000000
68201  -26.990  -21.389  -0.453 0.0000000000
69319  -27.289  -21.109  -0.850 0.0000000000
69333  -27.543  -20.480  -1.689 0.0000000000
84748  -33.166  -5.526  -6.556 0.0000000000
83784  -32.794  -6.354  -7.715 0.0000000000
83789  -32.124  -6.527  -9.093 0.0000000000
82749  -32.571  -7.027  -7.958 0.0000000000
82748  -32.329  -7.421  -8.511 0.0000000000
81720  -32.170  -8.461  -8.839 0.0000000000
81713  -32.426  -8.335  -8.047 0.0000000000
80629  -32.003  -9.530  -9.207 0.0000000000
74491  -29.799  -15.732  -6.198 0.0000000000
75551  -30.040  -15.283  -6.931 0.0000000000
74507  -29.523  -15.919  -7.066 0.0000000000
74519  -29.706  -15.803  -7.729 0.0000000000
74521  -31.069  -16.032  -8.508 0.0000000000
73421  -30.559  -16.861  -7.327 0.0000000000
74533  -32.080  -15.906  -8.807 0.0000000000
72457  -33.526  -17.485  -11.199 0.0000000000
72465  -34.277  -17.915  -11.307 0.0000000000
72458  -33.557  -18.158  -10.505 0.0000000000
71463  -33.858  -18.525  -8.139 0.0000000000
63701  -25.085  -25.721  4.335 0.0000000000
67027  -26.206  -22.557  1.294 0.0000000000
67047  -26.478  -22.105  0.549 0.0000000000
67048  -27.186  -21.864  0.510 0.0000000000
68166  -27.941  -21.866  0.778 0.0000000000
74472  -30.584  -15.182  -4.511 0.0000000000
74480  -30.036  -16.234  -5.077 0.0000000000
73390  -29.483  -16.841  -5.286 0.0000000000
73400  -29.414  -17.114  -5.929 0.0000000000
72389  -29.512  -17.539  -5.539 0.0000000000
71424  -29.522  -17.937  -5.291 0.0000000000
71414  -30.028  -18.524  -4.240 0.0000000000
101372  -30.764  12.624  -7.778 0.0000000000
98820  -31.312  9.534  -7.333 0.0000000000
100623  -33.047  11.352  -7.918 0.0000000000
100630  -33.985  11.370  -8.755 0.0000000000
96995  -35.045  7.947  -9.805 0.0000000000
97933  -34.936  8.156  -10.189 0.0000000000
96115  -34.191  6.512  -10.517 0.0000000000
96114  -33.650  6.168  -11.013 0.0000000000
95246  -33.779  5.507  -10.548 0.0000000000
95231  -34.150  5.519  -6.486 0.0000000000
93385  -34.229  3.576  -6.477 0.0000000000
94309  -34.551  4.589  -7.731 0.0000000000
94315  -34.145  4.705  -9.400 0.0000000000
94318  -33.818  4.681  -10.054 0.0000000000
94322  -32.971  4.571  -11.243 0.0000000000
93410  -32.661  3.454  -11.106 0.0000000000
92512  -31.105  2.395  -11.623 0.0000000000
91571  -32.528  1.462  -9.976 0.0000000000
91583  -31.240  1.397  -11.148 0.0000000000
89623  -33.506  -0.468  -5.047 0.0000000000
89632  -33.462  -0.608  -5.956 0.0000000000
89651  -33.149  -0.647  -7.395 0.0000000000
89666  -32.812  -0.582  -8.289 0.0000000000
89681  -32.356  -0.629  -9.137 0.0000000000
88689  -31.783  -1.615  -9.569 0.0000000000
88720  -30.553  -1.636  -11.322 0.0000000000
88735  -29.636  -1.354  -12.388 0.0000000000
129703  -29.313  -5.043  -12.915 0.0000000000
129705  -29.189  -5.298  -13.941 0.0000000000
83841  -30.293  -5.679  -15.749 0.0000000000
83842  -31.198  -5.774  -16.116 0.0000000000
83797  -31.486  -6.581  -9.701 0.0000000000
82762  -30.620  -7.437  -11.003 0.0000000000
82771  -30.420  -7.224  -12.183 0.0000000000
81742  -31.084  -8.093  -12.725 0.0000000000
82782  -30.616  -7.461  -13.414 0.0000000000
81761  -31.890  -7.683  -15.116 0.0000000000
80675  -35.292  -9.454  -15.144 0.0000000000
79465  -32.862  -10.419  -4.951 0.0000000000
79483  -32.726  -10.792  -6.543 0.0000000000
77489  -32.400  -12.253  -5.182 0.0000000000
78477  -32.506  -11.592  -6.910 0.0000000000
78497  -31.543  -11.653  -10.357 0.0000000000
76537  -30.812  -14.302  -7.873 0.0000000000
76544  -30.657  -13.982  -8.926 0.0000000000
75580  -30.765  -14.963  -10.619 0.0000000000
76551  -30.199  -13.980  -10.339 0.0000000000
77519  -30.535  -13.200  -10.739 0.0000000000
77544  -32.577  -12.643  -13.157 0.0000000000
77545  -34.016  -12.421  -13.759 0.0000000000
76581  -35.437  -13.627  -12.716 0.0000000000
70394  -27.933  -19.805  -2.277 0.0000000000
71403  -30.291  -18.746  -3.201 0.0000000000
71425  -29.963  -18.081  -5.040 0.0000000000
71439  -33.429  -18.019  -5.173 0.0000000000
72404  -29.524  -17.159  -6.088 0.0000000000
72425  -30.298  -17.207  -6.863 0.0000000000
72426  -33.178  -17.288  -6.080 0.0000000000
72427  -33.628  -17.560  -6.221 0.0000000000
73403  -31.685  -17.145  -6.324 0.0000000000
73423  -32.673  -17.029  -6.451 0.0000000000
73435  -29.895  -16.076  -7.878 0.0000000000
73437  -31.320  -16.470  -7.828 0.0000000000
73464  -34.476  -16.825  -11.403 0.0000000000
74481  -30.396  -15.602  -5.178 0.0000000000
74548  -32.278  -15.502  -11.585 0.0000000000
74557  -33.837  -15.384  -12.256 0.0000000000
75529  -31.521  -14.005  -4.924 0.0000000000
75540  -31.798  -13.815  -6.002 0.0000000000
75553  -31.541  -14.016  -6.279 0.0000000000
75563  -29.756  -15.557  -7.469 0.0000000000
75589  -35.463  -14.907  -11.437 0.0000000000
75595  -31.754  -14.037  -12.340 0.0000000000
75596  -32.152  -14.443  -12.402 0.0000000000
75604  -33.511  -14.297  -12.674 0.0000000000
76519  -31.732  -13.767  -5.061 0.0000000000
76543  -30.366  -14.598  -8.403 0.0000000000
76560  -30.893  -13.789  -11.610 0.0000000000
76568  -31.448  -13.669  -12.099 0.0000000000
76573  -37.125  -14.461  -11.494 0.0000000000
77528  -30.819  -13.205  -11.389 0.0000000000
77552  -34.752  -11.693  -14.353 0.0000000000
78452  -32.862  -10.717  -5.426 0.0000000000
78468  -32.745  -11.403  -5.872 0.0000000000
78469  -32.906  -10.563  -5.987 0.0000000000
78516  -33.882  -11.193  -14.429 0.0000000000
78523  -34.740  -10.646  -15.298 0.0000000000
78525  -35.887  -10.758  -15.296 0.0000000000
79452  -32.524  -10.311  -4.345 0.0000000000
79533  -32.845  -10.290  -14.030 0.0000000000
79540  -33.011  -10.775  -14.013 0.0000000000
79548  -34.058  -10.173  -15.155 0.0000000000
79550  -35.490  -9.997  -15.381 0.0000000000
80624  -32.557  -8.876  -7.560 0.0000000000
80665  -33.320  -9.735  -14.923 0.0000000000
80673  -33.996  -9.174  -15.850 0.0000000000
81714  -32.584  -8.200  -7.364 0.0000000000
81771  -33.705  -8.217  -15.991 0.0000000000
82801  -30.864  -6.237  -15.883 0.0000000000
83783  -32.525  -6.395  -8.422 0.0000000000
83843  -32.060  -5.970  -15.823 0.0000000000
84754  -32.782  -5.471  -8.194 0.0000000000
85710  -33.045  -4.513  -7.850 0.0000000000
85717  -31.551  -4.049  -9.807 0.0000000000
87716  -29.093  -2.536  -12.980 0.0000000000
88706  -30.895  -1.167  -10.841 0.0000000000
88721  -30.922  -2.231  -11.004 0.0000000000
89665  -32.512  -1.128  -8.670 0.0000000000
89695  -30.725  -0.925  -11.005 0.0000000000
89708  -30.985  0.034  -11.057 0.0000000000
90564  -33.791  1.358  -6.093 0.0000000000
90588  -33.430  0.869  -7.152 0.0000000000
90595  -33.018  0.461  -8.515 0.0000000000
90621  -31.350  0.555  -10.729 0.0000000000
91526  -33.806  1.780  -5.786 0.0000000000
91562  -33.322  1.513  -9.161 0.0000000000
91563  -33.824  2.188  -8.849 0.0000000000
91570  -31.785  1.457  -10.568 0.0000000000
92494  -34.048  2.784  -8.596 0.0000000000
92499  -33.392  2.505  -9.697 0.0000000000
92506  -31.660  2.067  -11.011 0.0000000000
93363  -32.752  3.351  -4.730 0.0000000000
93392  -34.374  3.620  -7.319 0.0000000000
93411  -33.194  4.018  -10.860 0.0000000000
94302  -34.407  4.553  -6.874 0.0000000000
94317  -33.437  4.627  -10.681 0.0000000000
95224  -33.707  5.162  -5.897 0.0000000000
95254  -33.325  5.465  -11.163 0.0000000000
96999  -34.831  7.540  -10.207 0.0000000000
97000  -35.058  7.947  -10.065 0.0000000000
97920  -34.309  8.504  -7.685 0.0000000000
97927  -35.049  8.180  -9.948 0.0000000000
98808  -32.828  9.072  -6.878 0.0000000000
99772  -32.795  10.518  -7.547 0.0000000000
99774  -34.156  9.990  -8.165 0.0000000000
99780  -33.934  10.941  -8.421 0.0000000000
100622  -32.277  11.293  -7.741 0.0000000000
100629  -33.583  11.410  -8.343 0.0000000000
101381  -31.118  13.233  -8.083 0.0000000000
129702  -29.185  -5.061  -13.482 0.0000000000
