#!ascii label  , from subject 3405 vox2ras=TkReg
568
7425  -37.082  -77.380  -2.833 0.0000000000
13110  -34.168  -72.874  -9.634 0.0000000000
16769  -40.339  -69.224  -6.254 0.0000000000
11097  -37.474  -74.070  -7.445 0.0000000000
19799  -37.827  -65.966  -7.824 0.0000000000
10091  -33.898  -75.009  -0.673 0.0000000000
18728  -36.204  -67.133  -3.974 0.0000000000
19662  -35.982  -65.782  0.477 0.0000000000
18779  -41.706  -65.857  -7.250 0.0000000000
17780  -40.264  -67.611  -9.430 0.0000000000
20859  -40.008  -64.235  -7.142 0.0000000000
14026  -34.513  -71.693  -2.762 0.0000000000
15795  -32.095  -70.297  -1.885 0.0000000000
20754  -39.272  -64.957  0.799 0.0000000000
18678  -39.114  -66.731  -0.693 0.0000000000
6639  -35.726  -79.444  -4.648 0.0000000000
12113  -36.354  -73.880  -9.913 0.0000000000
8360  -35.455  -76.212  -8.128 0.0000000000
7531  -34.257  -77.099  -10.460 0.0000000000
12025  -39.547  -73.035  -3.884 0.0000000000
9197  -37.978  -75.816  -4.695 0.0000000000
14988  -38.166  -70.211  -9.115 0.0000000000
15879  -35.577  -69.714  -8.343 0.0000000000
13035  -37.710  -72.287  -3.511 0.0000000000
16766  -37.742  -68.617  -5.413 0.0000000000
19736  -40.488  -65.757  -5.027 0.0000000000
16711  -32.082  -68.636  0.078 0.0000000000
18695  -36.015  -66.558  -1.944 0.0000000000
18732  -40.103  -66.271  -3.334 0.0000000000
20840  -44.202  -64.912  -4.844 0.0000000000
9195  -35.882  -76.338  -5.201 0.0000000000
17759  -31.180  -67.334  -6.860 0.0000000000
13095  -31.243  -72.065  -8.836 0.0000000000
13146  -31.396  -73.694  -12.221 0.0000000000
19781  -41.707  -65.251  -6.874 0.0000000000
20881  -41.345  -64.787  -7.879 0.0000000000
6633  -36.431  -78.556  -3.952 0.0000000000
14135  -35.395  -72.689  -9.930 0.0000000000
11186  -35.582  -74.804  -10.394 0.0000000000
12125  -34.573  -74.504  -10.649 0.0000000000
9301  -34.103  -76.290  -11.253 0.0000000000
11140  -33.545  -74.800  -10.702 0.0000000000
14042  -39.486  -71.747  -4.773 0.0000000000
14942  -40.270  -70.298  -6.663 0.0000000000
18809  -39.493  -66.743  -9.211 0.0000000000
15899  -39.425  -69.173  -9.311 0.0000000000
16814  -38.404  -68.444  -9.542 0.0000000000
15896  -37.022  -70.069  -9.152 0.0000000000
17762  -36.871  -67.835  -8.456 0.0000000000
11052  -37.037  -74.454  -2.386 0.0000000000
11050  -34.975  -74.149  -1.881 0.0000000000
15817  -35.181  -69.536  -4.159 0.0000000000
14923  -36.449  -70.382  -4.481 0.0000000000
17718  -36.896  -67.711  -4.824 0.0000000000
18759  -39.250  -66.500  -5.873 0.0000000000
18746  -38.611  -66.126  -4.679 0.0000000000
18673  -33.195  -66.647  -0.322 0.0000000000
18693  -33.739  -66.905  -1.297 0.0000000000
18675  -35.398  -66.455  -0.822 0.0000000000
18700  -41.707  -66.507  -1.653 0.0000000000
18698  -39.720  -66.870  -1.585 0.0000000000
18735  -42.955  -66.536  -3.021 0.0000000000
19721  -42.822  -66.202  -3.953 0.0000000000
10137  -37.376  -74.719  -6.500 0.0000000000
8317  -36.891  -76.435  -4.926 0.0000000000
8330  -36.634  -75.656  -6.058 0.0000000000
10155  -34.445  -75.563  -6.450 0.0000000000
18806  -31.917  -66.222  -7.754 0.0000000000
14967  -30.688  -69.690  -7.813 0.0000000000
14134  -31.559  -71.239  -11.005 0.0000000000
17748  -41.015  -67.401  -7.165 0.0000000000
15867  -40.536  -69.258  -7.537 0.0000000000
17782  -41.616  -66.282  -8.322 0.0000000000
19821  -40.549  -65.786  -8.762 0.0000000000
19800  -39.387  -65.744  -8.502 0.0000000000
12011  -34.285  -73.389  -2.001 0.0000000000
14893  -33.608  -70.921  -2.786 0.0000000000
16737  -34.203  -68.734  -3.427 0.0000000000
19663  -37.234  -65.366  0.687 0.0000000000
18657  -37.586  -66.179  0.064 0.0000000000
19685  -39.082  -66.245  -0.062 0.0000000000
19688  -41.727  -65.924  -0.690 0.0000000000
18702  -43.306  -66.039  -1.395 0.0000000000
12096  -37.008  -73.836  -8.939 0.0000000000
9242  -36.336  -75.487  -8.214 0.0000000000
9258  -35.967  -75.776  -9.157 0.0000000000
8376  -34.955  -76.756  -9.150 0.0000000000
7495  -34.111  -77.847  -8.982 0.0000000000
7514  -33.481  -78.157  -10.424 0.0000000000
6748  -32.979  -78.115  -11.543 0.0000000000
8423  -32.682  -77.125  -12.524 0.0000000000
9180  -38.372  -75.778  -3.022 0.0000000000
8298  -37.583  -76.851  -3.566 0.0000000000
11085  -38.280  -73.704  -5.770 0.0000000000
12051  -38.180  -72.852  -6.868 0.0000000000
15866  -40.168  -69.807  -7.754 0.0000000000
14105  -38.610  -71.455  -7.942 0.0000000000
13098  -37.894  -72.386  -8.237 0.0000000000
14122  -37.390  -71.965  -9.102 0.0000000000
14121  -36.539  -71.682  -9.466 0.0000000000
14103  -34.978  -71.098  -8.877 0.0000000000
10098  -37.681  -75.299  -2.356 0.0000000000
13028  -39.025  -72.783  -3.385 0.0000000000
14053  -38.973  -71.184  -4.632 0.0000000000
14028  -36.357  -71.877  -3.325 0.0000000000
14924  -37.497  -70.622  -4.635 0.0000000000
15836  -39.396  -69.479  -5.665 0.0000000000
18776  -39.898  -66.958  -6.477 0.0000000000
19757  -41.667  -65.322  -6.233 0.0000000000
19758  -42.462  -65.127  -5.772 0.0000000000
16717  -31.941  -69.087  -1.089 0.0000000000
17689  -33.671  -67.634  -2.283 0.0000000000
18712  -35.133  -66.931  -2.751 0.0000000000
18677  -37.949  -66.617  -0.728 0.0000000000
18715  -38.198  -66.633  -2.687 0.0000000000
18730  -37.895  -66.430  -3.830 0.0000000000
19719  -40.867  -65.912  -4.154 0.0000000000
19738  -42.676  -65.673  -4.874 0.0000000000
7436  -36.579  -77.654  -4.187 0.0000000000
7452  -35.732  -77.871  -4.884 0.0000000000
8328  -35.767  -75.740  -6.407 0.0000000000
9193  -34.859  -76.270  -5.425 0.0000000000
17745  -35.306  -67.322  -7.345 0.0000000000
16796  -34.428  -68.943  -7.460 0.0000000000
14969  -33.213  -70.767  -7.796 0.0000000000
14088  -32.151  -70.943  -7.713 0.0000000000
13109  -32.957  -72.729  -9.055 0.0000000000
12109  -31.816  -73.967  -10.223 0.0000000000
11182  -31.668  -75.124  -11.674 0.0000000000
21901  -42.004  -63.932  -5.871 0.0000000000
20861  -41.611  -64.571  -6.919 0.0000000000
5963  -36.052  -78.909  -3.436 0.0000000000
6630  -36.371  -78.505  -3.460 0.0000000000
13111  -34.925  -72.678  -9.792 0.0000000000
13138  -35.090  -73.956  -10.414 0.0000000000
13125  -34.210  -73.361  -10.016 0.0000000000
12124  -34.199  -74.745  -10.803 0.0000000000
12095  -33.922  -73.434  -10.006 0.0000000000
14937  -39.910  -70.414  -5.891 0.0000000000
14055  -39.573  -71.272  -5.323 0.0000000000
15850  -40.379  -69.594  -6.466 0.0000000000
18794  -38.563  -66.497  -8.674 0.0000000000
17779  -39.035  -67.769  -9.669 0.0000000000
17778  -37.849  -67.856  -9.050 0.0000000000
17777  -37.288  -68.321  -8.931 0.0000000000
17763  -37.439  -67.571  -8.631 0.0000000000
9169  -33.195  -76.295  -0.351 0.0000000000
10092  -34.512  -75.426  -0.736 0.0000000000
11046  -35.501  -74.743  -1.629 0.0000000000
11045  -34.829  -74.651  -1.281 0.0000000000
17710  -35.796  -67.731  -4.093 0.0000000000
16755  -36.169  -68.745  -4.602 0.0000000000
17711  -36.420  -67.349  -4.252 0.0000000000
18745  -37.834  -66.779  -5.010 0.0000000000
18729  -36.881  -66.906  -4.125 0.0000000000
19661  -34.711  -65.457  0.594 0.0000000000
19660  -33.711  -65.587  0.898 0.0000000000
19681  -33.351  -66.086  0.466 0.0000000000
19682  -34.027  -65.932  0.074 0.0000000000
18674  -34.330  -66.400  -0.729 0.0000000000
19683  -35.048  -66.033  -0.099 0.0000000000
18720  -43.069  -66.365  -2.168 0.0000000000
18719  -42.302  -66.560  -2.283 0.0000000000
18737  -44.040  -66.233  -2.581 0.0000000000
9207  -37.157  -75.553  -5.866 0.0000000000
10157  -37.003  -74.694  -7.508 0.0000000000
15894  -31.140  -69.297  -9.145 0.0000000000
14133  -30.987  -71.727  -10.421 0.0000000000
14997  -31.485  -70.601  -10.499 0.0000000000
18778  -41.600  -66.462  -7.248 0.0000000000
17764  -41.643  -67.106  -7.918 0.0000000000
18795  -41.834  -66.527  -7.719 0.0000000000
20900  -41.295  -64.879  -8.369 0.0000000000
19802  -40.938  -64.922  -8.503 0.0000000000
19801  -40.458  -65.141  -8.478 0.0000000000
20879  -39.663  -64.868  -7.765 0.0000000000
15807  -33.513  -69.970  -3.084 0.0000000000
16736  -33.459  -68.842  -2.877 0.0000000000
19647  -36.983  -64.709  1.064 0.0000000000
20753  -38.220  -64.832  0.960 0.0000000000
19664  -38.475  -65.695  0.361 0.0000000000
19665  -39.574  -65.697  0.225 0.0000000000
18681  -42.074  -66.096  -1.141 0.0000000000
6647  -35.635  -79.034  -5.127 0.0000000000
13128  -36.688  -73.465  -9.585 0.0000000000
11122  -36.701  -74.520  -8.879 0.0000000000
11141  -36.355  -74.301  -9.856 0.0000000000
9303  -35.072  -76.043  -10.701 0.0000000000
8409  -35.292  -76.194  -10.103 0.0000000000
8391  -34.766  -76.842  -9.819 0.0000000000
7516  -34.362  -77.227  -10.097 0.0000000000
7504  -33.637  -78.272  -9.840 0.0000000000
9283  -33.800  -76.258  -11.346 0.0000000000
8425  -33.697  -77.186  -11.259 0.0000000000
9300  -33.429  -76.823  -11.590 0.0000000000
8424  -32.853  -77.488  -12.170 0.0000000000
9299  -32.819  -76.861  -12.111 0.0000000000
11059  -39.296  -74.394  -3.493 0.0000000000
10107  -39.001  -74.794  -3.907 0.0000000000
12052  -38.282  -73.092  -6.192 0.0000000000
13072  -38.461  -72.442  -7.073 0.0000000000
16816  -40.966  -68.103  -8.466 0.0000000000
15884  -40.484  -68.828  -8.414 0.0000000000
15882  -39.141  -70.092  -8.691 0.0000000000
14974  -38.448  -70.616  -8.692 0.0000000000
14104  -37.969  -71.343  -8.623 0.0000000000
15880  -36.358  -69.725  -8.904 0.0000000000
14986  -36.261  -70.712  -9.218 0.0000000000
14972  -35.736  -70.310  -8.762 0.0000000000
14985  -35.433  -70.869  -8.964 0.0000000000
12014  -37.335  -73.564  -2.703 0.0000000000
12015  -38.339  -73.556  -2.821 0.0000000000
13027  -38.459  -72.831  -3.185 0.0000000000
14040  -38.697  -71.810  -4.250 0.0000000000
14039  -37.757  -71.685  -4.183 0.0000000000
13023  -34.422  -72.575  -2.339 0.0000000000
13024  -35.406  -72.575  -2.680 0.0000000000
14027  -35.500  -71.673  -3.153 0.0000000000
15826  -36.772  -69.640  -4.766 0.0000000000
15827  -37.756  -69.670  -5.096 0.0000000000
15828  -38.441  -69.942  -5.214 0.0000000000
16767  -38.902  -68.481  -5.884 0.0000000000
16783  -39.759  -68.168  -6.382 0.0000000000
16782  -39.239  -67.892  -6.218 0.0000000000
19755  -40.029  -65.876  -5.651 0.0000000000
18760  -40.189  -66.130  -6.147 0.0000000000
19756  -40.927  -65.754  -6.147 0.0000000000
18694  -34.620  -66.689  -1.820 0.0000000000
17690  -34.487  -67.210  -2.551 0.0000000000
18658  -38.432  -66.362  -0.177 0.0000000000
18717  -40.387  -66.645  -2.398 0.0000000000
18697  -38.592  -66.969  -1.608 0.0000000000
18716  -39.329  -66.664  -2.531 0.0000000000
18731  -39.081  -66.074  -3.713 0.0000000000
19739  -43.490  -65.815  -4.610 0.0000000000
19760  -43.966  -65.334  -4.988 0.0000000000
20839  -43.815  -64.790  -5.222 0.0000000000
8299  -37.168  -77.087  -4.020 0.0000000000
8318  -37.555  -76.196  -4.789 0.0000000000
8316  -35.970  -76.611  -4.923 0.0000000000
7453  -36.194  -77.594  -4.579 0.0000000000
8315  -35.298  -77.102  -4.977 0.0000000000
8361  -36.077  -75.818  -7.667 0.0000000000
8343  -35.275  -75.925  -7.410 0.0000000000
10135  -33.751  -75.255  -6.041 0.0000000000
9204  -34.785  -75.665  -5.910 0.0000000000
18791  -35.637  -67.158  -7.501 0.0000000000
18774  -35.418  -66.725  -7.078 0.0000000000
16795  -33.869  -69.186  -7.241 0.0000000000
14954  -34.297  -70.179  -7.829 0.0000000000
14953  -33.609  -70.229  -7.580 0.0000000000
14099  -30.929  -71.192  -8.611 0.0000000000
14087  -31.192  -70.763  -7.831 0.0000000000
14100  -31.706  -71.552  -8.178 0.0000000000
13096  -32.209  -72.222  -8.588 0.0000000000
13108  -31.753  -72.765  -9.216 0.0000000000
12093  -32.290  -73.437  -9.671 0.0000000000
12092  -31.289  -73.307  -9.884 0.0000000000
13136  -30.939  -73.319  -11.500 0.0000000000
12123  -31.297  -74.351  -11.256 0.0000000000
12136  -31.189  -74.417  -12.014 0.0000000000
19803  -41.625  -65.196  -7.840 0.0000000000
20860  -40.960  -64.200  -7.265 0.0000000000
20755  -40.314  -65.124  0.668 0.0000000000
20756  -41.247  -65.358  0.424 0.0000000000
5977  -36.011  -79.214  -4.234 0.0000000000
13127  -35.904  -73.347  -10.188 0.0000000000
12126  -36.020  -74.241  -10.242 0.0000000000
13139  -35.487  -73.982  -10.371 0.0000000000
12139  -35.024  -74.477  -10.575 0.0000000000
9302  -34.658  -76.090  -11.018 0.0000000000
8426  -34.345  -76.590  -10.960 0.0000000000
10210  -34.322  -75.717  -11.200 0.0000000000
10209  -34.098  -75.776  -11.250 0.0000000000
11161  -33.229  -75.280  -10.815 0.0000000000
13038  -39.405  -72.347  -4.393 0.0000000000
13047  -39.594  -72.078  -4.954 0.0000000000
14069  -39.699  -71.165  -6.040 0.0000000000
14081  -39.967  -70.791  -6.854 0.0000000000
17800  -40.049  -68.245  -9.498 0.0000000000
17799  -39.682  -68.205  -9.650 0.0000000000
16834  -38.364  -69.086  -9.528 0.0000000000
15897  -37.815  -69.723  -9.283 0.0000000000
16813  -37.632  -68.794  -9.323 0.0000000000
16812  -36.753  -68.792  -8.862 0.0000000000
16798  -36.119  -68.466  -8.313 0.0000000000
11051  -35.985  -74.393  -2.038 0.0000000000
12013  -36.246  -73.528  -2.559 0.0000000000
14906  -34.509  -70.129  -3.672 0.0000000000
14895  -35.229  -71.095  -3.508 0.0000000000
15825  -35.896  -69.548  -4.497 0.0000000000
17729  -37.349  -68.040  -5.312 0.0000000000
17731  -38.797  -67.471  -6.027 0.0000000000
18758  -38.370  -67.050  -5.677 0.0000000000
19735  -39.491  -65.839  -4.788 0.0000000000
18672  -32.611  -67.035  0.331 0.0000000000
17676  -32.367  -67.717  -0.484 0.0000000000
18679  -40.208  -66.569  -0.972 0.0000000000
18699  -40.747  -66.665  -1.634 0.0000000000
18718  -41.393  -66.610  -2.346 0.0000000000
18733  -41.123  -66.349  -3.219 0.0000000000
18734  -42.098  -66.440  -3.139 0.0000000000
19722  -43.623  -66.244  -3.724 0.0000000000
19741  -44.657  -65.511  -4.193 0.0000000000
9208  -37.743  -75.269  -5.465 0.0000000000
9196  -37.515  -75.898  -5.162 0.0000000000
8329  -36.211  -75.857  -5.881 0.0000000000
17796  -31.446  -67.429  -8.147 0.0000000000
16810  -31.000  -68.023  -7.541 0.0000000000
15878  -30.703  -69.098  -7.999 0.0000000000
14968  -30.760  -70.128  -8.330 0.0000000000
14117  -30.850  -71.650  -9.369 0.0000000000
13107  -30.977  -72.453  -9.651 0.0000000000
14144  -30.934  -72.450  -11.057 0.0000000000
13137  -31.511  -72.992  -12.155 0.0000000000
16784  -40.527  -68.563  -6.731 0.0000000000
16799  -41.014  -68.092  -7.559 0.0000000000
17781  -41.111  -66.907  -8.745 0.0000000000
18812  -41.674  -65.530  -8.469 0.0000000000
18811  -41.223  -65.972  -8.803 0.0000000000
18810  -40.487  -66.533  -9.018 0.0000000000
19820  -40.036  -66.235  -8.883 0.0000000000
11049  -34.156  -74.034  -1.609 0.0000000000
14025  -33.627  -71.765  -2.362 0.0000000000
14024  -32.898  -71.793  -1.994 0.0000000000
15808  -34.050  -69.648  -3.453 0.0000000000
16746  -34.774  -68.700  -3.873 0.0000000000
17709  -35.102  -68.176  -3.915 0.0000000000
19646  -36.360  -64.822  1.035 0.0000000000
18656  -36.847  -66.027  0.266 0.0000000000
19686  -39.853  -66.226  -0.369 0.0000000000
19666  -40.527  -65.737  0.000 0.0000000000
19687  -40.787  -66.080  -0.616 0.0000000000
18680  -41.175  -66.310  -1.151 0.0000000000
18701  -42.552  -66.237  -1.563 0.0000000000
18721  -43.709  -66.196  -2.061 0.0000000000
11108  -37.125  -74.309  -8.227 0.0000000000
10156  -36.782  -74.917  -7.643 0.0000000000
10167  -36.732  -74.913  -8.135 0.0000000000
10179  -36.439  -75.183  -8.950 0.0000000000
8377  -35.719  -76.132  -8.672 0.0000000000
8358  -34.244  -77.122  -8.511 0.0000000000
6733  -33.052  -78.146  -11.300 0.0000000000
6732  -32.764  -78.418  -11.305 0.0000000000
6746  -32.431  -78.392  -11.845 0.0000000000
7568  -32.458  -78.031  -12.627 0.0000000000
8295  -37.582  -76.836  -2.910 0.0000000000
7429  -37.201  -77.362  -3.165 0.0000000000
9179  -38.153  -76.113  -3.275 0.0000000000
10106  -38.555  -75.404  -4.122 0.0000000000
10121  -38.343  -74.998  -4.926 0.0000000000
11074  -38.681  -74.089  -5.066 0.0000000000
10138  -38.023  -74.443  -5.686 0.0000000000
11084  -37.850  -73.727  -6.541 0.0000000000
12065  -37.859  -73.200  -7.493 0.0000000000
14956  -40.200  -70.303  -7.290 0.0000000000
15883  -39.836  -69.479  -8.553 0.0000000000
14975  -39.316  -70.545  -8.098 0.0000000000
13086  -38.609  -72.073  -7.349 0.0000000000
12079  -37.514  -73.511  -8.282 0.0000000000
13113  -37.308  -72.991  -9.061 0.0000000000
13112  -36.684  -72.623  -9.624 0.0000000000
14136  -35.990  -72.365  -9.889 0.0000000000
14120  -35.191  -71.793  -9.421 0.0000000000
14102  -34.324  -71.302  -8.639 0.0000000000
9177  -38.012  -76.003  -2.680 0.0000000000
10099  -38.455  -75.229  -2.663 0.0000000000
11054  -39.004  -74.375  -2.808 0.0000000000
11053  -38.049  -74.437  -2.570 0.0000000000
12024  -39.381  -73.015  -3.459 0.0000000000
14041  -39.233  -71.806  -4.454 0.0000000000
14054  -39.443  -71.224  -4.874 0.0000000000
14936  -39.603  -70.192  -5.519 0.0000000000
12012  -35.207  -73.458  -2.293 0.0000000000
13034  -37.020  -72.227  -3.294 0.0000000000
14908  -36.095  -70.938  -4.081 0.0000000000
14909  -36.900  -71.116  -4.266 0.0000000000
14925  -38.494  -70.497  -4.926 0.0000000000
14935  -38.975  -70.079  -5.352 0.0000000000
16768  -39.925  -68.958  -6.099 0.0000000000
17747  -40.274  -67.524  -6.663 0.0000000000
18777  -40.611  -66.600  -6.590 0.0000000000
19780  -41.573  -65.797  -6.827 0.0000000000
20837  -42.230  -64.618  -5.882 0.0000000000
17688  -32.666  -68.156  -1.644 0.0000000000
16726  -33.033  -68.385  -2.307 0.0000000000
17699  -33.990  -68.212  -2.967 0.0000000000
17700  -34.684  -67.796  -3.266 0.0000000000
18713  -35.991  -66.844  -3.335 0.0000000000
18676  -36.605  -66.438  -0.493 0.0000000000
18696  -37.382  -66.766  -1.679 0.0000000000
18714  -37.028  -66.562  -2.901 0.0000000000
19717  -39.463  -65.844  -4.204 0.0000000000
19720  -41.900  -65.994  -4.085 0.0000000000
19737  -41.621  -65.636  -5.218 0.0000000000
20838  -43.222  -64.658  -5.631 0.0000000000
8297  -37.228  -77.246  -3.614 0.0000000000
6640  -36.109  -78.587  -4.473 0.0000000000
6648  -35.950  -78.315  -4.744 0.0000000000
6646  -35.404  -79.083  -5.504 0.0000000000
9226  -36.622  -75.203  -7.117 0.0000000000
8345  -36.238  -75.588  -6.743 0.0000000000
9206  -35.885  -76.066  -5.543 0.0000000000
9224  -35.391  -75.715  -6.618 0.0000000000
9205  -35.387  -75.769  -5.894 0.0000000000
9194  -35.594  -76.337  -5.256 0.0000000000
21900  -40.903  -63.582  -5.691 0.0000000000
20858  -38.752  -64.362  -6.742 0.0000000000
20878  -38.456  -65.184  -7.506 0.0000000000
19798  -37.046  -66.463  -7.751 0.0000000000
18792  -36.304  -66.895  -7.719 0.0000000000
17761  -35.612  -67.794  -7.753 0.0000000000
16797  -35.342  -68.849  -7.973 0.0000000000
17744  -34.609  -67.672  -7.009 0.0000000000
17760  -34.855  -68.308  -7.514 0.0000000000
15865  -34.814  -69.661  -7.851 0.0000000000
14971  -34.942  -70.531  -8.342 0.0000000000
14119  -33.815  -72.074  -8.935 0.0000000000
15861  -31.153  -69.192  -6.976 0.0000000000
14951  -31.681  -70.205  -7.306 0.0000000000
14952  -32.723  -70.361  -7.399 0.0000000000
14089  -32.771  -70.905  -7.783 0.0000000000
14118  -33.172  -72.182  -8.643 0.0000000000
12094  -33.352  -73.462  -9.818 0.0000000000
12110  -32.781  -74.057  -10.183 0.0000000000
11160  -32.577  -75.096  -10.870 0.0000000000
11159  -31.957  -74.893  -11.099 0.0000000000
10229  -32.131  -75.457  -11.411 0.0000000000
9320  -32.468  -76.710  -12.665 0.0000000000
6708  -33.227  -78.467  -10.433 0.0000000000
6722  -33.144  -78.309  -10.833 0.0000000000
6731  -32.341  -78.666  -11.333 0.0000000000
6747  -32.819  -78.215  -11.711 0.0000000000
6766  -32.528  -78.210  -12.151 0.0000000000
7431  -36.838  -77.689  -3.568 0.0000000000
7432  -37.224  -77.302  -3.403 0.0000000000
7529  -33.557  -77.815  -10.878 0.0000000000
7549  -32.804  -78.061  -12.078 0.0000000000
7550  -33.125  -77.905  -11.570 0.0000000000
8294  -37.394  -76.637  -2.474 0.0000000000
8300  -37.618  -76.474  -4.337 0.0000000000
8344  -35.844  -75.771  -7.067 0.0000000000
8392  -35.310  -76.347  -9.606 0.0000000000
8406  -33.852  -77.393  -10.855 0.0000000000
8407  -34.130  -77.060  -10.761 0.0000000000
8408  -34.752  -76.624  -10.416 0.0000000000
8427  -34.710  -76.344  -10.834 0.0000000000
9178  -38.422  -75.571  -2.896 0.0000000000
9181  -38.136  -76.135  -3.946 0.0000000000
9223  -34.759  -75.646  -6.693 0.0000000000
9225  -36.669  -75.075  -7.486 0.0000000000
9241  -36.646  -75.103  -7.739 0.0000000000
9284  -34.100  -76.045  -11.336 0.0000000000
9285  -35.191  -76.143  -10.401 0.0000000000
9286  -35.438  -75.843  -10.204 0.0000000000
9304  -35.282  -75.873  -10.443 0.0000000000
10088  -33.588  -75.497  -0.525 0.0000000000
10089  -34.112  -75.900  -0.564 0.0000000000
10100  -38.426  -75.763  -3.640 0.0000000000
10101  -38.697  -75.299  -3.285 0.0000000000
10119  -33.335  -75.567  -5.514 0.0000000000
10120  -34.197  -75.717  -5.709 0.0000000000
10136  -34.376  -75.516  -6.195 0.0000000000
10154  -34.122  -75.528  -6.520 0.0000000000
10166  -36.750  -74.953  -7.891 0.0000000000
10206  -32.326  -75.299  -11.156 0.0000000000
10207  -32.657  -75.746  -11.171 0.0000000000
10208  -33.497  -75.836  -11.144 0.0000000000
10230  -32.132  -76.154  -11.911 0.0000000000
10231  -34.275  -75.955  -11.270 0.0000000000
10232  -34.516  -75.702  -11.096 0.0000000000
10233  -34.973  -75.533  -10.826 0.0000000000
10234  -35.420  -75.440  -10.410 0.0000000000
11044  -33.939  -74.508  -0.996 0.0000000000
11055  -39.512  -73.906  -3.194 0.0000000000
11060  -39.595  -73.733  -3.706 0.0000000000
11137  -31.599  -74.350  -10.726 0.0000000000
11138  -32.283  -74.515  -10.601 0.0000000000
11139  -33.066  -74.705  -10.502 0.0000000000
11142  -36.414  -74.746  -9.566 0.0000000000
11162  -33.866  -75.109  -10.944 0.0000000000
11163  -34.358  -75.253  -10.997 0.0000000000
11164  -36.256  -74.577  -9.958 0.0000000000
11183  -31.614  -75.282  -12.447 0.0000000000
11184  -34.787  -75.045  -10.832 0.0000000000
11185  -35.208  -74.923  -10.602 0.0000000000
12016  -39.163  -73.394  -3.060 0.0000000000
12017  -39.529  -73.431  -3.409 0.0000000000
12111  -33.908  -74.097  -10.458 0.0000000000
12112  -34.608  -73.969  -10.428 0.0000000000
12114  -36.573  -74.115  -9.458 0.0000000000
12127  -35.768  -74.588  -10.331 0.0000000000
12137  -31.831  -74.328  -12.655 0.0000000000
12140  -35.425  -74.360  -10.435 0.0000000000
12141  -35.555  -74.553  -10.428 0.0000000000
13025  -36.518  -72.582  -2.960 0.0000000000
13026  -37.608  -72.806  -3.030 0.0000000000
13036  -38.507  -72.341  -3.716 0.0000000000
13037  -39.178  -72.444  -3.883 0.0000000000
13059  -39.531  -71.620  -5.445 0.0000000000
13085  -38.241  -72.533  -7.492 0.0000000000
13097  -32.836  -72.210  -8.575 0.0000000000
13099  -38.332  -72.109  -7.772 0.0000000000
13126  -34.792  -73.349  -10.145 0.0000000000
13149  -35.198  -74.198  -10.460 0.0000000000
13150  -35.260  -73.988  -10.406 0.0000000000
14037  -35.853  -71.313  -3.592 0.0000000000
14038  -36.803  -71.675  -3.728 0.0000000000
14052  -38.311  -71.187  -4.549 0.0000000000
14101  -33.030  -71.576  -8.166 0.0000000000
14894  -34.476  -70.740  -3.337 0.0000000000
14907  -35.135  -70.500  -3.874 0.0000000000
14922  -35.688  -70.224  -4.293 0.0000000000
14926  -39.251  -70.662  -5.072 0.0000000000
14927  -39.598  -70.757  -5.324 0.0000000000
14949  -30.752  -69.702  -7.576 0.0000000000
14950  -30.900  -69.959  -7.541 0.0000000000
14955  -39.897  -70.187  -7.774 0.0000000000
14970  -33.916  -70.769  -8.047 0.0000000000
14973  -37.970  -70.898  -8.749 0.0000000000
15816  -34.573  -69.533  -3.814 0.0000000000
15834  -37.874  -69.201  -5.305 0.0000000000
15835  -38.464  -69.376  -5.422 0.0000000000
15837  -40.062  -69.660  -5.902 0.0000000000
15860  -30.863  -69.589  -7.383 0.0000000000
15862  -32.278  -69.676  -6.845 0.0000000000
15864  -34.065  -69.631  -7.504 0.0000000000
15877  -30.729  -69.446  -7.536 0.0000000000
15881  -37.104  -69.417  -9.213 0.0000000000
16725  -32.605  -69.149  -2.221 0.0000000000
16735  -33.051  -69.492  -2.756 0.0000000000
16747  -35.418  -68.704  -4.253 0.0000000000
16756  -37.008  -68.749  -5.028 0.0000000000
16757  -37.572  -69.073  -5.223 0.0000000000
16765  -37.181  -68.271  -5.199 0.0000000000
16811  -36.021  -69.100  -8.504 0.0000000000
16815  -40.287  -68.489  -9.029 0.0000000000
16835  -39.097  -68.739  -9.653 0.0000000000
16836  -39.760  -68.704  -9.363 0.0000000000
17677  -33.064  -67.368  -1.226 0.0000000000
17701  -35.345  -67.241  -3.395 0.0000000000
17717  -36.433  -68.212  -4.644 0.0000000000
17719  -37.402  -67.308  -5.041 0.0000000000
17730  -37.839  -67.658  -5.498 0.0000000000
17746  -39.511  -67.400  -6.381 0.0000000000
17765  -41.806  -66.477  -7.941 0.0000000000
17776  -31.790  -66.843  -8.158 0.0000000000
18736  -43.665  -66.404  -2.803 0.0000000000
18744  -37.220  -67.166  -4.743 0.0000000000
18775  -36.023  -66.479  -7.363 0.0000000000
18793  -37.561  -67.024  -8.402 0.0000000000
18796  -41.696  -65.960  -7.775 0.0000000000
18808  -38.526  -67.171  -9.056 0.0000000000
19684  -35.752  -66.275  -0.163 0.0000000000
19718  -39.910  -65.873  -4.173 0.0000000000
19740  -44.149  -65.779  -4.325 0.0000000000
19742  -44.895  -65.480  -4.061 0.0000000000
19759  -43.375  -65.247  -5.302 0.0000000000
19761  -44.410  -65.294  -4.657 0.0000000000
19779  -41.279  -66.161  -6.728 0.0000000000
19822  -41.200  -65.174  -8.696 0.0000000000
19823  -41.553  -65.051  -8.389 0.0000000000
20752  -37.448  -64.601  1.100 0.0000000000
20819  -44.676  -64.889  -4.420 0.0000000000
20820  -45.022  -65.242  -4.068 0.0000000000
20877  -37.732  -65.373  -7.358 0.0000000000
20880  -40.767  -64.695  -8.050 0.0000000000
20899  -41.147  -64.866  -8.475 0.0000000000
