#!ascii label  , from subject 3405 vox2ras=TkReg
1038
99939  35.078  18.119  22.393 0.0000000000
104857  39.339  24.886  24.106 0.0000000000
96845  40.955  14.959  29.994 0.0000000000
98378  33.009  16.048  26.891 0.0000000000
96203  34.026  12.966  26.025 0.0000000000
103802  35.176  23.461  19.685 0.0000000000
106605  35.824  28.836  28.780 0.0000000000
107252  32.532  29.133  24.532 0.0000000000
97564  42.853  14.596  34.946 0.0000000000
94692  37.950  10.834  34.294 0.0000000000
101258  37.757  20.064  21.840 0.0000000000
97636  38.730  14.895  24.599 0.0000000000
101223  39.775  19.510  25.655 0.0000000000
99848  41.308  17.965  30.143 0.0000000000
110120  33.295  34.604  23.449 0.0000000000
105424  36.192  26.604  22.357 0.0000000000
96152  35.956  12.860  29.708 0.0000000000
99883  34.470  17.598  25.227 0.0000000000
97642  33.311  13.797  26.101 0.0000000000
98386  35.854  16.119  25.386 0.0000000000
101270  34.311  19.501  20.120 0.0000000000
100600  32.759  19.556  22.828 0.0000000000
106617  31.180  28.577  27.629 0.0000000000
97519  43.019  13.860  37.622 0.0000000000
96101  42.855  11.946  36.455 0.0000000000
94650  43.540  10.102  38.780 0.0000000000
110695  36.612  35.422  22.161 0.0000000000
103192  38.586  22.512  23.148 0.0000000000
100589  39.057  18.975  23.517 0.0000000000
102561  39.733  21.735  24.576 0.0000000000
101864  37.209  20.433  27.994 0.0000000000
101195  39.700  19.874  28.185 0.0000000000
101178  38.883  18.703  29.860 0.0000000000
99816  40.420  17.757  32.571 0.0000000000
105390  36.631  26.724  25.546 0.0000000000
106634  35.032  27.995  23.814 0.0000000000
104314  37.157  24.677  23.616 0.0000000000
103781  37.009  23.249  22.092 0.0000000000
97605  40.349  14.941  27.625 0.0000000000
96872  38.219  13.829  27.614 0.0000000000
96140  38.520  14.066  30.295 0.0000000000
96213  32.276  11.978  24.839 0.0000000000
95459  32.263  10.987  26.217 0.0000000000
106064  36.409  27.754  19.897 0.0000000000
104886  33.487  25.242  19.929 0.0000000000
105979  38.755  27.514  26.640 0.0000000000
104287  39.762  24.326  26.268 0.0000000000
110071  31.476  35.107  28.522 0.0000000000
109533  30.526  33.484  25.418 0.0000000000
106625  33.745  27.902  27.071 0.0000000000
96832  42.162  14.924  32.401 0.0000000000
96829  40.131  14.375  32.224 0.0000000000
96117  41.628  12.694  34.804 0.0000000000
93944  40.111  9.355  35.100 0.0000000000
99230  36.208  18.026  21.229 0.0000000000
99185  37.590  16.615  23.668 0.0000000000
98423  39.180  16.850  22.177 0.0000000000
99167  39.715  16.969  24.426 0.0000000000
98377  40.719  16.183  27.317 0.0000000000
102538  40.676  21.427  26.465 0.0000000000
99858  40.503  18.813  27.730 0.0000000000
99127  42.491  16.184  29.555 0.0000000000
99831  43.009  17.157  32.281 0.0000000000
99061  42.215  16.105  35.551 0.0000000000
111269  35.000  36.538  22.648 0.0000000000
109551  36.845  33.378  23.001 0.0000000000
107836  36.029  30.642  23.371 0.0000000000
107271  37.421  29.404  21.436 0.0000000000
104897  36.184  25.674  20.478 0.0000000000
102594  36.200  21.711  20.023 0.0000000000
97638  36.960  14.313  25.333 0.0000000000
95443  34.830  12.493  27.221 0.0000000000
94716  33.087  11.079  28.899 0.0000000000
95397  36.643  11.630  32.271 0.0000000000
99911  34.778  18.121  23.814 0.0000000000
99161  35.360  17.003  25.362 0.0000000000
99894  35.949  17.434  24.139 0.0000000000
100615  34.269  18.791  20.854 0.0000000000
101262  33.269  19.584  21.198 0.0000000000
99950  33.909  18.876  22.182 0.0000000000
99927  33.497  18.884  23.494 0.0000000000
97499  43.024  13.311  38.260 0.0000000000
96088  43.987  11.832  38.304 0.0000000000
96060  43.637  10.934  39.238 0.0000000000
94003  30.704  9.236  25.672 0.0000000000
104334  39.123  23.277  23.736 0.0000000000
102568  39.423  22.271  24.184 0.0000000000
103764  39.721  23.282  24.362 0.0000000000
101199  36.632  19.850  28.850 0.0000000000
101197  38.088  19.737  28.792 0.0000000000
105401  38.749  26.074  24.716 0.0000000000
105403  36.793  26.121  24.522 0.0000000000
104858  38.725  24.937  23.823 0.0000000000
104336  38.513  23.576  23.300 0.0000000000
96856  40.729  14.865  28.937 0.0000000000
96161  39.618  14.570  28.811 0.0000000000
96138  39.962  14.690  29.952 0.0000000000
98379  32.467  15.709  27.248 0.0000000000
97630  32.444  14.055  26.421 0.0000000000
97652  33.462  13.387  25.903 0.0000000000
96908  32.946  12.964  25.476 0.0000000000
96212  32.808  12.084  25.293 0.0000000000
95483  32.344  11.717  24.979 0.0000000000
95470  33.529  11.971  25.984 0.0000000000
104898  35.885  25.624  19.818 0.0000000000
105459  34.699  26.509  19.795 0.0000000000
104359  33.890  24.243  19.839 0.0000000000
99885  32.487  17.644  26.082 0.0000000000
99138  31.723  16.935  27.138 0.0000000000
106602  38.130  28.283  27.728 0.0000000000
105358  39.156  26.931  27.639 0.0000000000
105347  37.658  27.855  28.898 0.0000000000
107237  33.831  28.821  28.256 0.0000000000
106615  33.322  28.325  27.642 0.0000000000
106613  35.611  28.558  27.830 0.0000000000
105975  36.481  28.168  27.220 0.0000000000
96826  42.516  14.470  33.282 0.0000000000
96824  41.644  13.675  33.242 0.0000000000
96820  42.597  13.508  34.520 0.0000000000
93920  41.692  9.440  36.920 0.0000000000
94676  40.943  10.746  36.541 0.0000000000
93112  41.282  9.035  35.499 0.0000000000
99966  36.765  18.705  20.508 0.0000000000
98451  37.859  17.531  21.815 0.0000000000
99213  38.401  18.128  21.741 0.0000000000
100581  39.484  18.900  24.626 0.0000000000
99907  39.545  17.995  23.905 0.0000000000
99893  39.621  17.936  24.898 0.0000000000
98383  40.170  16.220  26.212 0.0000000000
99880  40.134  18.183  26.649 0.0000000000
103739  39.602  23.539  26.536 0.0000000000
103163  40.554  22.458  26.066 0.0000000000
102539  40.301  21.364  26.806 0.0000000000
100544  40.011  19.352  28.761 0.0000000000
100553  40.399  19.132  27.866 0.0000000000
99850  40.988  18.107  29.265 0.0000000000
99129  41.293  17.275  28.946 0.0000000000
99124  41.846  17.280  29.808 0.0000000000
99121  42.880  16.630  31.278 0.0000000000
100520  42.361  17.458  31.198 0.0000000000
99785  40.122  17.020  33.615 0.0000000000
99783  41.397  16.867  33.965 0.0000000000
110698  34.662  35.516  22.900 0.0000000000
110685  35.664  35.016  22.935 0.0000000000
109552  35.815  33.418  23.504 0.0000000000
107831  31.528  30.773  24.519 0.0000000000
108952  31.633  32.501  24.095 0.0000000000
107829  33.325  30.279  23.998 0.0000000000
106032  36.142  27.419  22.766 0.0000000000
107257  35.120  29.593  23.448 0.0000000000
106648  36.531  28.661  22.313 0.0000000000
107261  36.942  29.912  22.498 0.0000000000
106045  36.667  27.895  21.694 0.0000000000
105435  36.710  27.603  21.099 0.0000000000
105436  36.350  26.711  21.478 0.0000000000
101909  37.489  21.392  21.586 0.0000000000
103201  36.667  22.458  21.160 0.0000000000
101260  36.941  20.422  20.870 0.0000000000
101284  36.060  19.708  19.475 0.0000000000
98394  38.297  15.360  24.211 0.0000000000
98395  37.393  15.715  24.620 0.0000000000
97626  38.083  14.259  25.440 0.0000000000
96165  37.089  13.468  28.607 0.0000000000
96173  36.589  13.444  27.609 0.0000000000
95420  35.249  12.479  28.808 0.0000000000
95432  34.340  12.141  27.830 0.0000000000
95411  34.826  11.817  29.649 0.0000000000
96120  38.873  12.549  33.758 0.0000000000
96131  38.101  13.116  32.258 0.0000000000
95392  37.450  11.760  33.306 0.0000000000
99163  33.426  16.642  26.407 0.0000000000
98389  33.524  15.326  26.622 0.0000000000
98388  34.244  15.670  26.268 0.0000000000
98398  34.642  14.858  26.001 0.0000000000
97640  34.797  14.143  25.845 0.0000000000
102596  34.539  21.472  20.134 0.0000000000
99898  32.822  18.255  25.057 0.0000000000
97549  43.135  14.351  35.874 0.0000000000
96115  43.219  12.963  35.659 0.0000000000
96109  43.915  12.478  36.928 0.0000000000
95343  42.924  10.885  37.528 0.0000000000
102577  38.227  21.757  22.587 0.0000000000
100598  38.529  19.149  22.761 0.0000000000
101897  38.489  20.890  23.662 0.0000000000
101895  39.205  20.818  24.483 0.0000000000
101890  39.698  20.802  24.976 0.0000000000
102528  38.187  21.264  27.225 0.0000000000
102527  39.196  21.247  27.234 0.0000000000
101850  38.420  20.171  28.211 0.0000000000
101185  39.481  19.367  29.066 0.0000000000
100522  39.894  18.675  30.453 0.0000000000
100505  40.799  18.297  31.538 0.0000000000
100506  40.127  18.535  31.398 0.0000000000
99817  39.727  17.780  32.553 0.0000000000
99096  38.622  16.666  33.683 0.0000000000
110689  32.181  35.529  23.818 0.0000000000
106006  34.130  27.601  24.981 0.0000000000
106635  34.326  28.410  24.121 0.0000000000
105404  35.909  26.629  24.708 0.0000000000
105415  36.087  26.609  23.951 0.0000000000
104869  36.285  25.583  23.027 0.0000000000
104876  36.159  25.615  22.198 0.0000000000
104325  37.269  24.189  23.316 0.0000000000
103193  37.868  22.509  22.329 0.0000000000
97615  39.786  14.944  26.724 0.0000000000
96879  38.746  14.190  26.345 0.0000000000
96871  39.019  14.276  27.432 0.0000000000
96163  38.615  14.107  28.834 0.0000000000
96141  37.372  13.469  30.384 0.0000000000
93954  38.647  8.926  34.025 0.0000000000
93955  37.740  9.034  33.444 0.0000000000
96207  30.419  12.408  24.016 0.0000000000
97643  32.569  13.623  25.967 0.0000000000
96910  31.565  12.876  24.773 0.0000000000
96214  31.443  11.856  24.065 0.0000000000
95484  31.617  11.327  24.530 0.0000000000
95473  31.730  10.957  25.394 0.0000000000
94737  31.181  9.845  26.635 0.0000000000
107301  35.962  29.157  19.544 0.0000000000
106067  34.475  27.328  20.077 0.0000000000
105387  39.100  26.533  25.329 0.0000000000
104844  39.834  24.908  25.221 0.0000000000
105377  39.715  26.220  26.545 0.0000000000
104834  39.601  25.139  26.972 0.0000000000
103731  38.406  24.213  27.241 0.0000000000
103741  37.901  23.254  26.929 0.0000000000
103140  36.559  22.321  26.991 0.0000000000
109518  31.138  34.162  27.444 0.0000000000
108945  30.301  32.658  25.720 0.0000000000
107825  31.031  30.150  24.966 0.0000000000
105997  33.487  27.626  25.547 0.0000000000
105995  35.199  27.072  26.180 0.0000000000
105993  37.792  27.145  25.855 0.0000000000
96838  41.862  15.177  31.408 0.0000000000
96834  40.788  14.740  31.636 0.0000000000
96828  41.130  14.129  32.614 0.0000000000
96124  40.441  12.944  33.652 0.0000000000
95387  39.564  11.738  34.994 0.0000000000
96112  41.804  12.267  35.627 0.0000000000
95384  40.036  11.368  35.596 0.0000000000
93945  39.232  9.486  34.840 0.0000000000
99948  35.401  18.099  21.724 0.0000000000
99923  36.371  17.499  23.238 0.0000000000
99199  36.801  17.527  22.623 0.0000000000
98414  38.408  16.316  23.139 0.0000000000
98405  39.132  15.869  23.374 0.0000000000
99184  39.271  18.003  22.818 0.0000000000
99176  39.626  17.039  23.561 0.0000000000
98385  39.596  15.205  25.140 0.0000000000
97623  40.019  15.720  26.037 0.0000000000
97613  40.769  15.589  27.575 0.0000000000
97603  41.337  15.399  28.569 0.0000000000
103758  40.324  23.045  24.998 0.0000000000
102554  40.581  21.555  25.657 0.0000000000
101880  40.410  20.442  25.998 0.0000000000
101874  40.348  20.878  27.046 0.0000000000
101214  40.258  19.969  26.798 0.0000000000
99879  40.202  18.717  27.002 0.0000000000
99137  41.030  17.398  28.021 0.0000000000
98350  41.568  16.463  28.643 0.0000000000
97584  41.864  15.394  29.777 0.0000000000
98340  42.748  16.014  30.939 0.0000000000
98338  42.835  15.939  32.310 0.0000000000
98326  42.813  15.794  33.750 0.0000000000
99814  41.965  17.404  32.581 0.0000000000
99781  42.523  16.508  34.089 0.0000000000
98311  42.746  15.428  34.749 0.0000000000
98284  42.870  15.039  36.520 0.0000000000
110696  35.801  35.828  22.578 0.0000000000
110129  37.064  34.169  22.525 0.0000000000
108971  37.935  32.323  22.528 0.0000000000
107828  34.366  30.272  23.706 0.0000000000
108961  34.998  32.399  23.679 0.0000000000
108382  36.839  31.524  23.243 0.0000000000
108388  37.573  31.477  22.780 0.0000000000
107840  38.009  30.502  21.754 0.0000000000
106062  36.958  28.581  20.747 0.0000000000
105457  36.287  26.904  20.008 0.0000000000
104357  35.510  24.507  19.704 0.0000000000
104345  36.116  24.581  21.164 0.0000000000
103801  35.870  23.502  20.084 0.0000000000
103211  35.663  22.544  19.841 0.0000000000
101924  34.874  20.459  19.680 0.0000000000
100614  34.927  18.800  20.223 0.0000000000
99169  36.450  16.798  24.715 0.0000000000
97639  35.577  14.066  25.677 0.0000000000
96201  35.171  13.063  26.048 0.0000000000
96889  36.933  13.622  26.199 0.0000000000
96188  35.456  13.247  26.477 0.0000000000
95455  34.575  11.978  26.597 0.0000000000
95445  33.705  11.803  27.027 0.0000000000
95447  32.393  10.889  27.211 0.0000000000
96836  39.278  14.328  30.923 0.0000000000
96135  37.802  13.472  31.255 0.0000000000
95403  36.467  12.443  31.157 0.0000000000
93957  36.313  10.484  32.676 0.0000000000
95405  35.168  11.653  30.624 0.0000000000
93895  43.294  9.000  39.154 0.0000000000
93079  42.803  8.223  38.155 0.0000000000
99925  34.887  18.117  23.073 0.0000000000
99895  35.478  17.535  24.519 0.0000000000
99910  35.488  17.768  23.706 0.0000000000
99949  34.344  18.571  21.737 0.0000000000
99940  34.299  18.514  22.512 0.0000000000
99926  34.172  18.537  23.230 0.0000000000
96075  43.468  11.960  39.157 0.0000000000
104311  39.469  24.005  24.047 0.0000000000
103770  39.333  23.269  23.968 0.0000000000
104846  39.044  25.471  24.282 0.0000000000
104847  38.359  25.496  24.304 0.0000000000
104867  39.063  24.551  23.681 0.0000000000
104323  39.039  24.016  23.512 0.0000000000
97594  41.102  15.086  28.940 0.0000000000
96846  40.349  14.763  29.570 0.0000000000
97618  32.265  14.590  27.069 0.0000000000
97617  32.910  14.920  26.906 0.0000000000
96907  33.669  12.872  25.924 0.0000000000
96916  32.974  12.413  25.555 0.0000000000
96915  33.347  12.313  25.819 0.0000000000
95489  33.087  12.096  25.107 0.0000000000
95481  33.322  12.151  25.796 0.0000000000
104899  35.040  25.528  19.688 0.0000000000
104358  34.652  24.420  19.622 0.0000000000
99164  32.786  16.982  26.480 0.0000000000
99869  32.188  17.426  26.444 0.0000000000
99150  32.310  16.934  26.831 0.0000000000
98366  31.864  16.377  27.403 0.0000000000
106604  36.677  28.605  28.321 0.0000000000
105965  37.999  28.108  28.509 0.0000000000
106597  37.129  28.486  28.572 0.0000000000
107235  35.177  29.112  28.755 0.0000000000
107236  34.577  29.025  28.473 0.0000000000
106612  36.955  28.526  27.575 0.0000000000
97574  42.532  14.969  33.987 0.0000000000
96822  42.742  14.111  34.236 0.0000000000
100611  37.401  19.531  21.087 0.0000000000
99954  37.898  18.362  21.256 0.0000000000
99945  38.117  18.804  21.580 0.0000000000
101232  39.726  19.839  25.204 0.0000000000
100576  39.610  18.861  25.354 0.0000000000
99881  39.736  17.995  25.820 0.0000000000
100570  39.729  18.923  26.026 0.0000000000
103151  39.300  22.728  26.691 0.0000000000
103150  40.136  22.537  26.401 0.0000000000
100534  40.576  18.518  29.839 0.0000000000
100543  40.466  18.870  28.809 0.0000000000
99125  41.356  17.641  29.562 0.0000000000
99847  42.101  17.464  30.723 0.0000000000
99844  41.355  18.031  30.990 0.0000000000
99078  39.862  16.630  34.386 0.0000000000
110688  32.932  35.638  23.478 0.0000000000
110687  34.062  35.382  23.059 0.0000000000
110686  34.877  35.039  22.982 0.0000000000
110119  34.342  34.406  23.248 0.0000000000
107253  31.745  29.866  24.670 0.0000000000
107830  32.365  30.471  24.272 0.0000000000
106649  36.097  28.682  22.772 0.0000000000
101915  37.546  20.527  21.572 0.0000000000
101916  37.211  20.988  21.221 0.0000000000
101259  37.361  20.128  21.294 0.0000000000
100612  37.012  19.511  20.709 0.0000000000
97637  38.110  14.757  24.819 0.0000000000
96166  36.147  13.178  28.978 0.0000000000
95388  38.599  11.822  34.336 0.0000000000
95391  38.188  12.215  33.605 0.0000000000
95389  37.865  11.540  33.906 0.0000000000
99884  33.574  17.589  25.609 0.0000000000
99162  34.433  16.806  25.919 0.0000000000
98387  35.082  15.903  25.845 0.0000000000
98397  35.390  15.040  25.564 0.0000000000
101925  33.998  20.487  20.237 0.0000000000
102597  33.838  21.448  20.683 0.0000000000
100606  33.399  19.274  21.872 0.0000000000
100616  32.967  19.772  21.467 0.0000000000
99897  33.755  18.153  24.775 0.0000000000
99913  33.142  18.622  24.215 0.0000000000
97535  43.183  14.132  36.768 0.0000000000
96814  43.449  13.446  36.225 0.0000000000
96805  43.544  13.396  37.102 0.0000000000
95341  43.876  11.207  38.494 0.0000000000
95365  43.865  11.525  37.971 0.0000000000
95342  43.504  10.898  38.051 0.0000000000
94659  42.857  10.208  37.899 0.0000000000
93906  42.757  9.467  38.169 0.0000000000
111273  36.451  36.255  21.687 0.0000000000
101903  38.222  20.902  22.962 0.0000000000
102570  38.649  21.767  23.444 0.0000000000
102562  39.169  21.611  24.209 0.0000000000
101863  37.842  20.526  27.778 0.0000000000
101862  38.743  20.640  27.634 0.0000000000
101186  38.613  19.123  29.386 0.0000000000
101177  39.340  18.816  29.747 0.0000000000
100535  39.995  18.951  29.464 0.0000000000
100507  39.328  18.457  31.275 0.0000000000
100490  38.939  18.077  31.815 0.0000000000
99818  38.914  17.609  32.438 0.0000000000
99798  39.195  17.268  33.117 0.0000000000
99799  38.476  17.035  33.077 0.0000000000
105391  35.769  26.679  25.706 0.0000000000
106005  34.944  27.203  24.838 0.0000000000
104860  36.806  25.327  23.855 0.0000000000
105414  36.232  26.318  23.410 0.0000000000
104315  36.607  25.035  23.389 0.0000000000
104326  36.479  24.819  23.008 0.0000000000
103779  38.760  23.094  23.409 0.0000000000
103780  38.125  23.116  22.839 0.0000000000
97616  39.374  14.533  26.813 0.0000000000
97606  39.865  14.704  27.465 0.0000000000
96147  39.675  14.599  29.320 0.0000000000
96162  39.191  14.456  28.831 0.0000000000
96149  38.387  13.994  29.370 0.0000000000
96150  37.726  13.673  29.502 0.0000000000
96911  30.906  12.758  24.606 0.0000000000
97628  33.889  14.595  26.305 0.0000000000
97629  33.149  14.299  26.427 0.0000000000
96917  32.472  12.452  25.151 0.0000000000
96909  32.250  12.937  25.094 0.0000000000
96918  31.830  12.418  24.651 0.0000000000
96919  31.106  12.409  24.243 0.0000000000
96206  31.820  11.635  24.418 0.0000000000
95472  32.134  11.206  25.595 0.0000000000
95460  31.775  10.778  25.839 0.0000000000
94745  31.300  10.481  25.735 0.0000000000
94744  31.779  10.706  26.087 0.0000000000
106676  36.821  28.919  20.447 0.0000000000
106687  36.322  28.367  19.802 0.0000000000
106066  35.361  27.512  19.767 0.0000000000
105460  33.842  26.565  19.934 0.0000000000
104901  33.377  26.156  19.934 0.0000000000
105991  39.121  26.989  25.867 0.0000000000
105386  39.728  26.026  25.613 0.0000000000
105978  39.350  27.120  26.729 0.0000000000
105370  39.171  26.433  27.660 0.0000000000
104279  39.180  25.158  27.370 0.0000000000
104281  37.296  24.601  27.527 0.0000000000
103154  37.271  22.350  26.858 0.0000000000
110070  31.973  35.457  28.206 0.0000000000
109503  31.538  34.825  27.901 0.0000000000
108942  30.268  32.525  26.719 0.0000000000
108371  30.051  31.621  25.909 0.0000000000
107826  30.431  30.773  25.355 0.0000000000
106626  32.612  27.872  26.593 0.0000000000
106632  31.942  28.264  25.948 0.0000000000
105985  33.360  27.610  26.346 0.0000000000
105996  34.411  27.345  25.807 0.0000000000
105983  34.871  27.598  26.696 0.0000000000
106621  37.820  28.049  26.906 0.0000000000
105981  36.958  27.563  26.515 0.0000000000
105980  38.070  27.627  26.417 0.0000000000
105992  38.597  27.125  25.914 0.0000000000
96833  41.556  14.741  32.020 0.0000000000
96123  41.460  13.070  33.894 0.0000000000
96119  39.565  12.524  34.181 0.0000000000
96118  40.569  12.530  34.630 0.0000000000
96111  42.716  12.463  35.890 0.0000000000
96102  42.188  11.985  36.175 0.0000000000
93935  40.593  9.631  35.874 0.0000000000
95383  40.871  11.590  35.908 0.0000000000
94688  40.176  10.655  35.957 0.0000000000
94689  39.494  10.665  35.413 0.0000000000
93936  39.875  9.940  35.477 0.0000000000
99231  35.878  18.072  21.307 0.0000000000
99200  36.202  17.783  22.216 0.0000000000
99215  36.854  17.618  22.075 0.0000000000
98436  38.540  17.129  21.970 0.0000000000
98424  37.945  16.835  23.008 0.0000000000
97658  38.629  16.313  22.833 0.0000000000
98413  39.065  16.135  22.815 0.0000000000
100590  38.731  19.228  23.252 0.0000000000
99935  38.962  18.426  22.745 0.0000000000
98392  39.703  16.144  23.891 0.0000000000
98384  39.851  15.934  25.118 0.0000000000
97604  40.928  15.237  28.208 0.0000000000
98364  41.288  15.810  28.310 0.0000000000
104295  40.020  24.087  25.502 0.0000000000
103149  40.615  21.943  26.272 0.0000000000
103162  40.648  22.251  25.804 0.0000000000
102548  40.751  21.501  26.125 0.0000000000
101881  40.649  20.915  26.022 0.0000000000
101848  39.617  20.282  27.721 0.0000000000
102526  39.898  21.146  27.203 0.0000000000
101860  40.022  20.547  27.348 0.0000000000
101205  40.224  19.578  27.286 0.0000000000
100561  40.207  19.339  27.179 0.0000000000
100568  40.121  19.333  26.896 0.0000000000
99867  40.384  18.797  27.417 0.0000000000
99868  40.665  18.125  27.380 0.0000000000
99128  42.088  16.603  29.308 0.0000000000
98349  42.067  15.763  29.032 0.0000000000
98342  42.480  15.835  29.989 0.0000000000
97582  42.209  15.494  30.712 0.0000000000
99842  43.091  16.857  31.718 0.0000000000
98337  42.882  16.179  31.851 0.0000000000
99119  43.020  16.695  32.093 0.0000000000
98334  42.917  16.167  32.724 0.0000000000
99111  42.898  16.779  32.825 0.0000000000
100487  40.784  17.971  32.069 0.0000000000
99833  41.270  17.865  31.718 0.0000000000
99815  40.901  17.565  32.572 0.0000000000
99075  42.138  16.421  34.783 0.0000000000
99782  42.079  16.739  34.073 0.0000000000
99074  42.734  16.149  34.608 0.0000000000
99060  42.692  15.702  35.506 0.0000000000
111262  34.568  37.075  22.940 0.0000000000
112318  34.438  38.337  23.612 0.0000000000
110117  36.288  34.179  23.012 0.0000000000
110130  36.327  34.948  22.703 0.0000000000
110116  36.735  33.899  22.830 0.0000000000
109568  37.369  33.465  22.615 0.0000000000
108972  37.542  33.000  22.732 0.0000000000
107250  34.372  29.395  23.789 0.0000000000
106640  35.009  28.667  23.634 0.0000000000
107256  36.249  29.830  23.072 0.0000000000
107837  35.228  30.702  23.515 0.0000000000
108383  35.750  31.522  23.611 0.0000000000
108960  36.339  32.466  23.545 0.0000000000
106647  37.010  29.094  22.042 0.0000000000
107842  37.258  30.771  22.711 0.0000000000
107260  37.628  29.949  21.813 0.0000000000
107270  37.706  29.879  21.431 0.0000000000
106668  37.158  28.975  20.914 0.0000000000
106658  37.312  29.032  21.177 0.0000000000
105448  36.399  26.717  20.721 0.0000000000
105447  36.646  27.577  20.453 0.0000000000
104356  36.034  24.544  20.310 0.0000000000
104338  36.405  24.372  22.283 0.0000000000
103782  36.355  23.875  21.670 0.0000000000
102587  36.690  21.742  20.752 0.0000000000
103210  36.236  22.557  20.442 0.0000000000
102595  35.369  21.583  19.742 0.0000000000
101923  36.027  20.965  19.832 0.0000000000
99967  36.118  18.274  20.357 0.0000000000
100622  35.359  18.862  19.892 0.0000000000
99968  35.696  18.262  20.538 0.0000000000
99958  35.390  18.238  20.916 0.0000000000
99186  37.104  17.166  23.409 0.0000000000
99178  36.824  17.082  23.939 0.0000000000
99168  37.093  16.514  24.318 0.0000000000
98396  36.341  15.331  25.274 0.0000000000
96896  35.633  13.408  26.016 0.0000000000
96897  35.367  13.514  25.977 0.0000000000
96880  38.107  13.814  26.743 0.0000000000
96888  38.050  13.922  25.960 0.0000000000
96881  37.293  13.586  27.119 0.0000000000
96182  35.506  13.165  27.255 0.0000000000
96181  36.148  13.398  26.850 0.0000000000
95442  35.145  12.974  27.047 0.0000000000
95454  34.738  12.647  26.548 0.0000000000
95456  33.993  12.014  26.578 0.0000000000
95444  34.269  12.084  27.245 0.0000000000
95422  33.491  11.318  28.735 0.0000000000
95433  33.623  11.655  27.896 0.0000000000
95434  32.848  11.168  28.005 0.0000000000
94729  32.048  10.357  27.655 0.0000000000
94717  32.656  10.672  28.654 0.0000000000
96835  39.971  14.663  31.258 0.0000000000
96830  39.411  14.324  31.720 0.0000000000
95396  37.316  12.247  32.464 0.0000000000
96132  37.377  12.860  31.808 0.0000000000
96136  37.023  12.955  31.159 0.0000000000
95399  36.875  12.279  31.720 0.0000000000
93965  36.909  8.923  32.618 0.0000000000
93956  36.771  10.143  33.250 0.0000000000
99896  34.577  17.958  24.527 0.0000000000
99882  35.006  17.594  24.929 0.0000000000
99160  35.965  16.746  25.160 0.0000000000
101271  33.572  19.661  20.650 0.0000000000
100605  33.903  18.966  21.382 0.0000000000
99941  33.603  19.095  22.708 0.0000000000
99942  33.201  19.246  23.184 0.0000000000
99912  33.986  18.435  23.995 0.0000000000
96794  43.498  13.100  37.861 0.0000000000
96772  43.362  12.646  38.617 0.0000000000
96074  43.936  11.474  38.990 0.0000000000
95326  43.831  10.689  38.936 0.0000000000
103191  38.969  22.783  23.689 0.0000000000
103183  38.915  22.392  23.689 0.0000000000
103190  39.187  22.918  23.900 0.0000000000
103181  39.435  22.819  24.120 0.0000000000
103176  39.855  22.580  24.459 0.0000000000
101198  37.218  19.808  28.810 0.0000000000
101851  37.571  20.146  28.333 0.0000000000
100536  38.498  18.628  29.981 0.0000000000
105389  37.459  26.647  25.269 0.0000000000
105402  37.910  26.083  24.733 0.0000000000
104848  37.562  25.542  24.316 0.0000000000
104859  37.827  24.937  24.031 0.0000000000
104313  38.100  24.465  23.664 0.0000000000
104868  38.721  24.425  23.578 0.0000000000
104335  38.997  23.428  23.585 0.0000000000
96868  40.618  14.882  28.247 0.0000000000
96869  40.266  14.714  28.169 0.0000000000
96857  40.012  14.655  28.733 0.0000000000
96139  39.370  14.485  29.962 0.0000000000
96205  31.948  11.786  24.541 0.0000000000
95491  32.600  11.919  25.144 0.0000000000
95482  32.957  11.926  25.463 0.0000000000
95471  33.031  11.566  26.004 0.0000000000
105458  35.558  26.623  19.711 0.0000000000
106065  35.987  27.506  19.629 0.0000000000
104900  33.929  25.441  19.796 0.0000000000
99886  31.466  18.216  25.969 0.0000000000
99870  31.793  17.616  26.432 0.0000000000
98380  31.855  15.366  27.554 0.0000000000
106610  38.345  27.975  27.271 0.0000000000
105973  38.963  27.486  27.245 0.0000000000
105964  38.487  27.856  27.954 0.0000000000
105360  37.979  27.523  28.652 0.0000000000
106606  32.983  28.783  28.343 0.0000000000
106616  32.248  28.357  27.558 0.0000000000
106614  34.328  28.535  27.728 0.0000000000
106624  34.666  28.057  27.199 0.0000000000
106623  35.232  28.018  27.200 0.0000000000
96827  42.034  14.133  32.777 0.0000000000
96823  42.238  13.710  33.743 0.0000000000
96122  42.172  13.131  34.369 0.0000000000
95344  42.305  10.929  37.235 0.0000000000
95368  41.939  11.387  36.699 0.0000000000
94675  41.638  10.442  37.028 0.0000000000
93921  41.161  9.873  36.581 0.0000000000
99241  36.877  18.006  20.949 0.0000000000
99229  37.007  17.699  21.580 0.0000000000
99240  37.360  18.039  20.953 0.0000000000
99227  38.014  17.852  21.406 0.0000000000
99212  38.729  17.484  22.016 0.0000000000
100582  39.312  18.996  23.999 0.0000000000
99908  39.339  18.511  23.605 0.0000000000
99159  39.825  17.004  25.475 0.0000000000
99158  40.171  17.123  26.464 0.0000000000
99148  40.705  17.252  27.265 0.0000000000
103750  40.324  23.016  25.812 0.0000000000
103738  39.967  23.334  26.165 0.0000000000
101194  40.127  19.496  28.140 0.0000000000
99859  40.736  18.300  28.190 0.0000000000
99123  42.688  16.692  30.211 0.0000000000
99846  42.708  17.075  30.965 0.0000000000
100503  42.864  17.309  31.846 0.0000000000
99796  40.614  17.360  33.134 0.0000000000
99795  41.324  17.237  33.205 0.0000000000
99784  40.676  16.948  33.812 0.0000000000
99076  41.451  16.570  34.762 0.0000000000
111815  33.588  37.054  23.546 0.0000000000
111263  33.959  36.518  23.122 0.0000000000
111270  34.548  35.939  22.827 0.0000000000
110697  35.107  35.650  22.755 0.0000000000
110118  35.315  34.267  23.202 0.0000000000
108953  30.744  32.746  24.728 0.0000000000
108377  31.157  31.694  24.459 0.0000000000
108376  32.048  31.489  24.134 0.0000000000
106019  35.622  27.368  23.640 0.0000000000
106639  35.599  28.690  23.160 0.0000000000
107262  36.290  29.180  22.755 0.0000000000
107835  36.757  30.583  22.973 0.0000000000
106659  37.133  28.804  21.387 0.0000000000
106044  37.071  28.469  21.111 0.0000000000
104885  36.133  25.633  21.321 0.0000000000
103200  37.212  22.470  21.687 0.0000000000
103790  36.729  22.873  21.535 0.0000000000
102586  37.174  21.816  21.353 0.0000000000
101917  36.627  20.957  20.467 0.0000000000
101268  36.648  20.133  20.381 0.0000000000
99973  36.360  18.909  19.950 0.0000000000
98407  37.891  16.120  23.919 0.0000000000
97627  37.546  13.947  25.631 0.0000000000
96873  37.556  13.631  27.927 0.0000000000
96174  35.875  13.188  28.131 0.0000000000
95431  34.932  12.707  27.628 0.0000000000
95421  34.300  11.776  28.733 0.0000000000
95412  34.057  11.342  29.592 0.0000000000
96125  39.530  12.961  33.313 0.0000000000
96130  39.171  13.770  32.580 0.0000000000
96126  38.631  12.853  33.088 0.0000000000
95395  37.882  12.507  32.992 0.0000000000
95393  36.962  11.544  32.837 0.0000000000
97641  34.043  14.034  26.091 0.0000000000
97651  34.195  13.475  26.081 0.0000000000
96906  34.378  13.086  26.205 0.0000000000
103212  34.879  22.480  19.897 0.0000000000
103803  34.386  23.395  19.825 0.0000000000
101926  33.394  20.521  20.799 0.0000000000
99928  32.805  19.167  23.691 0.0000000000
106608  31.387  28.761  28.347 0.0000000000
107228  33.690  29.365  28.914 0.0000000000
107227  34.509  29.445  28.864 0.0000000000
96819  43.106  13.668  35.157 0.0000000000
96110  43.460  12.602  36.371 0.0000000000
96100  43.595  11.947  36.868 0.0000000000
96099  43.991  12.074  37.538 0.0000000000
95366  43.533  11.472  37.476 0.0000000000
95367  42.922  11.388  36.982 0.0000000000
94660  42.244  10.235  37.463 0.0000000000
93907  42.338  9.464  37.534 0.0000000000
101908  37.809  20.937  21.999 0.0000000000
100603  38.165  19.356  22.063 0.0000000000
101252  38.077  20.029  22.524 0.0000000000
101246  38.382  19.946  23.288 0.0000000000
101239  38.556  20.185  23.824 0.0000000000
102563  38.798  21.518  23.927 0.0000000000
101896  38.764  20.846  24.123 0.0000000000
101238  38.904  19.841  24.080 0.0000000000
101237  39.339  19.856  24.572 0.0000000000
102541  38.883  21.945  26.900 0.0000000000
101849  39.184  20.235  28.000 0.0000000000
101196  38.950  19.785  28.640 0.0000000000
100521  40.741  18.477  30.752 0.0000000000
100488  40.258  18.200  32.064 0.0000000000
100489  39.562  18.198  31.962 0.0000000000
99797  39.934  17.370  33.120 0.0000000000
99095  39.456  16.862  33.702 0.0000000000
106007  33.649  27.959  24.753 0.0000000000
106636  33.355  28.540  24.499 0.0000000000
106018  36.078  26.937  23.451 0.0000000000
104337  37.582  23.686  22.957 0.0000000000
97625  39.090  14.644  25.513 0.0000000000
96858  39.419  14.500  28.337 0.0000000000
96859  38.785  14.215  28.228 0.0000000000
96860  38.203  13.835  28.303 0.0000000000
96164  38.015  13.740  28.831 0.0000000000
96151  36.786  13.334  29.607 0.0000000000
93946  38.200  9.809  34.344 0.0000000000
93947  37.499  10.105  33.922 0.0000000000
96898  32.031  13.264  25.339 0.0000000000
97653  32.716  13.305  25.655 0.0000000000
96221  30.781  11.812  23.481 0.0000000000
95497  30.949  11.438  23.508 0.0000000000
94752  31.140  10.713  24.723 0.0000000000
106076  35.854  28.070  19.607 0.0000000000
106077  35.615  28.146  19.703 0.0000000000
105400  39.365  25.769  24.785 0.0000000000
104856  39.623  24.695  24.571 0.0000000000
104836  39.907  25.243  25.996 0.0000000000
105971  39.591  26.609  27.029 0.0000000000
104833  39.717  25.679  26.774 0.0000000000
104288  39.398  24.439  26.921 0.0000000000
104289  38.993  24.553  27.229 0.0000000000
103152  38.498  22.715  26.826 0.0000000000
103153  37.780  22.495  26.832 0.0000000000
103139  37.465  21.840  26.942 0.0000000000
102529  36.868  20.991  27.574 0.0000000000
109530  30.760  33.641  26.550 0.0000000000
108378  30.487  31.741  25.078 0.0000000000
107832  30.881  31.009  24.806 0.0000000000
106628  30.838  28.552  26.928 0.0000000000
107247  31.438  28.936  25.433 0.0000000000
107246  32.124  28.710  25.052 0.0000000000
106637  32.850  28.454  24.785 0.0000000000
105378  36.345  26.896  26.126 0.0000000000
105982  35.769  27.701  26.944 0.0000000000
105379  36.000  27.047  26.436 0.0000000000
105994  37.215  27.006  25.816 0.0000000000
105388  38.314  26.670  25.259 0.0000000000
96844  41.539  15.231  30.412 0.0000000000
96839  41.210  15.012  31.005 0.0000000000
96128  41.033  13.473  33.269 0.0000000000
96129  40.264  13.648  32.989 0.0000000000
96116  42.578  12.869  35.064 0.0000000000
95369  41.306  11.399  36.368 0.0000000000
95386  40.395  11.932  35.306 0.0000000000
94691  38.699  10.751  34.894 0.0000000000
99924  35.660  17.818  23.086 0.0000000000
99938  36.007  17.804  22.493 0.0000000000
99937  36.572  17.531  22.912 0.0000000000
98416  37.292  17.244  23.031 0.0000000000
98439  37.071  17.587  21.995 0.0000000000
98425  37.470  17.230  22.966 0.0000000000
98415  37.733  16.717  23.363 0.0000000000
98406  38.440  15.819  23.607 0.0000000000
98393  39.188  15.361  24.331 0.0000000000
99936  38.534  18.641  22.267 0.0000000000
99196  39.060  18.088  22.371 0.0000000000
99183  39.472  17.374  22.927 0.0000000000
99921  39.510  17.607  23.371 0.0000000000
98404  39.489  16.451  23.131 0.0000000000
97624  39.761  15.314  25.902 0.0000000000
97614  40.301  15.499  26.964 0.0000000000
96855  41.258  15.147  29.528 0.0000000000
104304  39.883  24.009  24.756 0.0000000000
103170  40.249  22.249  24.836 0.0000000000
103757  40.521  22.626  25.537 0.0000000000
103169  40.516  22.233  25.319 0.0000000000
102555  40.217  21.583  25.158 0.0000000000
101889  40.201  20.741  25.600 0.0000000000
101231  40.022  20.085  25.714 0.0000000000
102540  39.682  21.822  26.851 0.0000000000
101206  40.150  19.878  27.458 0.0000000000
101215  40.315  20.161  27.031 0.0000000000
101873  40.583  20.808  26.649 0.0000000000
101872  40.427  20.446  26.336 0.0000000000
101221  40.150  19.914  26.339 0.0000000000
101222  39.947  19.664  26.028 0.0000000000
98365  41.105  16.630  27.997 0.0000000000
98363  41.578  15.493  28.725 0.0000000000
97593  41.486  15.269  28.979 0.0000000000
97579  42.524  15.594  31.851 0.0000000000
97576  42.648  15.425  32.855 0.0000000000
99843  41.790  17.659  31.352 0.0000000000
100486  42.092  17.540  32.080 0.0000000000
100485  42.572  17.406  32.267 0.0000000000
99794  42.048  17.070  33.357 0.0000000000
99793  42.571  16.802  33.457 0.0000000000
99094  42.795  16.405  33.570 0.0000000000
98296  42.896  15.127  35.618 0.0000000000
98271  42.810  14.565  37.196 0.0000000000
109567  37.850  33.364  22.245 0.0000000000
109566  38.255  32.700  22.018 0.0000000000
108970  38.292  32.036  21.906 0.0000000000
109555  32.772  33.843  23.735 0.0000000000
109554  33.749  33.713  23.543 0.0000000000
107251  33.706  29.329  24.063 0.0000000000
108962  34.115  32.955  23.656 0.0000000000
109553  34.739  33.527  23.489 0.0000000000
108959  37.301  32.399  23.082 0.0000000000
108389  37.147  31.107  22.959 0.0000000000
108381  37.407  31.878  23.072 0.0000000000
108958  37.641  32.043  22.925 0.0000000000
108387  38.119  31.372  22.199 0.0000000000
107848  37.828  30.513  21.353 0.0000000000
107281  37.582  29.858  20.799 0.0000000000
106063  36.715  28.199  20.266 0.0000000000
106054  36.908  28.206  20.811 0.0000000000
105456  36.544  27.647  20.125 0.0000000000
103791  36.233  23.416  21.096 0.0000000000
101934  35.183  20.522  19.607 0.0000000000
101269  34.869  19.215  19.917 0.0000000000
99959  34.808  18.345  21.264 0.0000000000
99909  36.098  17.475  23.809 0.0000000000
97650  34.851  13.535  26.003 0.0000000000
96202  34.619  12.920  26.210 0.0000000000
96887  38.529  14.225  25.777 0.0000000000
96194  34.853  12.816  26.428 0.0000000000
95468  34.447  12.351  26.275 0.0000000000
95480  33.819  12.359  26.025 0.0000000000
95469  33.980  12.158  26.263 0.0000000000
95457  33.671  11.878  26.352 0.0000000000
95458  32.814  11.340  26.265 0.0000000000
95446  32.992  11.373  27.081 0.0000000000
96840  40.467  14.828  30.538 0.0000000000
96841  39.739  14.606  30.482 0.0000000000
96842  39.244  14.383  30.394 0.0000000000
96134  38.618  13.995  31.540 0.0000000000
96142  36.451  12.894  30.454 0.0000000000
96143  35.968  12.525  30.218 0.0000000000
94693  37.340  10.921  33.737 0.0000000000
94695  36.935  11.089  33.260 0.0000000000
94696  36.511  10.989  32.822 0.0000000000
93966  36.028  9.949  32.417 0.0000000000
95400  36.189  11.771  31.568 0.0000000000
95404  35.930  12.161  30.733 0.0000000000
95410  35.565  12.213  29.932 0.0000000000
95406  34.531  11.339  30.274 0.0000000000
95313  43.472  10.395  39.261 0.0000000000
94649  43.573  9.919  39.065 0.0000000000
93065  43.018  8.516  38.728 0.0000000000
93066  42.769  8.851  38.437 0.0000000000
92252  43.134  7.755  37.910 0.0000000000
93126  40.133  8.941  34.409 0.0000000000
93884  43.187  8.806  39.504 0.0000000000
93894  43.532  8.439  39.229 0.0000000000
93896  43.187  9.363  38.830 0.0000000000
93897  42.871  9.205  38.516 0.0000000000
93905  43.196  9.671  38.594 0.0000000000
93934  41.268  9.263  36.199 0.0000000000
94638  43.238  9.649  39.386 0.0000000000
94658  43.306  10.183  38.390 0.0000000000
94701  35.804  11.250  31.588 0.0000000000
94705  34.709  11.121  30.786 0.0000000000
94728  32.494  10.759  28.018 0.0000000000
94736  31.784  10.570  26.602 0.0000000000
95327  43.692  10.641  38.563 0.0000000000
95382  41.611  11.740  36.161 0.0000000000
95401  35.652  11.554  31.218 0.0000000000
95423  32.989  11.141  28.600 0.0000000000
95435  32.447  10.798  27.721 0.0000000000
95467  35.081  12.427  26.022 0.0000000000
95479  34.343  12.574  25.969 0.0000000000
95490  33.017  12.034  25.159 0.0000000000
95492  31.073  11.258  23.735 0.0000000000
96061  43.383  11.267  39.355 0.0000000000
96113  41.043  12.239  35.275 0.0000000000
96148  38.956  14.354  29.433 0.0000000000
96195  34.887  12.442  26.142 0.0000000000
96204  33.618  12.424  26.005 0.0000000000
96211  33.190  12.185  25.556 0.0000000000
96215  30.634  12.100  23.648 0.0000000000
96220  31.085  11.656  23.654 0.0000000000
96771  43.820  12.113  38.678 0.0000000000
96793  43.801  12.430  38.065 0.0000000000
96804  43.835  12.753  37.362 0.0000000000
96813  43.803  12.963  36.766 0.0000000000
96861  37.752  13.660  28.409 0.0000000000
96870  39.719  14.578  27.941 0.0000000000
96904  35.072  12.955  25.717 0.0000000000
96905  34.923  13.128  26.073 0.0000000000
97577  42.824  15.887  32.542 0.0000000000
97580  42.714  15.718  32.392 0.0000000000
97607  39.522  14.535  27.426 0.0000000000
97649  35.189  13.540  25.967 0.0000000000
97657  39.007  16.403  22.433 0.0000000000
97659  38.310  16.483  23.033 0.0000000000
97664  39.089  16.661  22.023 0.0000000000
97665  38.672  16.524  22.462 0.0000000000
97666  38.331  16.616  22.799 0.0000000000
97672  38.891  16.866  21.972 0.0000000000
97673  38.676  16.823  22.144 0.0000000000
97674  38.450  16.712  22.483 0.0000000000
98335  42.907  16.089  32.487 0.0000000000
98351  41.255  16.912  28.406 0.0000000000
98376  40.953  15.647  27.858 0.0000000000
98412  39.308  16.672  22.589 0.0000000000
98426  37.283  17.278  22.932 0.0000000000
98435  39.039  17.041  21.994 0.0000000000
98437  38.081  16.899  22.381 0.0000000000
98438  37.529  17.392  22.367 0.0000000000
98449  38.178  17.362  21.791 0.0000000000
98450  38.093  17.293  21.965 0.0000000000
98452  37.331  17.594  21.914 0.0000000000
99047  42.748  15.425  36.022 0.0000000000
99149  32.881  16.642  26.623 0.0000000000
99170  35.902  17.097  24.990 0.0000000000
99177  37.410  16.466  24.051 0.0000000000
99195  39.205  17.247  22.296 0.0000000000
99197  38.502  18.355  22.003 0.0000000000
99198  37.086  17.458  22.575 0.0000000000
99211  39.027  17.248  22.039 0.0000000000
99214  37.217  17.469  22.371 0.0000000000
99216  36.112  17.919  21.822 0.0000000000
99217  35.675  18.081  21.422 0.0000000000
99226  38.413  17.419  21.788 0.0000000000
99228  37.527  17.716  21.466 0.0000000000
99239  37.588  18.034  21.030 0.0000000000
99242  36.537  17.999  21.034 0.0000000000
99813  42.660  17.143  32.882 0.0000000000
99832  41.719  17.625  31.957 0.0000000000
99922  39.334  18.191  23.206 0.0000000000
99946  37.713  19.192  21.250 0.0000000000
99947  35.924  17.916  22.049 0.0000000000
99955  37.443  18.939  20.961 0.0000000000
99956  36.971  19.140  20.604 0.0000000000
99957  35.846  18.202  20.732 0.0000000000
99964  37.767  18.151  21.136 0.0000000000
99965  37.479  18.352  20.967 0.0000000000
99974  36.320  18.684  20.032 0.0000000000
100504  41.990  17.564  31.661 0.0000000000
100519  42.862  17.195  31.156 0.0000000000
100532  42.461  17.357  30.990 0.0000000000
100533  42.227  17.428  30.948 0.0000000000
100552  40.339  19.095  27.487 0.0000000000
100569  39.931  19.157  26.526 0.0000000000
100597  38.954  18.757  23.074 0.0000000000
100599  33.258  19.343  22.448 0.0000000000
100604  37.765  19.503  21.506 0.0000000000
100613  35.056  18.958  19.978 0.0000000000
100621  36.688  19.440  20.283 0.0000000000
100623  35.480  18.426  20.322 0.0000000000
100628  36.377  19.275  19.874 0.0000000000
100629  36.022  18.988  19.653 0.0000000000
101148  42.452  17.495  31.935 0.0000000000
101149  42.122  17.805  32.007 0.0000000000
101161  42.652  17.401  31.464 0.0000000000
101162  42.205  17.651  31.610 0.0000000000
101175  42.818  17.556  30.969 0.0000000000
101176  42.722  17.781  31.142 0.0000000000
101207  39.964  19.926  27.754 0.0000000000
101230  40.200  20.125  25.959 0.0000000000
101245  38.716  19.583  23.601 0.0000000000
101261  33.622  19.205  21.147 0.0000000000
101267  37.037  19.933  20.892 0.0000000000
101272  33.006  20.048  21.095 0.0000000000
101277  36.337  19.926  19.785 0.0000000000
101278  35.335  19.521  19.770 0.0000000000
101279  34.886  19.876  19.367 0.0000000000
101285  35.542  19.835  19.398 0.0000000000
101286  35.238  19.916  19.120 0.0000000000
101859  40.349  20.476  27.106 0.0000000000
101861  39.484  20.670  27.516 0.0000000000
101888  40.252  20.382  25.820 0.0000000000
101933  35.796  20.191  19.385 0.0000000000
101935  34.866  20.086  19.280 0.0000000000
101940  35.904  20.040  19.327 0.0000000000
101941  35.677  19.967  19.120 0.0000000000
101942  34.949  20.090  18.970 0.0000000000
102525  40.175  21.045  27.153 0.0000000000
102542  38.183  22.018  26.858 0.0000000000
102569  39.037  22.090  23.937 0.0000000000
102578  37.671  21.822  21.885 0.0000000000
102605  36.010  20.568  19.270 0.0000000000
102606  35.652  20.396  19.342 0.0000000000
102607  34.787  20.469  19.464 0.0000000000
102613  36.150  20.381  19.219 0.0000000000
102614  36.262  20.178  18.965 0.0000000000
102615  35.379  20.219  19.335 0.0000000000
103182  39.170  22.575  23.954 0.0000000000
103742  37.294  22.804  26.841 0.0000000000
103749  40.527  22.602  25.774 0.0000000000
103778  39.067  23.127  23.731 0.0000000000
104312  39.225  24.376  23.795 0.0000000000
104322  39.203  23.514  23.753 0.0000000000
104324  38.278  24.068  23.395 0.0000000000
104820  39.616  26.197  27.147 0.0000000000
104821  39.468  25.933  27.379 0.0000000000
104845  39.312  25.356  24.412 0.0000000000
105359  38.872  26.968  27.937 0.0000000000
105368  39.767  26.324  27.042 0.0000000000
105369  39.394  26.652  27.389 0.0000000000
105399  39.608  25.296  24.877 0.0000000000
105412  39.505  25.037  24.513 0.0000000000
105413  39.439  25.264  24.553 0.0000000000
105954  37.432  28.137  28.793 0.0000000000
105963  39.060  27.149  27.551 0.0000000000
105972  39.425  27.018  27.149 0.0000000000
105974  36.946  28.216  27.097 0.0000000000
105977  39.552  26.739  26.802 0.0000000000
105984  34.086  27.607  26.477 0.0000000000
105990  39.535  26.619  26.383 0.0000000000
105998  32.924  27.655  25.939 0.0000000000
106033  35.933  28.157  22.861 0.0000000000
106043  37.430  28.709  21.046 0.0000000000
106053  37.226  28.626  21.026 0.0000000000
106074  36.624  27.819  19.969 0.0000000000
106075  36.191  28.046  19.672 0.0000000000
106603  37.647  28.443  28.160 0.0000000000
106607  31.993  28.779  28.339 0.0000000000
106611  37.743  28.355  27.452 0.0000000000
106620  38.273  27.838  26.825 0.0000000000
106622  37.309  28.229  27.110 0.0000000000
106630  33.135  28.096  24.944 0.0000000000
106631  32.503  28.208  25.361 0.0000000000
106660  36.915  28.676  21.710 0.0000000000
106678  36.197  28.881  19.802 0.0000000000
106688  36.116  28.570  19.673 0.0000000000
106689  35.864  28.461  19.605 0.0000000000
106690  35.647  28.385  19.731 0.0000000000
107255  36.674  30.133  22.866 0.0000000000
107259  37.981  29.976  21.883 0.0000000000
107302  35.990  28.796  19.642 0.0000000000
107841  37.690  30.656  22.324 0.0000000000
108393  38.210  31.262  21.616 0.0000000000
109542  30.721  33.485  24.784 0.0000000000
