#!ascii label  , from subject 3405 vox2ras=TkReg
800
36597  12.092  -47.542  65.276 0.0000000000
33591  3.216  -51.042  49.410 0.0000000000
27840  4.028  -54.910  63.793 0.0000000000
34534  2.210  -48.977  61.545 0.0000000000
41685  2.026  -42.481  56.031 0.0000000000
31156  9.031  -52.528  67.284 0.0000000000
33380  5.840  -50.379  67.121 0.0000000000
33419  15.153  -50.312  62.431 0.0000000000
31171  11.296  -52.905  63.621 0.0000000000
27865  7.381  -55.754  62.025 0.0000000000
39643  1.954  -44.183  65.160 0.0000000000
37700  1.331  -46.055  57.856 0.0000000000
43513  2.915  -40.357  62.984 0.0000000000
28955  2.227  -54.607  59.365 0.0000000000
32373  3.141  -51.290  58.048 0.0000000000
32302  4.341  -51.355  62.862 0.0000000000
36589  2.138  -47.253  66.770 0.0000000000
34577  5.991  -49.038  55.481 0.0000000000
37775  4.129  -45.810  51.527 0.0000000000
41722  2.738  -42.563  50.554 0.0000000000
45596  2.830  -38.966  55.501 0.0000000000
33378  10.665  -50.338  66.284 0.0000000000
34458  8.605  -49.937  66.686 0.0000000000
35559  13.838  -48.862  63.926 0.0000000000
32294  13.537  -51.069  63.576 0.0000000000
33388  12.711  -50.284  65.148 0.0000000000
31162  11.108  -52.393  65.481 0.0000000000
42581  2.181  -41.858  64.072 0.0000000000
28922  2.959  -54.305  62.098 0.0000000000
31185  3.035  -52.912  61.829 0.0000000000
30070  4.039  -53.282  63.768 0.0000000000
36558  5.132  -47.461  67.198 0.0000000000
35527  3.763  -48.726  67.237 0.0000000000
27838  5.875  -55.415  64.351 0.0000000000
26744  5.850  -56.309  61.564 0.0000000000
26746  4.052  -55.956  62.135 0.0000000000
26772  2.734  -56.181  59.649 0.0000000000
34537  4.994  -49.783  60.125 0.0000000000
33475  4.796  -50.397  56.695 0.0000000000
35612  4.676  -49.163  58.500 0.0000000000
39729  1.936  -44.297  57.202 0.0000000000
37729  2.475  -47.026  54.534 0.0000000000
39751  1.759  -44.436  54.247 0.0000000000
39782  2.695  -44.186  51.246 0.0000000000
41699  2.025  -42.434  53.979 0.0000000000
28889  6.281  -53.901  66.374 0.0000000000
31165  5.540  -52.472  66.615 0.0000000000
31153  6.959  -51.466  67.780 0.0000000000
35514  6.546  -48.805  66.873 0.0000000000
32349  16.322  -51.498  59.931 0.0000000000
31232  14.566  -52.294  58.661 0.0000000000
32322  14.115  -51.944  61.233 0.0000000000
31188  12.128  -52.562  60.901 0.0000000000
119424  10.242  -53.726  63.149 0.0000000000
119400  7.889  -54.893  64.975 0.0000000000
37654  1.836  -46.197  63.804 0.0000000000
36655  1.505  -47.424  59.737 0.0000000000
38670  2.003  -45.114  62.087 0.0000000000
40669  2.671  -43.340  60.712 0.0000000000
42635  3.113  -41.126  59.794 0.0000000000
37663  13.013  -46.419  62.755 0.0000000000
31228  18.745  -52.095  58.268 0.0000000000
33435  19.980  -50.035  59.443 0.0000000000
34519  16.803  -49.196  61.082 0.0000000000
36624  15.458  -47.884  61.888 0.0000000000
29007  1.575  -54.987  57.560 0.0000000000
30151  1.599  -53.861  56.548 0.0000000000
31237  2.426  -52.697  58.606 0.0000000000
32338  4.510  -51.334  60.679 0.0000000000
34511  3.321  -49.658  62.470 0.0000000000
32293  4.522  -50.812  65.422 0.0000000000
33399  2.941  -49.733  65.114 0.0000000000
34503  2.079  -48.491  64.259 0.0000000000
37633  1.970  -46.085  65.984 0.0000000000
31306  2.216  -52.303  54.914 0.0000000000
33508  2.961  -50.855  53.827 0.0000000000
34646  4.816  -49.755  51.430 0.0000000000
35625  2.825  -48.438  57.015 0.0000000000
36715  5.805  -47.567  53.320 0.0000000000
36771  4.467  -48.085  49.564 0.0000000000
38817  4.332  -45.740  48.746 0.0000000000
39817  3.560  -44.585  47.854 0.0000000000
45529  2.669  -37.769  61.962 0.0000000000
44566  2.388  -39.536  58.974 0.0000000000
46575  2.224  -37.620  58.610 0.0000000000
44604  2.263  -40.248  55.534 0.0000000000
43644  2.724  -40.687  52.438 0.0000000000
35536  11.756  -48.741  66.150 0.0000000000
35537  10.659  -48.817  65.787 0.0000000000
36598  11.479  -47.394  65.403 0.0000000000
35560  13.283  -48.422  64.418 0.0000000000
33387  13.268  -50.039  64.535 0.0000000000
34482  12.450  -49.333  65.576 0.0000000000
33384  11.428  -50.430  66.135 0.0000000000
33597  2.899  -51.039  48.802 0.0000000000
34670  3.278  -49.941  48.959 0.0000000000
28908  3.781  -54.163  63.492 0.0000000000
30076  3.601  -53.293  63.001 0.0000000000
30069  4.491  -53.354  64.514 0.0000000000
31257  16.261  -52.563  57.750 0.0000000000
27839  4.750  -55.221  64.299 0.0000000000
26737  4.740  -56.005  62.677 0.0000000000
27846  4.422  -55.475  63.264 0.0000000000
27858  3.524  -55.104  62.249 0.0000000000
34538  4.183  -49.462  60.242 0.0000000000
34544  4.383  -49.391  59.367 0.0000000000
34545  3.595  -49.307  59.628 0.0000000000
40716  2.070  -43.404  56.595 0.0000000000
39738  1.772  -44.347  56.280 0.0000000000
40720  1.875  -43.418  55.651 0.0000000000
40729  1.990  -43.454  53.564 0.0000000000
41691  1.944  -42.467  55.051 0.0000000000
30056  7.807  -53.575  66.776 0.0000000000
30052  6.842  -52.822  67.301 0.0000000000
31157  8.156  -52.457  67.635 0.0000000000
35512  7.950  -49.102  66.577 0.0000000000
36573  6.781  -47.655  66.575 0.0000000000
32320  15.712  -50.810  61.535 0.0000000000
32335  15.653  -51.443  60.745 0.0000000000
32321  14.911  -51.505  61.489 0.0000000000
32295  12.835  -51.623  63.900 0.0000000000
31180  12.967  -52.253  62.053 0.0000000000
31176  11.781  -52.705  62.536 0.0000000000
31172  10.715  -53.396  63.243 0.0000000000
31155  9.861  -52.356  66.758 0.0000000000
31163  10.278  -53.043  65.700 0.0000000000
31164  9.279  -53.371  66.243 0.0000000000
27829  7.468  -54.439  65.721 0.0000000000
38645  1.860  -45.226  64.489 0.0000000000
37664  1.671  -46.205  62.674 0.0000000000
39650  1.886  -44.238  64.012 0.0000000000
42591  2.684  -41.082  63.388 0.0000000000
41617  2.531  -42.357  62.806 0.0000000000
41623  2.956  -42.145  62.125 0.0000000000
41643  2.903  -42.029  60.058 0.0000000000
43529  3.393  -40.367  60.841 0.0000000000
33438  17.126  -50.146  60.263 0.0000000000
28988  1.837  -54.764  58.220 0.0000000000
30130  2.142  -54.032  58.425 0.0000000000
30118  2.373  -53.712  59.646 0.0000000000
31183  4.162  -51.900  62.403 0.0000000000
32325  3.994  -51.876  61.355 0.0000000000
32312  4.356  -51.279  62.219 0.0000000000
33430  4.456  -50.364  61.721 0.0000000000
33420  4.313  -50.659  62.509 0.0000000000
31160  5.566  -51.925  66.878 0.0000000000
32292  4.698  -51.766  65.510 0.0000000000
32283  5.065  -50.774  66.632 0.0000000000
35528  3.093  -48.277  67.465 0.0000000000
33390  3.192  -49.632  66.100 0.0000000000
34483  2.565  -48.930  65.888 0.0000000000
34502  2.532  -49.267  64.149 0.0000000000
35551  2.200  -47.987  65.635 0.0000000000
36608  1.928  -47.180  64.903 0.0000000000
36590  1.986  -46.750  66.426 0.0000000000
31233  13.608  -52.321  58.513 0.0000000000
31259  14.343  -52.368  57.728 0.0000000000
119403  8.286  -55.310  62.037 0.0000000000
27872  7.601  -55.564  59.928 0.0000000000
27866  6.716  -56.041  61.291 0.0000000000
26762  4.652  -56.651  60.134 0.0000000000
26761  5.510  -56.648  59.667 0.0000000000
27873  2.664  -55.296  60.076 0.0000000000
27880  2.069  -55.351  58.872 0.0000000000
32374  2.478  -51.690  57.256 0.0000000000
32402  2.062  -52.373  55.907 0.0000000000
33461  2.932  -50.950  56.522 0.0000000000
34578  5.474  -49.782  56.056 0.0000000000
33489  3.820  -50.758  55.183 0.0000000000
34594  4.740  -50.323  54.118 0.0000000000
33547  3.794  -50.836  52.754 0.0000000000
34607  5.302  -49.638  53.594 0.0000000000
36664  1.526  -47.294  58.507 0.0000000000
35614  2.111  -48.144  57.948 0.0000000000
36675  1.549  -47.257  57.333 0.0000000000
37755  3.317  -46.574  52.825 0.0000000000
36707  3.767  -47.443  54.381 0.0000000000
37764  5.134  -46.676  52.316 0.0000000000
36749  6.111  -47.328  51.327 0.0000000000
37792  5.286  -46.443  50.421 0.0000000000
36783  4.629  -47.233  49.413 0.0000000000
38802  4.828  -45.694  50.511 0.0000000000
40752  3.082  -43.440  50.282 0.0000000000
40751  3.661  -43.728  49.362 0.0000000000
40767  3.384  -43.172  48.913 0.0000000000
46545  2.344  -37.034  61.560 0.0000000000
44545  2.519  -38.653  60.579 0.0000000000
46565  2.115  -37.374  59.598 0.0000000000
46602  3.861  -37.962  56.778 0.0000000000
46603  3.079  -38.152  56.954 0.0000000000
45582  2.764  -39.456  56.841 0.0000000000
45597  2.620  -39.635  55.716 0.0000000000
43619  2.064  -40.547  54.140 0.0000000000
44629  2.471  -39.362  53.853 0.0000000000
32279  10.127  -51.384  66.984 0.0000000000
32273  9.000  -50.898  67.827 0.0000000000
34466  9.472  -49.964  66.397 0.0000000000
34501  14.758  -49.347  63.279 0.0000000000
32299  14.417  -50.688  62.883 0.0000000000
33396  13.628  -50.281  63.923 0.0000000000
33397  13.139  -50.803  64.379 0.0000000000
32296  12.107  -52.175  64.312 0.0000000000
31167  11.451  -52.548  64.685 0.0000000000
32291  11.844  -51.867  65.228 0.0000000000
32278  10.733  -50.992  66.463 0.0000000000
41571  2.468  -42.937  66.194 0.0000000000
41596  2.161  -42.741  64.979 0.0000000000
42551  2.513  -41.639  65.482 0.0000000000
43491  2.589  -40.421  65.017 0.0000000000
44525  2.830  -39.400  64.489 0.0000000000
28936  2.622  -54.470  60.586 0.0000000000
30093  2.609  -53.649  60.954 0.0000000000
30085  2.801  -53.589  61.683 0.0000000000
31179  4.162  -52.254  63.060 0.0000000000
34462  5.542  -49.088  67.031 0.0000000000
34468  4.745  -49.243  66.829 0.0000000000
35516  4.961  -48.282  67.363 0.0000000000
35518  3.454  -47.766  67.787 0.0000000000
36561  3.039  -47.268  67.903 0.0000000000
37606  2.454  -46.075  67.615 0.0000000000
27844  6.638  -55.703  63.545 0.0000000000
27855  6.395  -56.029  62.475 0.0000000000
27856  5.470  -56.168  62.418 0.0000000000
26745  4.937  -56.287  61.824 0.0000000000
26754  4.371  -56.310  61.103 0.0000000000
25653  3.312  -56.675  60.065 0.0000000000
26756  3.215  -55.711  61.103 0.0000000000
27868  2.940  -55.203  61.007 0.0000000000
33445  4.503  -51.108  59.298 0.0000000000
33460  3.717  -50.853  57.305 0.0000000000
33459  4.818  -50.426  57.777 0.0000000000
34564  5.391  -49.614  57.119 0.0000000000
35634  5.269  -48.650  56.656 0.0000000000
38714  1.661  -45.009  57.758 0.0000000000
37711  1.319  -46.205  56.680 0.0000000000
38735  1.507  -45.303  55.977 0.0000000000
38742  1.661  -45.395  54.961 0.0000000000
38767  2.389  -45.846  53.107 0.0000000000
38795  3.412  -45.303  51.478 0.0000000000
39768  2.285  -44.546  52.176 0.0000000000
40735  2.224  -43.498  52.480 0.0000000000
41714  2.514  -42.565  51.695 0.0000000000
46623  4.074  -38.315  55.961 0.0000000000
45624  2.915  -38.900  53.629 0.0000000000
45608  4.333  -38.566  54.149 0.0000000000
28899  5.576  -54.408  65.389 0.0000000000
28891  5.225  -53.827  65.487 0.0000000000
30059  5.724  -53.076  66.528 0.0000000000
31159  6.438  -51.844  67.394 0.0000000000
32276  6.497  -50.816  67.531 0.0000000000
33373  8.380  -50.383  67.435 0.0000000000
33375  6.823  -50.192  67.354 0.0000000000
34461  6.269  -49.409  66.952 0.0000000000
35515  5.690  -48.490  66.987 0.0000000000
31209  16.991  -51.798  59.130 0.0000000000
31231  15.579  -52.312  58.654 0.0000000000
32350  15.398  -51.741  60.085 0.0000000000
32310  14.105  -51.545  62.105 0.0000000000
31187  13.159  -52.308  61.234 0.0000000000
31196  13.014  -52.400  60.240 0.0000000000
119404  9.862  -54.136  62.099 0.0000000000
119408  8.778  -54.795  63.347 0.0000000000
31168  10.745  -53.205  64.620 0.0000000000
119422  9.447  -54.323  64.195 0.0000000000
119401  7.968  -55.378  63.429 0.0000000000
27837  6.930  -55.328  64.542 0.0000000000
27831  6.135  -55.028  65.174 0.0000000000
35580  1.768  -48.076  62.747 0.0000000000
35598  1.963  -48.649  60.503 0.0000000000
36636  1.552  -47.251  62.126 0.0000000000
37675  1.565  -46.274  61.498 0.0000000000
38680  1.825  -45.272  60.835 0.0000000000
40649  1.987  -43.196  63.510 0.0000000000
39680  2.241  -44.291  61.256 0.0000000000
39691  2.154  -44.307  60.193 0.0000000000
40681  2.730  -43.369  59.552 0.0000000000
41658  2.917  -42.354  58.781 0.0000000000
42658  2.791  -41.404  58.066 0.0000000000
36607  12.716  -47.394  64.369 0.0000000000
31229  17.688  -52.213  58.394 0.0000000000
32344  20.944  -51.448  59.572 0.0000000000
33434  20.544  -50.080  60.266 0.0000000000
32345  20.454  -51.101  59.142 0.0000000000
32346  19.649  -50.929  59.082 0.0000000000
31208  18.055  -51.596  58.892 0.0000000000
33428  16.709  -50.078  61.005 0.0000000000
33417  16.228  -49.711  61.563 0.0000000000
34520  16.270  -48.889  61.491 0.0000000000
34500  15.216  -49.116  62.759 0.0000000000
35579  14.727  -48.012  62.879 0.0000000000
36615  13.820  -47.487  63.343 0.0000000000
31238  2.149  -53.275  58.052 0.0000000000
32359  2.599  -51.885  58.300 0.0000000000
31199  2.673  -52.802  60.515 0.0000000000
32340  2.841  -52.165  59.897 0.0000000000
32352  4.357  -51.422  59.954 0.0000000000
33439  4.837  -50.524  60.834 0.0000000000
34521  4.241  -49.778  61.420 0.0000000000
34523  2.838  -49.358  62.078 0.0000000000
31169  4.853  -52.544  65.455 0.0000000000
32297  4.594  -52.105  65.131 0.0000000000
32298  4.428  -51.477  64.643 0.0000000000
33385  4.040  -49.627  66.304 0.0000000000
33389  3.974  -49.943  65.595 0.0000000000
33409  4.085  -50.491  63.789 0.0000000000
33422  3.509  -50.023  63.454 0.0000000000
34512  2.891  -49.562  63.097 0.0000000000
34524  2.136  -48.926  62.418 0.0000000000
36617  1.865  -47.093  64.189 0.0000000000
37644  1.864  -46.300  64.955 0.0000000000
39634  2.197  -44.344  66.076 0.0000000000
38614  2.427  -45.181  67.128 0.0000000000
39626  2.465  -44.403  66.734 0.0000000000
40616  2.499  -43.533  66.508 0.0000000000
119425  8.216  -55.224  59.002 0.0000000000
26752  6.245  -56.280  60.375 0.0000000000
33477  2.941  -50.919  55.614 0.0000000000
32443  2.641  -51.392  54.239 0.0000000000
34648  4.131  -50.393  50.357 0.0000000000
35606  2.065  -48.378  59.123 0.0000000000
35624  4.317  -48.683  57.553 0.0000000000
35643  5.541  -48.371  55.484 0.0000000000
36698  2.629  -47.464  55.196 0.0000000000
36696  4.274  -47.739  55.056 0.0000000000
35673  6.031  -48.269  53.797 0.0000000000
35690  6.198  -48.424  52.899 0.0000000000
35711  4.643  -49.522  50.543 0.0000000000
35729  4.257  -49.301  49.745 0.0000000000
36772  4.100  -48.424  49.085 0.0000000000
39795  4.390  -44.722  49.684 0.0000000000
39809  4.101  -44.605  48.837 0.0000000000
45520  3.165  -38.443  63.921 0.0000000000
46538  3.139  -37.516  63.409 0.0000000000
44539  3.164  -39.329  62.380 0.0000000000
44555  3.021  -39.735  60.382 0.0000000000
43555  2.757  -40.385  59.214 0.0000000000
43579  2.601  -40.612  57.623 0.0000000000
45561  2.164  -38.781  58.380 0.0000000000
44586  2.650  -39.970  57.254 0.0000000000
43596  2.266  -40.853  55.908 0.0000000000
42688  2.009  -41.498  54.502 0.0000000000
42696  2.372  -41.334  53.338 0.0000000000
42707  2.663  -41.604  52.075 0.0000000000
43655  2.991  -40.832  51.282 0.0000000000
36585  12.034  -48.004  65.903 0.0000000000
36586  11.198  -47.851  65.814 0.0000000000
35561  12.682  -47.906  64.899 0.0000000000
35549  12.867  -48.866  65.118 0.0000000000
35550  12.450  -48.396  65.344 0.0000000000
34471  11.839  -49.631  66.181 0.0000000000
34671  2.936  -50.395  48.725 0.0000000000
28907  4.207  -54.231  64.235 0.0000000000
31256  17.294  -52.521  57.651 0.0000000000
27847  3.784  -54.930  63.101 0.0000000000
34533  2.931  -49.234  61.100 0.0000000000
34539  3.323  -49.342  60.328 0.0000000000
35597  2.683  -49.171  60.390 0.0000000000
41680  2.311  -42.475  56.906 0.0000000000
30050  8.398  -53.261  66.964 0.0000000000
32308  15.314  -50.535  62.077 0.0000000000
31170  12.322  -52.316  63.309 0.0000000000
42602  2.912  -41.514  62.662 0.0000000000
42612  3.303  -41.402  61.551 0.0000000000
43522  3.351  -40.367  61.962 0.0000000000
28972  2.078  -54.546  58.844 0.0000000000
30107  2.355  -54.120  59.665 0.0000000000
31178  4.256  -51.694  62.638 0.0000000000
32313  4.152  -51.743  61.926 0.0000000000
33408  4.280  -50.784  63.127 0.0000000000
32282  5.887  -50.949  67.202 0.0000000000
35539  2.384  -48.083  66.642 0.0000000000
34474  2.872  -49.140  66.778 0.0000000000
36599  2.092  -47.435  66.220 0.0000000000
26771  4.196  -56.997  59.691 0.0000000000
27874  2.309  -55.080  59.548 0.0000000000
34593  5.305  -49.821  54.881 0.0000000000
34592  5.905  -49.031  54.356 0.0000000000
37691  1.455  -46.261  59.115 0.0000000000
37754  4.513  -46.916  52.894 0.0000000000
37765  4.249  -46.339  52.146 0.0000000000
37774  4.955  -46.209  51.370 0.0000000000
38793  4.486  -45.500  51.076 0.0000000000
41734  3.042  -42.490  49.369 0.0000000000
47523  2.388  -36.271  61.501 0.0000000000
47530  2.227  -36.370  60.854 0.0000000000
46554  2.169  -37.220  60.557 0.0000000000
45580  3.362  -38.568  56.171 0.0000000000
45581  2.931  -38.963  56.441 0.0000000000
45611  2.433  -39.340  54.989 0.0000000000
45610  2.736  -38.932  54.554 0.0000000000
33379  10.055  -50.546  66.736 0.0000000000
34465  10.233  -50.049  66.205 0.0000000000
37615  10.450  -47.226  65.757 0.0000000000
34491  14.107  -49.178  63.641 0.0000000000
33395  14.094  -49.809  63.481 0.0000000000
32290  12.497  -51.313  64.816 0.0000000000
32285  12.125  -50.965  65.675 0.0000000000
41587  2.589  -42.286  66.106 0.0000000000
43477  2.864  -40.491  65.900 0.0000000000
44514  2.976  -39.427  65.433 0.0000000000
28923  2.784  -54.363  61.365 0.0000000000
31174  4.337  -52.402  64.078 0.0000000000
36559  4.432  -47.280  67.622 0.0000000000
36560  3.712  -47.184  67.991 0.0000000000
37590  3.171  -46.131  68.217 0.0000000000
27845  5.450  -55.867  63.367 0.0000000000
26738  4.359  -55.664  62.667 0.0000000000
26755  3.594  -56.004  61.264 0.0000000000
26747  3.644  -55.621  61.803 0.0000000000
27859  3.082  -54.898  61.682 0.0000000000
33444  4.989  -50.680  59.843 0.0000000000
33449  4.908  -50.494  58.786 0.0000000000
34543  5.092  -49.766  59.070 0.0000000000
35611  5.120  -49.429  58.405 0.0000000000
35623  5.230  -49.094  57.824 0.0000000000
39716  2.043  -44.289  58.114 0.0000000000
38728  1.537  -45.207  56.960 0.0000000000
39745  1.674  -44.391  55.290 0.0000000000
38754  2.032  -45.483  53.890 0.0000000000
38768  2.155  -45.124  52.996 0.0000000000
38782  2.364  -45.245  52.593 0.0000000000
39757  1.975  -44.434  53.213 0.0000000000
40742  2.477  -43.478  51.393 0.0000000000
41706  2.346  -42.486  52.861 0.0000000000
46601  4.680  -37.739  56.516 0.0000000000
46622  4.897  -38.181  55.744 0.0000000000
45594  4.213  -38.481  55.069 0.0000000000
45593  5.065  -38.437  54.858 0.0000000000
28898  6.220  -54.428  65.769 0.0000000000
28890  5.619  -53.893  66.005 0.0000000000
31158  7.297  -52.238  67.640 0.0000000000
30053  6.071  -52.654  67.085 0.0000000000
32281  6.338  -51.248  67.478 0.0000000000
31154  6.553  -51.350  67.601 0.0000000000
33372  8.943  -50.615  67.095 0.0000000000
34459  7.794  -49.826  66.957 0.0000000000
34460  7.041  -49.685  66.997 0.0000000000
31210  15.954  -51.963  59.365 0.0000000000
32336  14.736  -51.843  60.569 0.0000000000
31194  14.517  -51.998  60.287 0.0000000000
32300  14.042  -51.109  62.862 0.0000000000
30092  11.435  -52.951  60.867 0.0000000000
119416  8.984  -54.726  62.739 0.0000000000
119407  9.066  -54.619  63.435 0.0000000000
28897  6.876  -54.295  66.025 0.0000000000
27830  6.925  -54.760  65.387 0.0000000000
27832  5.370  -55.006  64.972 0.0000000000
36627  1.717  -47.135  63.200 0.0000000000
37684  1.441  -46.321  60.307 0.0000000000
41603  2.025  -42.588  64.262 0.0000000000
41624  2.643  -42.828  61.929 0.0000000000
40661  2.431  -43.504  61.643 0.0000000000
39702  2.121  -44.324  59.109 0.0000000000
41644  2.893  -42.511  59.570 0.0000000000
41657  2.980  -41.929  59.369 0.0000000000
41669  2.658  -42.443  57.759 0.0000000000
42647  2.982  -41.236  58.920 0.0000000000
37651  13.300  -46.907  63.226 0.0000000000
37652  12.637  -46.678  63.630 0.0000000000
31227  19.754  -52.052  58.241 0.0000000000
31254  19.460  -52.378  57.485 0.0000000000
32330  20.578  -50.790  59.801 0.0000000000
32331  20.157  -50.634  59.244 0.0000000000
33442  19.818  -50.490  59.194 0.0000000000
32347  18.489  -50.777  59.233 0.0000000000
32348  17.321  -51.161  59.585 0.0000000000
33427  17.296  -49.567  60.383 0.0000000000
33429  16.140  -50.275  61.494 0.0000000000
36634  15.985  -47.739  61.179 0.0000000000
35587  15.842  -48.429  61.661 0.0000000000
34510  15.693  -49.224  62.005 0.0000000000
35578  15.145  -48.428  62.534 0.0000000000
37662  13.789  -46.842  62.596 0.0000000000
36626  14.248  -47.339  62.710 0.0000000000
36616  13.181  -47.213  63.725 0.0000000000
27897  1.350  -55.644  56.323 0.0000000000
29026  1.355  -54.809  56.870 0.0000000000
31217  2.361  -53.416  58.758 0.0000000000
31264  2.233  -52.470  57.891 0.0000000000
32354  2.661  -52.010  59.135 0.0000000000
31191  2.810  -52.934  61.258 0.0000000000
31198  3.088  -52.547  60.925 0.0000000000
32339  3.552  -51.998  60.533 0.0000000000
32353  3.614  -51.597  59.444 0.0000000000
33431  4.130  -50.176  62.241 0.0000000000
34522  3.723  -49.727  61.870 0.0000000000
30060  5.242  -53.169  65.820 0.0000000000
30064  4.885  -53.301  65.180 0.0000000000
32288  4.846  -51.286  66.078 0.0000000000
34464  4.310  -48.815  67.086 0.0000000000
33382  4.766  -49.713  66.539 0.0000000000
34469  4.051  -49.173  66.808 0.0000000000
33398  4.043  -50.233  64.737 0.0000000000
33410  3.240  -50.003  64.065 0.0000000000
34513  2.147  -48.749  63.389 0.0000000000
35572  1.816  -47.925  63.732 0.0000000000
38633  1.995  -45.225  65.544 0.0000000000
38623  2.272  -45.211  66.382 0.0000000000
31258  15.279  -52.516  57.794 0.0000000000
27886  1.814  -55.587  57.922 0.0000000000
27892  1.396  -55.683  57.184 0.0000000000
32423  2.164  -52.135  55.445 0.0000000000
31307  2.059  -52.840  55.333 0.0000000000
31318  2.194  -52.776  54.633 0.0000000000
33476  3.852  -50.756  56.169 0.0000000000
33507  3.848  -50.741  54.170 0.0000000000
33490  2.991  -50.894  54.689 0.0000000000
32457  2.756  -51.522  53.507 0.0000000000
33529  3.069  -50.913  52.954 0.0000000000
34628  4.212  -50.368  52.017 0.0000000000
33548  3.765  -51.159  52.048 0.0000000000
34629  4.142  -50.692  51.282 0.0000000000
33558  3.918  -51.092  51.005 0.0000000000
34647  4.384  -50.189  50.949 0.0000000000
36646  1.378  -47.416  60.972 0.0000000000
35635  4.068  -48.315  56.447 0.0000000000
36699  1.989  -46.990  55.622 0.0000000000
36685  1.648  -47.063  56.357 0.0000000000
36716  5.031  -47.308  53.630 0.0000000000
36706  4.662  -47.503  54.400 0.0000000000
36705  5.528  -47.840  54.399 0.0000000000
35672  6.228  -47.925  53.124 0.0000000000
35727  5.580  -48.101  50.696 0.0000000000
35710  5.267  -48.973  51.019 0.0000000000
35728  4.825  -48.583  50.241 0.0000000000
35740  3.712  -49.107  49.000 0.0000000000
37809  4.507  -46.562  49.067 0.0000000000
37822  3.601  -47.093  48.097 0.0000000000
39781  3.086  -44.699  51.220 0.0000000000
38804  3.688  -44.846  51.001 0.0000000000
39796  3.756  -44.232  50.306 0.0000000000
40766  3.551  -43.887  48.439 0.0000000000
47513  3.022  -36.736  62.968 0.0000000000
46539  2.737  -37.263  62.489 0.0000000000
45528  3.012  -38.272  62.792 0.0000000000
45533  2.916  -38.474  61.850 0.0000000000
44544  2.977  -39.229  61.103 0.0000000000
44556  2.575  -39.217  59.950 0.0000000000
43569  2.645  -40.427  58.460 0.0000000000
44576  2.405  -39.701  58.051 0.0000000000
46574  2.603  -37.170  58.273 0.0000000000
47548  2.541  -36.721  58.605 0.0000000000
45570  2.373  -39.115  57.633 0.0000000000
44594  2.612  -40.204  56.300 0.0000000000
43588  2.471  -40.807  56.777 0.0000000000
43607  1.986  -40.740  55.073 0.0000000000
43631  2.456  -40.194  53.279 0.0000000000
34472  10.958  -49.630  66.100 0.0000000000
37614  11.086  -47.214  65.450 0.0000000000
34492  13.624  -49.425  64.138 0.0000000000
34481  13.134  -49.386  64.923 0.0000000000
33383  12.167  -50.126  65.831 0.0000000000
34684  2.781  -50.350  48.260 0.0000000000
34683  2.930  -49.650  48.317 0.0000000000
28913  3.316  -54.235  62.812 0.0000000000
27857  4.042  -55.416  62.689 0.0000000000
40706  2.372  -43.420  57.477 0.0000000000
40724  1.836  -43.433  54.628 0.0000000000
28888  6.962  -53.893  66.540 0.0000000000
30058  6.479  -53.382  66.899 0.0000000000
30057  7.211  -53.508  66.983 0.0000000000
31152  7.752  -51.637  68.032 0.0000000000
35511  8.461  -49.254  66.280 0.0000000000
36555  7.534  -48.649  66.738 0.0000000000
36556  7.025  -48.335  66.837 0.0000000000
32301  13.244  -51.821  62.793 0.0000000000
31175  12.543  -52.379  62.524 0.0000000000
31181  12.341  -52.527  61.809 0.0000000000
32287  10.644  -51.957  66.320 0.0000000000
30055  8.218  -54.135  66.050 0.0000000000
28887  7.527  -53.856  66.511 0.0000000000
38659  1.861  -45.203  63.338 0.0000000000
39658  2.027  -44.203  62.925 0.0000000000
42580  2.420  -41.278  63.871 0.0000000000
41609  2.161  -42.336  63.590 0.0000000000
42603  2.656  -41.901  62.954 0.0000000000
41616  2.836  -42.036  62.560 0.0000000000
41632  2.940  -42.377  61.090 0.0000000000
40668  2.858  -42.656  60.479 0.0000000000
42624  3.283  -41.317  60.496 0.0000000000
32333  17.544  -50.491  59.785 0.0000000000
34518  17.429  -48.981  60.449 0.0000000000
36625  14.848  -47.573  62.353 0.0000000000
31216  2.385  -53.033  59.519 0.0000000000
31184  3.713  -52.498  62.164 0.0000000000
31190  3.388  -52.489  61.341 0.0000000000
32324  4.483  -51.199  61.466 0.0000000000
33421  3.813  -50.107  62.827 0.0000000000
31166  5.166  -52.258  66.200 0.0000000000
31161  5.135  -51.594  66.478 0.0000000000
32289  4.634  -50.362  66.025 0.0000000000
34470  3.411  -49.022  67.104 0.0000000000
34473  3.516  -49.317  66.728 0.0000000000
34493  2.318  -48.704  64.969 0.0000000000
35562  2.091  -48.090  65.010 0.0000000000
35563  1.937  -47.826  64.577 0.0000000000
35552  2.015  -47.632  65.150 0.0000000000
36600  1.919  -47.065  65.623 0.0000000000
37620  2.230  -45.997  66.769 0.0000000000
119402  8.991  -54.913  61.102 0.0000000000
26753  5.258  -56.445  60.804 0.0000000000
27879  2.430  -55.614  59.424 0.0000000000
31265  1.914  -52.926  57.159 0.0000000000
31291  1.908  -53.010  56.179 0.0000000000
32375  2.046  -52.294  56.517 0.0000000000
32401  2.361  -51.666  56.045 0.0000000000
33488  4.718  -50.418  55.639 0.0000000000
33506  4.547  -50.512  54.797 0.0000000000
33528  3.560  -50.811  53.392 0.0000000000
34608  4.377  -50.465  53.200 0.0000000000
34627  4.968  -49.789  52.444 0.0000000000
35626  2.029  -47.960  57.257 0.0000000000
36674  1.998  -47.717  56.809 0.0000000000
37741  2.540  -46.636  53.863 0.0000000000
36708  2.930  -47.377  54.396 0.0000000000
36718  3.259  -47.182  53.752 0.0000000000
36717  4.087  -47.178  53.643 0.0000000000
37753  5.351  -47.124  52.938 0.0000000000
36732  6.218  -47.473  52.448 0.0000000000
37773  5.835  -46.793  51.847 0.0000000000
37791  5.714  -46.675  51.078 0.0000000000
36770  5.019  -47.454  50.071 0.0000000000
38815  5.001  -45.975  50.022 0.0000000000
38816  4.755  -45.547  49.600 0.0000000000
39797  3.068  -44.148  50.757 0.0000000000
47514  2.627  -36.512  62.140 0.0000000000
45534  2.457  -38.065  61.126 0.0000000000
45543  2.294  -38.156  60.167 0.0000000000
45554  2.137  -38.451  59.265 0.0000000000
46585  2.686  -37.690  57.785 0.0000000000
46586  2.267  -38.350  57.911 0.0000000000
46604  2.649  -38.630  57.314 0.0000000000
44617  2.046  -39.884  54.833 0.0000000000
44630  2.181  -39.813  53.981 0.0000000000
44642  2.416  -39.730  53.552 0.0000000000
32280  9.385  -51.623  67.400 0.0000000000
32272  9.480  -50.934  67.182 0.0000000000
33371  9.401  -50.537  66.822 0.0000000000
34457  9.083  -50.338  66.727 0.0000000000
35523  10.102  -49.489  65.869 0.0000000000
34467  8.927  -49.478  66.211 0.0000000000
33405  15.236  -49.736  62.621 0.0000000000
33406  14.773  -50.264  63.060 0.0000000000
33407  14.031  -50.503  63.257 0.0000000000
32286  11.344  -51.437  65.946 0.0000000000
40629  2.231  -43.520  65.856 0.0000000000
40638  2.139  -43.331  65.271 0.0000000000
41588  2.346  -42.706  65.629 0.0000000000
42552  2.288  -42.295  65.248 0.0000000000
42569  2.202  -42.060  64.792 0.0000000000
42568  2.381  -41.279  64.557 0.0000000000
43503  2.594  -40.443  63.976 0.0000000000
44534  2.915  -39.368  63.453 0.0000000000
28954  2.391  -54.553  59.906 0.0000000000
30106  2.410  -53.758  60.138 0.0000000000
30084  3.099  -53.439  62.352 0.0000000000
32303  4.355  -51.458  63.599 0.0000000000
33377  5.470  -49.471  66.959 0.0000000000
33381  5.365  -49.949  66.933 0.0000000000
34463  4.932  -48.972  67.095 0.0000000000
35517  4.059  -48.190  67.522 0.0000000000
36575  2.486  -47.228  67.405 0.0000000000
37605  2.702  -46.711  67.882 0.0000000000
27854  7.112  -55.749  62.888 0.0000000000
26763  3.805  -56.543  60.324 0.0000000000
26764  3.113  -56.074  60.462 0.0000000000
27867  3.333  -55.431  61.535 0.0000000000
33450  4.058  -51.081  58.481 0.0000000000
34553  5.191  -49.788  58.187 0.0000000000
34563  5.738  -49.139  56.330 0.0000000000
35633  5.841  -48.707  56.068 0.0000000000
38700  1.641  -45.187  58.614 0.0000000000
37719  1.600  -46.246  55.710 0.0000000000
37730  2.128  -46.415  54.746 0.0000000000
37742  2.249  -46.134  54.078 0.0000000000
37766  3.517  -45.942  51.847 0.0000000000
37776  3.737  -45.572  51.541 0.0000000000
38781  2.733  -45.455  52.029 0.0000000000
39767  2.640  -44.739  51.659 0.0000000000
45595  3.409  -38.611  55.257 0.0000000000
45609  3.511  -38.640  54.341 0.0000000000
45607  5.136  -38.526  53.907 0.0000000000
28900  4.830  -54.254  64.976 0.0000000000
30054  5.709  -52.556  66.806 0.0000000000
32277  6.074  -50.538  67.263 0.0000000000
31151  8.672  -51.728  67.973 0.0000000000
32274  8.157  -50.879  68.070 0.0000000000
32275  7.276  -50.827  67.944 0.0000000000
33374  7.608  -50.257  67.565 0.0000000000
33376  6.023  -50.007  67.042 0.0000000000
36557  6.003  -47.718  66.795 0.0000000000
31230  16.630  -52.317  58.533 0.0000000000
31211  14.825  -52.019  59.752 0.0000000000
31212  13.801  -52.248  59.497 0.0000000000
31213  12.854  -52.399  59.265 0.0000000000
32309  14.880  -50.932  62.399 0.0000000000
32311  13.528  -52.019  61.809 0.0000000000
31186  13.720  -52.157  61.096 0.0000000000
30091  11.708  -52.735  60.828 0.0000000000
119399  8.507  -55.052  62.898 0.0000000000
30063  10.496  -53.524  63.784 0.0000000000
35588  1.690  -48.283  61.710 0.0000000000
38690  1.599  -45.238  59.701 0.0000000000
40644  1.976  -43.390  64.556 0.0000000000
40655  2.230  -43.354  62.478 0.0000000000
39668  2.188  -44.095  62.082 0.0000000000
40680  2.826  -42.797  60.074 0.0000000000
40695  2.630  -43.444  58.431 0.0000000000
42669  2.480  -41.547  57.232 0.0000000000
37627  12.140  -46.965  64.739 0.0000000000
37641  12.290  -46.783  64.235 0.0000000000
38653  12.135  -46.337  63.602 0.0000000000
31206  20.102  -51.484  58.652 0.0000000000
31207  19.120  -51.464  58.678 0.0000000000
33443  19.366  -50.409  59.188 0.0000000000
32334  16.599  -50.800  60.537 0.0000000000
32319  16.289  -50.515  61.163 0.0000000000
33418  15.668  -50.112  62.006 0.0000000000
35585  17.145  -48.693  60.654 0.0000000000
35586  16.705  -48.341  60.975 0.0000000000
34509  16.241  -49.262  61.546 0.0000000000
35569  14.968  -48.800  63.131 0.0000000000
35570  14.271  -48.434  63.395 0.0000000000
36614  14.419  -47.736  62.986 0.0000000000
35571  13.753  -47.970  63.854 0.0000000000
36606  13.400  -47.657  64.004 0.0000000000
30141  1.781  -54.099  57.545 0.0000000000
32358  3.180  -51.510  58.709 0.0000000000
34531  4.586  -49.806  60.944 0.0000000000
34532  3.873  -49.502  60.995 0.0000000000
31173  4.602  -52.545  64.835 0.0000000000
32284  4.731  -50.048  66.309 0.0000000000
36576  2.171  -46.664  67.033 0.0000000000
37628  11.537  -46.929  65.074 0.0000000000
31283  15.941  -52.508  56.962 0.0000000000
26760  6.415  -56.349  58.856 0.0000000000
30166  1.685  -53.719  55.575 0.0000000000
32422  2.458  -51.615  55.014 0.0000000000
31317  2.396  -52.225  54.124 0.0000000000
31330  2.697  -52.215  53.200 0.0000000000
33590  3.493  -50.526  49.453 0.0000000000
35605  2.731  -49.150  59.704 0.0000000000
35613  3.305  -49.015  58.549 0.0000000000
36684  2.299  -47.678  56.143 0.0000000000
35636  3.091  -48.162  55.911 0.0000000000
36697  3.425  -47.719  54.978 0.0000000000
35646  3.213  -47.930  55.379 0.0000000000
35645  3.823  -48.007  55.597 0.0000000000
35644  4.750  -48.078  55.770 0.0000000000
35658  5.932  -48.455  54.755 0.0000000000
34606  5.897  -48.888  53.473 0.0000000000
34626  5.755  -49.117  52.647 0.0000000000
34645  5.463  -49.273  51.811 0.0000000000
35709  6.172  -48.307  51.721 0.0000000000
35712  4.366  -49.942  50.302 0.0000000000
34656  3.787  -50.068  49.536 0.0000000000
35752  3.269  -48.878  48.431 0.0000000000
38794  3.956  -45.292  51.221 0.0000000000
38803  4.292  -45.028  50.518 0.0000000000
39808  4.410  -45.095  49.151 0.0000000000
38831  3.830  -45.924  48.028 0.0000000000
45511  3.330  -38.526  64.881 0.0000000000
43541  3.006  -40.300  59.896 0.0000000000
43542  2.617  -39.850  59.494 0.0000000000
43554  2.987  -40.653  59.533 0.0000000000
42675  2.225  -41.615  56.395 0.0000000000
42680  2.026  -41.591  55.499 0.0000000000
42717  2.791  -41.724  50.871 0.0000000000
44641  2.684  -39.604  53.113 0.0000000000
42730  2.864  -41.729  49.708 0.0000000000
28896  7.416  -54.144  66.185 0.0000000000
30051  7.634  -53.046  67.317 0.0000000000
30119  2.347  -53.948  59.195 0.0000000000
31189  11.678  -52.766  61.065 0.0000000000
32323  13.620  -52.129  61.353 0.0000000000
32337  14.288  -52.001  60.788 0.0000000000
32351  14.974  -51.845  60.137 0.0000000000
33386  3.373  -49.459  66.502 0.0000000000
34494  2.082  -48.286  64.714 0.0000000000
35525  8.782  -48.810  66.072 0.0000000000
35689  6.363  -47.913  52.548 0.0000000000
35708  6.376  -47.769  52.154 0.0000000000
35726  6.005  -47.767  51.033 0.0000000000
36695  5.044  -47.799  55.088 0.0000000000
36714  6.183  -47.610  52.868 0.0000000000
36733  5.982  -47.347  52.773 0.0000000000
36748  6.265  -47.427  51.942 0.0000000000
36769  5.724  -47.265  50.662 0.0000000000
37752  5.747  -47.264  52.895 0.0000000000
37762  6.045  -47.220  52.519 0.0000000000
37763  5.778  -47.032  52.531 0.0000000000
37772  6.093  -47.136  52.271 0.0000000000
37808  4.913  -46.520  49.678 0.0000000000
38753  2.295  -46.025  53.747 0.0000000000
40780  3.403  -43.980  48.038 0.0000000000
41633  2.662  -43.032  61.349 0.0000000000
42592  2.492  -41.766  63.341 0.0000000000
42636  3.025  -40.938  59.358 0.0000000000
42646  3.049  -41.465  59.500 0.0000000000
44616  2.308  -39.433  54.425 0.0000000000
