#!ascii label  , from subject 3405 vox2ras=TkReg
704
75011  15.243  -11.584  -7.429 0.2500000000
73994  15.634  -11.849  -7.996 0.2500000000
73993  16.319  -12.583  -8.502 0.7500000000
78042  15.105  -8.418  -7.554 0.2500000000
77015  15.094  -9.412  -7.248 0.1250000000
77021  15.516  -9.381  -8.029 0.3750000000
76010  15.521  -10.338  -7.856 0.2500000000
76002  15.071  -10.570  -7.228 0.2500000000
75023  15.922  -11.249  -8.382 0.7500000000
75024  15.473  -11.122  -7.788 0.3750000000
72938  17.259  -13.354  -8.985 0.8750000000
76009  15.918  -10.255  -8.516 0.3750000000
75045  16.358  -10.892  -8.795 0.8750000000
74012  18.177  -12.317  -9.649 1.0000000000
75044  16.934  -11.072  -9.159 1.0000000000
74014  16.537  -11.619  -8.832 0.8750000000
72960  17.803  -13.041  -9.434 1.0000000000
78051  15.537  -8.447  -8.244 0.2500000000
77020  15.972  -9.358  -8.705 0.7500000000
76030  16.444  -10.208  -9.063 0.8750000000
75042  18.662  -11.277  -9.978 1.0000000000
75043  17.661  -11.230  -9.750 1.0000000000
76028  17.732  -10.474  -9.901 1.0000000000
74011  19.200  -12.405  -9.495 1.0000000000
77036  17.300  -9.170  -9.652 1.0000000000
77037  16.582  -9.309  -9.242 0.8750000000
76029  17.201  -10.208  -9.507 1.0000000000
75041  19.652  -11.482  -9.709 1.0000000000
75066  18.083  -10.790  -10.111 1.0000000000
74009  21.368  -12.410  -8.803 1.0000000000
74010  20.241  -12.397  -9.121 1.0000000000
81695  16.071  -5.319  -8.883 0.2500000000
78979  15.081  -7.612  -7.814 0.2500000000
78992  15.630  -7.409  -8.404 0.3750000000
78050  16.111  -8.448  -8.823 0.5000000000
78066  16.690  -8.368  -9.323 1.0000000000
78991  16.266  -7.740  -8.951 0.6250000000
77052  18.325  -9.424  -10.208 1.0000000000
77053  17.847  -9.487  -9.971 1.0000000000
75040  20.685  -11.432  -9.293 1.0000000000
76027  19.264  -10.881  -10.051 1.0000000000
76048  19.316  -9.854  -10.257 1.0000000000
76025  21.021  -10.429  -9.351 1.0000000000
75039  22.124  -11.504  -8.948 1.0000000000
76024  22.110  -10.381  -9.258 1.0000000000
80773  17.009  -5.614  -9.795 0.5000000000
80774  16.323  -5.728  -9.239 0.3750000000
79910  16.160  -6.491  -9.078 0.3750000000
79011  16.103  -7.103  -8.864 0.5000000000
79909  16.728  -6.457  -9.620 0.5000000000
79021  17.630  -7.597  -10.279 0.8750000000
78065  17.205  -8.131  -9.776 1.0000000000
77051  18.936  -9.329  -10.351 1.0000000000
78074  18.394  -8.525  -10.366 1.0000000000
77035  20.381  -9.469  -9.926 1.0000000000
77050  19.587  -9.354  -10.267 1.0000000000
77033  22.268  -9.495  -9.401 1.0000000000
75038  22.917  -11.038  -9.271 0.8750000000
81708  17.320  -4.643  -10.195 0.5000000000
80786  17.662  -5.574  -10.450 0.6250000000
80785  18.339  -5.607  -10.909 0.6250000000
79924  18.010  -6.561  -10.674 1.0000000000
79022  17.066  -7.092  -9.912 0.7500000000
79020  18.556  -7.549  -10.665 1.0000000000
79007  21.647  -7.668  -9.480 1.0000000000
79008  20.888  -7.598  -9.789 1.0000000000
78072  19.909  -8.504  -10.362 1.0000000000
79019  19.404  -7.533  -10.670 1.0000000000
78063  21.476  -8.563  -9.463 1.0000000000
78064  20.641  -8.530  -9.863 1.0000000000
78062  22.422  -8.551  -9.366 0.8750000000
79934  19.916  -5.765  -10.955 1.0000000000
79935  19.376  -5.900  -11.075 1.0000000000
79908  21.144  -7.053  -9.713 1.0000000000
79921  20.576  -6.240  -10.179 1.0000000000
79920  21.483  -5.746  -9.679 1.0000000000
78061  23.374  -8.437  -9.406 1.0000000000
79907  21.616  -6.718  -9.554 1.0000000000
79006  22.512  -7.489  -9.325 1.0000000000
81707  18.050  -4.555  -10.968 0.8750000000
81706  18.526  -5.026  -11.187 1.0000000000
82701  20.150  -3.507  -11.548 1.0000000000
80796  19.479  -5.191  -11.345 1.0000000000
82686  21.458  -3.598  -10.036 1.0000000000
81704  21.168  -4.213  -10.121 1.0000000000
81693  22.645  -4.357  -9.441 1.0000000000
81703  21.875  -4.280  -10.029 1.0000000000
80782  21.510  -5.204  -9.950 1.0000000000
79906  22.542  -6.174  -9.379 1.0000000000
80781  22.287  -5.065  -9.493 1.0000000000
79005  23.516  -7.357  -9.271 0.8750000000
85685  18.588  -0.699  -11.569 1.0000000000
85686  17.799  -0.793  -11.205 0.3750000000
83666  19.876  -2.504  -11.638 1.0000000000
82687  20.876  -3.426  -10.621 1.0000000000
86646  18.171  0.139  -11.144 0.8750000000
86645  18.838  0.272  -11.319 1.0000000000
85684  19.389  -0.647  -11.524 1.0000000000
83655  20.230  -2.009  -11.407 1.0000000000
83653  21.459  -2.743  -10.106 1.0000000000
84666  21.032  -1.686  -10.415 1.0000000000
83643  22.388  -2.796  -9.525 1.0000000000
87583  18.183  1.212  -10.940 0.7500000000
86644  19.687  0.287  -11.138 1.0000000000
86643  20.180  -0.249  -10.982 1.0000000000
85673  21.419  -0.671  -10.055 1.0000000000
85674  20.496  -0.795  -10.676 1.0000000000
119945  17.324  6.079  -11.354 0.1250000000
119940  17.287  6.612  -11.463 0.1250000000
91931  17.746  6.552  -12.239 0.2500000000
91939  17.347  6.888  -13.794 0.2500000000
91930  18.407  6.645  -12.025 0.5000000000
92792  18.011  7.369  -13.745 0.2500000000
92786  18.337  7.547  -12.719 0.3750000000
119965  16.454  7.434  -13.541 0.2500000000
93598  17.099  7.697  -14.493 0.2500000000
94346  17.855  9.038  -13.546 0.2500000000
93584  18.326  8.516  -13.488 0.2500000000
93575  18.473  8.435  -12.693 0.3750000000
93591  17.541  8.168  -14.066 0.2500000000
93583  18.533  8.961  -12.874 0.3750000000
94334  18.492  9.149  -13.188 0.2500000000
75984  14.861  -11.207  -6.830 0.1250000000
77016  14.773  -9.865  -6.771 0.1250000000
72957  20.916  -13.359  -8.638 1.0000000000
80783  20.908  -5.045  -10.130 1.0000000000
74986  14.950  -11.735  -6.346 0.1250000000
73973  15.895  -12.869  -8.105 0.6250000000
72939  16.626  -13.816  -8.468 0.7500000000
71923  18.063  -14.270  -9.000 1.0000000000
76003  14.703  -10.463  -6.642 0.1250000000
72959  18.674  -13.509  -9.262 1.0000000000
72958  19.829  -13.386  -8.951 1.0000000000
72956  22.016  -13.365  -8.766 1.0000000000
78980  14.840  -6.981  -7.478 0.3750000000
80761  15.696  -5.805  -8.624 0.2500000000
79894  15.690  -6.550  -8.565 0.2500000000
75064  23.100  -11.621  -9.286 0.8750000000
77032  23.290  -9.518  -9.701 0.8750000000
76023  23.024  -10.407  -9.631 0.8750000000
84668  17.441  -1.259  -10.584 0.1250000000
81721  18.366  -3.996  -11.349 0.6250000000
80772  23.160  -5.298  -9.302 1.0000000000
84680  17.662  -1.960  -11.186 0.3750000000
84679  18.319  -1.703  -11.636 0.8750000000
82677  22.084  -3.538  -9.633 1.0000000000
84654  22.717  -2.322  -9.429 1.0000000000
88458  19.309  2.423  -11.058 1.0000000000
86637  19.903  0.759  -10.801 1.0000000000
119939  17.198  6.418  -10.602 0.1250000000
119954  17.383  5.194  -10.731 0.1250000000
90244  18.156  4.571  -11.541 0.6250000000
91085  18.337  5.768  -11.950 0.6250000000
119961  17.071  7.199  -12.866 0.2500000000
92785  18.538  7.376  -11.941 0.5000000000
119962  16.813  8.109  -12.728 0.2500000000
94347  17.184  8.736  -12.883 0.2500000000
92779  18.483  8.086  -12.096 0.5000000000
94337  17.225  9.246  -12.584 0.1250000000
95065  18.488  10.037  -12.802 0.2500000000
93574  18.675  9.035  -11.958 0.3750000000
95064  18.858  10.336  -12.625 0.2500000000
95084  17.681  9.575  -13.160 0.1250000000
74985  15.011  -12.081  -7.078 0.1250000000
73974  15.451  -12.668  -7.642 0.5000000000
73992  16.938  -12.727  -8.893 0.8750000000
72937  17.933  -13.578  -9.278 1.0000000000
74013  17.182  -12.256  -9.208 1.0000000000
76051  17.642  -9.913  -9.846 1.0000000000
75065  18.427  -10.639  -10.174 1.0000000000
76049  18.864  -10.268  -10.245 1.0000000000
79009  17.139  -7.546  -9.868 0.8750000000
78075  17.802  -8.723  -10.022 1.0000000000
76026  19.862  -10.417  -9.972 1.0000000000
79010  16.678  -7.362  -9.424 0.6250000000
79925  17.307  -6.484  -10.170 0.6250000000
79923  18.888  -6.472  -10.924 1.0000000000
78073  19.129  -8.481  -10.510 1.0000000000
77034  21.267  -9.478  -9.436 1.0000000000
79922  19.732  -6.584  -10.758 1.0000000000
79018  20.224  -7.518  -10.377 1.0000000000
80795  20.061  -5.068  -11.213 1.0000000000
80784  18.892  -5.469  -11.254 1.0000000000
79933  20.216  -5.522  -10.784 1.0000000000
81720  18.848  -4.466  -11.505 1.0000000000
81719  19.732  -4.363  -11.565 1.0000000000
82702  19.366  -3.484  -11.730 1.0000000000
81718  20.293  -4.331  -11.213 1.0000000000
82700  20.511  -3.198  -11.210 1.0000000000
82688  20.492  -3.722  -11.090 1.0000000000
81705  20.649  -4.263  -10.648 1.0000000000
84678  19.171  -1.594  -11.712 1.0000000000
83654  20.632  -2.494  -11.072 1.0000000000
83667  18.908  -2.565  -11.729 1.0000000000
85683  20.029  -0.737  -11.233 1.0000000000
84667  20.372  -1.548  -11.079 1.0000000000
84677  19.871  -1.504  -11.503 1.0000000000
84665  22.076  -1.823  -9.620 1.0000000000
86636  20.456  0.250  -10.599 1.0000000000
87581  19.550  1.296  -10.816 1.0000000000
87582  18.983  1.280  -10.995 1.0000000000
119947  17.244  5.762  -10.325 0.1250000000
119959  17.427  5.523  -11.078 0.1250000000
119951  17.235  4.978  -10.251 0.1250000000
119942  16.891  7.179  -11.937 0.2500000000
91087  17.406  4.966  -10.818 0.3750000000
91086  17.878  5.160  -11.470 0.5000000000
94335  18.291  9.457  -13.289 0.2500000000
94322  18.604  9.635  -12.716 0.2500000000
73945  15.063  -12.509  -7.231 0.2500000000
73925  15.197  -12.584  -6.229 0.1250000000
73946  14.952  -12.758  -6.886 0.1250000000
72922  15.968  -13.353  -8.095 0.6250000000
82689  17.540  -3.626  -10.679 0.6250000000
82704  18.029  -3.519  -11.220 0.7500000000
82703  18.596  -3.450  -11.564 0.8750000000
83668  18.145  -2.673  -11.490 0.8750000000
88448  19.752  1.856  -10.722 1.0000000000
87573  20.747  1.173  -10.180 1.0000000000
90243  18.442  5.025  -11.788 0.7500000000
90242  18.666  5.415  -11.921 0.7500000000
94321  19.522  10.057  -12.356 0.2500000000
68846  18.411  -17.497  -7.992 0.7500000000
67856  20.694  -18.461  -8.698 0.7500000000
68847  17.732  -16.986  -7.949 0.7500000000
68844  20.307  -17.776  -8.720 0.7500000000
68845  19.378  -17.687  -8.451 0.7500000000
69901  18.903  -16.788  -8.762 0.7500000000
69902  18.078  -16.648  -8.426 0.7500000000
68859  20.432  -17.042  -8.789 0.7500000000
69900  19.740  -17.132  -8.838 0.7500000000
71925  16.886  -14.634  -8.230 0.7500000000
69918  18.992  -15.924  -8.728 0.7500000000
70940  18.523  -15.222  -8.667 0.8750000000
70921  17.908  -14.975  -8.603 0.8750000000
69917  19.827  -16.277  -8.800 0.7500000000
70939  19.340  -15.279  -8.709 0.8750000000
71944  18.832  -14.518  -8.836 0.8750000000
69915  21.883  -16.011  -9.189 0.7500000000
70938  20.298  -15.345  -8.741 0.7500000000
71943  19.575  -14.385  -8.800 0.8750000000
70937  21.344  -15.312  -8.892 0.7500000000
71942  20.589  -14.361  -8.704 0.8750000000
71940  22.740  -14.190  -9.146 0.8750000000
71941  21.699  -14.350  -8.750 0.8750000000
74008  22.358  -12.587  -8.884 0.8750000000
72998  24.129  -13.710  -11.376 0.3750000000
74026  23.609  -12.940  -10.518 0.6250000000
74027  23.179  -12.454  -9.412 0.7500000000
74043  24.723  -12.721  -11.714 0.5000000000
74044  23.862  -12.414  -11.235 0.5000000000
75087  23.824  -11.715  -11.095 0.7500000000
75063  23.513  -11.572  -10.203 0.7500000000
75085  25.247  -11.893  -11.710 0.1250000000
75086  24.353  -11.814  -11.459 0.3750000000
75062  23.926  -11.114  -11.072 0.6250000000
76047  23.598  -10.452  -10.399 0.6250000000
75084  26.269  -11.962  -11.788 0.1250000000
76045  25.188  -10.435  -10.794 0.1250000000
76044  26.116  -10.379  -10.556 0.1250000000
77048  24.680  -9.756  -10.411 0.6250000000
77031  24.122  -9.195  -9.827 0.6250000000
75059  26.698  -11.325  -11.123 0.1250000000
76020  27.402  -10.107  -9.845 0.1250000000
77029  25.985  -9.271  -9.877 0.1250000000
77030  24.985  -9.049  -9.966 0.5000000000
78060  24.311  -8.318  -9.424 0.6250000000
75058  27.684  -11.341  -11.072 0.1250000000
78059  25.276  -8.307  -9.320 0.5000000000
79003  25.550  -7.344  -8.764 0.5000000000
79004  24.528  -7.349  -9.139 0.6250000000
87584  17.658  1.683  -10.842 0.6250000000
89369  17.274  2.668  -11.027 0.5000000000
88459  18.429  2.234  -11.191 0.7500000000
79904  24.712  -6.394  -8.930 0.6250000000
80771  24.096  -5.438  -9.132 0.6250000000
81692  23.513  -4.497  -9.242 0.8750000000
80769  25.528  -5.821  -8.344 0.5000000000
80770  24.907  -5.525  -8.726 0.6250000000
81691  24.329  -4.630  -8.980 0.6250000000
89368  17.769  2.922  -11.428 0.7500000000
85672  22.303  -1.083  -9.533 0.8750000000
82675  23.780  -3.719  -9.169 0.7500000000
84664  22.573  -1.507  -9.416 0.8750000000
85664  22.124  -0.390  -9.565 0.8750000000
80759  26.076  -5.510  -7.850 0.3750000000
80760  25.362  -5.245  -8.363 0.5000000000
82663  24.630  -3.864  -8.721 0.5000000000
83641  23.960  -2.903  -9.132 0.6250000000
81676  26.435  -4.320  -7.521 0.2500000000
81677  25.443  -4.564  -8.194 0.3750000000
89367  18.558  3.244  -11.558 0.7500000000
87572  21.361  0.839  -9.786 0.7500000000
86628  21.816  0.292  -9.616 0.8750000000
84652  24.036  -2.332  -8.965 0.6250000000
84653  23.212  -1.887  -9.240 0.7500000000
82662  25.355  -3.601  -8.077 0.3750000000
83627  25.221  -2.597  -7.950 0.5000000000
86626  23.188  -0.355  -8.840 0.7500000000
90236  17.897  3.899  -11.409 0.6250000000
88447  20.271  2.437  -10.384 0.8750000000
88457  19.744  3.111  -11.020 0.7500000000
87564  21.849  1.137  -9.183 0.7500000000
85655  23.612  -0.826  -8.650 0.5000000000
84640  25.430  -1.527  -7.717 0.2500000000
84641  24.248  -1.756  -8.546 0.5000000000
82643  26.593  -3.069  -7.216 0.2500000000
90235  18.570  4.261  -11.663 0.6250000000
89366  19.323  3.805  -11.444 0.7500000000
89365  19.992  3.790  -10.779 0.7500000000
90233  19.745  4.859  -11.199 0.7500000000
89353  20.605  3.711  -9.953 0.7500000000
88446  20.783  2.932  -9.838 0.7500000000
88435  21.252  2.323  -9.479 0.7500000000
89352  21.141  3.280  -9.540 0.7500000000
87556  23.385  1.011  -8.562 0.5000000000
88424  23.065  1.493  -8.573 0.3750000000
87563  22.737  1.070  -8.697 0.6250000000
85653  25.427  -0.499  -7.830 0.2500000000
86619  24.801  0.280  -8.189 0.3750000000
87555  24.179  1.067  -8.438 0.3750000000
90234  19.037  5.003  -11.789 0.6250000000
90226  20.390  4.816  -10.396 0.7500000000
90219  21.025  4.735  -9.670 0.7500000000
89341  21.908  3.483  -9.024 0.6250000000
88433  23.785  2.667  -8.621 0.3750000000
89340  23.127  3.495  -8.811 0.3750000000
86618  25.982  0.365  -7.948 0.1250000000
87554  25.172  1.232  -8.337 0.1250000000
88422  24.493  1.987  -8.480 0.2500000000
91075  19.491  5.869  -11.566 0.6250000000
91074  20.165  5.876  -10.813 0.6250000000
90218  21.791  4.576  -9.298 0.3750000000
88420  26.270  2.265  -8.860 0.1250000000
88421  25.456  2.197  -8.569 0.1250000000
86617  26.944  0.831  -8.161 0.1250000000
91084  18.854  5.885  -11.987 0.6250000000
91065  20.883  5.892  -9.877 0.3750000000
91052  23.303  5.138  -9.587 0.2500000000
91054  21.593  5.365  -9.541 0.3750000000
89338  25.034  3.575  -9.921 0.1250000000
89339  24.150  3.566  -9.125 0.3750000000
87562  27.249  2.285  -9.579 0.1250000000
88432  24.816  2.918  -8.839 0.1250000000
92778  19.074  7.900  -11.368 0.3750000000
91922  19.030  6.744  -11.734 0.3750000000
91921  19.699  6.866  -11.091 0.3750000000
91912  20.496  6.926  -10.412 0.3750000000
91064  21.947  6.178  -9.726 0.3750000000
91911  21.408  6.999  -10.032 0.3750000000
91063  23.098  6.182  -10.104 0.3750000000
91053  22.406  5.351  -9.461 0.3750000000
89351  25.182  4.135  -11.090 0.1250000000
90215  24.337  4.169  -9.694 0.1250000000
91051  23.809  4.919  -9.699 0.2500000000
88445  26.133  3.011  -10.008 0.1250000000
93565  20.754  8.560  -10.955 0.2500000000
92769  21.003  7.821  -10.474 0.2500000000
92777  20.152  7.878  -10.897 0.3750000000
91920  22.898  6.944  -10.791 0.1250000000
91073  23.285  6.523  -10.867 0.1250000000
91910  22.322  6.948  -10.250 0.2500000000
90241  24.082  5.346  -12.140 0.1250000000
91062  24.012  5.336  -10.263 0.1250000000
93573  19.965  9.019  -11.466 0.3750000000
92775  22.807  7.705  -11.562 0.1250000000
92776  21.939  8.293  -11.415 0.1250000000
92774  23.307  7.193  -11.910 0.1250000000
90240  24.358  4.686  -12.508 0.1250000000
91937  23.166  6.608  -13.161 0.1250000000
93581  22.050  9.154  -12.971 0.1250000000
92790  22.860  7.289  -13.445 0.1250000000
92784  22.871  8.216  -13.020 0.1250000000
91092  23.078  5.785  -13.861 0.1250000000
90247  23.690  4.973  -13.234 0.1250000000
72979  23.484  -13.727  -9.867 0.6250000000
83642  23.192  -2.858  -9.366 0.8750000000
82661  26.024  -3.292  -7.600 0.3750000000
87565  21.169  1.433  -9.711 0.7500000000
86620  23.669  0.152  -8.575 0.5000000000
86621  23.102  0.586  -8.694 0.7500000000
85654  24.481  -0.696  -8.176 0.5000000000
91071  24.252  5.396  -11.043 0.1250000000
92768  21.922  7.669  -10.724 0.2500000000
92783  23.168  7.314  -12.560 0.1250000000
91083  23.552  5.888  -12.666 0.1250000000
76046  24.335  -10.411  -10.813 0.5000000000
77049  23.978  -9.834  -10.317 0.6250000000
79903  25.398  -6.395  -8.567 0.3750000000
85663  22.919  -0.874  -9.173 0.7500000000
91072  23.762  6.014  -11.329 0.1250000000
80758  27.388  -5.485  -7.476 0.1250000000
67858  19.056  -18.476  -7.903 0.7500000000
67842  18.408  -18.168  -7.579 0.7500000000
68832  17.586  -17.640  -7.491 0.7500000000
69883  17.101  -16.834  -7.596 0.7500000000
66819  20.496  -19.238  -8.524 0.7500000000
70923  16.747  -15.127  -7.874 0.6250000000
69920  17.876  -16.008  -8.444 0.7500000000
68858  21.156  -17.588  -8.928 0.6250000000
69938  21.876  -16.524  -9.324 0.7500000000
70936  22.405  -15.309  -9.327 0.6250000000
71959  23.272  -14.884  -9.925 0.5000000000
71958  23.942  -14.569  -10.732 0.3750000000
74042  25.768  -12.768  -11.943 0.1250000000
74040  27.304  -12.376  -12.450 0.1250000000
75082  28.197  -11.543  -11.880 0.1250000000
76042  28.197  -10.655  -10.259 0.1250000000
88460  17.760  2.153  -11.074 0.3750000000
77027  28.141  -9.605  -9.409 0.1250000000
77028  26.970  -9.367  -9.442 0.1250000000
78049  26.425  -7.833  -8.587 0.1250000000
78989  26.354  -7.287  -8.280 0.2500000000
79893  25.978  -6.411  -8.170 0.2500000000
90237  17.094  3.442  -10.907 0.5000000000
81656  27.164  -3.688  -7.250 0.1250000000
83611  27.318  -1.979  -7.102 0.1250000000
86606  26.859  0.085  -7.746 0.1250000000
91076  17.864  4.487  -11.329 0.3750000000
87552  27.228  1.798  -8.914 0.1250000000
88429  27.201  2.543  -10.015 0.1250000000
87561  27.845  2.026  -9.987 0.1250000000
89363  25.666  3.774  -11.942 0.1250000000
89376  25.192  3.920  -12.873 0.1250000000
119946  17.093  7.988  -11.610 0.1250000000
94320  20.474  9.821  -12.114 0.2500000000
94332  21.024  9.839  -12.862 0.1250000000
90250  24.041  4.435  -13.997 0.1250000000
79905  23.775  -6.330  -9.208 0.7500000000
87575  17.890  0.679  -10.857 0.3750000000
85665  21.697  -0.124  -9.911 0.8750000000
71924  17.375  -14.416  -8.602 0.7500000000
82676  22.954  -3.612  -9.409 0.8750000000
87574  20.077  1.282  -10.595 0.8750000000
86635  21.284  0.291  -10.106 0.8750000000
68831  18.091  -17.860  -7.555 0.7500000000
67857  19.936  -18.489  -8.394 0.7500000000
68843  20.853  -18.027  -8.803 0.7500000000
70901  16.935  -15.899  -7.645 0.7500000000
69903  17.565  -16.288  -8.029 0.7500000000
69919  18.393  -16.036  -8.639 0.7500000000
70922  17.453  -15.368  -8.223 0.7500000000
71901  16.187  -14.386  -7.925 0.6250000000
70941  18.019  -15.548  -8.582 0.7500000000
69916  21.154  -16.431  -8.839 0.7500000000
72955  22.839  -13.270  -9.129 0.7500000000
71976  24.296  -14.501  -11.229 0.2500000000
72978  23.705  -13.753  -10.701 0.5000000000
75060  25.714  -11.208  -11.194 0.2500000000
75061  24.786  -11.124  -11.247 0.3750000000
75083  27.327  -11.926  -12.057 0.1250000000
77047  25.489  -9.759  -10.364 0.5000000000
77046  25.940  -9.797  -10.283 0.1250000000
76021  26.628  -9.939  -10.066 0.1250000000
76043  27.117  -10.662  -10.446 0.1250000000
78058  26.328  -8.326  -8.981 0.1250000000
86627  22.635  0.167  -8.997 0.7500000000
83628  24.572  -2.847  -8.595 0.5000000000
88436  20.769  1.811  -9.894 0.7500000000
85640  26.159  -0.525  -7.641 0.1250000000
84624  26.442  -1.350  -7.329 0.1250000000
83626  25.994  -2.453  -7.482 0.2500000000
82642  27.343  -2.872  -7.089 0.1250000000
88434  22.593  2.174  -8.671 0.6250000000
88423  23.578  1.734  -8.529 0.3750000000
87553  26.173  1.478  -8.406 0.1250000000
90217  22.698  4.433  -9.152 0.3750000000
88431  25.737  2.881  -9.335 0.1250000000
88430  26.645  2.565  -9.561 0.1250000000
90216  23.653  4.350  -9.387 0.2500000000
89337  25.695  3.199  -10.010 0.1250000000
92767  22.522  7.363  -10.765 0.3750000000
90224  24.564  4.572  -10.408 0.1250000000
90231  24.507  4.861  -11.448 0.1250000000
89364  24.947  4.279  -12.126 0.1250000000
88444  26.709  2.938  -10.431 0.1250000000
89350  25.951  3.396  -10.778 0.1250000000
91919  23.270  6.849  -11.419 0.1250000000
90232  24.197  5.433  -11.493 0.1250000000
93572  21.337  9.178  -11.804 0.1250000000
93571  22.271  8.583  -12.102 0.1250000000
91929  23.415  6.650  -12.178 0.1250000000
89377  24.679  4.279  -12.859 0.1250000000
94331  21.523  9.626  -13.311 0.1250000000
93582  21.476  9.453  -12.735 0.1250000000
66803  18.465  -18.908  -7.414 0.7500000000
66820  19.656  -19.315  -8.131 0.7500000000
67843  17.945  -18.328  -7.276 0.7500000000
70902  16.202  -15.298  -7.329 0.5000000000
69937  22.430  -16.381  -9.814 0.6250000000
70955  23.668  -15.589  -10.576 0.5000000000
78057  27.452  -8.685  -8.856 0.1250000000
85639  26.799  -0.556  -7.454 0.1250000000
69884  16.275  -16.508  -7.059 0.5000000000
65773  19.328  -20.059  -7.982 0.6250000000
65772  20.112  -20.124  -8.311 0.6250000000
65771  21.287  -20.016  -8.626 0.3750000000
66839  21.929  -19.371  -9.483 0.2500000000
91078  17.008  3.877  -10.616 0.2500000000
67872  21.746  -18.305  -9.645 0.5000000000
68875  21.888  -17.192  -9.574 0.5000000000
65770  22.133  -20.435  -8.831 0.5000000000
70956  23.027  -15.757  -10.092 0.5000000000
64751  19.521  -20.846  -7.957 0.6250000000
68833  16.632  -17.634  -7.087 0.3750000000
65774  18.890  -20.015  -7.734 0.6250000000
66821  18.970  -19.465  -7.742 0.6250000000
67844  17.158  -18.545  -7.049 0.6250000000
64749  21.507  -21.116  -8.362 0.3750000000
64750  20.501  -21.094  -8.220 0.5000000000
64748  22.360  -21.040  -8.393 0.3750000000
66838  22.828  -19.274  -10.061 0.2500000000
65790  22.516  -19.878  -9.330 0.2500000000
72923  15.566  -13.719  -7.614 0.3750000000
67871  22.242  -18.850  -10.001 0.2500000000
68874  22.605  -17.278  -10.304 0.3750000000
68873  23.264  -17.506  -10.937 0.2500000000
69935  23.903  -16.145  -10.984 0.2500000000
119767  15.373  -5.893  -8.111 0.1250000000
71975  24.779  -14.805  -11.507 0.2500000000
83669  17.681  -2.852  -11.055 0.3750000000
91077  17.383  4.313  -10.920 0.2500000000
79885  14.962  -6.479  -7.567 0.2500000000
66818  21.254  -18.950  -8.967 0.5000000000
67855  21.178  -18.274  -8.977 0.5000000000
70954  24.303  -15.477  -11.055 0.2500000000
69936  23.286  -16.523  -10.735 0.2500000000
65791  21.965  -19.947  -9.089 0.2500000000
65789  23.083  -19.758  -9.507 0.2500000000
67891  22.202  -17.769  -10.039 0.3750000000
65752  18.403  -20.008  -7.360 0.6250000000
63764  20.974  -21.674  -8.101 0.3750000000
67890  22.695  -18.268  -10.347 0.2500000000
68884  23.727  -16.944  -11.408 0.2500000000
119758  14.955  -6.107  -6.547 0.1250000000
64732  17.877  -20.718  -7.034 0.5000000000
64729  20.470  -21.891  -7.920 0.2500000000
63745  20.182  -22.431  -7.481 0.3750000000
64730  19.765  -21.709  -7.699 0.5000000000
64710  17.610  -21.558  -6.678 0.3750000000
65754  16.895  -19.950  -6.875 0.5000000000
65753  17.560  -19.979  -6.989 0.5000000000
66805  17.189  -19.380  -6.934 0.3750000000
66804  17.835  -19.162  -7.025 0.5000000000
63724  16.169  -21.930  -6.087 0.1250000000
64711  16.588  -21.396  -6.395 0.3750000000
67827  16.457  -18.456  -6.734 0.2500000000
62642  16.229  -23.423  -5.749 0.1250000000
63723  16.747  -22.516  -6.197 0.2500000000
63722  17.906  -22.420  -6.496 0.3750000000
63746  19.340  -22.404  -6.995 0.3750000000
63703  15.814  -22.496  -5.629 0.1250000000
63721  18.599  -22.220  -6.723 0.3750000000
65726  15.177  -20.531  -5.374 0.1250000000
66791  15.868  -19.674  -6.281 0.1250000000
79892  26.833  -6.535  -7.584 0.1250000000
64752  18.932  -20.481  -7.717 0.5000000000
64731  18.693  -21.335  -7.240 0.5000000000
68815  16.138  -18.027  -6.560 0.2500000000
69867  16.016  -17.367  -6.631 0.2500000000
63744  20.996  -22.313  -7.769 0.2500000000
64709  18.238  -21.864  -6.723 0.5000000000
65737  17.102  -20.685  -6.842 0.5000000000
65738  16.295  -20.373  -6.460 0.2500000000
66790  16.512  -19.308  -6.683 0.1250000000
64712  15.780  -21.255  -5.843 0.1250000000
67828  15.873  -18.807  -6.263 0.1250000000
63702  16.233  -22.814  -5.892 0.1250000000
62688  19.898  -23.038  -6.960 0.2500000000
65739  15.631  -20.286  -5.964 0.1250000000
62669  17.523  -23.206  -6.236 0.2500000000
62668  18.622  -23.161  -6.449 0.2500000000
70903  15.667  -15.013  -6.949 0.2500000000
62687  20.666  -22.996  -7.241 0.2500000000
62670  16.871  -23.280  -6.092 0.1250000000
70904  15.319  -14.760  -6.705 0.1250000000
87576  17.403  1.192  -10.533 0.1250000000
88461  17.200  2.080  -10.745 0.1250000000
88449  16.429  1.987  -10.201 0.1250000000
90227  16.448  3.302  -10.270 0.1250000000
89343  15.252  2.458  -9.597 0.1250000000
89354  16.688  2.732  -10.539 0.1250000000
91067  16.860  4.046  -10.208 0.1250000000
90228  15.956  3.776  -9.750 0.1250000000
90220  15.499  4.461  -9.344 0.1250000000
85675  17.522  -0.377  -10.563 0.1250000000
86639  17.281  0.396  -10.184 0.1250000000
82690  17.141  -3.713  -10.017 0.1250000000
69869  15.426  -15.594  -6.219 0.1250000000
83656  17.347  -2.522  -10.488 0.1250000000
85676  17.318  -0.390  -9.996 0.1250000000
86629  16.829  0.549  -9.551 0.1250000000
87566  16.628  1.180  -9.906 0.1250000000
88438  15.241  1.967  -9.246 0.1250000000
90229  14.760  4.054  -9.207 0.1250000000
119909  15.624  4.643  -9.121 0.1250000000
91056  16.640  4.279  -9.550 0.1250000000
73975  15.154  -13.350  -7.277 0.1250000000
72902  14.958  -13.574  -6.894 0.1250000000
71902  15.678  -14.492  -7.341 0.1250000000
90238  16.701  3.679  -10.327 0.1250000000
69885  15.774  -15.713  -6.678 0.1250000000
72924  15.218  -13.996  -7.166 0.1250000000
71903  15.346  -14.506  -6.978 0.1250000000
69886  15.481  -15.175  -6.559 0.1250000000
71861  15.168  -14.211  -6.069 0.1250000000
70888  15.344  -14.822  -6.353 0.1250000000
88437  15.954  1.708  -9.697 0.1250000000
89356  15.152  3.440  -9.655 0.1250000000
88439  14.758  2.248  -8.871 0.1250000000
88425  14.852  1.909  -8.681 0.1250000000
119922  15.581  4.874  -8.857 0.1250000000
64728  21.900  -21.518  -8.042 0.1250000000
64747  22.915  -21.009  -8.167 0.1250000000
65769  23.201  -20.285  -8.783 0.1250000000
66837  23.790  -19.410  -9.650 0.1250000000
66855  23.171  -18.704  -10.407 0.1250000000
67889  23.666  -18.323  -10.834 0.1250000000
67896  24.993  -17.911  -11.118 0.1250000000
67897  24.423  -17.855  -11.341 0.1250000000
67898  23.860  -17.596  -11.370 0.1250000000
69934  25.501  -16.654  -11.199 0.1250000000
69949  24.275  -16.396  -11.312 0.1250000000
69948  24.929  -16.513  -11.376 0.1250000000
70969  24.795  -15.787  -11.323 0.1250000000
62666  20.302  -23.680  -6.767 0.1250000000
62689  19.355  -23.052  -6.715 0.1250000000
62686  21.441  -22.755  -7.250 0.1250000000
62685  21.913  -22.444  -7.114 0.1250000000
64726  23.248  -21.245  -7.537 0.1250000000
64727  22.429  -21.474  -7.793 0.1250000000
65751  23.290  -20.782  -8.141 0.1250000000
65768  24.172  -19.986  -8.548 0.1250000000
66836  24.330  -19.276  -9.586 0.1250000000
67870  24.039  -18.846  -10.347 0.1250000000
67887  25.200  -18.142  -10.492 0.1250000000
69914  25.868  -16.802  -10.691 0.1250000000
70967  26.099  -14.934  -11.433 0.1250000000
70968  25.552  -15.604  -11.404 0.1250000000
63763  21.428  -21.760  -7.988 0.1250000000
66817  23.907  -19.743  -8.999 0.1250000000
68883  24.377  -17.126  -11.557 0.1250000000
63742  22.458  -22.002  -7.080 0.1250000000
66854  23.499  -18.934  -10.298 0.1250000000
68882  25.009  -17.299  -11.419 0.1250000000
67888  24.520  -18.380  -10.741 0.1250000000
68872  25.452  -17.433  -10.932 0.1250000000
70953  25.935  -16.058  -10.876 0.1250000000
62665  21.183  -23.546  -6.920 0.1250000000
65750  23.802  -20.536  -8.017 0.1250000000
70952  26.265  -15.218  -11.023 0.1250000000
63743  21.778  -22.043  -7.569 0.1250000000
69950  23.790  -16.517  -11.197 0.1250000000
70935  26.023  -16.287  -10.469 0.1250000000
71957  24.339  -14.855  -11.154 0.2500000000
76022  26.175  -9.839  -10.213 0.1250000000
76050  18.106  -10.157  -10.154 1.0000000000
78048  26.935  -7.970  -8.458 0.1250000000
78990  25.802  -6.865  -8.442 0.3750000000
78993  15.097  -6.966  -7.876 0.3750000000
79002  26.149  -7.707  -8.654 0.1250000000
79895  15.291  -6.424  -8.050 0.2500000000
79919  21.967  -5.473  -9.555 1.0000000000
80762  15.453  -6.143  -8.344 0.2500000000
80794  20.418  -5.059  -10.708 1.0000000000
81657  26.567  -3.612  -7.393 0.2500000000
81678  24.926  -4.770  -8.619 0.5000000000
83610  27.832  -1.775  -7.508 0.1250000000
83612  26.606  -2.278  -7.108 0.2500000000
83665  20.323  -2.919  -11.437 1.0000000000
84623  27.368  -1.179  -7.324 0.1250000000
84625  25.863  -0.973  -7.628 0.2500000000
84639  26.110  -1.904  -7.377 0.2500000000
84642  23.492  -1.331  -8.928 0.5000000000
85671  22.746  -1.320  -9.335 0.8750000000
86607  26.446  -0.150  -7.677 0.1250000000
86638  17.710  0.197  -10.749 0.3750000000
87558  14.764  1.773  -8.374 0.1250000000
89342  21.263  3.962  -9.457 0.7500000000
89349  26.585  3.201  -11.020 0.1250000000
89355  15.743  2.858  -9.904 0.1250000000
90225  24.135  4.706  -9.825 0.1250000000
90246  24.272  4.475  -13.229 0.1250000000
91057  16.130  4.432  -8.966 0.1250000000
91061  24.402  5.073  -10.771 0.1250000000
91947  17.082  6.960  -14.479 0.2500000000
91948  16.748  6.998  -14.074 0.2500000000
92798  17.370  7.348  -14.433 0.2500000000
92799  16.778  7.322  -14.718 0.2500000000
92800  16.370  7.362  -14.285 0.2500000000
93564  21.403  8.351  -10.989 0.2500000000
93599  16.666  7.995  -14.040 0.2500000000
94323  18.415  9.867  -13.003 0.2500000000
94325  17.136  9.146  -12.421 0.1250000000
94336  17.366  9.456  -12.748 0.1250000000
95083  18.024  9.637  -13.426 0.2500000000
119948  16.740  7.529  -12.309 0.2500000000
119952  16.764  7.181  -12.549 0.2500000000
119955  16.635  7.748  -12.762 0.2500000000
119956  16.783  7.821  -12.190 0.2500000000
119958  16.822  8.020  -12.295 0.2500000000
119960  16.626  7.343  -12.846 0.2500000000
119963  16.721  8.224  -13.314 0.2500000000
119964  16.534  7.932  -13.344 0.2500000000
