#!ascii label  , from subject 3405 vox2ras=TkReg
1899
13379  39.234  -70.081  -11.209 0.2000000030
13378  39.806  -69.757  -10.495 0.2000000030
14296  39.965  -69.249  -10.868 0.2000000030
12474  38.891  -70.680  -10.667 0.2000000030
14310  38.697  -69.277  -12.256 0.1000000015
13365  39.929  -69.795  -9.739 0.3000000119
13392  38.850  -69.859  -12.173 0.1000000015
13380  38.718  -70.473  -12.026 0.2000000030
14297  39.410  -69.225  -11.529 0.1000000015
15213  39.262  -68.459  -11.495 0.1000000015
15230  38.595  -68.854  -11.991 0.1000000015
16198  39.190  -67.078  -10.200 0.1000000015
15214  38.446  -68.231  -11.326 0.1000000015
16214  38.600  -67.833  -10.848 0.1000000015
16183  38.625  -66.965  -9.382 0.2000000030
16199  38.432  -67.615  -10.251 0.1000000015
17191  41.188  -66.477  -10.355 0.1000000015
17201  40.727  -66.711  -10.682 0.1000000015
16212  39.904  -67.645  -10.959 0.1000000015
15212  40.115  -68.380  -10.982 0.1000000015
17203  39.706  -67.114  -10.647 0.1000000015
16182  39.171  -66.642  -9.772 0.1000000015
18050  39.085  -65.166  -7.770 0.2000000030
18067  39.177  -65.643  -8.616 0.2000000030
19091  38.733  -64.546  -7.000 0.1000000015
17156  38.429  -66.231  -8.339 0.2000000030
19077  38.366  -63.935  -6.612 0.2000000030
19092  37.480  -64.381  -6.734 0.1000000015
20077  36.896  -63.110  -6.317 0.1000000015
17202  40.276  -66.860  -10.740 0.1000000015
17192  40.646  -66.212  -10.582 0.1000000015
17193  39.764  -66.267  -10.232 0.1000000015
20075  39.004  -63.327  -6.631 0.2000000030
21082  38.344  -62.379  -6.156 0.2000000030
21083  37.148  -62.390  -6.005 0.2000000030
20076  37.752  -63.324  -6.361 0.2000000030
21084  36.220  -62.485  -6.530 0.2000000030
18105  40.512  -65.486  -10.278 0.1000000015
18106  39.948  -65.567  -10.056 0.1000000015
18066  39.791  -65.148  -9.088 0.2000000030
20087  39.907  -63.293  -7.509 0.2000000030
20088  39.276  -63.935  -7.002 0.3000000119
22118  36.762  -60.915  -5.648 0.3000000119
22129  36.412  -61.491  -5.954 0.2000000030
22130  35.813  -61.554  -6.481 0.2000000030
21096  35.567  -62.554  -7.286 0.2000000030
20074  39.523  -63.047  -6.932 0.3000000119
19108  39.696  -64.835  -8.389 0.2000000030
22128  37.522  -61.210  -5.706 0.3000000119
23191  36.988  -60.373  -5.557 0.3000000119
24309  36.258  -59.565  -5.466 0.3000000119
23192  35.979  -60.522  -5.748 0.3000000119
23204  35.798  -61.103  -6.080 0.2000000030
22140  35.481  -61.516  -7.082 0.2000000030
22153  35.599  -61.601  -7.829 0.2000000030
25457  37.446  -58.457  -5.441 0.4000000060
23202  38.386  -60.321  -5.816 0.3000000119
23190  37.668  -59.957  -5.611 0.3000000119
21081  39.580  -62.461  -6.763 0.2000000030
24310  35.538  -59.566  -5.779 0.3000000119
23205  35.363  -60.640  -6.495 0.2000000030
24321  35.182  -59.584  -6.292 0.2000000030
26589  36.741  -57.729  -5.254 0.3000000119
24308  37.166  -59.379  -5.474 0.3000000119
25473  35.099  -58.718  -5.959 0.2000000030
24334  35.412  -59.601  -7.122 0.2000000030
25487  35.087  -58.629  -6.702 0.2000000030
25486  35.591  -58.457  -7.597 0.1000000015
23215  35.891  -60.202  -8.194 0.2000000030
23216  35.616  -60.580  -7.730 0.2000000030
27713  35.825  -56.952  -5.008 0.3000000119
26591  35.155  -57.718  -5.609 0.3000000119
25458  36.508  -58.652  -5.360 0.3000000119
27714  34.789  -56.556  -5.458 0.2000000030
26592  34.500  -57.141  -5.889 0.2000000030
25459  35.679  -58.729  -5.502 0.3000000119
26605  34.649  -57.849  -6.251 0.1000000015
26621  35.565  -57.605  -7.713 0.1000000015
26622  34.989  -57.434  -7.138 0.1000000015
25507  36.228  -58.662  -8.247 0.1000000015
28786  34.219  -55.520  -5.467 0.2000000030
31056  33.905  -53.499  -5.170 0.1000000015
29971  33.798  -54.351  -5.876 0.1000000015
27715  34.103  -56.385  -5.982 0.1000000015
26606  34.436  -56.966  -6.477 0.1000000015
27743  35.584  -56.918  -7.813 0.1000000015
26641  36.254  -57.559  -8.290 0.1000000015
28785  35.196  -55.576  -4.787 0.2000000030
29980  34.259  -54.501  -6.857 0.1000000015
28804  33.998  -55.445  -6.349 0.1000000015
28816  34.506  -55.527  -7.153 0.1000000015
27745  34.545  -56.163  -7.095 0.1000000015
28815  35.053  -55.452  -7.613 0.1000000015
27758  35.590  -56.251  -7.966 0.1000000015
27744  35.063  -56.230  -7.469 0.1000000015
31080  34.843  -53.429  -7.179 0.1000000015
28825  35.688  -55.435  -8.148 0.1000000015
27757  36.143  -56.390  -8.327 0.1000000015
31070  34.483  -52.923  -6.600 0.1000000015
16213  39.116  -67.701  -10.875 0.1000000015
16211  40.633  -67.349  -10.707 0.1000000015
21022  36.665  -62.762  0.759 0.5000000000
21021  37.716  -62.654  0.731 0.5000000000
21011  36.037  -62.124  1.262 0.5000000000
21012  35.114  -62.198  1.285 0.5000000000
22036  40.562  -62.915  2.962 0.2000000030
22049  39.801  -62.788  2.557 0.2000000030
22050  39.267  -62.272  2.547 0.3000000119
21008  38.744  -62.574  1.875 0.3000000119
21009  38.097  -61.963  1.251 0.5000000000
21010  37.051  -61.873  0.942 0.5000000000
22053  36.436  -61.339  1.609 0.5000000000
22054  35.395  -61.441  1.656 0.5000000000
21024  34.550  -62.618  0.727 0.5000000000
22063  33.937  -62.097  1.047 0.5000000000
19997  34.613  -63.685  0.033 0.5000000000
19016  35.159  -64.582  -1.525 0.5000000000
22024  39.914  -62.101  3.469 0.3000000119
22038  39.259  -61.401  3.092 0.3000000119
22052  37.456  -61.245  1.650 0.5000000000
23111  34.828  -60.558  1.934 0.5000000000
22055  34.293  -61.574  1.405 0.5000000000
21029  34.050  -62.589  0.002 0.5000000000
17097  36.967  -66.834  -4.167 0.4000000060
18011  36.582  -66.276  -4.007 0.5000000000
17075  36.257  -66.598  -3.444 0.5000000000
19025  35.548  -64.309  -2.778 0.5000000000
19017  34.777  -63.825  -1.141 0.5000000000
17096  37.802  -66.699  -4.543 0.4000000060
22009  40.425  -62.745  3.662 0.3000000119
23107  38.328  -60.700  2.719 0.4000000060
23109  36.790  -60.628  2.018 0.5000000000
23095  37.004  -60.116  2.634 0.5000000000
23110  35.860  -60.627  1.907 0.5000000000
23097  35.493  -59.981  2.152 0.5000000000
24201  34.842  -59.646  2.461 0.5000000000
24217  34.190  -60.000  2.132 0.5000000000
23112  33.923  -60.591  1.707 0.5000000000
23133  33.474  -60.856  0.448 0.5000000000
21035  34.649  -62.656  -0.924 0.6000000238
19034  35.802  -64.904  -3.452 0.5000000000
20017  35.499  -63.376  -2.513 0.5000000000
21034  35.101  -62.340  -1.591 0.5000000000
16102  39.230  -67.655  -4.868 0.4000000060
15133  37.916  -68.239  -4.342 0.4000000060
18010  37.287  -65.673  -4.288 0.5000000000
17879  39.249  -65.924  6.842 0.1000000015
18915  38.457  -64.816  6.359 0.1000000015
19917  38.052  -64.263  5.962 0.1000000015
18932  39.553  -64.303  5.758 0.1000000015
19936  38.684  -63.904  5.622 0.1000000015
19937  37.517  -63.638  5.597 0.1000000015
19935  39.759  -63.576  5.282 0.1000000015
20963  39.181  -62.631  5.194 0.1000000015
20964  38.174  -62.599  5.213 0.1000000015
22010  39.959  -61.998  4.000 0.2000000030
20962  39.994  -62.769  4.783 0.1000000015
22025  39.548  -61.283  3.811 0.3000000119
23108  37.679  -60.669  2.341 0.5000000000
23076  39.241  -60.719  4.147 0.4000000060
23093  38.680  -60.538  3.291 0.4000000060
24198  37.122  -59.624  3.139 0.4000000060
24199  36.489  -59.482  2.781 0.5000000000
25333  35.158  -59.084  2.768 0.5000000000
25334  34.549  -58.920  2.820 0.5000000000
24202  34.074  -59.413  2.462 0.5000000000
22068  34.192  -61.710  -0.525 0.5000000000
17987  36.272  -65.470  -3.856 0.5000000000
17095  38.808  -66.659  -4.747 0.4000000060
14230  39.884  -69.440  -4.611 0.5000000000
15024  36.952  -68.270  6.861 0.1000000015
15984  38.483  -67.455  6.991 0.1000000015
16971  37.754  -66.468  7.076 0.1000000015
17880  38.242  -65.668  6.830 0.1000000015
17894  38.831  -65.445  6.657 0.1000000015
18900  38.083  -65.226  6.653 0.1000000015
18916  37.183  -64.432  6.289 0.1000000015
18901  37.606  -65.128  6.752 0.1000000015
24150  36.579  -59.366  5.291 0.2000000030
24151  35.552  -59.200  5.513 0.2000000030
19934  40.678  -63.508  4.943 0.1000000015
21991  37.673  -61.454  5.133 0.1000000015
23042  37.122  -60.401  5.227 0.2000000030
21989  39.436  -61.830  4.811 0.2000000030
21990  38.720  -61.390  5.032 0.1000000015
23062  38.826  -60.614  4.592 0.2000000030
24168  37.652  -59.434  4.488 0.2000000030
25272  36.165  -58.205  5.429 0.2000000030
23061  39.175  -60.821  4.367 0.2000000030
23077  38.791  -60.198  3.948 0.2000000030
24180  38.279  -59.848  3.936 0.3000000119
25315  36.708  -58.439  4.143 0.3000000119
24182  36.646  -59.012  3.306 0.4000000060
24183  36.150  -58.962  2.869 0.5000000000
22077  34.875  -61.648  -1.131 0.5000000000
25316  35.526  -58.494  3.252 0.4000000060
22074  36.820  -61.171  -2.266 0.5000000000
22075  36.417  -61.223  -2.033 0.5000000000
23145  35.161  -60.680  -1.332 0.5000000000
21040  37.108  -61.877  -3.061 0.5000000000
22086  36.109  -61.773  -2.289 0.5000000000
22076  35.637  -61.515  -1.748 0.5000000000
24225  33.355  -59.497  1.083 0.5000000000
24218  33.514  -59.657  1.887 0.5000000000
17986  36.883  -64.895  -4.049 0.5000000000
20015  36.746  -62.672  -3.304 0.5000000000
20016  35.939  -63.256  -3.146 0.5000000000
18009  38.337  -65.758  -4.534 0.5000000000
21042  35.579  -62.520  -2.320 0.5000000000
23146  34.485  -60.930  -0.859 0.6000000238
19033  36.378  -64.150  -3.627 0.5000000000
15131  39.608  -68.611  -4.741 0.4000000060
15025  35.997  -68.257  6.919 0.1000000015
15985  37.346  -67.302  7.046 0.1000000015
16972  36.559  -66.203  7.656 0.1000000015
16955  35.968  -65.965  8.149 0.1000000015
17868  34.691  -65.345  8.351 0.1000000015
17881  37.133  -65.609  7.192 0.1000000015
18917  36.101  -64.353  6.732 0.1000000015
18935  36.260  -64.042  6.042 0.1000000015
19938  36.489  -63.462  5.482 0.1000000015
21993  35.431  -61.382  5.233 0.1000000015
20965  37.082  -62.540  5.197 0.1000000015
23043  36.048  -60.315  5.313 0.2000000030
25294  37.200  -58.821  4.696 0.3000000119
25295  36.745  -58.124  4.930 0.3000000119
26408  36.064  -57.631  5.418 0.2000000030
26425  36.196  -57.582  5.170 0.2000000030
26447  35.715  -57.610  4.156 0.3000000119
26448  34.619  -57.431  3.763 0.4000000060
25389  36.312  -58.783  -2.092 0.5000000000
25390  35.649  -58.672  -1.771 0.5000000000
24246  35.360  -59.641  -1.533 0.5000000000
25317  34.242  -58.207  3.202 0.5000000000
27645  36.698  -56.472  -1.730 0.5000000000
28712  36.183  -55.570  -1.262 0.5000000000
27646  35.488  -56.484  -1.337 0.5000000000
26526  35.258  -57.770  -1.510 0.5000000000
25391  34.765  -58.686  -1.294 0.6000000238
25335  33.599  -58.557  2.517 0.5000000000
28699  35.426  -55.687  -0.742 0.5000000000
27633  34.628  -56.429  -0.511 0.5000000000
26527  34.695  -57.897  -1.227 0.6000000238
24247  34.452  -59.907  -1.002 0.5000000000
24235  33.524  -59.843  0.328 0.5000000000
25378  34.104  -59.010  -0.808 0.5000000000
24234  33.868  -59.665  -0.428 0.5000000000
14228  41.126  -69.604  -4.810 0.4000000060
15130  40.546  -68.652  -4.713 0.4000000060
14231  39.092  -69.436  -4.546 0.4000000060
18890  32.135  -64.657  8.816 0.1000000015
18888  34.106  -64.659  8.079 0.1000000015
18906  32.951  -64.114  7.658 0.1000000015
17882  36.392  -65.193  7.958 0.1000000015
17867  35.659  -65.281  8.344 0.1000000015
18904  34.620  -63.992  7.576 0.1000000015
19906  33.911  -63.755  7.041 0.1000000015
18886  35.624  -64.700  8.254 0.1000000015
18919  34.717  -63.791  7.034 0.1000000015
19920  33.570  -63.271  6.291 0.1000000015
19939  35.318  -63.566  5.847 0.1000000015
19940  34.274  -63.045  5.803 0.1000000015
20967  34.811  -62.439  5.227 0.1000000015
23044  34.892  -60.258  5.442 0.2000000030
24152  34.436  -59.170  5.731 0.2000000030
25273  35.110  -58.104  6.069 0.2000000030
28613  40.863  -54.879  3.802 0.2000000030
26409  35.607  -57.221  5.581 0.2000000030
28636  40.435  -55.311  2.723 0.2000000030
28614  39.952  -54.687  3.174 0.2000000030
29772  39.017  -54.019  3.216 0.2000000030
29773  37.833  -53.895  3.144 0.2000000030
26426  35.720  -56.992  4.799 0.2000000030
27565  39.884  -55.766  2.110 0.2000000030
28638  38.374  -55.082  2.313 0.2000000030
28639  37.438  -54.966  2.267 0.2000000030
29798  37.121  -54.297  2.694 0.3000000119
28640  36.381  -54.709  2.229 0.2000000030
28641  35.168  -54.856  2.816 0.4000000060
27592  38.267  -55.487  1.472 0.2000000030
27567  37.817  -55.489  1.913 0.3000000119
27568  36.822  -55.364  1.843 0.4000000060
27569  35.761  -55.241  1.859 0.3000000119
27570  34.833  -55.688  2.107 0.4000000060
28642  34.350  -55.679  2.793 0.5000000000
27543  33.914  -56.536  3.243 0.4000000060
26449  33.818  -57.493  3.230 0.5000000000
29861  37.364  -54.601  -0.630 0.5000000000
29840  36.864  -54.688  -0.025 0.4000000060
28682  36.341  -55.103  0.396 0.4000000060
27620  36.705  -55.516  0.889 0.4000000060
27621  35.804  -55.472  0.776 0.4000000060
27622  34.795  -55.778  0.501 0.5000000000
27596  34.351  -56.070  1.450 0.5000000000
27544  33.575  -57.116  2.947 0.5000000000
29841  36.115  -55.052  -0.214 0.5000000000
28684  35.005  -55.759  -0.275 0.5000000000
26514  34.116  -57.924  -0.775 0.5000000000
25379  33.733  -58.896  -0.199 0.5000000000
25366  33.426  -58.812  0.558 0.5000000000
25353  33.262  -58.656  1.436 0.5000000000
19889  30.991  -63.656  9.278 0.1000000015
19888  31.623  -64.187  8.997 0.1000000015
19896  31.842  -63.766  8.164 0.1000000015
20931  30.545  -62.216  8.175 0.1000000015
19908  31.776  -63.081  7.249 0.1000000015
20930  31.184  -62.722  7.740 0.1000000015
20937  32.099  -62.749  6.537 0.1000000015
20938  31.390  -62.187  6.930 0.1000000015
20948  33.201  -62.666  5.779 0.1000000015
21975  32.212  -61.244  5.857 0.1000000015
20968  33.788  -62.301  5.414 0.1000000015
23045  33.584  -60.204  5.579 0.2000000030
23023  33.101  -59.927  5.780 0.2000000030
28593  40.914  -54.968  5.036 0.1000000015
29771  39.936  -54.352  3.824 0.2000000030
30880  38.740  -53.691  3.600 0.2000000030
27514  35.324  -56.155  5.183 0.2000000030
28567  41.014  -55.674  6.129 0.1000000015
29737  40.240  -54.840  5.547 0.1000000015
29751  40.184  -54.480  4.678 0.1000000015
29738  39.407  -54.278  5.486 0.1000000015
30861  38.016  -53.539  4.391 0.1000000015
29774  36.874  -53.711  3.179 0.1000000015
29799  36.079  -53.929  2.811 0.2000000030
26427  35.111  -56.957  4.320 0.3000000119
30883  36.385  -53.406  3.769 0.1000000015
30903  35.687  -53.699  3.438 0.1000000015
29800  35.451  -54.146  3.157 0.3000000119
28595  34.754  -55.885  4.148 0.2000000030
27623  33.791  -56.677  0.754 0.5000000000
27597  33.696  -56.614  1.739 0.5000000000
27572  33.575  -56.901  2.459 0.5000000000
26506  33.369  -57.833  0.716 0.5000000000
26489  33.330  -57.516  1.769 0.5000000000
27634  33.777  -57.352  -0.024 0.5000000000
20919  30.303  -63.127  9.846 0.1000000015
21941  29.836  -61.816  9.787 0.1000000015
22975  29.889  -60.866  9.268 0.1000000015
20922  30.260  -62.470  9.118 0.1000000015
21952  30.119  -61.556  8.607 0.1000000015
20939  30.852  -61.975  7.528 0.1000000015
23008  31.385  -60.332  6.846 0.1000000015
23009  30.715  -60.514  7.581 0.1000000015
23025  31.894  -60.575  6.224 0.1000000015
23007  32.013  -59.949  6.396 0.2000000030
24134  33.198  -59.444  6.045 0.2000000030
24133  33.893  -58.819  6.093 0.2000000030
25274  34.411  -58.486  6.109 0.2000000030
25253  34.281  -57.987  6.693 0.2000000030
25252  34.843  -57.590  6.550 0.2000000030
26395  35.177  -57.043  6.566 0.2000000030
28568  40.425  -55.594  6.483 0.1000000015
29724  40.315  -55.150  6.025 0.1000000015
29739  38.477  -54.027  5.750 0.1000000015
30850  37.707  -53.624  5.386 0.1000000015
30862  37.064  -53.400  4.597 0.1000000015
28583  35.185  -55.189  5.524 0.1000000015
27504  35.245  -56.120  6.146 0.2000000030
30851  36.678  -53.439  5.473 0.1000000015
30863  36.172  -53.334  4.771 0.1000000015
30884  35.594  -53.626  4.258 0.1000000015
29776  35.156  -54.333  3.778 0.2000000030
28594  34.972  -55.307  4.415 0.2000000030
27525  35.051  -56.273  4.516 0.2000000030
22950  30.090  -60.555  11.247 0.1000000015
22959  29.866  -60.743  10.323 0.1000000015
25134  30.587  -58.646  12.291 0.1000000015
24048  30.067  -59.672  10.777 0.1000000015
25153  30.703  -58.119  11.232 0.1000000015
25176  30.423  -58.716  10.476 0.1000000015
24117  30.554  -59.930  8.090 0.1000000015
24100  30.207  -59.949  8.703 0.1000000015
24116  31.203  -59.650  7.638 0.1000000015
24115  32.157  -59.488  7.150 0.1000000015
24114  33.021  -59.113  6.884 0.1000000015
24097  33.186  -58.913  7.954 0.1000000015
25254  33.549  -58.719  6.560 0.2000000030
26383  34.622  -57.108  7.366 0.2000000030
27491  35.094  -56.131  7.376 0.1000000015
26379  41.292  -57.674  7.799 0.1000000015
27489  39.553  -56.681  8.034 0.1000000015
28547  39.227  -55.771  7.482 0.1000000015
29726  38.643  -54.662  6.716 0.1000000015
27490  38.797  -56.068  8.025 0.1000000015
29706  38.346  -54.877  7.260 0.1000000015
30841  37.888  -53.993  6.235 0.1000000015
30843  36.204  -53.634  6.213 0.1000000015
30864  35.650  -53.650  4.986 0.1000000015
29740  35.385  -54.361  5.867 0.2000000030
26293  31.114  -57.775  12.794 0.1000000015
26336  31.364  -57.503  11.092 0.1000000015
25175  31.212  -57.883  10.234 0.1000000015
25222  31.642  -58.762  8.604 0.1000000015
24074  32.769  -58.738  8.561 0.1000000015
25238  33.632  -58.438  7.280 0.2000000030
25219  34.452  -57.747  8.497 0.1000000015
25237  34.111  -57.710  7.653 0.1000000015
26368  34.469  -57.070  8.071 0.1000000015
26363  38.911  -57.711  9.013 0.1000000015
26364  37.878  -57.470  9.155 0.1000000015
27473  37.556  -56.513  8.958 0.1000000015
27475  35.451  -56.075  8.586 0.1000000015
27476  34.848  -56.544  8.148 0.1000000015
26380  40.284  -57.515  8.245 0.1000000015
26381  39.566  -57.440  8.577 0.1000000015
27472  38.594  -56.775  8.630 0.1000000015
28525  37.217  -55.610  8.684 0.1000000015
29694  36.428  -54.736  8.303 0.1000000015
29709  35.891  -54.367  7.671 0.1000000015
28527  35.535  -55.088  8.103 0.1000000015
28551  35.415  -54.915  7.315 0.1000000015
28524  38.088  -55.857  8.401 0.1000000015
28549  37.617  -55.126  8.137 0.1000000015
29728  36.488  -53.993  7.019 0.1000000015
28571  35.258  -55.104  6.518 0.1000000015
26314  31.938  -57.055  11.511 0.1000000015
25174  32.430  -57.779  9.848 0.1000000015
25198  32.883  -58.379  9.209 0.1000000015
24073  33.560  -58.520  8.850 0.1000000015
24096  34.034  -58.329  8.637 0.1000000015
24044  37.747  -59.326  10.332 0.1000000015
24045  36.662  -59.155  10.207 0.1000000015
24070  36.400  -58.828  9.681 0.1000000015
24094  35.792  -58.313  9.382 0.1000000015
24095  34.873  -58.155  9.143 0.1000000015
24068  38.441  -59.538  9.863 0.1000000015
25194  37.320  -58.728  9.527 0.1000000015
25218  35.293  -57.700  9.116 0.1000000015
25193  38.255  -59.041  9.557 0.1000000015
25195  36.579  -58.431  9.447 0.1000000015
25217  36.234  -57.853  9.312 0.1000000015
26366  35.809  -56.993  9.179 0.1000000015
26367  34.936  -56.988  8.714 0.1000000015
25173  33.601  -58.042  9.944 0.1000000015
26333  34.288  -57.730  10.615 0.1000000015
25196  34.575  -58.442  9.648 0.1000000015
26332  35.034  -58.053  10.711 0.1000000015
25172  34.735  -58.430  10.109 0.1000000015
24072  34.487  -58.341  9.322 0.1000000015
25169  38.097  -59.139  10.900 0.1000000015
25171  35.849  -58.534  10.795 0.1000000015
24047  34.987  -58.541  9.713 0.1000000015
25168  38.550  -59.188  10.897 0.1000000015
22051  38.487  -61.398  2.229 0.4000000060
23121  33.406  -60.478  1.161 0.5000000000
23094  37.817  -60.179  3.123 0.4000000060
17893  39.394  -65.325  6.541 0.1000000015
22011  39.430  -61.254  4.394 0.2000000030
24181  37.597  -59.454  3.836 0.4000000060
15986  36.339  -67.299  7.200 0.1000000015
18902  36.662  -64.878  7.132 0.1000000015
24149  37.433  -59.558  4.980 0.3000000119
23041  38.137  -60.535  5.006 0.2000000030
23063  38.131  -59.933  4.725 0.2000000030
24167  38.246  -59.885  4.266 0.2000000030
25271  36.873  -58.769  5.089 0.3000000119
25314  37.321  -59.001  4.323 0.3000000119
24245  36.007  -59.432  -1.911 0.5000000000
16973  35.754  -66.592  7.731 0.1000000015
16956  35.232  -66.033  8.189 0.1000000015
18936  35.707  -64.012  6.357 0.1000000015
18903  35.762  -64.425  7.718 0.1000000015
20966  35.946  -62.527  5.161 0.1000000015
21992  36.572  -61.425  5.200 0.1000000015
26446  36.285  -57.695  4.658 0.3000000119
26525  36.315  -57.696  -1.956 0.5000000000
26524  37.231  -57.222  -2.008 0.5000000000
29862  36.445  -54.969  -0.692 0.5000000000
18889  32.930  -64.575  8.099 0.1000000015
18905  33.547  -64.128  7.615 0.1000000015
19907  32.754  -63.601  7.143 0.1000000015
19919  34.554  -63.627  6.536 0.1000000015
19941  33.690  -62.850  5.781 0.1000000015
19921  32.772  -62.985  6.244 0.1000000015
21994  34.298  -61.330  5.276 0.1000000015
24153  33.746  -59.388  5.812 0.2000000030
28635  41.471  -55.561  2.925 0.2000000030
28637  39.332  -55.017  2.537 0.2000000030
29796  38.727  -54.642  2.610 0.2000000030
29797  38.100  -54.486  2.660 0.2000000030
30882  37.426  -53.556  3.780 0.1000000015
27566  38.812  -55.582  2.037 0.2000000030
28657  37.733  -55.465  1.091 0.5000000000
27593  37.266  -55.631  1.369 0.4000000060
27591  39.371  -55.704  1.619 0.2000000030
27594  36.279  -55.565  1.353 0.4000000060
27595  35.286  -55.635  1.339 0.5000000000
28616  34.570  -55.625  3.591 0.3000000119
29839  38.007  -54.331  0.162 0.5000000000
28681  37.285  -55.076  0.657 0.5000000000
28683  35.510  -55.300  0.013 0.5000000000
20923  30.040  -62.519  9.789 0.1000000015
19897  30.933  -62.980  8.488 0.1000000015
20950  31.863  -61.970  6.245 0.1000000015
21961  30.971  -61.278  7.134 0.1000000015
21976  31.548  -61.265  6.477 0.1000000015
21995  33.371  -61.402  5.384 0.1000000015
23046  32.851  -60.906  5.512 0.2000000030
24135  32.550  -59.599  6.418 0.2000000030
29752  39.466  -53.880  4.350 0.1000000015
20920  29.829  -62.697  10.393 0.1000000015
21932  29.905  -61.236  11.049 0.1000000015
22994  30.218  -60.678  8.298 0.1000000015
24076  30.211  -59.486  9.591 0.1000000015
27487  41.288  -56.971  7.208 0.1000000015
28546  40.017  -56.020  7.231 0.1000000015
28569  39.510  -55.377  6.869 0.1000000015
29725  39.781  -54.949  6.208 0.1000000015
30842  37.068  -53.731  6.246 0.1000000015
29753  35.283  -54.280  4.904 0.1000000015
24014  30.410  -59.705  12.319 0.1000000015
25135  30.303  -59.244  11.918 0.1000000015
25154  30.251  -58.966  11.396 0.1000000015
24075  30.756  -58.791  9.189 0.1000000015
25200  30.741  -58.567  9.696 0.1000000015
24099  30.912  -59.128  8.549 0.1000000015
24098  31.986  -59.002  8.118 0.1000000015
27488  40.636  -56.741  7.445 0.1000000015
28570  38.958  -55.274  7.149 0.1000000015
29727  37.467  -54.239  6.956 0.1000000015
30844  35.688  -53.830  5.979 0.1000000015
26315  31.158  -57.572  11.912 0.1000000015
26335  32.126  -57.306  10.661 0.1000000015
25199  31.565  -58.406  9.190 0.1000000015
25221  32.171  -58.628  8.696 0.1000000015
25220  33.849  -58.234  8.000 0.1000000015
25215  38.097  -58.342  9.337 0.1000000015
25214  39.086  -58.637  9.353 0.1000000015
27471  39.179  -57.158  8.580 0.1000000015
26365  36.854  -57.219  9.237 0.1000000015
25216  37.156  -58.078  9.353 0.1000000015
27474  36.520  -56.227  9.019 0.1000000015
28526  36.358  -55.165  8.562 0.1000000015
29729  35.636  -54.180  6.718 0.1000000015
26334  33.198  -57.383  10.492 0.1000000015
25197  33.996  -58.358  9.491 0.1000000015
24069  37.466  -59.179  9.817 0.1000000015
25170  37.089  -59.014  10.905 0.1000000015
24071  35.378  -58.505  9.584 0.1000000015
24046  35.620  -58.913  9.962 0.1000000015
25150  37.703  -58.496  11.356 0.1000000015
25151  36.694  -58.297  11.404 0.1000000015
18988  41.644  -64.944  1.183 0.1000000015
19002  41.357  -65.341  0.606 0.1000000015
18989  41.205  -64.461  0.618 0.1000000015
19991  40.511  -63.809  0.949 0.1000000015
19983  40.616  -63.461  1.694 0.1000000015
19981  42.124  -64.126  1.884 0.1000000015
19975  41.360  -63.327  2.505 0.1000000015
17947  41.406  -65.578  0.979 0.2000000030
21005  41.008  -63.223  2.472 0.1000000015
17953  41.291  -65.750  0.113 0.2000000030
19004  40.981  -64.647  -0.032 0.1000000015
17966  41.126  -65.946  -0.406 0.2000000030
18990  40.844  -64.257  0.376 0.1000000015
21018  40.140  -63.348  1.663 0.1000000015
17055  41.128  -66.262  -0.115 0.2000000030
17955  40.702  -65.081  -0.450 0.2000000030
19005  40.284  -64.518  -0.279 0.2000000030
20002  39.877  -63.842  0.003 0.2000000030
21019  39.490  -63.178  1.337 0.3000000119
21020  38.654  -62.777  0.988 0.3000000119
19992  39.316  -63.381  0.570 0.3000000119
19993  38.352  -63.254  0.421 0.3000000119
17956  40.002  -65.125  -0.690 0.2000000030
19006  39.332  -64.417  -0.405 0.2000000030
16078  40.742  -66.954  -0.775 0.2000000030
20003  38.836  -63.720  -0.051 0.2000000030
17060  40.493  -66.588  -1.059 0.2000000030
14189  40.235  -69.687  -0.388 0.1000000015
16075  40.792  -67.085  -0.507 0.2000000030
17967  40.730  -65.781  -0.740 0.2000000030
17059  40.968  -66.470  -0.512 0.2000000030
20004  38.133  -63.673  0.078 0.3000000119
15115  40.402  -68.674  -0.778 0.1000000015
17957  38.917  -65.133  -0.869 0.2000000030
19007  37.981  -64.325  -0.263 0.2000000030
19994  37.413  -63.504  0.370 0.4000000060
16079  40.371  -67.575  -1.102 0.2000000030
17968  39.791  -65.864  -1.175 0.2000000030
14207  40.279  -69.452  -1.203 0.1000000015
13254  40.123  -70.445  -1.250 0.2000000030
17061  39.540  -66.787  -1.493 0.2000000030
17969  38.630  -65.984  -1.356 0.2000000030
17958  37.723  -65.331  -0.808 0.2000000030
19008  36.772  -64.800  -0.313 0.4000000060
19995  36.277  -63.591  0.562 0.4000000060
16080  39.315  -67.767  -2.051 0.4000000060
19996  35.313  -63.607  0.469 0.4000000060
16081  38.588  -67.464  -2.258 0.4000000060
27511  43.301  -56.532  4.940 0.1000000015
28592  41.646  -55.176  4.641 0.1000000015
18992  35.957  -64.337  0.198 0.4000000060
17970  37.453  -66.089  -1.337 0.4000000060
19009  35.608  -64.909  -0.572 0.5000000000
17069  37.620  -67.197  -2.400 0.4000000060
17062  38.304  -66.917  -1.896 0.3000000119
17063  37.051  -66.592  -1.902 0.4000000060
27524  42.818  -55.989  4.307 0.1000000015
27523  43.341  -56.472  3.874 0.1000000015
28612  41.875  -55.330  3.769 0.1000000015
18994  35.031  -64.279  -0.285 0.4000000060
19010  34.845  -64.188  -0.672 0.5000000000
17972  35.668  -65.628  -1.473 0.5000000000
20005  34.596  -63.409  -0.606 0.5000000000
28634  42.205  -55.754  3.187 0.1000000015
27588  42.049  -56.975  1.721 0.1000000015
27563  42.259  -56.453  2.386 0.1000000015
27564  40.987  -56.067  2.180 0.1000000015
17941  42.674  -65.475  2.151 0.1000000015
19990  41.603  -64.139  1.236 0.1000000015
19982  41.263  -63.535  1.932 0.1000000015
18981  42.414  -65.021  1.981 0.1000000015
18962  42.619  -64.254  3.303 0.1000000015
20990  41.032  -63.154  3.299 0.1000000015
21023  35.619  -62.844  0.860 0.4000000060
17041  41.406  -66.002  1.517 0.1000000015
18991  36.858  -64.147  0.158 0.4000000060
17959  36.647  -65.518  -0.837 0.4000000060
27542  42.729  -56.109  3.373 0.1000000015
18961  43.258  -64.982  3.071 0.1000000015
13310  28.838  -70.772  -3.798 0.1000000015
12414  28.677  -71.489  -4.253 0.1000000015
12412  30.748  -71.154  -4.955 0.1000000015
12404  27.892  -71.896  -3.591 0.1000000015
13307  31.384  -70.281  -4.638 0.1000000015
12393  27.978  -71.760  -3.205 0.1000000015
11551  27.483  -72.368  -3.224 0.1000000015
10665  26.244  -73.442  -3.571 0.1000000015
11564  27.680  -72.443  -4.093 0.1000000015
2516  29.241  -83.862  1.927 0.1000000015
6545  28.079  -78.071  -5.193 0.1000000015
7329  27.251  -77.378  -5.380 0.1000000015
14224  30.341  -69.971  -3.806 0.1000000015
8060  27.040  -76.473  -4.756 0.1000000015
13309  29.481  -70.474  -4.217 0.1000000015
8877  26.589  -74.930  -3.326 0.1000000015
13294  31.184  -70.185  -3.563 0.1000000015
9777  25.831  -74.284  -3.783 0.1000000015
13306  32.575  -70.519  -4.650 0.1000000015
2489  29.861  -83.712  2.871 0.1000000015
2997  28.679  -83.260  1.862 0.1000000015
3548  29.009  -82.089  1.586 0.1000000015
2969  30.394  -83.149  3.255 0.1000000015
2504  29.309  -84.221  2.643 0.1000000015
5670  29.906  -79.119  1.665 0.1000000015
4228  28.169  -81.480  -3.403 0.1000000015
5772  28.354  -79.589  -5.465 0.1000000015
13296  29.497  -70.432  -3.463 0.1000000015
13286  28.719  -70.963  -3.016 0.1000000015
11539  27.933  -72.088  -2.813 0.1000000015
13292  33.201  -70.729  -4.067 0.1000000015
13305  33.329  -70.937  -4.845 0.1000000015
2996  29.734  -82.977  1.434 0.1000000015
4159  30.033  -81.067  1.225 0.1000000015
3008  30.287  -82.807  1.341 0.1000000015
4887  30.754  -80.498  1.320 0.1000000015
4865  30.315  -80.221  1.419 0.1000000015
6495  30.788  -78.246  -0.167 0.1000000015
4921  29.671  -80.160  -1.412 0.1000000015
4196  29.258  -81.048  -1.666 0.1000000015
4210  29.981  -81.326  -2.478 0.1000000015
4211  28.792  -81.574  -2.428 0.1000000015
4974  28.632  -80.455  -4.938 0.1000000015
5762  28.806  -79.740  -5.302 0.1000000015
6553  28.576  -79.058  -5.428 0.1000000015
7319  28.496  -77.726  -4.471 0.1000000015
9766  27.820  -74.042  -2.042 0.1000000015
13295  30.334  -70.283  -3.306 0.1000000015
12391  29.294  -71.477  -2.498 0.1000000015
12392  28.494  -71.363  -2.914 0.1000000015
9767  26.822  -73.933  -2.272 0.1000000015
13293  32.311  -70.368  -3.773 0.1000000015
5685  31.916  -78.854  0.315 0.1000000015
2957  31.041  -82.500  3.501 0.1000000015
2488  30.507  -83.272  2.659 0.1000000015
2514  30.411  -83.278  2.098 0.1000000015
3559  30.808  -82.081  1.595 0.1000000015
4886  31.249  -79.989  1.292 0.1000000015
6477  31.430  -78.431  0.169 0.1000000015
4919  31.438  -80.056  -1.737 0.1000000015
4226  30.483  -81.358  -3.362 0.1000000015
5760  30.380  -79.631  -4.828 0.1000000015
2968  31.117  -82.767  2.991 0.1000000015
2980  30.799  -82.917  2.503 0.1000000015
3546  30.733  -82.552  1.856 0.1000000015
3545  31.056  -82.130  1.950 0.1000000015
4227  29.370  -81.472  -3.525 0.1000000015
4973  29.762  -80.409  -4.706 0.1000000015
5761  29.348  -79.532  -5.115 0.1000000015
7306  28.920  -77.327  -3.687 0.1000000015
8053  29.472  -76.726  -3.053 0.1000000015
8042  28.477  -75.819  -2.612 0.1000000015
8054  28.408  -76.346  -3.115 0.1000000015
10648  29.547  -73.387  -2.242 0.1000000015
8865  28.298  -75.233  -2.244 0.1000000015
8055  27.576  -76.399  -3.746 0.1000000015
13284  30.049  -70.773  -2.597 0.1000000015
11538  28.496  -72.219  -2.498 0.1000000015
10649  28.575  -73.177  -2.159 0.1000000015
13283  31.115  -70.472  -2.568 0.1000000015
13282  32.152  -70.529  -2.676 0.1000000015
12389  33.823  -71.399  -3.164 0.1000000015
13281  33.077  -71.025  -3.058 0.1000000015
12388  34.400  -71.846  -2.832 0.1000000015
12374  33.793  -71.236  -2.490 0.1000000015
4884  32.664  -79.456  0.050 0.1000000015
5700  32.409  -79.192  -0.390 0.1000000015
3506  31.479  -81.719  4.250 0.1000000015
2955  31.798  -82.078  3.516 0.1000000015
2967  31.768  -82.195  3.187 0.1000000015
2979  31.319  -82.367  2.521 0.1000000015
3558  31.499  -81.387  1.717 0.1000000015
4174  31.511  -80.911  1.444 0.1000000015
4885  32.358  -79.858  0.761 0.1000000015
5722  31.953  -79.375  -1.176 0.1000000015
4209  30.977  -81.202  -2.766 0.1000000015
4972  30.752  -80.440  -4.432 0.1000000015
2956  31.555  -82.213  3.520 0.1000000015
6542  31.004  -78.914  -4.612 0.1000000015
6543  29.922  -78.544  -4.600 0.1000000015
6533  30.695  -78.211  -4.189 0.1000000015
7305  29.939  -77.708  -3.790 0.1000000015
8052  30.516  -76.830  -3.114 0.1000000015
9764  29.912  -74.321  -2.273 0.1000000015
8864  29.601  -75.142  -2.075 0.1000000015
13271  30.947  -70.744  -1.618 0.1000000015
13272  30.324  -71.044  -2.104 0.1000000015
11522  30.036  -72.110  -2.036 0.1000000015
9765  28.942  -74.221  -2.079 0.1000000015
13270  32.091  -70.317  -1.538 0.1000000015
11537  29.388  -72.389  -2.241 0.1000000015
12372  35.445  -71.684  -1.651 0.1000000015
3495  32.201  -81.505  5.048 0.1000000015
3517  32.236  -81.807  3.263 0.1000000015
3532  32.054  -81.806  2.690 0.1000000015
5721  32.488  -79.284  -0.997 0.1000000015
3505  32.080  -81.770  3.925 0.1000000015
3544  31.794  -81.490  2.023 0.1000000015
4172  32.410  -80.437  1.383 0.1000000015
4901  32.836  -79.414  -0.286 0.1000000015
4918  32.331  -79.665  -1.701 0.1000000015
4937  32.649  -80.108  -2.574 0.1000000015
4971  31.710  -80.386  -4.082 0.1000000015
5758  32.353  -79.767  -4.265 0.1000000015
6541  31.998  -79.084  -4.481 0.1000000015
6532  31.577  -78.281  -4.201 0.1000000015
7304  31.058  -77.547  -3.723 0.1000000015
7303  32.103  -77.497  -3.820 0.1000000015
8039  31.014  -75.980  -2.795 0.1000000015
8863  30.525  -75.267  -2.242 0.1000000015
10647  30.418  -73.511  -2.298 0.1000000015
9753  30.235  -74.689  -2.230 0.1000000015
12376  30.346  -71.505  -1.861 0.1000000015
11536  30.132  -72.735  -2.168 0.1000000015
13259  31.914  -70.330  -0.521 0.1000000015
13260  31.392  -70.983  -0.826 0.1000000015
14215  32.501  -70.013  -0.744 0.1000000015
14214  32.777  -70.102  -1.072 0.1000000015
13269  33.365  -70.592  -1.544 0.1000000015
13268  34.161  -71.038  -1.195 0.1000000015
12373  34.424  -71.320  -1.887 0.1000000015
4171  33.059  -80.026  0.832 0.1000000015
4883  33.742  -79.607  0.123 0.1000000015
3486  32.685  -81.580  5.718 0.1000000015
3494  32.534  -81.500  4.834 0.1000000015
3516  32.562  -81.459  3.640 0.1000000015
3531  32.586  -81.441  2.961 0.1000000015
3543  32.525  -81.141  2.293 0.1000000015
4183  33.051  -79.700  0.455 0.1000000015
4900  33.591  -79.474  -0.634 0.1000000015
4916  34.084  -79.556  -1.641 0.1000000015
4158  32.595  -80.674  1.747 0.1000000015
4936  33.603  -79.750  -2.549 0.1000000015
6529  34.499  -78.870  -3.912 0.1000000015
6530  33.619  -78.502  -4.133 0.1000000015
4955  33.080  -80.092  -3.251 0.1000000015
4969  33.612  -79.942  -3.682 0.1000000015
8050  32.640  -76.638  -3.472 0.1000000015
8038  32.025  -75.806  -3.200 0.1000000015
8862  31.468  -75.131  -2.637 0.1000000015
9763  30.773  -74.429  -2.381 0.1000000015
11520  31.381  -72.545  -1.276 0.1000000015
13243  31.768  -70.935  -0.267 0.1000000015
12375  30.967  -71.575  -1.252 0.1000000015
11535  30.778  -72.878  -1.955 0.1000000015
14210  32.605  -69.879  -0.150 0.1000000015
14209  33.253  -69.991  -0.415 0.1000000015
4849  33.348  -80.194  2.296 0.1000000015
4116  33.085  -81.203  5.114 0.1000000015
4835  33.266  -80.256  3.410 0.1000000015
4863  33.453  -80.056  1.763 0.1000000015
4170  33.514  -79.875  1.209 0.1000000015
4898  35.082  -79.471  -0.504 0.1000000015
4123  32.932  -80.971  4.100 0.1000000015
4133  32.882  -81.057  3.337 0.1000000015
4157  33.172  -80.322  1.749 0.1000000015
4899  34.345  -79.536  -0.674 0.1000000015
4915  34.929  -79.469  -1.606 0.1000000015
5748  34.669  -79.403  -3.495 0.1000000015
4953  34.618  -79.542  -3.040 0.1000000015
8048  34.497  -76.957  -3.284 0.1000000015
8049  33.829  -76.580  -3.345 0.1000000015
8874  33.104  -75.795  -3.197 0.1000000015
8861  32.534  -75.009  -2.846 0.1000000015
9762  31.874  -74.277  -2.439 0.1000000015
11519  32.171  -72.832  -1.042 0.1000000015
13242  32.147  -70.647  0.392 0.1000000015
12362  31.604  -71.613  -0.579 0.1000000015
14195  33.171  -69.705  0.506 0.1000000015
14194  34.316  -69.679  0.463 0.1000000015
4820  33.449  -80.314  4.738 0.1000000015
4848  33.936  -79.626  2.037 0.1000000015
5683  34.758  -79.501  0.531 0.1000000015
4862  33.702  -79.828  1.325 0.1000000015
5737  35.476  -79.092  -2.009 0.1000000015
5736  35.734  -78.742  -1.880 0.1000000015
6522  35.545  -78.717  -2.463 0.1000000015
7292  35.332  -77.822  -2.827 0.1000000015
8036  34.642  -76.581  -2.615 0.1000000015
8037  34.054  -76.011  -2.954 0.1000000015
9760  33.403  -74.678  -1.719 0.1000000015
10620  33.216  -73.228  -0.772 0.1000000015
9761  32.819  -74.328  -2.076 0.1000000015
11509  32.030  -72.271  -0.531 0.1000000015
11508  32.769  -72.761  -0.509 0.1000000015
12334  32.648  -71.315  1.364 0.1000000015
13229  32.437  -70.634  1.160 0.1000000015
12346  32.221  -71.281  0.796 0.1000000015
12347  31.988  -71.360  0.108 0.1000000015
14177  32.888  -69.903  1.357 0.1000000015
15109  34.521  -68.912  1.278 0.1000000015
14193  35.566  -69.509  0.583 0.1000000015
4834  33.637  -79.679  2.582 0.1000000015
5682  35.327  -79.362  0.248 0.1000000015
5720  35.702  -79.242  -1.128 0.1000000015
5719  36.166  -78.732  -1.383 0.1000000015
5632  33.873  -79.644  4.832 0.1000000015
7291  35.697  -78.314  -2.204 0.1000000015
8032  34.656  -76.254  -1.726 0.1000000015
8859  34.321  -75.926  -2.010 0.1000000015
8851  33.772  -75.012  -1.624 0.1000000015
9750  33.718  -74.475  -1.080 0.1000000015
11480  32.979  -72.067  1.138 0.1000000015
11492  32.414  -72.040  0.317 0.1000000015
14176  33.798  -69.373  1.299 0.1000000015
15093  36.338  -68.238  1.100 0.1000000015
14174  38.036  -69.277  0.911 0.1000000015
5631  34.524  -78.975  4.678 0.1000000015
5646  33.699  -79.642  4.250 0.1000000015
6447  34.820  -78.508  2.451 0.1000000015
5667  35.534  -78.760  1.370 0.1000000015
6493  36.969  -78.472  -0.260 0.1000000015
5697  36.650  -78.508  -0.966 0.1000000015
5656  34.350  -78.931  2.165 0.1000000015
5699  35.693  -79.344  -0.504 0.1000000015
7282  35.983  -77.895  -1.739 0.1000000015
7283  35.522  -77.468  -2.158 0.1000000015
8031  35.451  -76.836  -1.589 0.1000000015
9749  34.198  -74.884  -0.671 0.1000000015
10604  33.881  -73.469  0.280 0.1000000015
11491  33.336  -72.862  0.365 0.1000000015
16020  38.622  -67.357  4.269 0.1000000015
16021  37.836  -67.464  4.128 0.1000000015
15070  36.618  -68.058  3.793 0.1000000015
14157  35.338  -69.077  3.353 0.1000000015
13214  34.569  -70.256  2.717 0.1000000015
12332  34.015  -71.644  1.872 0.1000000015
17023  38.257  -66.673  3.259 0.1000000015
16035  37.294  -67.233  3.551 0.1000000015
15071  35.706  -68.222  3.341 0.1000000015
12321  33.830  -71.247  2.060 0.1000000015
17022  39.468  -66.626  3.455 0.1000000015
17033  39.004  -66.553  2.512 0.1000000015
17024  37.529  -66.819  2.860 0.1000000015
16051  36.005  -67.558  2.665 0.1000000015
15080  34.578  -68.639  2.499 0.1000000015
14165  33.238  -70.145  1.958 0.1000000015
17032  40.107  -66.418  2.329 0.1000000015
17034  38.007  -66.659  2.316 0.1000000015
15095  34.276  -68.823  1.845 0.1000000015
16062  38.218  -67.410  1.483 0.1000000015
15094  35.143  -68.196  1.828 0.1000000015
16060  40.194  -67.479  1.055 0.1000000015
15092  37.601  -68.161  1.101 0.1000000015
15090  39.498  -68.489  0.736 0.1000000015
6421  35.209  -78.484  4.244 0.1000000015
6436  34.715  -78.501  3.291 0.1000000015
6446  35.392  -78.306  2.408 0.1000000015
6460  35.992  -78.349  1.888 0.1000000015
5666  36.172  -78.672  1.050 0.1000000015
6476  36.913  -78.520  0.241 0.1000000015
6492  37.033  -78.333  -0.590 0.1000000015
7281  36.960  -77.877  -1.188 0.1000000015
8029  37.314  -77.361  -0.776 0.1000000015
8030  36.570  -77.254  -1.159 0.1000000015
8849  34.854  -76.185  -1.203 0.1000000015
8844  34.529  -75.289  -0.567 0.1000000015
10603  34.529  -73.674  0.573 0.1000000015
11463  35.003  -71.959  1.999 0.1000000015
11490  33.974  -73.115  0.655 0.1000000015
15069  37.343  -67.879  4.132 0.1000000015
13201  35.825  -69.864  3.299 0.1000000015
13213  35.318  -70.288  3.014 0.1000000015
12320  34.381  -71.259  2.276 0.1000000015
15063  38.034  -68.101  4.379 0.1000000015
17031  41.205  -66.292  2.408 0.1000000015
6420  35.854  -78.497  4.540 0.1000000015
6445  36.231  -77.883  2.553 0.1000000015
6435  35.534  -78.127  3.524 0.1000000015
6458  37.433  -78.116  0.598 0.1000000015
7257  37.966  -77.725  0.344 0.1000000015
6459  36.647  -78.318  1.267 0.1000000015
6475  37.410  -78.203  -0.078 0.1000000015
7270  37.615  -77.799  -0.507 0.1000000015
8024  37.940  -76.830  -0.249 0.1000000015
8025  37.089  -76.764  -0.654 0.1000000015
8843  35.358  -75.764  -0.489 0.1000000015
9732  35.109  -74.438  0.418 0.1000000015
9740  35.300  -74.999  0.111 0.1000000015
11462  36.273  -72.334  2.150 0.1000000015
11477  36.177  -73.041  1.621 0.1000000015
10594  35.058  -73.254  1.104 0.1000000015
14155  37.303  -68.839  4.104 0.1000000015
13200  36.866  -69.875  3.586 0.1000000015
12319  35.511  -71.119  2.722 0.1000000015
16018  40.782  -67.846  4.397 0.1000000015
14145  38.358  -69.005  4.418 0.1000000015
16032  40.798  -67.127  3.794 0.1000000015
16019  39.749  -67.352  4.226 0.1000000015
7246  36.982  -77.733  1.853 0.1000000015
7245  37.820  -77.585  1.373 0.1000000015
7269  38.313  -77.323  0.078 0.1000000015
8841  37.409  -76.362  -0.314 0.1000000015
8835  37.712  -75.708  0.115 0.1000000015
8836  36.381  -75.385  0.106 0.1000000015
10575  36.631  -72.970  1.715 0.1000000015
10593  35.817  -73.472  1.265 0.1000000015
12318  36.774  -71.445  2.743 0.1000000015
12306  36.360  -70.628  3.119 0.1000000015
15062  38.971  -68.206  4.578 0.1000000015
17020  41.567  -66.754  3.229 0.1000000015
7232  38.304  -77.002  1.979 0.1000000015
8005  39.184  -76.606  1.493 0.1000000015
7256  38.650  -77.113  0.857 0.1000000015
8016  38.636  -76.232  0.225 0.1000000015
8023  38.694  -76.818  0.266 0.1000000015
9729  38.190  -74.826  0.721 0.1000000015
9730  36.979  -74.642  0.661 0.1000000015
10601  36.166  -74.068  0.902 0.1000000015
11461  37.598  -72.186  2.587 0.1000000015
12305  37.534  -70.958  3.230 0.1000000015
12317  37.402  -71.538  2.843 0.1000000015
15061  39.948  -68.431  4.671 0.1000000015
13199  38.050  -69.950  3.949 0.1000000015
17030  42.444  -66.383  2.674 0.1000000015
17942  42.156  -65.549  2.046 0.1000000015
8014  39.445  -76.078  1.405 0.1000000015
8015  39.212  -76.365  0.797 0.1000000015
8833  39.427  -75.828  1.114 0.1000000015
8821  39.274  -75.062  1.176 0.1000000015
8834  39.022  -75.479  0.709 0.1000000015
9716  38.519  -74.323  1.228 0.1000000015
9717  37.718  -74.163  1.010 0.1000000015
10592  36.838  -73.594  1.282 0.1000000015
10574  37.275  -72.958  1.870 0.1000000015
16030  42.637  -67.137  3.608 0.1000000015
16047  42.799  -66.784  3.125 0.1000000015
8820  39.459  -75.343  1.628 0.1000000015
10589  39.490  -74.237  1.949 0.1000000015
9714  39.556  -74.693  1.866 0.1000000015
11460  38.781  -72.631  2.828 0.1000000015
10572  39.403  -73.590  2.456 0.1000000015
11451  39.235  -72.111  3.526 0.1000000015
10573  38.335  -73.156  2.164 0.1000000015
15068  42.303  -67.792  4.140 0.1000000015
16017  41.368  -68.144  4.497 0.1000000015
14144  39.241  -69.155  4.572 0.1000000015
13198  38.818  -70.255  4.113 0.1000000015
17029  43.176  -66.298  2.839 0.1000000015
14143  40.064  -69.468  4.807 0.1000000015
12303  39.866  -71.402  3.969 0.1000000015
10590  38.897  -73.888  1.740 0.1000000015
12304  38.791  -70.991  3.811 0.1000000015
12295  39.457  -70.761  4.218 0.1000000015
11452  38.275  -71.761  3.159 0.1000000015
13184  39.345  -70.103  4.464 0.1000000015
4986  27.025  -80.161  -5.448 0.1000000015
6554  28.154  -78.839  -5.512 0.1000000015
7307  28.048  -77.097  -3.886 0.1000000015
7320  27.705  -77.381  -4.702 0.1000000015
7308  27.566  -76.869  -4.227 0.1000000015
13308  30.344  -70.480  -4.549 0.1000000015
8889  27.085  -75.738  -3.855 0.1000000015
14232  30.648  -70.149  -4.387 0.1000000015
10650  27.483  -72.950  -2.454 0.1000000015
8866  27.215  -74.762  -2.459 0.1000000015
10664  26.893  -72.957  -3.061 0.1000000015
11552  27.011  -72.859  -3.581 0.1000000015
9776  26.221  -74.087  -2.894 0.1000000015
2080  28.988  -84.599  2.945 0.1000000015
6555  27.368  -78.328  -5.855 0.1000000015
5773  27.537  -79.466  -5.708 0.1000000015
2515  29.999  -83.689  1.958 0.1000000015
6461  30.376  -78.540  1.254 0.1000000015
4236  28.703  -81.242  -4.192 0.1000000015
4237  28.074  -81.137  -4.320 0.1000000015
3560  30.328  -82.335  1.213 0.1000000015
3007  30.431  -82.601  1.449 0.1000000015
5724  30.288  -79.371  -1.118 0.1000000015
5703  30.096  -78.666  -0.520 0.1000000015
5723  31.162  -79.367  -1.243 0.1000000015
4940  30.069  -80.799  -1.798 0.1000000015
7318  29.318  -77.966  -4.324 0.1000000015
8876  27.578  -75.633  -2.991 0.1000000015
12390  29.965  -71.284  -2.273 0.1000000015
4938  31.696  -80.674  -2.457 0.1000000015
4957  31.067  -80.982  -3.823 0.1000000015
4958  30.148  -81.119  -4.172 0.1000000015
2993  31.161  -82.236  2.181 0.1000000015
8041  29.031  -75.948  -2.481 0.1000000015
8040  30.043  -76.127  -2.355 0.1000000015
4902  32.662  -79.848  0.592 0.1000000015
3557  31.918  -81.012  1.616 0.1000000015
4173  32.079  -80.521  1.333 0.1000000015
4956  31.942  -80.786  -3.311 0.1000000015
11521  30.566  -72.239  -1.710 0.1000000015
4917  33.213  -79.493  -1.660 0.1000000015
4970  32.683  -80.156  -3.796 0.1000000015
6539  33.735  -79.258  -4.169 0.1000000015
6540  32.959  -79.179  -4.308 0.1000000015
7302  33.219  -77.529  -3.819 0.1000000015
8051  31.545  -76.698  -3.370 0.1000000015
13258  33.694  -70.322  -0.633 0.1000000015
4882  34.335  -79.604  0.403 0.1000000015
3504  32.602  -81.392  4.337 0.1000000015
4146  32.965  -80.802  2.657 0.1000000015
4968  34.227  -79.697  -3.520 0.1000000015
7300  34.955  -78.324  -3.529 0.1000000015
7301  34.431  -77.700  -3.635 0.1000000015
10646  31.367  -73.443  -2.077 0.1000000015
14196  32.432  -70.003  0.443 0.1000000015
7293  34.826  -77.216  -3.193 0.1000000015
8860  33.648  -75.471  -2.346 0.1000000015
10645  32.172  -73.666  -1.963 0.1000000015
10633  32.740  -73.412  -1.355 0.1000000015
14178  32.432  -70.250  0.867 0.1000000015
5668  34.556  -79.434  1.073 0.1000000015
6511  36.479  -78.309  -1.399 0.1000000015
8035  35.268  -77.178  -2.339 0.1000000015
9751  33.224  -74.075  -1.493 0.1000000015
10619  33.582  -73.651  -0.355 0.1000000015
11493  31.975  -71.815  -0.153 0.1000000015
13228  32.953  -70.663  1.725 0.1000000015
15108  35.270  -68.815  0.955 0.1000000015
15107  35.958  -68.918  0.757 0.1000000015
14192  36.700  -69.455  0.827 0.1000000015
5645  33.889  -79.240  3.405 0.1000000015
5698  36.387  -78.908  -0.465 0.1000000015
8850  34.255  -75.533  -1.258 0.1000000015
9742  34.059  -74.325  -0.454 0.1000000015
14164  33.832  -69.548  2.201 0.1000000015
14175  37.167  -68.751  0.948 0.1000000015
16063  37.136  -67.356  1.673 0.1000000015
15091  38.676  -68.320  0.967 0.1000000015
5681  36.228  -78.840  0.602 0.1000000015
8026  36.271  -76.540  -0.887 0.1000000015
9741  34.596  -74.717  -0.080 0.1000000015
14156  36.237  -68.978  3.639 0.1000000015
16036  36.318  -67.590  3.198 0.1000000015
15072  34.974  -68.552  3.091 0.1000000015
13215  33.667  -70.646  2.195 0.1000000015
11479  34.171  -72.495  1.352 0.1000000015
16050  36.840  -67.111  2.577 0.1000000015
16037  35.707  -67.733  2.991 0.1000000015
16033  40.159  -66.887  3.679 0.1000000015
16065  35.575  -67.757  2.411 0.1000000015
16064  36.120  -67.591  2.012 0.1000000015
17021  40.584  -66.555  3.185 0.1000000015
16048  38.726  -66.907  1.849 0.1000000015
16073  39.911  -67.930  0.744 0.1000000015
16061  39.401  -67.531  1.292 0.1000000015
11478  35.402  -72.761  1.588 0.1000000015
12307  35.736  -70.478  3.055 0.1000000015
8842  36.717  -76.106  -0.349 0.1000000015
9731  35.839  -74.719  0.505 0.1000000015
16031  41.756  -67.551  3.949 0.1000000015
17019  42.194  -66.950  3.344 0.1000000015
11453  37.707  -71.603  2.930 0.1000000015
10591  37.957  -73.639  1.496 0.1000000015
17971  36.461  -66.003  -1.381 0.4000000060
16085  38.418  -67.859  -2.615 0.3000000119
17070  36.540  -66.774  -2.645 0.3000000119
17064  36.127  -66.265  -1.941 0.4000000060
17065  35.658  -65.939  -2.009 0.4000000060
16087  36.607  -67.132  -3.105 0.3000000119
17988  35.699  -65.655  -3.085 0.4000000060
12432  39.940  -71.773  -6.469 0.1000000015
12431  40.362  -71.165  -6.193 0.1000000015
13327  41.137  -70.155  -5.914 0.2000000030
14227  41.326  -69.644  -4.984 0.3000000119
20027  37.330  -63.134  -3.610 0.4000000060
16084  39.073  -68.274  -2.465 0.3000000119
16101  40.311  -67.677  -4.828 0.4000000060
13300  41.295  -69.976  -5.193 0.2000000030
15129  41.269  -68.745  -4.772 0.3000000119
17094  39.920  -66.619  -4.866 0.4000000060
18008  39.409  -65.591  -4.612 0.4000000060
19032  37.771  -64.331  -4.094 0.4000000060
11583  39.329  -72.233  -7.177 0.1000000015
13315  41.331  -69.887  -5.595 0.3000000119
19049  38.762  -64.802  -4.403 0.4000000060
19031  39.042  -63.852  -4.288 0.4000000060
12440  39.138  -72.089  -7.476 0.1000000015
21039  37.561  -61.517  -3.085 0.5000000000
14240  41.547  -69.439  -5.365 0.3000000119
16100  41.278  -67.747  -4.674 0.3000000119
22084  37.305  -61.099  -2.609 0.4000000060
24262  36.637  -59.588  -2.247 0.4000000060
17093  41.036  -66.646  -4.713 0.4000000060
18007  40.585  -65.508  -4.642 0.4000000060
19030  39.568  -63.705  -4.359 0.4000000060
20025  39.666  -63.139  -4.283 0.4000000060
20026  38.508  -63.085  -3.925 0.5000000000
13337  39.869  -70.483  -7.348 0.2000000030
12438  40.031  -70.778  -6.874 0.2000000030
13336  40.436  -70.163  -6.898 0.2000000030
15139  41.890  -68.759  -5.584 0.2000000030
13328  40.749  -70.420  -6.264 0.2000000030
16099  41.964  -67.929  -4.803 0.3000000119
17092  42.067  -66.674  -4.639 0.3000000119
12446  38.773  -71.872  -8.014 0.1000000015
15128  41.678  -68.904  -5.044 0.3000000119
18006  41.662  -65.556  -4.582 0.4000000060
19048  39.957  -64.181  -4.448 0.4000000060
21051  37.975  -62.037  -3.433 0.5000000000
22083  37.908  -61.179  -3.143 0.5000000000
23156  37.092  -60.241  -2.506 0.4000000060
19047  41.239  -64.425  -4.533 0.4000000060
20024  40.397  -62.892  -4.422 0.4000000060
21050  39.216  -62.119  -3.823 0.5000000000
22095  38.766  -61.039  -3.490 0.5000000000
23155  37.928  -60.203  -3.141 0.4000000060
13335  40.988  -69.930  -6.498 0.2000000030
14249  41.370  -69.450  -6.376 0.2000000030
16118  42.168  -68.142  -5.256 0.4000000060
16135  42.277  -67.871  -5.834 0.2000000030
17110  42.516  -67.105  -5.250 0.4000000060
22094  39.812  -61.220  -4.007 0.5000000000
23168  38.813  -60.087  -3.502 0.5000000000
24260  38.069  -59.159  -3.036 0.4000000060
24261  37.406  -59.365  -2.678 0.4000000060
17091  42.526  -66.014  -5.164 0.4000000060
19046  42.146  -64.501  -4.717 0.4000000060
14257  41.061  -69.381  -7.018 0.2000000030
13346  39.570  -70.415  -8.146 0.2000000030
15151  41.450  -69.003  -6.676 0.2000000030
25406  37.861  -58.491  -2.627 0.4000000060
15150  41.770  -68.658  -6.300 0.2000000030
18005  42.360  -65.437  -4.866 0.3000000119
20042  41.826  -63.419  -4.628 0.4000000060
21064  40.764  -62.640  -4.462 0.4000000060
12445  39.083  -71.029  -8.563 0.2000000030
15164  41.477  -68.517  -7.052 0.2000000030
17109  42.675  -66.206  -5.534 0.4000000060
26544  37.057  -57.820  -2.080 0.4000000060
21049  40.348  -62.146  -4.334 0.5000000000
23167  39.526  -60.300  -3.772 0.5000000000
29876  36.971  -55.005  -1.163 0.4000000060
13355  39.497  -70.363  -9.218 0.2000000030
14258  40.543  -69.528  -7.524 0.2000000030
21063  41.335  -62.306  -4.559 0.4000000060
24280  39.285  -59.430  -3.560 0.5000000000
25405  38.723  -58.439  -3.065 0.4000000060
28656  38.082  -55.424  1.180 0.4000000060
12449  38.986  -70.884  -9.622 0.2000000030
14268  40.919  -69.019  -7.741 0.2000000030
16150  41.966  -67.744  -6.636 0.2000000030
19045  42.619  -64.510  -5.134 0.4000000060
23165  41.333  -60.649  -4.487 0.5000000000
23166  40.396  -60.429  -4.174 0.5000000000
12462  38.482  -71.336  -10.213 0.2000000030
18004  42.633  -65.217  -5.224 0.4000000060
22093  40.676  -61.272  -4.368 0.5000000000
24281  38.633  -59.374  -3.315 0.5000000000
12461  38.945  -70.778  -10.211 0.2000000030
28680  38.293  -55.067  0.957 0.2000000030
28711  37.291  -55.638  -1.557 0.4000000060
27661  37.897  -57.129  -2.188 0.4000000060
13354  39.936  -69.781  -8.763 0.2000000030
17123  42.637  -66.605  -6.143 0.4000000060
25404  39.152  -58.094  -3.171 0.4000000060
27660  38.558  -56.556  -2.274 0.4000000060
16151  41.575  -67.607  -7.577 0.2000000030
14278  40.818  -68.891  -8.511 0.2000000030
29875  37.809  -54.890  -1.285 0.4000000060
28725  38.684  -56.070  -2.080 0.4000000060
28724  39.102  -55.943  -2.162 0.4000000060
21062  42.342  -62.377  -4.925 0.3000000119
24279  40.067  -59.464  -3.909 0.5000000000
26541  39.173  -57.481  -2.930 0.4000000060
17122  42.760  -65.880  -5.796 0.4000000060
20041  42.554  -63.474  -5.040 0.4000000060
22107  42.006  -61.314  -4.811 0.4000000060
19044  42.802  -64.641  -5.447 0.4000000060
24298  41.763  -59.930  -4.522 0.5000000000
15172  41.123  -68.322  -8.068 0.2000000030
29874  38.748  -54.712  -1.355 0.4000000060
25421  39.603  -58.368  -3.444 0.5000000000
25420  40.676  -58.590  -4.001 0.5000000000
24297  42.424  -59.769  -4.761 0.5000000000
23180  42.716  -60.505  -5.060 0.5000000000
17076  35.884  -66.433  -2.932 0.4000000060
19050  38.032  -65.138  -4.347 0.4000000060
28710  38.393  -55.726  -1.815 0.4000000060
24278  41.053  -59.574  -4.284 0.5000000000
14219  38.968  -69.707  -2.887 0.3000000119
15122  38.194  -68.551  -3.358 0.3000000119
15123  37.507  -67.996  -3.522 0.2000000030
16089  37.049  -67.592  -3.741 0.2000000030
13267  39.750  -70.723  -2.273 0.2000000030
13279  38.878  -70.188  -3.653 0.3000000119
13291  38.836  -70.081  -4.243 0.3000000119
14222  38.552  -69.462  -4.188 0.3000000119
12400  40.193  -71.095  -3.707 0.2000000030
13289  40.016  -70.744  -4.106 0.2000000030
13304  39.395  -70.019  -4.465 0.2000000030
13316  41.092  -70.467  -5.305 0.2000000030
11623  37.834  -71.672  -11.417 0.1000000015
12476  37.905  -71.434  -11.880 0.1000000015
19124  42.426  -64.550  -9.749 0.1000000015
14212  39.783  -69.674  -2.081 0.1000000015
15121  38.897  -68.755  -2.683 0.2000000030
14218  39.491  -70.261  -2.564 0.2000000030
12369  39.843  -71.364  -1.906 0.1000000015
12450  38.584  -71.662  -9.130 0.1000000015
16181  41.336  -67.544  -9.503 0.1000000015
17154  41.671  -66.876  -8.988 0.1000000015
17153  42.073  -66.255  -8.468 0.1000000015
19089  42.961  -64.614  -7.988 0.1000000015
15194  41.050  -68.175  -10.062 0.1000000015
18065  42.430  -65.514  -9.068 0.1000000015
19106  42.769  -64.861  -8.731 0.1000000015
19088  43.434  -63.910  -7.493 0.1000000015
18084  42.144  -65.562  -9.825 0.1000000015
21104  43.801  -62.520  -8.927 0.1000000015
21091  44.130  -61.912  -7.134 0.1000000015
22148  43.787  -61.587  -8.501 0.1000000015
23210  44.171  -60.750  -7.314 0.1000000015
18035  42.872  -65.292  -6.180 0.1000000015
21061  43.062  -62.261  -5.434 0.3000000119
14279  40.505  -69.225  -9.256 0.1000000015
15181  41.028  -68.392  -9.149 0.1000000015
18036  42.552  -65.734  -6.847 0.1000000015
20059  43.521  -63.293  -5.949 0.2000000030
21072  43.382  -62.559  -5.704 0.3000000119
22105  43.790  -61.051  -5.464 0.3000000119
24295  44.346  -59.560  -5.056 0.3000000119
12475  38.402  -71.080  -11.341 0.1000000015
14287  40.314  -69.280  -10.185 0.1000000015
18049  42.522  -65.468  -7.905 0.1000000015
20073  43.738  -63.128  -6.627 0.1000000015
21071  43.764  -62.161  -5.973 0.2000000030
22104  44.318  -60.604  -5.326 0.3000000119
15195  40.562  -68.669  -10.499 0.1000000015
21080  43.957  -62.746  -7.041 0.1000000015
23189  44.323  -60.708  -6.026 0.2000000030
23177  44.858  -60.117  -5.298 0.3000000119
23199  44.464  -60.436  -6.528 0.1000000015
24317  45.426  -59.207  -6.742 0.2000000030
24305  45.898  -58.625  -6.228 0.4000000060
23226  43.457  -60.712  -8.464 0.1000000015
24328  44.510  -59.735  -7.449 0.1000000015
25482  45.739  -58.336  -7.503 0.3000000119
17051  41.211  -66.138  0.427 0.1000000015
17056  40.998  -66.632  -0.099 0.1000000015
25419  41.314  -58.764  -4.244 0.4000000060
25439  41.925  -59.010  -4.461 0.4000000060
22106  42.929  -61.330  -5.305 0.3000000119
24296  43.333  -59.663  -5.036 0.4000000060
25438  42.864  -58.867  -4.718 0.4000000060
25436  44.979  -58.546  -5.094 0.4000000060
26571  44.370  -57.628  -4.792 0.4000000060
25435  45.308  -58.821  -5.304 0.4000000060
26586  46.097  -57.391  -5.733 0.5000000000
24316  45.899  -58.538  -6.650 0.3000000119
25468  46.136  -57.969  -6.624 0.5000000000
24347  43.501  -59.641  -8.374 0.2000000030
24329  43.875  -60.365  -7.879 0.1000000015
25481  46.059  -57.696  -7.261 0.4000000060
22150  41.841  -61.449  -9.126 0.1000000015
23227  42.685  -60.491  -8.735 0.1000000015
25503  43.827  -58.557  -8.640 0.2000000030
24345  45.002  -58.515  -8.336 0.2000000030
20101  41.203  -63.063  -9.354 0.1000000015
25504  42.977  -58.914  -8.833 0.2000000030
20102  40.740  -63.318  -8.775 0.1000000015
22151  41.103  -62.132  -8.559 0.1000000015
26562  40.585  -57.551  -3.566 0.4000000060
26563  39.867  -57.356  -3.206 0.3000000119
26573  42.468  -58.228  -4.374 0.4000000060
25437  43.871  -58.699  -4.897 0.4000000060
26560  42.632  -57.565  -4.175 0.4000000060
25455  45.437  -58.032  -5.222 0.4000000060
27708  45.818  -56.521  -5.253 0.4000000060
27709  45.510  -57.050  -5.067 0.4000000060
27707  46.195  -56.385  -6.105 0.5000000000
27723  46.113  -56.446  -6.851 0.4000000060
25502  44.698  -58.197  -8.564 0.3000000119
26635  45.658  -57.322  -8.087 0.4000000060
27737  45.427  -56.700  -7.761 0.4000000060
23213  40.560  -60.367  -7.351 0.2000000030
23212  41.172  -60.302  -8.002 0.2000000030
26638  43.161  -58.158  -8.561 0.2000000030
22138  40.836  -61.338  -7.852 0.1000000015
22137  41.409  -60.821  -8.442 0.2000000030
16184  37.760  -67.546  -9.392 0.1000000015
27682  41.464  -56.719  -3.453 0.4000000060
27683  40.343  -56.495  -2.968 0.4000000060
27681  42.682  -56.710  -3.882 0.4000000060
27694  43.735  -56.549  -4.325 0.4000000060
27680  43.244  -56.288  -4.006 0.4000000060
27693  45.114  -56.585  -4.799 0.4000000060
28776  46.132  -55.263  -5.886 0.4000000060
27692  45.605  -56.215  -4.914 0.4000000060
28796  45.882  -55.560  -6.379 0.3000000119
28812  45.011  -56.208  -6.921 0.4000000060
28811  45.641  -56.152  -6.896 0.4000000060
26619  42.238  -57.861  -7.963 0.3000000119
26617  43.861  -57.546  -8.032 0.3000000119
27754  44.871  -57.049  -8.286 0.4000000060
22125  40.454  -60.924  -7.176 0.2000000030
24332  40.339  -59.707  -7.149 0.2000000030
24330  41.491  -59.481  -8.140 0.2000000030
26639  42.527  -58.542  -8.573 0.2000000030
21094  40.094  -62.615  -7.368 0.2000000030
15174  36.612  -67.818  -8.878 0.1000000015
16185  37.226  -67.660  -9.081 0.1000000015
16167  37.991  -66.957  -8.719 0.1000000015
28709  39.349  -55.207  -1.807 0.3000000119
28747  41.258  -55.845  -2.985 0.4000000060
28748  40.671  -55.815  -2.701 0.3000000119
28746  42.245  -55.830  -3.339 0.4000000060
28744  44.313  -54.977  -3.966 0.4000000060
28745  43.372  -55.658  -3.751 0.4000000060
28760  44.695  -55.612  -4.397 0.4000000060
28761  44.023  -55.681  -4.118 0.4000000060
29946  46.093  -55.017  -5.120 0.4000000060
28759  45.670  -55.541  -4.840 0.4000000060
28797  45.290  -55.320  -6.384 0.4000000060
29966  46.096  -54.514  -5.933 0.3000000119
27742  41.395  -57.045  -6.714 0.3000000119
27724  42.442  -56.432  -6.669 0.3000000119
28814  43.378  -56.299  -6.879 0.3000000119
28813  44.254  -56.213  -6.966 0.3000000119
28798  44.552  -55.210  -6.524 0.3000000119
24320  39.016  -59.570  -6.150 0.2000000030
24319  39.802  -59.397  -6.718 0.2000000030
25470  40.869  -58.097  -6.964 0.3000000119
26620  41.316  -57.626  -7.002 0.2000000030
27740  42.899  -57.118  -7.374 0.3000000119
27739  43.929  -57.094  -7.679 0.3000000119
23201  39.509  -60.385  -6.455 0.2000000030
25484  41.158  -58.602  -7.537 0.2000000030
22126  40.037  -61.330  -6.847 0.2000000030
29873  39.697  -54.381  -1.351 0.3000000119
30977  40.223  -54.002  -1.201 0.3000000119
28708  40.085  -54.895  -1.807 0.3000000119
29887  40.694  -54.932  -1.989 0.4000000060
28723  40.085  -55.678  -2.366 0.3000000119
29884  43.251  -53.909  -2.667 0.3000000119
29885  42.684  -54.400  -2.637 0.4000000060
29905  44.546  -54.327  -3.949 0.4000000060
29906  43.853  -54.256  -3.364 0.4000000060
29907  42.843  -55.056  -3.120 0.4000000060
31008  44.715  -53.804  -4.061 0.4000000060
31052  45.713  -53.359  -5.476 0.3000000119
31031  45.963  -53.756  -4.883 0.4000000060
29926  45.217  -54.433  -4.390 0.4000000060
28779  41.316  -55.371  -5.520 0.3000000119
28778  42.226  -55.112  -5.672 0.2000000030
29970  43.397  -54.686  -6.214 0.2000000030
31068  44.534  -53.546  -6.151 0.2000000030
31067  45.369  -53.575  -6.103 0.3000000119
31051  46.206  -53.900  -5.492 0.3000000119
27726  40.644  -56.922  -6.374 0.3000000119
28801  41.926  -55.936  -5.981 0.3000000119
28800  42.894  -55.413  -6.222 0.2000000030
28799  43.754  -55.305  -6.504 0.2000000030
29968  44.939  -54.270  -6.374 0.2000000030
24307  38.187  -59.212  -5.689 0.2000000030
26604  38.877  -57.434  -5.719 0.3000000119
26603  39.859  -57.621  -6.273 0.3000000119
30940  39.388  -53.754  0.219 0.3000000119
30964  38.885  -53.994  -0.257 0.3000000119
29859  39.087  -54.182  -0.867 0.3000000119
31009  44.534  -53.060  -3.892 0.3000000119
31034  42.988  -53.168  -5.033 0.2000000030
31033  44.175  -52.860  -4.804 0.2000000030
31032  45.211  -53.236  -4.655 0.2000000030
29929  41.280  -54.013  -4.473 0.2000000030
29948  42.982  -54.051  -5.706 0.2000000030
31055  43.248  -53.461  -5.566 0.2000000030
31054  43.811  -53.380  -5.791 0.2000000030
29838  38.883  -54.274  0.645 0.2000000030
20103  40.057  -64.065  -8.269 0.1000000015
20086  40.441  -63.085  -8.059 0.1000000015
25456  38.318  -58.234  -5.620 0.3000000119
22127  38.950  -61.370  -6.154 0.2000000030
15126  37.594  -68.222  -3.895 0.3000000119
15125  38.085  -68.871  -4.038 0.3000000119
14229  40.615  -69.511  -4.650 0.2000000030
15118  39.475  -68.735  -2.272 0.2000000030
16086  37.299  -67.568  -3.085 0.2000000030
20040  42.995  -63.602  -5.506 0.3000000119
30941  38.756  -53.987  0.224 0.3000000119
17136  42.100  -66.598  -7.325 0.1000000015
27658  39.995  -56.211  -2.650 0.3000000119
19063  43.066  -64.408  -5.804 0.3000000119
16165  41.370  -67.605  -8.564 0.1000000015
14220  38.504  -69.498  -3.686 0.3000000119
13278  39.590  -70.666  -3.251 0.1000000015
13290  39.368  -70.515  -4.078 0.2000000030
19123  43.059  -63.855  -9.544 0.1000000015
14213  39.303  -69.242  -2.493 0.2000000030
15182  40.762  -68.791  -9.887 0.1000000015
17174  41.990  -66.190  -9.393 0.1000000015
17137  41.693  -66.951  -8.151 0.1000000015
18048  42.878  -64.826  -7.084 0.1000000015
19105  43.304  -64.141  -8.811 0.1000000015
21092  44.001  -62.390  -7.672 0.1000000015
22124  44.104  -61.310  -6.204 0.1000000015
19075  43.245  -64.136  -6.467 0.2000000030
20072  43.833  -62.599  -6.290 0.2000000030
21060  43.635  -61.514  -5.651 0.3000000119
23178  44.519  -60.242  -5.166 0.4000000060
22116  44.081  -60.915  -5.647 0.3000000119
22115  44.608  -60.432  -5.228 0.3000000119
24306  45.329  -59.319  -5.789 0.3000000119
26561  41.705  -57.887  -4.032 0.4000000060
23228  41.837  -60.206  -8.658 0.2000000030
24349  42.012  -59.419  -8.601 0.2000000030
26572  43.277  -57.817  -4.489 0.4000000060
24331  40.815  -59.584  -7.614 0.2000000030
27741  41.970  -57.091  -7.075 0.3000000119
25485  40.440  -59.125  -7.205 0.2000000030
28721  41.930  -55.104  -2.768 0.4000000060
28722  41.042  -55.297  -2.443 0.4000000060
28802  40.924  -56.072  -5.973 0.3000000119
25472  39.206  -58.552  -6.106 0.2000000030
25471  40.280  -58.434  -6.778 0.2000000030
29886  41.597  -54.373  -1.994 0.4000000060
31053  44.841  -53.237  -5.529 0.2000000030
29950  40.749  -54.808  -4.908 0.2000000030
29949  41.846  -54.576  -5.149 0.2000000030
29969  43.950  -54.107  -6.285 0.2000000030
30976  40.760  -53.798  -1.161 0.2000000030
30987  41.953  -53.918  -1.799 0.3000000119
30963  39.907  -53.789  -0.638 0.2000000030
30938  41.439  -53.432  0.104 0.2000000030
13288  40.500  -70.855  -4.241 0.1000000015
12399  40.585  -71.421  -3.973 0.1000000015
13301  40.954  -70.448  -4.755 0.1000000015
15117  40.068  -68.664  -1.613 0.1000000015
13302  40.562  -70.271  -4.561 0.1000000015
11568  40.969  -71.728  -4.979 0.1000000015
12407  40.951  -71.217  -4.812 0.1000000015
27617  39.813  -55.654  1.196 0.1000000015
28679  39.311  -54.911  1.033 0.1000000015
27616  40.720  -56.202  0.920 0.1000000015
28678  40.281  -55.080  0.903 0.1000000015
29836  40.878  -54.238  0.519 0.1000000015
28677  41.289  -55.218  0.691 0.1000000015
30939  40.382  -53.565  0.176 0.1000000015
29835  42.078  -54.150  0.293 0.1000000015
30961  42.015  -53.329  -0.638 0.1000000015
30975  41.722  -53.675  -1.408 0.2000000030
30937  42.166  -53.390  -0.068 0.1000000015
30960  42.900  -53.573  -0.523 0.2000000030
30959  43.946  -53.619  -0.796 0.2000000030
30974  42.814  -53.373  -1.492 0.2000000030
30986  42.560  -53.822  -2.068 0.2000000030
30972  44.731  -53.425  -1.345 0.2000000030
30973  43.930  -53.130  -1.691 0.2000000030
30985  43.807  -53.302  -2.700 0.2000000030
32142  44.077  -52.339  -3.845 0.1000000015
29856  44.285  -54.263  -0.692 0.2000000030
32117  44.544  -52.397  -3.586 0.2000000030
26505  40.879  -56.832  0.919 0.1000000015
27615  41.655  -56.260  0.668 0.1000000015
28676  42.248  -55.332  0.484 0.1000000015
27727  39.575  -56.831  -5.898 0.2000000030
27728  38.965  -56.756  -5.652 0.2000000030
26588  37.781  -57.531  -5.440 0.2000000030
27712  37.087  -56.782  -5.142 0.2000000030
28803  39.967  -56.176  -5.827 0.2000000030
27711  38.266  -56.622  -5.417 0.2000000030
27710  39.108  -56.278  -5.593 0.2000000030
28780  40.312  -55.520  -5.448 0.2000000030
28782  38.545  -55.821  -5.187 0.1000000015
28783  37.575  -55.945  -4.932 0.2000000030
29952  38.909  -55.278  -4.893 0.2000000030
29951  39.707  -55.033  -4.832 0.2000000030
28763  37.064  -55.234  -4.403 0.1000000015
28762  38.111  -55.286  -4.603 0.1000000015
28765  35.426  -54.971  -4.409 0.1000000015
29953  35.024  -54.753  -4.450 0.1000000015
29932  37.730  -54.669  -3.957 0.1000000015
29931  38.887  -54.681  -4.188 0.1000000015
28764  36.019  -55.131  -4.317 0.1000000015
29933  36.609  -54.439  -3.756 0.1000000015
29935  34.841  -54.178  -4.267 0.1000000015
31038  35.915  -53.843  -3.499 0.1000000015
32166  34.298  -52.874  -4.882 0.1000000015
29870  45.115  -54.414  -1.171 0.1000000015
28706  45.839  -55.629  -1.801 0.1000000015
29928  42.329  -53.789  -4.907 0.1000000015
29930  40.092  -54.121  -4.035 0.1000000015
29910  38.343  -54.141  -3.459 0.1000000015
29909  39.337  -53.976  -3.567 0.1000000015
32165  34.853  -52.586  -4.313 0.1000000015
32148  35.428  -52.531  -3.544 0.1000000015
29868  46.365  -54.833  -2.127 0.1000000015
32103  45.386  -52.849  -1.950 0.1000000015
31012  40.014  -53.286  -3.252 0.1000000015
31011  41.158  -52.968  -3.507 0.1000000015
32121  38.863  -52.442  -2.033 0.1000000015
30989  39.292  -52.949  -2.631 0.1000000015
29908  39.800  -53.795  -3.636 0.1000000015
31036  40.782  -53.547  -3.833 0.1000000015
32122  37.792  -52.229  -1.899 0.1000000015
31013  38.856  -53.526  -3.008 0.1000000015
33235  37.081  -51.350  -2.025 0.1000000015
30991  37.456  -52.974  -2.413 0.1000000015
31015  36.689  -53.434  -2.950 0.1000000015
31014  37.836  -53.584  -2.880 0.1000000015
34295  36.254  -51.091  -2.995 0.1000000015
33236  36.413  -51.544  -2.668 0.1000000015
33258  35.825  -51.622  -3.312 0.1000000015
30983  46.764  -53.777  -2.383 0.1000000015
30971  45.830  -53.534  -1.868 0.1000000015
31035  41.855  -53.080  -4.090 0.1000000015
34279  37.496  -50.348  -1.836 0.1000000015
34294  36.760  -50.442  -2.668 0.1000000015
32163  42.579  -52.606  -4.092 0.1000000015
28784  36.439  -55.949  -4.745 0.1000000015
31016  35.793  -53.176  -3.275 0.1000000015
33259  35.286  -51.892  -3.918 0.1000000015
32145  40.750  -52.703  -2.946 0.1000000015
19109  35.105  -64.990  -8.489 0.1000000015
20104  35.640  -63.133  -8.859 0.1000000015
20121  35.538  -64.259  -9.073 0.1000000015
19110  34.719  -65.551  -8.628 0.1000000015
18088  34.186  -65.798  -9.698 0.1000000015
18089  33.530  -66.141  -9.948 0.1000000015
17195  32.761  -66.267  -10.535 0.1000000015
19094  35.628  -64.714  -7.634 0.1000000015
20105  35.502  -63.512  -8.304 0.1000000015
19128  35.185  -65.035  -9.516 0.1000000015
18070  34.304  -65.848  -8.770 0.1000000015
21108  35.570  -62.346  -8.172 0.1000000015
20091  35.755  -63.722  -7.168 0.1000000015
18069  34.780  -65.886  -8.319 0.1000000015
20120  35.860  -63.360  -9.361 0.1000000015
21095  35.909  -63.111  -6.816 0.1000000015
20090  36.467  -63.606  -6.633 0.1000000015
21107  35.819  -62.534  -8.915 0.1000000015
23231  35.784  -61.029  -8.221 0.1000000015
22171  36.430  -61.529  -9.204 0.1000000015
22152  35.871  -61.566  -8.517 0.1000000015
17204  32.013  -66.385  -10.999 0.1000000015
2502  30.522  -83.197  2.279 0.1000000015
2503  30.127  -83.587  2.390 0.1000000015
2513  30.562  -83.073  2.095 0.1000000015
2994  30.734  -82.808  2.157 0.1000000015
2995  30.445  -82.930  1.711 0.1000000015
3547  29.821  -81.815  1.158 0.1000000015
4156  33.417  -80.013  1.459 0.1000000015
4175  30.616  -81.178  1.321 0.1000000015
4184  32.597  -80.132  1.036 0.1000000015
4185  32.412  -80.079  0.988 0.1000000015
4208  31.512  -81.139  -3.024 0.1000000015
4224  31.565  -81.107  -3.219 0.1000000015
4225  31.269  -81.181  -3.270 0.1000000015
4864  30.788  -79.870  1.376 0.1000000015
4881  34.937  -79.529  0.007 0.1000000015
4920  30.564  -80.115  -1.619 0.1000000015
4934  34.927  -79.418  -2.516 0.1000000015
4935  34.399  -79.574  -2.478 0.1000000015
4939  30.811  -80.825  -2.085 0.1000000015
4952  34.858  -79.421  -2.839 0.1000000015
4954  33.967  -79.797  -3.165 0.1000000015
4959  29.322  -81.047  -4.401 0.1000000015
4985  27.821  -80.157  -5.399 0.1000000015
5655  34.995  -78.565  2.031 0.1000000015
5669  30.699  -79.393  1.394 0.1000000015
5684  32.392  -79.226  -0.021 0.1000000015
5686  31.243  -78.802  0.998 0.1000000015
5701  31.711  -78.811  -0.557 0.1000000015
5702  30.910  -78.754  -0.713 0.1000000015
5718  36.568  -78.412  -1.186 0.1000000015
5725  29.395  -79.357  -0.829 0.1000000015
5747  35.059  -79.250  -2.854 0.1000000015
5756  34.099  -79.627  -3.933 0.1000000015
5757  33.277  -79.717  -4.059 0.1000000015
5759  31.382  -79.757  -4.563 0.1000000015
5771  28.808  -79.292  -5.330 0.1000000015
6478  30.673  -78.224  0.576 0.1000000015
6494  31.266  -78.481  -0.339 0.1000000015
6510  36.941  -78.226  -1.003 0.1000000015
6521  35.919  -78.503  -1.797 0.1000000015
6528  35.127  -78.810  -3.285 0.1000000015
6531  32.592  -78.361  -4.196 0.1000000015
6544  28.873  -78.580  -5.079 0.1000000015
6546  27.649  -77.766  -5.315 0.1000000015
7244  38.691  -76.997  1.669 0.1000000015
7317  29.724  -78.062  -4.240 0.1000000015
8004  39.434  -76.090  1.937 0.1000000015
8837  35.699  -75.249  0.092 0.1000000015
8852  30.161  -74.959  -2.069 0.1000000015
8853  29.973  -74.786  -2.113 0.1000000015
8867  26.636  -74.451  -2.664 0.1000000015
8873  33.696  -75.892  -3.028 0.1000000015
8875  28.175  -75.772  -2.692 0.1000000015
9715  39.238  -74.623  1.494 0.1000000015
9728  38.935  -74.822  0.996 0.1000000015
9752  30.421  -74.853  -2.209 0.1000000015
10602  35.404  -73.941  0.808 0.1000000015
10618  34.128  -73.966  -0.007 0.1000000015
10632  33.354  -73.701  -1.062 0.1000000015
10634  31.952  -73.208  -1.518 0.1000000015
10651  26.616  -73.421  -2.751 0.1000000015
11464  34.379  -71.828  1.877 0.1000000015
11481  32.492  -71.698  0.967 0.1000000015
11507  33.230  -73.095  -0.320 0.1000000015
11584  38.912  -72.886  -7.451 0.1000000015
12296  39.106  -70.544  4.155 0.1000000015
12333  33.412  -71.454  1.746 0.1000000015
12377  29.806  -71.736  -2.202 0.1000000015
12402  33.680  -71.149  -3.683 0.1000000015
12403  28.311  -71.318  -3.572 0.1000000015
12415  28.081  -71.716  -3.897 0.1000000015
12430  40.768  -70.704  -5.944 0.2000000030
12439  39.566  -71.418  -7.263 0.2000000030
13185  38.760  -69.694  4.303 0.1000000015
13202  35.077  -69.741  3.146 0.1000000015
13280  38.565  -69.909  -3.953 0.3000000119
13285  29.090  -70.894  -2.913 0.1000000015
13297  28.755  -70.860  -3.270 0.1000000015
13303  39.985  -70.158  -4.453 0.2000000030
13319  32.145  -70.762  -5.141 0.1000000015
13326  41.329  -69.864  -5.891 0.3000000119
13345  40.020  -69.857  -7.779 0.2000000030
13366  39.394  -70.355  -10.219 0.2000000030
14158  34.611  -69.256  2.955 0.1000000015
14208  33.880  -70.148  -0.218 0.1000000015
14223  30.743  -69.973  -4.153 0.1000000015
14225  29.963  -70.089  -3.628 0.1000000015
14233  30.187  -70.045  -4.217 0.1000000015
14234  29.808  -70.013  -3.899 0.1000000015
14248  41.539  -69.478  -5.858 0.2000000030
14269  40.423  -69.357  -8.268 0.2000000030
15079  35.202  -67.981  2.758 0.1000000015
15132  38.617  -68.601  -4.537 0.3000000119
15163  41.758  -68.312  -6.609 0.2000000030
15173  36.991  -67.709  -8.980 0.1000000015
15196  38.323  -67.895  -10.761 0.1000000015
16034  38.096  -67.021  3.897 0.1000000015
16049  38.174  -66.870  1.791 0.1000000015
16052  35.590  -67.720  2.722 0.1000000015
16071  40.717  -67.118  -0.086 0.1000000015
16090  36.720  -67.231  -3.404 0.3000000119
16103  38.249  -67.607  -4.648 0.4000000060
16104  37.485  -67.592  -4.311 0.3000000119
16166  38.426  -66.691  -8.830 0.2000000030
16954  36.260  -65.935  8.069 0.1000000015
17005  39.136  -66.945  4.058 0.1000000015
17006  38.692  -66.828  3.864 0.1000000015
17035  37.422  -66.821  2.472 0.1000000015
17045  37.755  -66.933  1.811 0.1000000015
17046  37.387  -66.868  2.132 0.1000000015
17058  41.054  -66.190  -0.346 0.2000000030
17068  38.230  -67.363  -2.306 0.4000000060
17071  35.760  -66.175  -2.465 0.4000000060
17074  36.671  -67.018  -3.725 0.3000000119
17098  36.556  -66.712  -3.868 0.3000000119
17155  38.873  -66.040  -8.719 0.2000000030
17157  37.516  -66.688  -8.130 0.1000000015
17175  41.551  -66.767  -9.786 0.1000000015
17176  39.037  -66.247  -9.201 0.2000000030
17177  38.641  -66.551  -8.925 0.2000000030
17178  33.875  -66.287  -9.011 0.1000000015
17866  36.186  -65.690  8.124 0.1000000015
17883  35.932  -64.815  8.219 0.1000000015
17954  41.126  -65.399  -0.247 0.2000000030
17960  36.035  -65.607  -0.996 0.4000000060
17965  41.172  -66.028  -0.195 0.2000000030
17979  35.495  -65.415  -2.233 0.4000000060
18024  42.770  -65.390  -5.557 0.4000000060
18068  38.759  -65.689  -8.001 0.2000000030
18085  40.108  -65.122  -9.748 0.1000000015
18086  39.620  -65.645  -9.525 0.1000000015
18887  35.083  -64.630  8.219 0.1000000015
18913  39.950  -64.633  5.974 0.1000000015
18914  39.464  -64.783  6.180 0.1000000015
18918  35.232  -63.908  6.812 0.1000000015
18933  39.041  -64.477  5.980 0.1000000015
18934  36.865  -63.953  5.812 0.1000000015
18948  43.151  -64.755  3.774 0.1000000015
18993  35.238  -64.220  0.012 0.4000000060
19003  41.340  -65.100  0.310 0.1000000015
19024  35.870  -63.913  -3.259 0.5000000000
19076  38.873  -63.968  -6.721 0.2000000030
19090  39.523  -64.348  -7.598 0.3000000119
19126  40.738  -64.734  -9.951 0.1000000015
19129  34.653  -65.404  -8.990 0.1000000015
19895  32.609  -64.027  7.779 0.1000000015
19905  34.452  -63.773  7.073 0.1000000015
19916  38.404  -64.364  5.973 0.1000000015
19918  35.031  -63.720  6.402 0.1000000015
19989  41.959  -64.540  1.566 0.1000000015
20001  40.551  -64.160  0.147 0.1000000015
20008  35.052  -63.387  -1.758 0.5000000000
20009  34.741  -63.347  -1.090 0.6000000238
20028  36.586  -63.295  -3.455 0.5000000000
20043  40.866  -63.312  -4.473 0.4000000060
20044  40.244  -63.362  -4.424 0.4000000060
20058  43.746  -62.819  -6.164 0.2000000030
20085  43.833  -63.122  -7.394 0.1000000015
20089  37.113  -63.631  -6.440 0.1000000015
20100  43.757  -63.279  -8.293 0.1000000015
20949  32.502  -62.231  5.857 0.1000000015
20969  33.092  -62.064  5.514 0.1000000015
20981  39.819  -62.125  4.416 0.1000000015
20989  41.544  -63.365  3.336 0.1000000015
20997  41.368  -63.120  2.761 0.1000000015
20998  41.096  -63.148  2.876 0.1000000015
20999  40.624  -63.041  2.750 0.1000000015
21006  40.401  -63.166  2.288 0.2000000030
21007  39.565  -63.045  2.142 0.3000000119
21025  33.849  -62.253  0.679 0.5000000000
21030  33.704  -62.039  0.474 0.5000000000
21041  36.311  -62.219  -2.827 0.5000000000
21048  40.922  -61.783  -4.468 0.5000000000
21052  37.297  -62.412  -3.376 0.5000000000
21079  44.006  -62.228  -6.652 0.1000000015
21085  35.732  -62.039  -6.821 0.1000000015
21093  40.577  -62.582  -7.976 0.1000000015
21105  41.331  -62.613  -9.185 0.1000000015
21106  40.962  -62.672  -8.613 0.1000000015
21933  29.757  -61.732  10.633 0.1000000015
21940  29.961  -61.679  9.178 0.1000000015
21962  30.485  -61.374  7.841 0.1000000015
21996  32.767  -61.581  5.549 0.1000000015
22012  39.184  -61.191  4.785 0.2000000030
22023  40.473  -62.817  3.199 0.2000000030
22037  40.026  -62.549  2.903 0.2000000030
22039  38.740  -60.942  2.796 0.4000000060
22056  33.689  -61.103  1.382 0.5000000000
22064  33.495  -61.598  0.942 0.5000000000
22069  33.699  -61.604  0.167 0.5000000000
22085  36.707  -61.560  -2.458 0.5000000000
22092  41.278  -61.462  -4.539 0.5000000000
22103  44.788  -60.450  -5.001 0.3000000119
22117  37.073  -60.847  -5.602 0.3000000119
22135  44.221  -61.387  -6.836 0.1000000015
22136  44.065  -61.523  -7.539 0.1000000015
22139  40.271  -62.083  -7.310 0.2000000030
22960  29.809  -61.364  10.151 0.1000000015
22976  29.813  -61.189  9.877 0.1000000015
23024  32.603  -60.182  5.857 0.2000000030
23040  38.607  -60.793  4.911 0.1000000015
23078  38.272  -60.020  3.664 0.3000000119
23092  39.157  -60.747  3.680 0.4000000060
23096  36.241  -59.964  2.249 0.5000000000
23132  33.844  -60.661  -0.315 0.5000000000
23143  36.756  -60.758  -2.186 0.5000000000
23144  36.122  -60.402  -1.820 0.5000000000
23157  36.644  -60.279  -2.186 0.4000000060
23179  43.714  -60.431  -5.233 0.3000000119
23181  42.042  -60.454  -4.718 0.5000000000
23188  44.740  -60.094  -5.876 0.2000000030
23193  35.403  -60.127  -5.981 0.2000000030
23198  44.825  -59.794  -6.373 0.2000000030
23200  40.159  -60.620  -6.896 0.2000000030
23203  37.639  -60.475  -5.626 0.3000000119
23211  43.881  -60.995  -7.926 0.1000000015
23214  40.080  -60.092  -6.895 0.2000000030
24028  30.211  -59.768  11.617 0.1000000015
24200  35.705  -59.347  2.607 0.5000000000
24294  45.111  -59.355  -5.251 0.4000000060
24318  44.818  -59.757  -6.709 0.2000000030
24327  45.179  -58.827  -7.821 0.3000000119
24333  35.898  -59.607  -8.034 0.2000000030
24346  44.490  -58.919  -8.309 0.2000000030
24348  42.552  -59.614  -8.717 0.2000000030
25318  33.689  -57.999  2.987 0.5000000000
25407  37.035  -58.509  -2.267 0.5000000000
25422  39.059  -58.906  -3.355 0.5000000000
25453  46.204  -58.011  -6.061 0.5000000000
25454  45.658  -58.435  -5.518 0.4000000060
25469  45.921  -58.352  -6.970 0.3000000119
25483  41.955  -58.811  -8.311 0.2000000030
25500  45.864  -57.761  -7.793 0.4000000060
25501  45.395  -58.074  -8.184 0.4000000060
25505  42.386  -59.050  -8.696 0.2000000030
26382  34.929  -56.882  7.056 0.2000000030
26396  34.783  -57.315  6.861 0.2000000030
26465  33.508  -57.599  2.678 0.5000000000
26488  40.677  -56.744  1.039 0.1000000015
26515  33.600  -58.151  0.017 0.5000000000
26542  38.303  -57.654  -2.546 0.4000000060
26543  37.579  -57.807  -2.259 0.4000000060
26570  45.216  -57.566  -5.037 0.4000000060
26585  46.293  -57.391  -6.282 0.5000000000
26587  45.685  -57.511  -5.289 0.4000000060
26590  35.923  -57.983  -5.266 0.3000000119
26601  46.246  -57.149  -6.775 0.5000000000
26602  40.604  -57.719  -6.667 0.3000000119
26615  46.106  -57.016  -7.302 0.4000000060
26616  45.924  -56.953  -7.704 0.4000000060
26618  43.389  -57.650  -8.010 0.3000000119
26623  34.579  -56.626  -6.995 0.1000000015
26634  45.996  -57.343  -7.669 0.4000000060
26636  45.063  -57.524  -8.470 0.4000000060
26637  44.154  -57.647  -8.361 0.3000000119
27492  34.741  -56.708  7.767 0.2000000030
27503  40.600  -56.152  6.929 0.1000000015
27526  34.588  -56.437  3.999 0.2000000030
27571  33.997  -56.176  2.293 0.5000000000
27618  38.985  -55.350  1.349 0.1000000015
27619  37.254  -55.568  0.953 0.5000000000
27632  35.145  -56.162  -0.898 0.5000000000
27643  38.243  -56.230  -1.985 0.4000000060
27644  37.767  -56.422  -1.912 0.4000000060
27647  34.793  -57.271  -1.122 0.6000000238
27659  39.561  -56.465  -2.624 0.3000000119
27684  39.720  -56.937  -2.962 0.3000000119
27695  43.065  -57.155  -4.220 0.4000000060
27725  41.547  -56.577  -6.480 0.3000000119
27729  34.299  -56.202  -6.670 0.1000000015
27736  45.887  -56.573  -7.270 0.4000000060
27738  44.690  -56.697  -7.729 0.4000000060
27753  45.291  -57.109  -8.252 0.4000000060
27755  44.468  -57.143  -8.074 0.4000000060
28548  38.467  -55.272  7.592 0.1000000015
28550  37.015  -55.046  8.413 0.1000000015
28582  40.747  -55.298  5.809 0.1000000015
28591  42.275  -55.538  4.493 0.1000000015
28611  42.429  -55.688  3.804 0.1000000015
28615  34.871  -54.982  3.637 0.2000000030
28698  35.947  -55.271  -0.859 0.5000000000
28700  35.010  -55.939  -0.515 0.5000000000
28707  45.258  -55.340  -1.326 0.1000000015
28713  35.652  -55.855  -1.162 0.5000000000
28777  46.071  -55.524  -5.439 0.4000000060
28781  39.398  -55.662  -5.358 0.2000000030
28810  45.956  -56.152  -6.897 0.4000000060
29695  36.150  -54.657  8.232 0.1000000015
29707  37.918  -54.730  7.471 0.1000000015
29708  36.823  -54.547  7.951 0.1000000015
29775  36.350  -53.595  3.205 0.1000000015
29837  39.836  -54.227  0.685 0.3000000119
29842  35.735  -55.285  -0.387 0.5000000000
29860  38.289  -54.361  -0.713 0.3000000119
29863  35.921  -55.214  -0.582 0.5000000000
29869  45.802  -54.641  -1.651 0.1000000015
29871  41.171  -54.019  -1.508 0.2000000030
29872  40.607  -54.336  -1.544 0.2000000030
29911  37.427  -54.096  -3.365 0.1000000015
29924  46.231  -54.369  -5.139 0.4000000060
29925  46.041  -54.508  -4.923 0.4000000060
29927  42.744  -53.627  -5.262 0.2000000030
29934  35.547  -54.422  -4.052 0.1000000015
29945  46.212  -54.605  -5.395 0.4000000060
29947  43.556  -53.753  -6.019 0.2000000030
29967  45.649  -54.431  -6.206 0.3000000119
30849  38.703  -53.663  4.926 0.1000000015
30852  35.936  -53.503  5.507 0.1000000015
30853  35.557  -53.875  5.457 0.1000000015
30860  38.785  -53.554  3.995 0.2000000030
30881  38.324  -53.655  3.667 0.2000000030
30902  36.091  -53.562  3.242 0.1000000015
30958  44.323  -53.722  -0.906 0.2000000030
30962  41.015  -53.405  -0.599 0.3000000119
30970  46.204  -54.177  -1.979 0.1000000015
30988  39.754  -52.897  -2.757 0.1000000015
30990  38.334  -53.001  -2.416 0.1000000015
31030  46.216  -54.115  -5.151 0.4000000060
31037  40.284  -53.658  -3.719 0.1000000015
31039  35.195  -53.485  -3.857 0.1000000015
31066  46.002  -53.772  -5.996 0.3000000119
31069  44.105  -53.579  -6.147 0.2000000030
31081  34.183  -53.650  -6.546 0.1000000015
32123  36.832  -52.358  -2.365 0.1000000015
32146  40.240  -52.818  -2.860 0.1000000015
32147  36.077  -52.453  -2.926 0.1000000015
32164  42.114  -52.660  -3.836 0.1000000015
