#!ascii label  , from subject 3076 vox2ras=TkReg
989
60928  -37.034  -31.745  63.652 0.0000000000
63243  -19.714  -30.256  67.603 0.0000000000
65499  -29.147  -27.733  65.660 0.0000000000
87174  -44.831  -10.101  43.125 0.0000000000
90670  -50.280  -6.564  40.034 0.0000000000
64308  -16.068  -28.743  75.633 0.0000000000
86033  -41.059  -10.614  46.718 0.0000000000
63366  -39.434  -29.876  59.987 0.0000000000
63302  -32.949  -29.700  65.630 0.0000000000
62026  -17.338  -30.148  70.824 0.0000000000
53525  -17.557  -37.364  73.269 0.0000000000
64479  -33.360  -28.389  61.990 0.0000000000
65593  -33.191  -28.007  59.937 0.0000000000
64396  -24.898  -29.278  67.028 0.0000000000
69290  -32.301  -23.760  64.060 0.0000000000
75364  -37.078  -19.362  49.508 0.0000000000
79002  -41.068  -16.679  47.094 0.0000000000
81519  -44.630  -14.454  44.728 0.0000000000
57094  -14.162  -34.436  79.788 0.0000000000
54602  -14.089  -34.838  84.413 0.0000000000
69373  -31.469  -25.282  56.931 0.0000000000
74092  -31.570  -20.807  54.861 0.0000000000
74145  -33.466  -20.089  52.353 0.0000000000
55916  -14.758  -35.712  76.734 0.0000000000
58436  -20.300  -33.186  69.715 0.0000000000
63195  -22.663  -31.337  69.478 0.0000000000
62129  -34.692  -31.085  65.122 0.0000000000
66698  -19.106  -26.262  68.620 0.0000000000
62061  -18.220  -30.259  69.448 0.0000000000
58407  -18.272  -33.416  70.484 0.0000000000
65546  -35.169  -25.547  63.461 0.0000000000
66803  -33.037  -26.657  63.006 0.0000000000
78980  -37.127  -16.394  49.020 0.0000000000
76520  -39.317  -18.273  47.758 0.0000000000
80191  -38.574  -15.457  47.548 0.0000000000
83886  -41.623  -12.375  44.926 0.0000000000
83906  -43.909  -12.576  43.483 0.0000000000
81534  -47.005  -14.777  43.333 0.0000000000
83920  -46.498  -12.514  41.665 0.0000000000
83932  -48.878  -12.274  40.826 0.0000000000
70605  -33.112  -23.874  60.614 0.0000000000
66897  -32.726  -27.185  57.739 0.0000000000
72879  -30.974  -21.894  60.166 0.0000000000
76388  -30.219  -18.407  56.364 0.0000000000
77631  -30.998  -17.330  54.981 0.0000000000
75281  -32.999  -20.015  54.293 0.0000000000
78887  -32.362  -16.068  52.683 0.0000000000
78925  -34.067  -17.148  51.151 0.0000000000
65480  -26.848  -28.011  65.897 0.0000000000
60712  -14.697  -31.584  77.552 0.0000000000
59587  -15.108  -32.683  75.857 0.0000000000
53398  -13.208  -36.485  86.547 0.0000000000
53387  -13.521  -35.542  88.044 0.0000000000
84940  -39.300  -11.679  48.987 0.0000000000
65597  -40.336  -27.400  59.061 0.0000000000
65516  -30.420  -28.124  64.914 0.0000000000
61967  -16.390  -30.398  73.353 0.0000000000
58386  -15.958  -33.550  73.510 0.0000000000
58395  -16.745  -33.417  71.992 0.0000000000
90676  -51.658  -6.580  39.423 0.0000000000
62166  -34.175  -30.567  62.552 0.0000000000
62200  -35.330  -30.892  60.911 0.0000000000
64498  -33.748  -28.457  60.998 0.0000000000
66722  -20.625  -26.684  66.971 0.0000000000
63269  -22.242  -29.351  66.898 0.0000000000
66725  -23.612  -26.047  66.471 0.0000000000
66727  -25.056  -26.078  65.609 0.0000000000
69270  -27.313  -24.748  64.499 0.0000000000
70506  -29.569  -22.297  65.736 0.0000000000
68050  -29.902  -25.408  63.800 0.0000000000
66789  -31.418  -26.520  62.946 0.0000000000
63326  -32.716  -29.755  62.902 0.0000000000
73039  -37.294  -21.806  50.499 0.0000000000
82708  -40.399  -13.402  45.970 0.0000000000
80208  -42.727  -15.181  46.136 0.0000000000
85007  -49.796  -11.288  40.461 0.0000000000
57054  -13.570  -33.893  82.776 0.0000000000
54600  -12.663  -36.574  84.112 0.0000000000
63401  -36.131  -29.782  58.658 0.0000000000
65630  -36.283  -28.126  56.586 0.0000000000
68162  -37.338  -26.144  55.927 0.0000000000
74038  -30.174  -21.574  58.233 0.0000000000
71797  -32.055  -23.071  55.493 0.0000000000
70641  -35.331  -23.705  55.607 0.0000000000
74079  -34.877  -21.656  55.425 0.0000000000
72975  -34.550  -21.316  54.766 0.0000000000
73004  -35.328  -21.963  52.464 0.0000000000
74175  -35.261  -20.405  50.649 0.0000000000
77713  -36.188  -17.560  50.303 0.0000000000
63198  -24.280  -30.365  69.903 0.0000000000
60689  -14.764  -31.325  79.786 0.0000000000
55873  -14.315  -35.176  78.164 0.0000000000
54721  -16.007  -36.991  74.144 0.0000000000
56991  -13.348  -33.937  88.869 0.0000000000
60843  -20.017  -31.749  68.429 0.0000000000
59648  -21.411  -31.974  70.068 0.0000000000
62080  -21.567  -30.882  68.400 0.0000000000
60909  -36.329  -31.698  64.026 0.0000000000
64393  -19.236  -28.720  67.562 0.0000000000
64374  -18.691  -28.403  68.422 0.0000000000
62078  -19.286  -30.779  68.193 0.0000000000
60830  -18.982  -31.780  68.691 0.0000000000
80167  -37.151  -15.456  49.643 0.0000000000
80177  -38.022  -15.423  48.310 0.0000000000
81466  -37.781  -14.463  48.803 0.0000000000
87165  -43.677  -10.054  43.892 0.0000000000
86047  -43.243  -10.628  43.832 0.0000000000
86054  -44.404  -10.679  43.110 0.0000000000
83912  -45.223  -12.575  42.480 0.0000000000
86055  -45.343  -10.638  42.623 0.0000000000
84987  -46.787  -11.313  41.714 0.0000000000
71745  -32.231  -22.938  60.621 0.0000000000
80076  -30.642  -15.288  55.804 0.0000000000
77632  -31.368  -17.269  53.982 0.0000000000
80087  -31.730  -15.152  54.145 0.0000000000
80116  -33.053  -15.299  52.459 0.0000000000
64442  -27.992  -28.258  65.734 0.0000000000
64399  -27.646  -29.225  67.486 0.0000000000
65463  -29.263  -28.634  67.058 0.0000000000
60735  -15.344  -30.966  76.327 0.0000000000
60747  -15.487  -30.949  75.346 0.0000000000
88388  -50.498  -8.497  39.837 0.0000000000
53399  -13.580  -35.803  86.753 0.0000000000
62203  -40.224  -30.637  61.191 0.0000000000
64501  -40.328  -29.168  59.378 0.0000000000
65517  -31.169  -28.765  65.312 0.0000000000
64444  -32.683  -29.517  66.374 0.0000000000
65430  -17.672  -27.354  70.828 0.0000000000
65421  -17.316  -27.356  71.870 0.0000000000
65412  -16.596  -27.175  72.832 0.0000000000
63155  -16.755  -30.015  72.116 0.0000000000
60784  -16.203  -31.789  72.393 0.0000000000
60805  -16.920  -31.605  71.175 0.0000000000
58408  -20.041  -34.271  71.091 0.0000000000
57223  -19.523  -35.090  71.233 0.0000000000
63338  -33.720  -29.530  61.723 0.0000000000
63348  -34.062  -29.481  61.109 0.0000000000
64487  -33.582  -28.362  61.457 0.0000000000
66710  -21.794  -25.142  67.754 0.0000000000
65475  -22.442  -27.141  66.445 0.0000000000
66724  -22.735  -25.659  66.943 0.0000000000
67998  -24.613  -25.147  66.936 0.0000000000
69237  -26.052  -23.973  65.987 0.0000000000
68010  -25.964  -25.063  65.236 0.0000000000
69252  -26.543  -23.854  64.812 0.0000000000
69275  -32.737  -23.182  64.858 0.0000000000
69273  -30.856  -23.242  64.017 0.0000000000
70537  -29.525  -23.610  63.991 0.0000000000
68051  -30.929  -25.288  63.370 0.0000000000
66788  -30.555  -26.601  63.557 0.0000000000
65544  -33.348  -26.831  62.726 0.0000000000
65543  -32.580  -27.433  62.782 0.0000000000
64470  -32.926  -28.330  62.523 0.0000000000
62165  -33.312  -30.176  62.750 0.0000000000
74177  -36.962  -20.936  49.991 0.0000000000
74179  -39.168  -21.302  50.234 0.0000000000
74194  -38.489  -20.476  49.290 0.0000000000
77763  -40.508  -17.381  47.346 0.0000000000
76521  -40.317  -18.655  48.046 0.0000000000
84949  -40.025  -11.264  47.513 0.0000000000
83866  -39.353  -12.265  47.252 0.0000000000
83874  -40.031  -12.260  46.430 0.0000000000
82719  -43.503  -14.015  44.729 0.0000000000
81506  -42.311  -14.666  45.077 0.0000000000
81495  -43.836  -15.154  45.873 0.0000000000
80210  -44.235  -15.646  46.535 0.0000000000
83933  -49.683  -12.222  40.671 0.0000000000
86078  -49.033  -10.422  40.672 0.0000000000
86079  -49.974  -10.352  40.321 0.0000000000
58300  -14.485  -32.625  80.953 0.0000000000
58288  -14.190  -33.126  81.748 0.0000000000
57081  -13.932  -34.278  81.015 0.0000000000
53423  -12.432  -37.427  82.745 0.0000000000
53404  -11.826  -37.604  85.001 0.0000000000
62224  -34.590  -30.277  59.622 0.0000000000
62226  -35.625  -30.414  59.694 0.0000000000
63399  -34.363  -29.747  58.594 0.0000000000
66896  -32.664  -26.751  57.232 0.0000000000
65629  -34.884  -28.053  56.779 0.0000000000
65651  -34.577  -27.286  56.252 0.0000000000
66898  -37.009  -27.471  56.427 0.0000000000
68159  -34.052  -25.714  55.239 0.0000000000
77577  -29.659  -17.599  59.122 0.0000000000
75263  -30.622  -19.500  55.546 0.0000000000
72937  -30.384  -21.845  56.512 0.0000000000
72938  -31.345  -21.983  55.461 0.0000000000
70640  -34.051  -23.843  55.320 0.0000000000
72939  -32.825  -22.125  54.912 0.0000000000
71800  -35.811  -22.848  55.952 0.0000000000
72959  -32.811  -21.225  54.636 0.0000000000
75297  -33.144  -19.598  53.394 0.0000000000
75282  -33.633  -20.375  54.205 0.0000000000
74128  -33.916  -20.927  53.328 0.0000000000
72988  -35.119  -22.216  53.585 0.0000000000
73021  -34.709  -21.375  51.945 0.0000000000
73022  -35.549  -21.601  51.296 0.0000000000
75336  -34.075  -19.632  51.398 0.0000000000
78908  -35.187  -16.163  51.555 0.0000000000
77693  -34.994  -17.393  50.642 0.0000000000
78927  -35.518  -16.705  51.070 0.0000000000
64395  -23.982  -29.123  67.207 0.0000000000
63246  -23.819  -29.954  67.911 0.0000000000
63247  -24.679  -29.665  68.088 0.0000000000
58335  -14.550  -33.572  77.222 0.0000000000
57129  -14.448  -34.703  77.635 0.0000000000
55894  -14.493  -35.862  77.673 0.0000000000
55968  -16.240  -35.688  73.024 0.0000000000
55967  -15.826  -35.707  73.771 0.0000000000
54722  -16.492  -37.360  73.769 0.0000000000
58409  -20.844  -33.647  71.372 0.0000000000
59625  -21.429  -32.692  71.384 0.0000000000
62027  -22.420  -31.543  71.155 0.0000000000
62028  -23.011  -31.414  70.814 0.0000000000
63303  -33.740  -30.550  65.279 0.0000000000
63288  -33.974  -30.965  66.556 0.0000000000
66697  -18.394  -26.458  69.518 0.0000000000
64354  -17.634  -28.275  70.307 0.0000000000
62049  -17.922  -29.990  70.311 0.0000000000
59623  -17.785  -32.123  70.883 0.0000000000
60818  -18.608  -31.845  69.452 0.0000000000
58435  -19.635  -33.335  69.548 0.0000000000
65545  -34.273  -26.389  62.756 0.0000000000
65555  -34.517  -26.803  62.172 0.0000000000
68036  -33.652  -24.393  64.759 0.0000000000
68053  -33.250  -24.858  63.768 0.0000000000
65532  -34.081  -25.940  63.276 0.0000000000
76505  -37.271  -18.047  48.903 0.0000000000
75379  -37.962  -18.350  48.420 0.0000000000
76518  -37.829  -17.709  48.381 0.0000000000
79000  -38.918  -16.417  47.173 0.0000000000
80192  -39.376  -15.502  47.079 0.0000000000
84963  -41.350  -11.353  45.516 0.0000000000
84964  -41.921  -11.503  44.866 0.0000000000
83897  -42.956  -12.398  44.279 0.0000000000
82732  -44.170  -13.675  44.111 0.0000000000
81520  -45.329  -14.561  44.300 0.0000000000
82744  -45.088  -13.372  42.978 0.0000000000
82753  -46.276  -13.575  42.151 0.0000000000
82765  -47.516  -13.719  41.737 0.0000000000
83921  -47.233  -13.005  41.478 0.0000000000
86071  -47.711  -11.140  41.333 0.0000000000
54646  -13.809  -36.367  79.571 0.0000000000
54639  -13.508  -36.096  80.226 0.0000000000
53440  -13.368  -37.168  80.003 0.0000000000
66880  -33.137  -25.959  60.094 0.0000000000
65608  -33.161  -28.047  58.642 0.0000000000
68125  -32.632  -25.548  59.726 0.0000000000
70603  -31.508  -23.973  59.418 0.0000000000
70602  -30.955  -24.262  58.545 0.0000000000
77592  -29.893  -17.570  58.128 0.0000000000
78850  -30.247  -16.338  56.315 0.0000000000
77618  -30.330  -17.384  55.825 0.0000000000
75279  -31.353  -19.240  54.992 0.0000000000
74110  -32.140  -20.256  54.519 0.0000000000
76414  -31.348  -18.353  54.561 0.0000000000
76415  -31.883  -18.302  53.715 0.0000000000
76451  -32.667  -17.802  52.168 0.0000000000
76469  -33.752  -18.558  51.302 0.0000000000
77673  -32.986  -17.239  51.732 0.0000000000
64423  -25.997  -28.210  66.642 0.0000000000
63248  -25.587  -29.519  68.097 0.0000000000
64398  -26.636  -29.117  67.326 0.0000000000
60724  -14.918  -31.730  76.538 0.0000000000
58350  -14.812  -33.608  76.118 0.0000000000
54594  -13.917  -35.431  85.422 0.0000000000
54595  -14.730  -34.332  85.109 0.0000000000
54587  -14.217  -35.336  86.292 0.0000000000
54583  -14.130  -35.171  86.953 0.0000000000
55749  -14.421  -34.110  87.638 0.0000000000
66882  -39.567  -26.602  58.178 0.0000000000
65500  -29.841  -27.936  65.556 0.0000000000
65482  -29.651  -28.225  66.475 0.0000000000
65402  -16.283  -27.000  73.961 0.0000000000
64319  -16.093  -28.871  74.387 0.0000000000
60757  -15.723  -30.976  74.430 0.0000000000
60771  -16.104  -31.055  73.671 0.0000000000
58394  -16.190  -33.514  72.688 0.0000000000
57204  -16.788  -34.628  72.175 0.0000000000
58406  -17.377  -33.184  71.240 0.0000000000
55999  -17.983  -35.185  71.488 0.0000000000
54743  -18.793  -36.837  73.012 0.0000000000
90671  -51.099  -6.806  39.754 0.0000000000
62167  -35.693  -31.426  63.152 0.0000000000
62186  -36.564  -31.483  62.079 0.0000000000
62184  -34.415  -30.478  61.453 0.0000000000
63362  -34.040  -29.708  60.380 0.0000000000
65578  -33.593  -27.839  60.836 0.0000000000
65564  -34.409  -26.855  61.789 0.0000000000
66841  -34.035  -26.734  61.056 0.0000000000
66860  -33.549  -26.648  60.452 0.0000000000
69343  -33.815  -24.429  61.135 0.0000000000
65472  -19.830  -28.420  67.015 0.0000000000
63268  -21.588  -30.038  66.993 0.0000000000
64418  -21.397  -28.667  66.680 0.0000000000
64420  -23.264  -28.281  66.547 0.0000000000
65477  -24.237  -27.220  66.281 0.0000000000
67997  -23.874  -25.282  67.024 0.0000000000
66726  -24.320  -26.141  66.194 0.0000000000
65478  -25.082  -27.344  65.825 0.0000000000
65479  -26.190  -27.375  65.874 0.0000000000
66767  -26.796  -26.476  64.949 0.0000000000
66768  -27.685  -26.610  64.704 0.0000000000
70490  -28.561  -22.180  66.574 0.0000000000
70505  -28.657  -22.809  65.088 0.0000000000
69272  -28.846  -24.753  63.906 0.0000000000
66770  -29.521  -26.922  64.566 0.0000000000
65528  -30.203  -26.963  64.327 0.0000000000
65530  -31.135  -27.941  64.055 0.0000000000
64462  -31.752  -29.020  63.850 0.0000000000
65531  -31.810  -27.764  63.101 0.0000000000
63315  -32.673  -29.978  64.102 0.0000000000
63316  -33.733  -30.713  64.355 0.0000000000
62148  -34.480  -31.061  63.842 0.0000000000
66708  -19.998  -26.620  67.720 0.0000000000
75366  -39.015  -19.700  48.766 0.0000000000
82688  -38.526  -12.836  48.178 0.0000000000
81476  -39.661  -14.476  46.684 0.0000000000
81477  -40.793  -14.926  46.465 0.0000000000
82709  -41.244  -13.625  45.416 0.0000000000
81492  -41.126  -14.319  46.094 0.0000000000
80194  -41.508  -15.865  46.771 0.0000000000
79004  -43.222  -16.476  47.300 0.0000000000
86080  -50.908  -10.313  39.939 0.0000000000
87195  -50.188  -9.439  40.027 0.0000000000
89538  -49.878  -7.554  40.147 0.0000000000
57055  -14.330  -33.315  83.055 0.0000000000
55806  -13.753  -34.795  83.618 0.0000000000
54621  -13.165  -35.770  82.249 0.0000000000
54610  -13.333  -35.418  83.489 0.0000000000
54601  -13.108  -35.943  84.533 0.0000000000
53411  -13.029  -36.519  85.141 0.0000000000
62202  -37.254  -30.837  61.161 0.0000000000
63364  -37.422  -30.415  60.229 0.0000000000
63381  -38.272  -29.869  59.462 0.0000000000
64555  -34.090  -28.634  57.694 0.0000000000
64535  -37.158  -29.247  58.257 0.0000000000
64536  -38.024  -28.654  58.183 0.0000000000
65610  -38.374  -27.964  57.670 0.0000000000
66881  -38.846  -27.009  57.579 0.0000000000
68144  -38.197  -25.806  57.136 0.0000000000
72878  -30.269  -22.088  58.998 0.0000000000
71768  -30.341  -23.259  57.666 0.0000000000
76379  -29.931  -18.556  57.554 0.0000000000
72936  -30.277  -22.074  57.091 0.0000000000
70638  -31.535  -23.968  56.154 0.0000000000
69390  -33.310  -24.875  55.225 0.0000000000
69392  -36.139  -24.542  55.606 0.0000000000
74093  -33.324  -20.700  54.557 0.0000000000
74095  -35.297  -21.570  55.615 0.0000000000
71864  -36.853  -22.688  51.815 0.0000000000
73038  -36.300  -21.475  50.502 0.0000000000
75350  -36.302  -19.443  49.840 0.0000000000
76470  -34.360  -18.781  50.744 0.0000000000
76485  -35.043  -18.820  50.291 0.0000000000
76487  -36.660  -18.348  49.629 0.0000000000
77714  -36.697  -17.221  49.961 0.0000000000
78948  -36.856  -16.024  50.533 0.0000000000
63244  -22.154  -30.365  68.196 0.0000000000
63197  -23.858  -31.066  69.494 0.0000000000
63222  -25.381  -30.064  69.004 0.0000000000
58310  -14.442  -33.340  79.734 0.0000000000
60700  -14.570  -31.452  78.647 0.0000000000
58322  -14.402  -33.489  78.429 0.0000000000
57112  -14.229  -35.011  79.133 0.0000000000
54647  -14.293  -36.522  78.947 0.0000000000
59594  -15.994  -32.757  75.200 0.0000000000
57176  -15.428  -34.698  74.473 0.0000000000
54703  -15.320  -36.828  74.986 0.0000000000
53381  -13.138  -35.863  88.539 0.0000000000
55748  -13.419  -34.865  88.861 0.0000000000
56992  -13.883  -33.694  88.102 0.0000000000
62169  -37.777  -31.237  63.252 0.0000000000
62079  -20.449  -30.907  67.910 0.0000000000
60844  -21.056  -31.718  68.648 0.0000000000
63266  -19.601  -29.599  67.363 0.0000000000
63242  -19.034  -29.679  67.880 0.0000000000
81455  -37.509  -14.539  50.111 0.0000000000
81456  -37.548  -14.842  49.395 0.0000000000
81465  -37.574  -14.207  49.504 0.0000000000
87166  -44.305  -9.716  43.692 0.0000000000
86048  -43.860  -10.363  43.546 0.0000000000
84979  -44.796  -11.611  42.640 0.0000000000
65498  -28.195  -27.530  65.248 0.0000000000
65481  -28.828  -28.215  66.130 0.0000000000
63114  -15.664  -29.476  75.618 0.0000000000
61900  -15.450  -30.118  76.005 0.0000000000
61920  -15.592  -30.147  74.980 0.0000000000
89539  -50.937  -7.565  39.780 0.0000000000
88389  -51.514  -8.519  39.732 0.0000000000
63367  -40.426  -29.782  60.201 0.0000000000
64500  -39.724  -29.498  59.375 0.0000000000
63301  -32.244  -29.329  65.180 0.0000000000
64452  -32.165  -29.184  65.772 0.0000000000
64453  -32.619  -29.435  65.932 0.0000000000
64345  -16.983  -28.282  71.223 0.0000000000
63156  -16.809  -29.401  71.766 0.0000000000
63147  -16.624  -29.142  72.497 0.0000000000
60786  -16.542  -31.033  71.349 0.0000000000
64480  -33.676  -27.302  61.952 0.0000000000
66711  -22.611  -24.790  68.066 0.0000000000
69222  -26.024  -23.257  67.540 0.0000000000
69238  -26.642  -23.004  66.381 0.0000000000
69274  -31.749  -22.792  64.429 0.0000000000
69289  -31.422  -24.001  63.715 0.0000000000
68052  -32.198  -24.981  63.562 0.0000000000
64471  -33.426  -27.365  62.325 0.0000000000
63327  -33.225  -29.572  62.273 0.0000000000
74193  -37.518  -20.256  49.533 0.0000000000
79003  -42.415  -17.095  47.211 0.0000000000
86026  -40.849  -10.598  47.443 0.0000000000
84955  -40.524  -11.254  46.544 0.0000000000
82720  -44.168  -14.150  44.784 0.0000000000
81507  -43.140  -14.606  45.165 0.0000000000
81508  -44.233  -14.762  45.229 0.0000000000
81496  -45.069  -15.529  46.232 0.0000000000
87189  -48.534  -9.513  41.162 0.0000000000
58299  -14.311  -33.621  80.497 0.0000000000
64511  -33.400  -29.078  60.136 0.0000000000
63377  -34.353  -29.985  59.381 0.0000000000
64532  -33.662  -29.181  58.809 0.0000000000
68141  -31.889  -25.877  56.948 0.0000000000
65650  -33.552  -27.042  56.485 0.0000000000
66912  -33.495  -26.412  56.108 0.0000000000
66913  -34.453  -26.483  55.773 0.0000000000
68158  -32.903  -25.804  56.130 0.0000000000
74076  -30.594  -20.787  55.605 0.0000000000
74077  -31.385  -21.249  55.179 0.0000000000
74127  -33.468  -20.236  52.897 0.0000000000
75298  -33.630  -20.395  53.652 0.0000000000
73003  -34.466  -21.571  52.897 0.0000000000
74146  -34.010  -20.570  52.233 0.0000000000
75317  -33.521  -19.859  51.968 0.0000000000
64421  -24.133  -28.271  66.576 0.0000000000
57147  -14.647  -34.672  76.426 0.0000000000
54674  -14.699  -36.728  76.939 0.0000000000
54758  -16.763  -36.058  72.918 0.0000000000
54741  -16.469  -36.819  73.130 0.0000000000
55793  -14.546  -34.250  84.386 0.0000000000
54603  -14.605  -34.259  84.606 0.0000000000
63351  -39.650  -30.620  61.051 0.0000000000
58423  -20.559  -33.204  70.496 0.0000000000
59624  -20.860  -33.008  70.972 0.0000000000
59636  -20.877  -32.674  70.544 0.0000000000
60832  -21.569  -31.703  69.550 0.0000000000
60819  -21.761  -31.659  70.511 0.0000000000
62050  -22.279  -31.307  70.164 0.0000000000
62051  -23.009  -31.422  69.974 0.0000000000
62114  -34.422  -30.990  65.874 0.0000000000
65453  -18.443  -27.328  68.952 0.0000000000
63217  -18.275  -29.252  68.999 0.0000000000
64363  -18.187  -28.308  69.442 0.0000000000
63194  -17.917  -29.223  69.891 0.0000000000
60817  -18.109  -31.133  70.194 0.0000000000
60829  -18.433  -31.210  69.289 0.0000000000
59646  -19.828  -32.701  68.933 0.0000000000
59645  -19.161  -33.014  69.351 0.0000000000
58422  -19.874  -33.742  70.402 0.0000000000
65556  -34.976  -25.913  62.703 0.0000000000
66771  -33.816  -25.070  64.169 0.0000000000
65533  -34.826  -25.545  63.667 0.0000000000
77734  -37.121  -16.944  49.471 0.0000000000
77746  -37.588  -17.054  48.805 0.0000000000
78999  -38.192  -16.287  47.763 0.0000000000
86039  -41.823  -10.652  45.304 0.0000000000
86040  -42.307  -10.761  44.754 0.0000000000
84977  -43.564  -11.591  43.598 0.0000000000
84971  -43.035  -11.551  44.017 0.0000000000
83905  -43.435  -12.185  43.928 0.0000000000
83898  -43.491  -12.849  43.969 0.0000000000
82733  -44.995  -13.816  43.611 0.0000000000
82743  -44.474  -13.268  43.331 0.0000000000
83913  -45.964  -12.665  42.049 0.0000000000
82752  -45.662  -13.459  42.495 0.0000000000
83914  -46.562  -13.138  41.802 0.0000000000
84993  -46.790  -12.045  41.518 0.0000000000
86063  -46.336  -10.628  42.248 0.0000000000
69359  -33.098  -24.423  60.582 0.0000000000
71744  -31.663  -22.968  60.069 0.0000000000
69358  -32.159  -24.756  59.557 0.0000000000
69357  -31.473  -24.898  58.424 0.0000000000
78857  -30.584  -16.263  55.297 0.0000000000
76401  -30.686  -18.536  55.477 0.0000000000
77652  -31.917  -17.217  53.091 0.0000000000
76432  -32.514  -18.354  52.851 0.0000000000
77672  -32.537  -17.145  52.403 0.0000000000
80117  -33.937  -15.348  52.233 0.0000000000
64424  -26.940  -28.584  66.502 0.0000000000
64400  -28.731  -29.167  67.689 0.0000000000
60734  -15.289  -31.836  75.612 0.0000000000
53406  -13.257  -36.393  85.754 0.0000000000
53407  -13.578  -35.849  86.131 0.0000000000
53392  -13.538  -35.728  87.426 0.0000000000
54579  -14.164  -34.937  87.568 0.0000000000
54575  -13.891  -34.872  88.210 0.0000000000
65581  -40.866  -27.796  59.576 0.0000000000
66863  -40.729  -26.501  59.364 0.0000000000
66862  -40.106  -26.798  58.813 0.0000000000
65501  -30.763  -28.476  66.041 0.0000000000
64326  -16.229  -29.002  73.337 0.0000000000
64327  -16.397  -28.077  73.653 0.0000000000
63136  -16.221  -29.743  73.939 0.0000000000
59612  -16.733  -32.443  71.931 0.0000000000
59611  -16.231  -32.603  72.541 0.0000000000
55986  -19.050  -35.852  72.038 0.0000000000
56000  -18.484  -35.361  71.480 0.0000000000
55969  -18.596  -36.426  72.474 0.0000000000
62185  -35.427  -31.044  61.913 0.0000000000
65565  -35.195  -26.399  62.202 0.0000000000
66825  -35.270  -26.307  61.900 0.0000000000
68097  -35.046  -25.319  61.535 0.0000000000
66861  -34.482  -25.683  61.079 0.0000000000
68108  -33.899  -25.430  60.755 0.0000000000
65473  -20.392  -27.717  66.898 0.0000000000
65474  -21.405  -27.438  66.573 0.0000000000
65476  -23.404  -27.087  66.469 0.0000000000
67999  -25.402  -24.604  66.593 0.0000000000
66740  -25.978  -26.207  65.354 0.0000000000
68011  -26.268  -24.587  64.894 0.0000000000
68030  -26.440  -25.696  64.915 0.0000000000
66785  -26.917  -26.041  64.733 0.0000000000
66786  -27.169  -26.223  64.709 0.0000000000
68048  -27.327  -25.961  64.602 0.0000000000
70507  -30.589  -21.809  66.106 0.0000000000
69253  -27.557  -22.878  65.572 0.0000000000
69287  -29.215  -24.300  63.792 0.0000000000
69286  -28.799  -23.864  63.964 0.0000000000
68049  -29.231  -24.994  63.861 0.0000000000
68033  -28.952  -25.567  64.091 0.0000000000
68034  -29.686  -26.076  64.188 0.0000000000
66787  -30.196  -26.516  64.116 0.0000000000
66790  -32.850  -26.177  63.388 0.0000000000
64469  -32.306  -28.808  63.160 0.0000000000
66709  -20.817  -25.708  67.639 0.0000000000
66721  -20.274  -27.050  67.233 0.0000000000
65462  -20.038  -27.230  67.321 0.0000000000
73006  -37.804  -22.476  51.832 0.0000000000
75380  -38.697  -18.731  48.392 0.0000000000
75381  -39.625  -19.045  48.456 0.0000000000
83858  -38.446  -12.392  48.942 0.0000000000
82687  -37.976  -13.392  48.321 0.0000000000
83865  -38.992  -12.351  48.147 0.0000000000
82698  -39.627  -13.270  46.498 0.0000000000
81491  -40.313  -14.085  46.275 0.0000000000
83885  -40.980  -12.351  45.407 0.0000000000
82717  -41.429  -13.019  45.026 0.0000000000
81494  -42.904  -14.959  45.718 0.0000000000
81493  -42.023  -14.804  45.724 0.0000000000
81478  -41.640  -15.129  46.346 0.0000000000
80195  -42.580  -15.700  46.655 0.0000000000
80196  -43.687  -15.971  46.888 0.0000000000
80197  -44.527  -16.032  47.089 0.0000000000
81521  -46.537  -14.990  44.268 0.0000000000
83923  -49.486  -13.077  41.067 0.0000000000
83934  -50.626  -12.111  40.448 0.0000000000
85008  -50.706  -11.184  40.210 0.0000000000
87194  -49.298  -9.470  40.562 0.0000000000
88387  -49.544  -8.522  40.319 0.0000000000
57068  -13.913  -33.771  82.107 0.0000000000
58275  -14.618  -32.712  82.529 0.0000000000
55822  -13.670  -33.890  83.347 0.0000000000
55821  -13.421  -34.671  82.954 0.0000000000
54630  -13.063  -36.181  81.019 0.0000000000
54629  -12.937  -36.651  81.749 0.0000000000
53415  -12.327  -37.078  83.711 0.0000000000
54620  -12.839  -36.471  82.585 0.0000000000
54609  -12.697  -36.409  83.522 0.0000000000
53410  -12.592  -36.949  84.586 0.0000000000
53396  -11.828  -37.374  85.965 0.0000000000
62201  -36.505  -31.083  61.236 0.0000000000
60956  -36.783  -31.151  61.404 0.0000000000
63379  -36.356  -30.149  59.338 0.0000000000
63363  -36.867  -30.328  59.708 0.0000000000
63380  -37.346  -29.884  59.116 0.0000000000
63402  -36.777  -29.827  58.800 0.0000000000
66879  -32.575  -26.923  58.762 0.0000000000
64556  -35.378  -28.817  57.295 0.0000000000
64557  -36.625  -28.811  57.334 0.0000000000
65609  -37.705  -28.548  57.704 0.0000000000
65595  -38.749  -28.356  58.423 0.0000000000
65631  -37.534  -28.102  56.931 0.0000000000
66915  -36.871  -26.785  55.986 0.0000000000
66899  -37.683  -26.753  56.691 0.0000000000
66900  -38.392  -26.560  57.228 0.0000000000
68143  -37.641  -25.690  56.435 0.0000000000
75203  -30.333  -19.830  59.339 0.0000000000
74039  -30.169  -20.876  59.267 0.0000000000
71721  -30.295  -22.493  58.674 0.0000000000
77603  -29.960  -17.440  56.888 0.0000000000
75249  -30.012  -19.502  56.458 0.0000000000
71796  -30.830  -22.915  56.504 0.0000000000
70639  -32.698  -23.989  55.530 0.0000000000
69374  -36.992  -24.805  56.239 0.0000000000
70621  -37.003  -23.976  56.433 0.0000000000
72941  -35.435  -22.030  56.140 0.0000000000
74111  -32.811  -20.411  54.438 0.0000000000
74094  -34.331  -20.892  55.020 0.0000000000
72961  -34.953  -21.476  55.166 0.0000000000
72977  -36.176  -22.295  54.323 0.0000000000
72989  -36.091  -22.403  53.095 0.0000000000
71850  -36.815  -22.806  52.586 0.0000000000
73005  -36.123  -22.518  52.025 0.0000000000
74162  -35.300  -20.917  50.937 0.0000000000
73037  -35.650  -21.024  50.639 0.0000000000
74176  -36.082  -20.462  50.179 0.0000000000
75349  -35.547  -19.603  50.284 0.0000000000
77691  -33.577  -17.576  51.309 0.0000000000
77692  -34.221  -17.757  50.852 0.0000000000
77694  -35.713  -17.199  50.616 0.0000000000
77712  -35.409  -17.956  50.350 0.0000000000
76486  -35.875  -18.654  50.133 0.0000000000
63245  -22.790  -30.017  67.814 0.0000000000
63220  -23.849  -30.671  68.669 0.0000000000
63174  -24.205  -31.127  70.584 0.0000000000
63249  -26.331  -29.399  68.007 0.0000000000
63200  -26.020  -30.179  69.989 0.0000000000
65464  -30.127  -28.488  67.411 0.0000000000
59560  -14.658  -32.051  80.358 0.0000000000
59574  -14.492  -32.471  77.952 0.0000000000
57113  -14.265  -34.481  78.872 0.0000000000
55872  -14.273  -35.698  78.541 0.0000000000
59601  -16.130  -32.719  74.252 0.0000000000
60746  -15.997  -31.836  74.871 0.0000000000
54740  -15.915  -36.366  73.921 0.0000000000
55954  -15.738  -35.821  74.733 0.0000000000
57163  -15.076  -34.695  75.410 0.0000000000
90675  -50.932  -6.182  39.791 0.0000000000
55739  -13.141  -34.842  89.399 0.0000000000
55747  -13.320  -35.004  89.034 0.0000000000
55740  -13.485  -34.537  88.720 0.0000000000
59653  -20.574  -32.267  68.779 0.0000000000
59647  -20.874  -32.412  69.608 0.0000000000
59654  -20.987  -32.213  68.956 0.0000000000
60845  -21.653  -31.433  68.911 0.0000000000
62063  -21.987  -31.102  69.297 0.0000000000
62149  -35.476  -31.502  64.434 0.0000000000
65454  -18.997  -27.391  68.182 0.0000000000
63241  -18.555  -29.278  68.312 0.0000000000
62077  -18.461  -30.060  68.492 0.0000000000
62062  -18.601  -30.849  68.770 0.0000000000
65534  -35.540  -25.309  64.294 0.0000000000
78966  -36.914  -15.886  48.969 0.0000000000
78981  -37.433  -16.193  48.454 0.0000000000
80168  -37.421  -15.412  48.913 0.0000000000
81474  -38.333  -14.520  48.050 0.0000000000
86041  -42.790  -10.371  44.448 0.0000000000
86053  -43.810  -10.960  43.399 0.0000000000
84978  -44.124  -11.654  43.128 0.0000000000
83907  -44.553  -12.538  42.938 0.0000000000
84985  -45.519  -11.693  42.220 0.0000000000
84986  -46.191  -11.673  41.830 0.0000000000
86062  -45.851  -11.130  42.234 0.0000000000
70604  -32.554  -23.622  60.478 0.0000000000
72853  -32.539  -21.989  61.047 0.0000000000
72852  -31.984  -21.675  60.689 0.0000000000
74016  -31.726  -20.922  60.692 0.0000000000
78869  -31.210  -16.204  54.446 0.0000000000
78870  -31.777  -16.088  53.548 0.0000000000
80102  -32.576  -14.823  53.260 0.0000000000
64441  -27.416  -28.320  65.993 0.0000000000
64425  -28.180  -28.894  66.530 0.0000000000
87196  -51.195  -9.397  39.808 0.0000000000
53391  -13.114  -36.471  87.251 0.0000000000
53386  -12.879  -36.573  87.987 0.0000000000
64515  -40.149  -28.254  59.048 0.0000000000
65502  -31.618  -28.811  66.335 0.0000000000
64443  -32.224  -29.188  66.698 0.0000000000
64428  -32.711  -29.680  67.214 0.0000000000
66672  -17.727  -26.369  71.177 0.0000000000
66655  -17.419  -26.308  72.196 0.0000000000
64337  -16.609  -28.439  72.497 0.0000000000
64336  -16.469  -29.067  72.810 0.0000000000
63146  -16.613  -29.667  72.803 0.0000000000
61966  -16.301  -31.143  72.886 0.0000000000
61995  -16.464  -30.640  72.265 0.0000000000
60785  -16.509  -31.560  71.798 0.0000000000
57238  -19.057  -34.177  70.553 0.0000000000
57206  -19.738  -35.657  71.955 0.0000000000
64488  -33.781  -27.387  61.594 0.0000000000
66723  -21.571  -26.175  66.887 0.0000000000
67996  -23.398  -25.430  67.083 0.0000000000
67980  -24.622  -24.077  67.816 0.0000000000
69251  -25.929  -24.231  65.014 0.0000000000
69254  -32.221  -22.468  65.652 0.0000000000
70524  -31.349  -22.338  65.546 0.0000000000
70523  -30.544  -22.692  64.982 0.0000000000
70522  -29.560  -23.082  64.765 0.0000000000
70538  -30.153  -23.337  64.258 0.0000000000
69288  -30.284  -24.129  63.673 0.0000000000
73040  -38.271  -21.786  50.710 0.0000000000
74178  -37.935  -21.244  49.853 0.0000000000
74195  -39.557  -20.417  49.420 0.0000000000
77762  -39.425  -17.417  47.240 0.0000000000
77748  -40.111  -18.039  47.496 0.0000000000
84948  -39.453  -11.638  48.105 0.0000000000
82730  -42.654  -12.947  44.482 0.0000000000
82718  -42.201  -13.652  44.662 0.0000000000
80209  -43.352  -15.397  46.333 0.0000000000
84995  -48.156  -11.665  40.990 0.0000000000
85006  -48.886  -11.401  40.714 0.0000000000
57067  -13.582  -34.391  81.956 0.0000000000
62213  -34.548  -30.328  59.937 0.0000000000
62214  -35.170  -30.627  60.142 0.0000000000
62225  -34.909  -30.453  59.593 0.0000000000
63378  -35.421  -30.174  59.161 0.0000000000
63400  -35.117  -29.818  58.576 0.0000000000
66878  -32.306  -26.593  58.108 0.0000000000
65628  -33.401  -27.534  57.339 0.0000000000
65627  -33.225  -27.091  57.009 0.0000000000
65653  -36.492  -27.441  56.296 0.0000000000
65652  -35.799  -27.405  56.218 0.0000000000
66914  -35.671  -26.606  55.725 0.0000000000
68160  -35.424  -25.728  54.885 0.0000000000
75229  -29.904  -19.742  58.269 0.0000000000
75248  -30.202  -19.265  56.163 0.0000000000
71798  -33.459  -23.045  55.198 0.0000000000
71799  -34.778  -22.900  55.488 0.0000000000
70642  -36.290  -23.477  56.130 0.0000000000
72940  -34.225  -22.136  55.352 0.0000000000
74078  -33.755  -21.287  55.169 0.0000000000
74112  -34.097  -20.826  54.237 0.0000000000
72987  -34.393  -21.610  53.965 0.0000000000
72976  -35.160  -21.821  54.620 0.0000000000
74161  -34.743  -20.630  51.170 0.0000000000
74174  -34.895  -20.288  50.800 0.0000000000
78926  -34.633  -16.897  51.078 0.0000000000
78947  -36.512  -16.831  50.450 0.0000000000
64394  -23.122  -29.393  66.889 0.0000000000
63221  -24.507  -30.242  68.938 0.0000000000
55893  -14.516  -36.276  78.071 0.0000000000
57189  -15.870  -34.643  73.530 0.0000000000
58396  -20.893  -34.237  72.481 0.0000000000
58397  -21.353  -33.436  72.518 0.0000000000
58410  -21.446  -33.178  71.889 0.0000000000
60787  -22.037  -32.166  72.188 0.0000000000
59637  -21.377  -32.191  70.575 0.0000000000
60807  -21.893  -31.923  71.327 0.0000000000
66688  -18.058  -26.470  70.307 0.0000000000
65442  -18.114  -27.371  69.931 0.0000000000
63172  -17.334  -29.229  70.678 0.0000000000
60806  -16.954  -31.080  70.645 0.0000000000
59634  -18.485  -32.566  69.825 0.0000000000
58421  -19.013  -33.552  69.844 0.0000000000
68012  -33.413  -23.646  65.148 0.0000000000
68035  -32.996  -24.126  64.295 0.0000000000
66791  -33.945  -25.553  63.678 0.0000000000
66804  -33.469  -26.261  63.253 0.0000000000
76504  -37.229  -18.761  49.262 0.0000000000
75365  -37.862  -19.266  48.905 0.0000000000
76519  -38.408  -17.884  47.852 0.0000000000
77747  -38.118  -17.032  48.216 0.0000000000
77761  -38.618  -17.209  47.553 0.0000000000
79001  -39.943  -16.509  47.095 0.0000000000
84956  -41.040  -10.986  46.175 0.0000000000
86046  -42.677  -10.951  44.204 0.0000000000
84970  -42.489  -11.585  44.411 0.0000000000
83896  -42.270  -12.412  44.545 0.0000000000
82731  -43.146  -13.287  44.334 0.0000000000
81533  -45.738  -14.410  43.092 0.0000000000
81547  -45.984  -14.029  42.470 0.0000000000
81548  -46.531  -14.345  42.463 0.0000000000
83922  -48.308  -12.887  41.105 0.0000000000
84994  -47.423  -11.794  41.345 0.0000000000
55858  -13.736  -35.634  79.991 0.0000000000
55847  -13.791  -34.968  80.117 0.0000000000
66859  -33.055  -27.448  59.451 0.0000000000
68124  -31.984  -25.885  58.318 0.0000000000
68140  -31.629  -25.412  57.720 0.0000000000
69372  -31.236  -24.958  57.574 0.0000000000
78841  -29.984  -16.419  57.439 0.0000000000
76400  -30.489  -19.083  55.738 0.0000000000
74091  -31.331  -20.056  55.011 0.0000000000
72973  -32.218  -20.907  54.575 0.0000000000
74109  -31.680  -19.730  54.658 0.0000000000
75280  -31.920  -19.332  54.250 0.0000000000
75296  -32.487  -19.130  53.701 0.0000000000
76433  -33.056  -18.921  52.704 0.0000000000
75316  -33.304  -19.467  52.452 0.0000000000
75335  -33.560  -19.176  51.840 0.0000000000
76452  -33.075  -18.407  51.971 0.0000000000
78906  -33.082  -16.214  52.074 0.0000000000
78907  -34.000  -16.445  51.546 0.0000000000
80118  -34.962  -15.444  52.117 0.0000000000
64422  -25.046  -28.349  66.395 0.0000000000
64397  -25.821  -29.094  67.162 0.0000000000
64376  -27.160  -29.554  68.255 0.0000000000
61882  -15.236  -30.205  76.874 0.0000000000
59580  -14.705  -32.584  76.839 0.0000000000
53509  -18.310  -37.831  73.653 0.0000000000
54588  -14.807  -34.661  85.889 0.0000000000
54584  -14.747  -34.650  86.590 0.0000000000
54580  -14.569  -34.620  87.085 0.0000000000
55750  -15.054  -33.883  87.371 0.0000000000
84941  -39.984  -11.071  48.711 0.0000000000
86016  -40.742  -10.641  48.419 0.0000000000
68111  -40.166  -25.846  58.818 0.0000000000
66744  -29.338  -27.499  65.193 0.0000000000
65483  -30.454  -28.298  66.787 0.0000000000
63287  -33.245  -30.166  66.901 0.0000000000
64320  -16.478  -27.934  74.860 0.0000000000
63126  -16.076  -29.552  74.767 0.0000000000
61942  -16.182  -30.221  74.240 0.0000000000
60756  -16.253  -31.821  73.989 0.0000000000
59607  -16.113  -32.660  73.367 0.0000000000
60770  -16.108  -31.828  73.146 0.0000000000
57203  -16.111  -34.267  72.892 0.0000000000
55984  -16.735  -35.662  72.460 0.0000000000
54759  -17.125  -36.269  72.634 0.0000000000
57222  -18.106  -34.570  70.955 0.0000000000
57221  -17.110  -34.214  71.362 0.0000000000
55985  -17.725  -35.857  71.907 0.0000000000
54742  -17.851  -36.832  72.802 0.0000000000
60927  -36.480  -31.632  63.445 0.0000000000
62168  -36.900  -31.584  62.910 0.0000000000
62199  -34.490  -30.401  60.640 0.0000000000
64499  -33.757  -27.378  61.356 0.0000000000
65580  -34.925  -26.640  61.721 0.0000000000
65579  -34.028  -26.872  61.441 0.0000000000
65594  -33.679  -27.232  60.777 0.0000000000
68126  -33.262  -25.103  60.651 0.0000000000
69342  -33.505  -24.156  60.886 0.0000000000
70588  -34.279  -23.645  61.524 0.0000000000
64416  -19.855  -29.190  67.019 0.0000000000
63267  -20.389  -30.091  67.041 0.0000000000
64417  -20.553  -29.014  66.810 0.0000000000
64419  -22.312  -28.441  66.462 0.0000000000
67978  -23.350  -24.806  67.836 0.0000000000
65496  -26.410  -27.032  65.478 0.0000000000
65497  -27.082  -27.432  65.454 0.0000000000
65514  -27.367  -27.056  65.096 0.0000000000
66742  -28.334  -27.037  64.796 0.0000000000
69239  -27.584  -22.540  66.927 0.0000000000
70521  -28.918  -23.453  64.249 0.0000000000
69271  -28.148  -24.098  64.216 0.0000000000
68032  -27.814  -25.580  64.378 0.0000000000
66769  -28.535  -26.536  64.511 0.0000000000
66743  -28.866  -27.268  64.950 0.0000000000
65515  -30.107  -27.414  64.761 0.0000000000
66802  -30.433  -26.945  63.817 0.0000000000
65529  -30.454  -27.303  64.168 0.0000000000
64461  -31.656  -29.080  64.763 0.0000000000
63314  -32.237  -29.405  64.660 0.0000000000
62147  -33.434  -30.472  63.405 0.0000000000
66699  -20.278  -25.542  68.603 0.0000000000
66707  -19.378  -26.942  67.973 0.0000000000
65461  -19.540  -27.590  67.475 0.0000000000
73041  -38.915  -21.781  50.934 0.0000000000
82686  -37.634  -13.605  49.250 0.0000000000
82696  -38.498  -13.917  47.791 0.0000000000
82697  -38.818  -13.330  47.421 0.0000000000
81475  -38.858  -14.525  47.388 0.0000000000
80193  -40.390  -15.667  46.792 0.0000000000
83884  -40.444  -11.972  45.908 0.0000000000
83875  -40.499  -12.723  45.724 0.0000000000
90669  -49.327  -6.634  40.567 0.0000000000
57040  -14.851  -33.424  83.775 0.0000000000
55807  -14.203  -34.092  83.922 0.0000000000
54611  -13.897  -34.839  83.858 0.0000000000
55846  -13.496  -35.243  80.709 0.0000000000
55834  -13.174  -35.086  81.667 0.0000000000
54593  -13.257  -36.035  85.259 0.0000000000
53405  -12.648  -37.025  85.467 0.0000000000
53397  -12.687  -37.013  86.278 0.0000000000
60944  -37.011  -31.269  61.566 0.0000000000
62215  -36.265  -30.576  60.264 0.0000000000
62216  -36.853  -30.653  60.777 0.0000000000
63365  -38.463  -30.272  60.208 0.0000000000
63382  -38.877  -29.812  59.672 0.0000000000
64533  -34.654  -29.446  57.993 0.0000000000
64534  -35.844  -29.292  58.019 0.0000000000
64512  -37.566  -29.491  58.680 0.0000000000
64513  -38.035  -29.164  58.808 0.0000000000
64514  -39.286  -29.155  59.069 0.0000000000
65611  -39.029  -27.508  58.138 0.0000000000
65632  -38.220  -27.295  57.166 0.0000000000
68127  -38.906  -25.997  57.625 0.0000000000
74040  -30.880  -20.909  60.268 0.0000000000
75204  -31.231  -20.031  60.205 0.0000000000
71743  -30.516  -23.099  58.975 0.0000000000
70620  -30.395  -24.126  58.014 0.0000000000
69387  -30.848  -24.535  57.490 0.0000000000
74061  -30.173  -20.936  57.387 0.0000000000
74060  -30.247  -21.524  57.627 0.0000000000
71767  -30.302  -22.546  57.308 0.0000000000
70637  -30.757  -23.956  57.040 0.0000000000
69389  -31.978  -25.039  56.027 0.0000000000
69391  -34.762  -24.646  54.765 0.0000000000
68161  -36.854  -25.686  55.570 0.0000000000
68142  -37.363  -25.162  56.232 0.0000000000
69376  -38.115  -25.198  56.948 0.0000000000
69362  -38.767  -24.779  57.391 0.0000000000
71801  -36.356  -22.894  56.344 0.0000000000
72974  -32.675  -20.700  54.517 0.0000000000
75265  -33.562  -20.506  54.455 0.0000000000
71865  -37.532  -22.646  52.106 0.0000000000
73023  -36.708  -22.324  51.264 0.0000000000
74192  -36.768  -20.116  49.755 0.0000000000
75348  -34.772  -19.771  50.669 0.0000000000
77711  -34.737  -18.123  50.462 0.0000000000
76488  -36.958  -17.649  49.481 0.0000000000
78965  -36.806  -16.115  49.435 0.0000000000
62095  -21.147  -30.578  67.461 0.0000000000
62096  -21.603  -30.425  67.745 0.0000000000
63218  -22.513  -30.999  68.873 0.0000000000
63219  -23.105  -30.755  68.724 0.0000000000
63196  -23.206  -31.333  69.368 0.0000000000
63173  -23.584  -31.382  70.227 0.0000000000
63199  -25.015  -29.966  70.069 0.0000000000
63175  -24.692  -30.474  71.131 0.0000000000
58309  -14.352  -33.872  79.908 0.0000000000
59567  -14.405  -32.322  79.164 0.0000000000
57095  -14.273  -34.019  79.596 0.0000000000
55859  -14.013  -35.497  79.391 0.0000000000
54656  -14.611  -36.735  78.343 0.0000000000
58376  -15.648  -33.617  74.348 0.0000000000
58364  -15.350  -33.632  75.233 0.0000000000
55937  -15.162  -35.714  75.727 0.0000000000
53508  -17.025  -37.898  73.654 0.0000000000
52290  -17.022  -38.455  74.160 0.0000000000
53478  -15.460  -37.822  75.504 0.0000000000
54689  -14.870  -36.776  75.986 0.0000000000
89544  -51.570  -7.244  39.606 0.0000000000
54573  -12.982  -35.644  89.121 0.0000000000
53382  -13.519  -35.336  88.410 0.0000000000
55741  -13.900  -34.209  88.100 0.0000000000
56986  -13.169  -33.750  89.464 0.0000000000
53526  -18.062  -37.296  73.270 0.0000000000
54568  -13.517  -34.774  88.702 0.0000000000
54569  -13.657  -34.693  88.511 0.0000000000
54574  -13.477  -35.077  88.730 0.0000000000
54723  -18.507  -37.224  73.260 0.0000000000
55758  -14.658  -34.314  87.317 0.0000000000
57056  -15.053  -33.066  83.512 0.0000000000
57080  -13.531  -34.703  81.302 0.0000000000
57190  -16.320  -34.979  72.795 0.0000000000
57205  -17.534  -34.936  71.533 0.0000000000
57239  -19.587  -34.298  70.848 0.0000000000
58437  -20.590  -32.849  70.089 0.0000000000
59622  -17.113  -32.170  71.452 0.0000000000
59635  -19.026  -32.411  69.229 0.0000000000
60831  -21.215  -32.091  69.123 0.0000000000
60957  -37.009  -31.086  61.345 0.0000000000
61994  -16.332  -31.256  72.333 0.0000000000
61996  -16.729  -30.349  71.441 0.0000000000
64375  -19.105  -28.009  67.895 0.0000000000
64392  -18.826  -29.011  68.015 0.0000000000
64558  -37.281  -28.698  57.533 0.0000000000
65513  -27.087  -27.004  65.197 0.0000000000
65541  -30.267  -26.790  64.142 0.0000000000
65542  -30.353  -26.988  64.046 0.0000000000
65596  -39.612  -27.710  58.677 0.0000000000
66741  -26.539  -26.864  65.316 0.0000000000
66766  -26.251  -25.871  65.035 0.0000000000
66801  -30.367  -26.738  63.933 0.0000000000
66916  -37.439  -26.347  56.245 0.0000000000
67961  -18.304  -25.942  69.941 0.0000000000
68031  -26.849  -25.389  64.769 0.0000000000
68047  -27.095  -25.891  64.676 0.0000000000
68123  -31.740  -25.405  58.156 0.0000000000
69356  -31.083  -24.645  58.351 0.0000000000
69360  -33.436  -24.649  60.782 0.0000000000
69371  -30.886  -24.673  58.091 0.0000000000
69388  -31.225  -24.665  56.800 0.0000000000
70536  -29.086  -23.760  63.902 0.0000000000
70586  -33.102  -23.187  60.879 0.0000000000
70587  -33.480  -23.672  60.958 0.0000000000
71722  -30.365  -22.569  58.916 0.0000000000
71723  -32.046  -22.358  60.614 0.0000000000
71724  -32.725  -22.740  60.930 0.0000000000
71742  -30.213  -22.601  58.136 0.0000000000
71795  -30.406  -22.338  56.832 0.0000000000
71877  -36.888  -22.616  51.530 0.0000000000
71878  -37.133  -22.621  51.584 0.0000000000
72850  -30.259  -22.203  58.672 0.0000000000
72851  -30.307  -22.342  58.865 0.0000000000
72877  -30.222  -22.138  58.403 0.0000000000
72908  -30.208  -21.998  57.704 0.0000000000
72909  -30.260  -21.672  57.247 0.0000000000
72958  -31.962  -21.469  54.711 0.0000000000
72960  -34.584  -21.237  55.065 0.0000000000
73024  -37.708  -22.356  51.388 0.0000000000
75262  -30.300  -19.272  55.936 0.0000000000
75264  -33.322  -20.408  54.398 0.0000000000
76387  -30.316  -19.011  56.016 0.0000000000
76529  -38.617  -17.611  47.623 0.0000000000
76530  -38.833  -17.719  47.503 0.0000000000
82710  -41.777  -14.380  45.008 0.0000000000
82755  -47.714  -14.100  42.036 0.0000000000
84962  -40.797  -11.538  45.857 0.0000000000
87155  -42.176  -10.345  45.149 0.0000000000
