#!ascii label  , from subject 3076 vox2ras=TkReg
887
109875  39.416  20.534  38.250 0.0000000000
107017  44.782  17.368  33.721 0.0000000000
111846  42.340  22.465  31.305 0.0000000000
103103  47.330  13.078  25.543 0.0000000000
104002  39.896  14.292  39.491 0.0000000000
115143  43.353  25.594  34.634 0.0000000000
105099  49.229  15.854  28.981 0.0000000000
108077  37.981  18.562  26.089 0.0000000000
111793  46.029  22.415  39.220 0.0000000000
107920  43.961  18.043  40.542 0.0000000000
101972  42.748  12.396  34.646 0.0000000000
111882  38.116  22.494  27.031 0.0000000000
108987  43.711  19.628  26.100 0.0000000000
109920  46.607  20.566  33.647 0.0000000000
109988  48.481  20.177  27.941 0.0000000000
110993  36.972  21.150  25.100 0.0000000000
110864  43.573  21.810  39.438 0.0000000000
108872  42.133  19.296  40.065 0.0000000000
101944  41.581  12.659  36.777 0.0000000000
114372  39.828  25.235  31.924 0.0000000000
114396  38.657  25.399  29.118 0.0000000000
111871  39.665  22.462  29.981 0.0000000000
110007  41.303  20.487  27.161 0.0000000000
110965  43.659  21.178  28.032 0.0000000000
107947  46.913  19.267  37.441 0.0000000000
109898  45.347  20.639  36.510 0.0000000000
108921  47.561  19.417  34.676 0.0000000000
104111  51.200  14.682  26.071 0.0000000000
108037  50.453  18.306  29.012 0.0000000000
105118  49.758  15.847  26.620 0.0000000000
107081  47.860  17.570  28.394 0.0000000000
104096  47.079  14.334  27.759 0.0000000000
102034  43.214  12.253  28.447 0.0000000000
108888  37.464  19.080  39.171 0.0000000000
107912  40.003  17.886  41.558 0.0000000000
112726  41.282  23.465  33.394 0.0000000000
104070  44.993  14.506  31.712 0.0000000000
106080  46.729  16.613  31.166 0.0000000000
103062  47.670  13.638  29.292 0.0000000000
102041  49.487  12.628  26.691 0.0000000000
115106  46.062  26.186  38.752 0.0000000000
113531  45.368  24.573  40.031 0.0000000000
108879  46.415  20.255  40.551 0.0000000000
106991  44.250  17.965  36.899 0.0000000000
106016  41.819  16.543  39.546 0.0000000000
106027  42.665  15.857  37.061 0.0000000000
105062  43.390  15.250  34.209 0.0000000000
100979  44.541  11.676  31.676 0.0000000000
108891  34.448  19.615  39.236 0.0000000000
113642  39.916  24.178  24.856 0.0000000000
112795  37.916  23.384  24.023 0.0000000000
110016  38.453  20.239  25.017 0.0000000000
144050  41.103  18.053  24.996 0.0000000000
108972  42.897  19.321  27.788 0.0000000000
113558  44.060  23.939  37.187 0.0000000000
110901  42.850  21.291  35.441 0.0000000000
109936  43.399  20.957  32.302 0.0000000000
108005  48.309  19.292  31.560 0.0000000000
109955  47.598  20.478  30.793 0.0000000000
110937  45.330  21.531  29.498 0.0000000000
110975  46.254  20.690  26.305 0.0000000000
108040  45.687  18.676  28.743 0.0000000000
111898  36.076  22.871  25.783 0.0000000000
112788  36.492  22.934  24.545 0.0000000000
109873  41.925  20.603  38.865 0.0000000000
108899  40.970  19.932  38.864 0.0000000000
111848  40.695  23.217  31.437 0.0000000000
112755  39.660  23.612  31.117 0.0000000000
110940  40.976  22.085  30.318 0.0000000000
110954  41.256  21.683  29.569 0.0000000000
111868  42.718  22.125  29.949 0.0000000000
107959  46.163  18.750  36.274 0.0000000000
107958  47.046  19.285  36.020 0.0000000000
107969  46.077  18.627  34.637 0.0000000000
104120  49.860  13.770  25.034 0.0000000000
106128  50.842  15.900  26.137 0.0000000000
104104  49.037  14.883  26.437 0.0000000000
105120  48.291  15.444  27.484 0.0000000000
103086  47.321  13.722  26.592 0.0000000000
102043  45.739  12.755  26.899 0.0000000000
102066  45.584  12.289  25.825 0.0000000000
106972  37.869  17.666  41.073 0.0000000000
115951  41.756  26.487  33.454 0.0000000000
114363  42.131  25.140  34.325 0.0000000000
103054  45.657  13.231  30.908 0.0000000000
104068  46.185  14.694  30.904 0.0000000000
102020  46.757  12.602  29.429 0.0000000000
101010  48.737  11.584  26.536 0.0000000000
101030  49.902  11.495  25.499 0.0000000000
102052  50.521  12.708  25.489 0.0000000000
108859  44.413  19.626  41.269 0.0000000000
109840  45.461  20.112  41.206 0.0000000000
107918  45.474  19.071  40.575 0.0000000000
108898  45.422  19.017  39.178 0.0000000000
107950  43.947  18.071  38.249 0.0000000000
106011  40.042  16.350  40.625 0.0000000000
106010  40.820  16.525  40.538 0.0000000000
105026  41.147  15.477  39.155 0.0000000000
101958  42.387  12.557  35.444 0.0000000000
104022  41.765  14.191  36.872 0.0000000000
104036  42.611  14.245  35.410 0.0000000000
105050  42.936  15.406  35.313 0.0000000000
104045  42.952  14.158  34.086 0.0000000000
103029  43.739  13.522  33.092 0.0000000000
100973  43.810  11.749  33.037 0.0000000000
98910  45.395  9.479  31.864 0.0000000000
112769  37.855  23.933  27.847 0.0000000000
114411  39.397  25.356  27.317 0.0000000000
113627  38.304  24.274  26.407 0.0000000000
113643  38.858  23.932  24.643 0.0000000000
111889  37.715  22.837  25.840 0.0000000000
111895  37.879  21.519  25.106 0.0000000000
110982  38.530  21.313  26.588 0.0000000000
144041  42.564  20.065  25.751 0.0000000000
144044  42.045  19.028  24.419 0.0000000000
144039  42.713  18.739  24.912 0.0000000000
108988  42.385  18.867  26.182 0.0000000000
108971  43.755  19.410  27.419 0.0000000000
113536  45.668  24.367  39.167 0.0000000000
114333  44.992  24.773  37.847 0.0000000000
112693  44.580  23.126  38.193 0.0000000000
109905  45.639  20.622  35.553 0.0000000000
110900  43.479  21.093  36.160 0.0000000000
109914  44.647  20.358  34.582 0.0000000000
109923  42.718  20.905  33.250 0.0000000000
109921  45.297  20.392  33.506 0.0000000000
106089  47.721  16.770  30.455 0.0000000000
107050  47.716  17.877  31.079 0.0000000000
106088  48.495  17.324  30.276 0.0000000000
108967  49.997  19.006  27.969 0.0000000000
108954  49.242  19.729  29.717 0.0000000000
109974  48.473  20.165  29.017 0.0000000000
109956  46.416  21.078  30.027 0.0000000000
109967  46.916  21.144  28.618 0.0000000000
110949  46.235  21.213  27.930 0.0000000000
109989  47.582  20.300  27.076 0.0000000000
106102  46.491  16.535  29.197 0.0000000000
108039  46.459  18.170  28.729 0.0000000000
107073  46.123  17.557  29.284 0.0000000000
107075  44.706  17.753  30.153 0.0000000000
115142  44.461  25.889  34.977 0.0000000000
110988  36.891  21.318  25.853 0.0000000000
110010  37.566  19.843  25.343 0.0000000000
112687  43.319  23.727  38.683 0.0000000000
111797  42.286  22.608  38.331 0.0000000000
108882  43.065  19.959  39.921 0.0000000000
107909  42.949  18.725  41.026 0.0000000000
102981  40.844  13.841  38.151 0.0000000000
115167  38.772  25.745  30.522 0.0000000000
112763  38.433  23.661  29.877 0.0000000000
110957  38.677  22.162  28.854 0.0000000000
109996  39.320  20.818  27.227 0.0000000000
110981  40.298  21.264  28.358 0.0000000000
109979  41.752  20.805  27.959 0.0000000000
109993  43.916  20.527  26.692 0.0000000000
109870  47.055  20.428  38.477 0.0000000000
110885  45.334  21.423  38.040 0.0000000000
108909  47.374  20.201  37.115 0.0000000000
109896  47.489  20.183  35.884 0.0000000000
109902  48.300  20.206  34.986 0.0000000000
104092  50.745  15.303  27.850 0.0000000000
106099  50.036  16.681  29.185 0.0000000000
106108  51.340  16.474  27.800 0.0000000000
108068  50.705  17.896  27.796 0.0000000000
108982  49.512  18.767  27.665 0.0000000000
108071  47.999  19.102  27.366 0.0000000000
106111  48.994  16.977  27.886 0.0000000000
105110  47.622  15.458  28.085 0.0000000000
104097  46.058  14.057  28.640 0.0000000000
102045  44.177  12.176  27.390 0.0000000000
108902  37.944  19.701  38.602 0.0000000000
108886  39.562  19.144  39.350 0.0000000000
107925  38.456  18.175  40.712 0.0000000000
105999  38.691  16.533  41.290 0.0000000000
103990  39.456  14.634  39.831 0.0000000000
115961  40.734  26.685  32.420 0.0000000000
113587  40.556  24.315  32.651 0.0000000000
112745  41.125  23.171  32.341 0.0000000000
106071  44.548  15.988  32.752 0.0000000000
107036  45.792  17.474  32.327 0.0000000000
105086  45.981  15.567  31.376 0.0000000000
105093  47.258  15.649  30.416 0.0000000000
104084  48.508  14.963  28.962 0.0000000000
102030  47.999  12.551  28.172 0.0000000000
102029  48.845  12.945  27.597 0.0000000000
103072  49.789  14.065  27.572 0.0000000000
103083  50.988  13.995  26.343 0.0000000000
103100  50.254  13.223  24.750 0.0000000000
102073  47.934  12.290  24.712 0.0000000000
101031  46.732  11.499  24.723 0.0000000000
113530  45.861  24.519  39.926 0.0000000000
112677  46.427  23.419  39.967 0.0000000000
111785  44.970  22.768  40.206 0.0000000000
111777  46.135  22.422  40.448 0.0000000000
110862  46.848  21.128  39.735 0.0000000000
108897  46.296  19.471  38.870 0.0000000000
107953  46.120  18.819  37.090 0.0000000000
106994  44.288  17.853  35.916 0.0000000000
107923  40.933  18.464  40.862 0.0000000000
106970  41.698  17.182  40.845 0.0000000000
106015  42.709  17.164  39.831 0.0000000000
104008  41.206  14.338  38.134 0.0000000000
105032  42.075  15.858  38.185 0.0000000000
106985  43.026  17.152  38.183 0.0000000000
106026  43.146  16.586  36.950 0.0000000000
106045  43.627  16.416  34.964 0.0000000000
106044  43.935  16.245  34.198 0.0000000000
104061  44.446  14.470  32.365 0.0000000000
103046  44.671  13.607  31.886 0.0000000000
100986  45.146  11.605  30.957 0.0000000000
99931  44.402  10.105  32.668 0.0000000000
99948  45.348  10.452  31.169 0.0000000000
108903  36.932  19.742  38.572 0.0000000000
108889  36.460  19.163  39.165 0.0000000000
107945  34.186  18.981  39.945 0.0000000000
114419  40.999  25.303  26.082 0.0000000000
113661  40.461  24.020  22.980 0.0000000000
111896  37.350  22.386  24.902 0.0000000000
110017  37.898  20.310  24.703 0.0000000000
108089  38.767  18.970  24.688 0.0000000000
110009  38.948  20.205  26.053 0.0000000000
109005  39.077  19.332  24.809 0.0000000000
108087  40.153  18.165  25.067 0.0000000000
114355  44.121  25.007  35.793 0.0000000000
111803  43.665  22.339  37.206 0.0000000000
112708  42.881  22.825  36.252 0.0000000000
113573  42.682  24.114  35.184 0.0000000000
111823  41.877  22.731  34.476 0.0000000000
110908  42.153  21.677  32.946 0.0000000000
110929  42.659  21.995  31.556 0.0000000000
107976  46.913  18.965  33.501 0.0000000000
107989  47.656  19.196  32.805 0.0000000000
109931  48.447  20.133  33.171 0.0000000000
108021  49.467  18.488  30.235 0.0000000000
109954  48.291  20.118  31.417 0.0000000000
109933  47.181  20.571  32.774 0.0000000000
109946  46.714  20.555  31.522 0.0000000000
109947  45.297  20.999  31.114 0.0000000000
110939  43.607  21.974  30.213 0.0000000000
110951  44.473  21.615  28.807 0.0000000000
110977  44.812  20.541  27.159 0.0000000000
109992  44.744  20.238  26.255 0.0000000000
108072  47.259  19.585  27.154 0.0000000000
108969  46.171  19.593  27.237 0.0000000000
108970  45.127  19.654  27.519 0.0000000000
108955  44.617  19.358  28.535 0.0000000000
103067  42.850  12.525  29.398 0.0000000000
112789  36.066  23.482  25.126 0.0000000000
112796  36.469  23.434  24.160 0.0000000000
109890  39.752  21.214  37.781 0.0000000000
109874  40.564  20.811  38.261 0.0000000000
108900  40.030  19.796  38.677 0.0000000000
111847  41.323  22.945  31.621 0.0000000000
111858  41.628  22.604  30.764 0.0000000000
111869  41.900  22.123  30.105 0.0000000000
111857  42.442  22.372  30.570 0.0000000000
107970  45.312  18.343  34.882 0.0000000000
107964  46.160  18.710  35.461 0.0000000000
107000  45.210  18.088  34.111 0.0000000000
103094  48.597  13.735  25.547 0.0000000000
104113  49.469  14.382  25.724 0.0000000000
104114  48.524  14.021  26.025 0.0000000000
104105  48.155  14.463  26.765 0.0000000000
103095  47.843  13.605  26.003 0.0000000000
103096  46.889  13.201  26.114 0.0000000000
102065  46.518  12.476  25.399 0.0000000000
115147  44.494  26.658  34.044 0.0000000000
115148  43.455  26.345  34.120 0.0000000000
115149  42.298  25.860  33.970 0.0000000000
115144  42.712  25.241  34.553 0.0000000000
102021  45.952  12.313  29.914 0.0000000000
102010  46.178  13.025  30.045 0.0000000000
99987  49.887  10.507  25.422 0.0000000000
99994  50.113  10.775  24.910 0.0000000000
108076  38.715  18.374  26.642 0.0000000000
106967  44.044  18.427  41.273 0.0000000000
107906  45.254  19.024  41.217 0.0000000000
107919  44.557  18.428  40.846 0.0000000000
107935  44.977  18.556  39.818 0.0000000000
106983  44.358  17.917  39.437 0.0000000000
105028  39.870  14.854  39.878 0.0000000000
105027  40.400  15.194  39.751 0.0000000000
104001  40.623  14.349  39.045 0.0000000000
103010  42.307  13.377  35.825 0.0000000000
103022  42.535  13.298  35.024 0.0000000000
104046  42.745  13.920  34.702 0.0000000000
103021  42.816  13.276  34.278 0.0000000000
103030  43.296  13.390  33.665 0.0000000000
101971  43.173  12.526  33.907 0.0000000000
112775  37.995  23.220  27.842 0.0000000000
113618  38.196  24.347  27.289 0.0000000000
112776  37.916  23.604  27.011 0.0000000000
112781  37.852  23.668  26.014 0.0000000000
111883  37.822  23.156  26.504 0.0000000000
111888  37.759  21.841  25.844 0.0000000000
110006  43.218  19.958  25.656 0.0000000000
144047  42.502  19.870  25.307 0.0000000000
108996  42.956  19.289  24.925 0.0000000000
112684  45.926  23.392  39.329 0.0000000000
113537  45.501  23.795  38.864 0.0000000000
112685  45.418  23.225  38.671 0.0000000000
109913  46.085  20.546  34.587 0.0000000000
106101  48.104  16.269  29.883 0.0000000000
106100  48.827  16.742  29.784 0.0000000000
108968  49.167  19.596  28.531 0.0000000000
109975  47.773  20.711  28.185 0.0000000000
109976  47.064  21.117  27.361 0.0000000000
105101  46.011  15.716  29.368 0.0000000000
106103  45.527  16.509  29.718 0.0000000000
111897  36.659  22.190  25.044 0.0000000000
110011  37.284  20.597  25.271 0.0000000000
112696  42.336  23.636  37.953 0.0000000000
109861  42.203  20.015  39.357 0.0000000000
109860  42.765  20.312  39.392 0.0000000000
108883  42.443  19.709  39.740 0.0000000000
108861  43.104  19.266  40.789 0.0000000000
107921  42.707  19.043  40.738 0.0000000000
115157  39.546  25.723  31.625 0.0000000000
115166  39.105  26.090  31.061 0.0000000000
114381  39.268  25.196  31.265 0.0000000000
111860  39.296  23.045  30.416 0.0000000000
112756  38.890  23.679  30.565 0.0000000000
111861  38.779  23.258  30.137 0.0000000000
111872  38.689  22.762  29.535 0.0000000000
110956  39.215  21.961  29.206 0.0000000000
110969  39.744  21.420  28.694 0.0000000000
110968  40.646  21.427  28.906 0.0000000000
110966  42.550  21.203  28.417 0.0000000000
110967  41.522  21.328  28.677 0.0000000000
109978  42.712  20.501  26.964 0.0000000000
109977  43.627  20.741  27.314 0.0000000000
108896  47.266  19.567  38.029 0.0000000000
109869  47.483  20.208  37.740 0.0000000000
108908  47.472  19.869  37.312 0.0000000000
107963  46.956  19.150  35.169 0.0000000000
108912  47.636  19.988  36.563 0.0000000000
108917  47.802  19.774  35.549 0.0000000000
109903  47.888  20.314  35.265 0.0000000000
108920  48.205  19.740  34.816 0.0000000000
104101  51.319  15.280  27.102 0.0000000000
105107  51.138  15.729  27.859 0.0000000000
105116  51.410  15.673  27.017 0.0000000000
106119  50.492  16.404  26.667 0.0000000000
106118  51.135  16.542  26.801 0.0000000000
108069  50.116  18.198  27.570 0.0000000000
107087  49.902  17.396  27.313 0.0000000000
107088  49.187  17.463  27.637 0.0000000000
106120  49.350  16.505  27.342 0.0000000000
104095  47.790  14.903  27.547 0.0000000000
105111  46.629  15.356  28.684 0.0000000000
103075  46.206  13.540  27.820 0.0000000000
102056  44.565  12.108  26.789 0.0000000000
102044  45.089  12.521  27.300 0.0000000000
108887  38.500  19.111  39.289 0.0000000000
107941  37.995  18.461  39.841 0.0000000000
106957  38.296  17.195  41.386 0.0000000000
106012  39.250  16.190  40.746 0.0000000000
105020  38.332  15.547  40.695 0.0000000000
114364  41.481  25.071  33.814 0.0000000000
114365  40.676  25.136  33.205 0.0000000000
112727  40.908  23.912  33.052 0.0000000000
112737  40.887  23.556  32.735 0.0000000000
112736  41.131  23.022  32.868 0.0000000000
105078  44.821  15.430  32.244 0.0000000000
105077  45.429  15.852  31.952 0.0000000000
105087  45.335  15.204  31.659 0.0000000000
103063  46.786  13.642  29.897 0.0000000000
104078  46.889  14.671  30.255 0.0000000000
104086  47.226  14.189  29.739 0.0000000000
104077  47.368  15.203  30.072 0.0000000000
103061  48.205  14.284  29.138 0.0000000000
101002  47.309  11.486  28.236 0.0000000000
101011  47.971  11.501  27.415 0.0000000000
103085  49.442  13.447  27.411 0.0000000000
103073  48.739  13.918  28.319 0.0000000000
104103  50.354  14.344  27.405 0.0000000000
103084  50.367  13.650  26.908 0.0000000000
101037  49.938  11.588  24.795 0.0000000000
102062  50.394  12.518  24.916 0.0000000000
102071  49.722  12.292  24.607 0.0000000000
103107  49.614  12.854  24.539 0.0000000000
101039  48.329  11.685  24.500 0.0000000000
101040  47.546  11.791  24.606 0.0000000000
115093  45.200  25.653  39.748 0.0000000000
115092  45.385  25.792  39.697 0.0000000000
114320  45.560  25.416  39.821 0.0000000000
112678  45.782  23.524  40.346 0.0000000000
111787  43.441  22.328  39.277 0.0000000000
112686  44.020  23.775  39.411 0.0000000000
110863  44.375  21.849  39.800 0.0000000000
108867  46.282  20.366  40.800 0.0000000000
110855  45.718  21.616  40.502 0.0000000000
109847  46.411  20.845  40.440 0.0000000000
110861  46.715  21.559  40.098 0.0000000000
109856  46.711  20.649  40.087 0.0000000000
109857  46.610  20.443  39.405 0.0000000000
107954  45.038  18.400  37.500 0.0000000000
107960  45.113  18.465  36.535 0.0000000000
107924  39.659  18.264  41.144 0.0000000000
107939  40.186  18.681  40.135 0.0000000000
107911  40.681  18.036  41.423 0.0000000000
106009  41.590  16.844  40.378 0.0000000000
106954  41.469  17.507  41.287 0.0000000000
106969  42.461  17.421  40.616 0.0000000000
106008  42.107  17.057  40.088 0.0000000000
102987  40.954  13.438  37.741 0.0000000000
104014  41.438  14.193  37.492 0.0000000000
105039  42.128  15.090  36.685 0.0000000000
105040  41.789  14.805  37.268 0.0000000000
105035  42.201  15.517  37.482 0.0000000000
106020  42.699  16.664  38.850 0.0000000000
106024  42.759  16.622  37.738 0.0000000000
106989  42.979  17.174  37.844 0.0000000000
105038  42.770  15.710  36.305 0.0000000000
106033  43.334  16.402  35.912 0.0000000000
105061  43.940  15.664  33.658 0.0000000000
105069  44.216  15.353  32.955 0.0000000000
105070  43.746  15.001  33.438 0.0000000000
101993  44.283  12.659  32.188 0.0000000000
103037  44.155  13.590  32.523 0.0000000000
102002  44.884  12.739  31.445 0.0000000000
100987  44.822  12.126  31.165 0.0000000000
98920  45.625  9.627  31.191 0.0000000000
109893  37.016  21.056  37.740 0.0000000000
108905  35.136  19.911  38.673 0.0000000000
108904  36.014  19.950  38.806 0.0000000000
108890  35.501  19.341  39.241 0.0000000000
107943  35.959  18.603  39.708 0.0000000000
107944  34.999  18.795  39.764 0.0000000000
113633  40.089  24.886  26.071 0.0000000000
114420  40.319  25.266  26.360 0.0000000000
113632  40.686  24.943  25.731 0.0000000000
114431  41.353  24.885  25.292 0.0000000000
113641  40.980  24.688  25.028 0.0000000000
113660  41.196  24.393  23.323 0.0000000000
113651  40.661  24.158  23.916 0.0000000000
112786  38.570  23.724  24.470 0.0000000000
111902  37.280  23.032  23.877 0.0000000000
110987  38.297  21.042  25.384 0.0000000000
110991  37.924  21.089  24.774 0.0000000000
110008  40.237  20.239  26.597 0.0000000000
109004  41.262  18.708  24.865 0.0000000000
108088  39.443  18.658  24.827 0.0000000000
144052  40.584  18.248  25.739 0.0000000000
144048  41.360  18.429  25.967 0.0000000000
113557  44.514  24.558  37.415 0.0000000000
114342  45.247  25.617  37.432 0.0000000000
113568  44.156  24.623  36.708 0.0000000000
109887  44.968  20.987  37.210 0.0000000000
111802  44.455  22.324  37.835 0.0000000000
110886  44.300  21.590  37.400 0.0000000000
110898  43.148  21.723  36.158 0.0000000000
111815  43.165  22.339  36.513 0.0000000000
111816  42.698  22.322  35.952 0.0000000000
112719  42.689  23.281  35.767 0.0000000000
111821  42.239  22.451  35.176 0.0000000000
112721  42.160  23.357  34.912 0.0000000000
109937  42.637  21.395  32.469 0.0000000000
110918  42.245  22.061  32.129 0.0000000000
109949  43.371  21.382  31.655 0.0000000000
107991  46.152  18.359  32.850 0.0000000000
107035  46.457  18.129  32.071 0.0000000000
108006  47.781  18.968  31.792 0.0000000000
108934  48.077  19.497  32.682 0.0000000000
108933  48.441  19.820  33.363 0.0000000000
108940  48.261  19.711  32.035 0.0000000000
107071  50.226  17.649  29.385 0.0000000000
107060  49.657  17.995  29.836 0.0000000000
108038  49.997  18.488  29.690 0.0000000000
109965  48.492  20.226  30.252 0.0000000000
108947  48.887  19.649  30.826 0.0000000000
109945  47.770  20.398  32.025 0.0000000000
109934  45.958  20.503  32.468 0.0000000000
109957  45.512  21.325  30.240 0.0000000000
110926  44.949  21.468  30.262 0.0000000000
110927  44.226  21.508  30.636 0.0000000000
110938  44.356  21.791  29.804 0.0000000000
110962  46.290  20.915  26.914 0.0000000000
110963  45.534  20.942  27.503 0.0000000000
110976  45.678  20.597  26.566 0.0000000000
109991  46.187  20.293  25.986 0.0000000000
108056  48.286  18.266  27.843 0.0000000000
108057  46.995  18.834  27.929 0.0000000000
108058  46.059  19.362  27.977 0.0000000000
108986  45.621  19.830  26.313 0.0000000000
107064  44.343  17.310  30.548 0.0000000000
108024  44.370  17.936  30.255 0.0000000000
103078  43.941  12.769  28.774 0.0000000000
102022  42.842  12.368  29.029 0.0000000000
110875  41.483  21.711  38.181 0.0000000000
110876  40.664  21.548  37.886 0.0000000000
108884  41.668  19.550  39.524 0.0000000000
113597  40.261  24.177  31.995 0.0000000000
113598  39.756  24.430  31.607 0.0000000000
112754  40.323  23.429  31.383 0.0000000000
111859  40.432  22.823  30.755 0.0000000000
110941  40.457  22.260  30.265 0.0000000000
110955  40.242  21.880  29.699 0.0000000000
110953  42.229  21.723  29.352 0.0000000000
107952  46.918  19.401  36.793 0.0000000000
107968  46.781  19.032  34.324 0.0000000000
104112  50.738  14.700  25.605 0.0000000000
105125  51.050  15.460  25.964 0.0000000000
105126  50.373  15.432  26.113 0.0000000000
105119  48.968  15.489  26.905 0.0000000000
104106  47.263  13.970  27.040 0.0000000000
103088  45.789  13.049  27.428 0.0000000000
103087  46.543  13.390  27.001 0.0000000000
102055  45.179  12.307  26.416 0.0000000000
101021  45.110  11.970  25.908 0.0000000000
107942  36.960  18.451  39.701 0.0000000000
107926  37.439  18.070  40.476 0.0000000000
106973  36.910  17.623  40.963 0.0000000000
113578  41.642  24.171  33.875 0.0000000000
103045  45.439  13.665  31.276 0.0000000000
103044  45.854  14.151  31.043 0.0000000000
103053  46.129  13.688  30.677 0.0000000000
99979  49.337  10.593  26.067 0.0000000000
101020  49.668  11.726  25.805 0.0000000000
102053  50.060  12.406  25.949 0.0000000000
101029  50.119  11.612  25.247 0.0000000000
113532  44.598  24.506  39.627 0.0000000000
109850  44.012  20.322  40.518 0.0000000000
109858  44.549  21.219  40.075 0.0000000000
109841  44.980  19.991  41.282 0.0000000000
107934  45.564  19.161  39.985 0.0000000000
108881  45.666  19.235  39.545 0.0000000000
107949  44.936  18.442  38.640 0.0000000000
107955  44.207  18.241  37.878 0.0000000000
105998  39.739  16.778  41.211 0.0000000000
106955  40.331  17.418  41.450 0.0000000000
105018  40.299  16.041  40.088 0.0000000000
106017  40.938  16.221  39.821 0.0000000000
101943  42.033  12.626  36.174 0.0000000000
102995  41.933  13.397  36.541 0.0000000000
104021  42.251  14.192  36.253 0.0000000000
105051  42.430  14.964  35.941 0.0000000000
104035  42.882  14.614  34.724 0.0000000000
104054  43.472  14.291  33.537 0.0000000000
101983  43.664  12.604  33.255 0.0000000000
101994  43.976  12.329  32.740 0.0000000000
98897  44.831  9.467  32.698 0.0000000000
97815  45.903  8.711  31.956 0.0000000000
113617  38.264  24.722  28.195 0.0000000000
114403  39.200  25.601  27.921 0.0000000000
113626  39.101  24.927  26.975 0.0000000000
113634  39.065  24.445  25.718 0.0000000000
113635  38.366  24.031  25.435 0.0000000000
113644  38.445  23.847  24.983 0.0000000000
112787  38.118  23.563  24.862 0.0000000000
108997  41.660  19.883  25.712 0.0000000000
144043  42.316  18.941  24.514 0.0000000000
144051  42.090  18.590  24.626 0.0000000000
144053  41.761  18.240  25.394 0.0000000000
114325  45.810  25.381  39.373 0.0000000000
114332  45.424  25.344  38.247 0.0000000000
113544  45.281  24.651  38.372 0.0000000000
113545  44.860  24.039  38.222 0.0000000000
113546  44.369  23.561  37.741 0.0000000000
109899  44.163  20.813  36.628 0.0000000000
109906  43.944  20.436  35.677 0.0000000000
109907  43.281  20.710  35.238 0.0000000000
109915  43.231  20.647  34.542 0.0000000000
109922  43.923  20.438  33.402 0.0000000000
109935  44.602  20.496  32.310 0.0000000000
106079  47.298  17.259  31.058 0.0000000000
107051  47.049  17.803  31.550 0.0000000000
107062  48.333  17.891  30.657 0.0000000000
108023  48.178  18.442  31.114 0.0000000000
108952  50.352  18.648  28.518 0.0000000000
108953  50.000  19.100  29.124 0.0000000000
109966  47.656  20.684  29.485 0.0000000000
110936  46.094  21.436  28.889 0.0000000000
109990  46.831  20.679  26.287 0.0000000000
106113  47.338  16.484  28.588 0.0000000000
107082  46.926  17.559  28.784 0.0000000000
107074  45.278  17.635  29.773 0.0000000000
106091  45.164  16.952  30.073 0.0000000000
111890  36.395  22.373  26.467 0.0000000000
109997  37.445  19.620  25.955 0.0000000000
109000  37.686  19.107  25.547 0.0000000000
112688  42.784  23.158  38.438 0.0000000000
110865  43.156  22.032  39.122 0.0000000000
110874  42.638  21.713  38.692 0.0000000000
109872  43.092  20.936  38.905 0.0000000000
109859  43.790  20.749  39.738 0.0000000000
108870  43.495  19.841  40.500 0.0000000000
107908  43.802  18.976  41.414 0.0000000000
106968  43.545  18.021  40.933 0.0000000000
102982  40.520  13.430  38.364 0.0000000000
102988  40.570  13.013  37.901 0.0000000000
101935  40.778  12.570  37.712 0.0000000000
101934  41.155  12.656  37.300 0.0000000000
100929  41.755  11.930  36.494 0.0000000000
100928  42.232  11.854  35.856 0.0000000000
100940  42.613  11.825  35.177 0.0000000000
100952  42.884  11.658  34.720 0.0000000000
100951  43.151  11.736  34.199 0.0000000000
115173  39.464  26.525  30.061 0.0000000000
115174  38.712  26.011  30.020 0.0000000000
113604  39.146  24.360  30.974 0.0000000000
113605  38.558  24.379  30.389 0.0000000000
113611  38.338  24.501  29.453 0.0000000000
112768  38.029  23.598  28.798 0.0000000000
111877  38.319  22.579  28.402 0.0000000000
110970  38.690  21.508  28.131 0.0000000000
109981  39.546  21.138  28.028 0.0000000000
109995  40.325  20.964  27.702 0.0000000000
110979  41.309  21.072  28.213 0.0000000000
110871  46.443  21.306  39.196 0.0000000000
110872  45.820  21.669  38.727 0.0000000000
110884  46.314  21.007  38.437 0.0000000000
109886  46.715  20.669  37.420 0.0000000000
108913  47.201  20.289  36.884 0.0000000000
109897  46.808  20.447  36.353 0.0000000000
109904  46.946  20.536  35.430 0.0000000000
109912  47.273  20.601  34.606 0.0000000000
105109  49.823  15.528  28.490 0.0000000000
106110  50.390  16.280  28.679 0.0000000000
106109  50.832  16.603  28.503 0.0000000000
107070  50.684  17.533  28.711 0.0000000000
106117  51.370  16.341  27.203 0.0000000000
107078  51.309  16.881  27.477 0.0000000000
108053  50.649  18.117  28.309 0.0000000000
108054  50.412  18.393  27.923 0.0000000000
108983  48.619  19.377  27.585 0.0000000000
108070  49.099  18.345  27.577 0.0000000000
108055  48.825  17.918  27.711 0.0000000000
107080  48.646  17.479  27.989 0.0000000000
106121  48.762  15.966  27.462 0.0000000000
106112  48.423  16.464  28.035 0.0000000000
103064  45.196  13.532  28.847 0.0000000000
102033  44.005  12.483  28.120 0.0000000000
102032  44.689  12.550  27.938 0.0000000000
102046  43.554  12.091  27.756 0.0000000000
108901  38.970  19.785  38.739 0.0000000000
107940  39.054  18.654  40.123 0.0000000000
106971  38.736  17.757  41.192 0.0000000000
106956  39.354  17.450  41.420 0.0000000000
105019  39.544  15.431  40.187 0.0000000000
115971  40.678  27.029  31.918 0.0000000000
115156  40.171  26.145  32.196 0.0000000000
115150  40.955  26.082  33.326 0.0000000000
115151  40.504  25.668  32.843 0.0000000000
113588  40.165  24.686  32.121 0.0000000000
112746  40.645  23.577  31.987 0.0000000000
111837  41.903  22.585  31.883 0.0000000000
106059  44.865  17.039  33.227 0.0000000000
107016  45.227  17.779  33.128 0.0000000000
106070  45.058  16.595  32.568 0.0000000000
106081  45.823  16.581  31.789 0.0000000000
105085  46.657  15.550  30.776 0.0000000000
106090  47.096  16.124  30.718 0.0000000000
105092  47.718  15.732  29.985 0.0000000000
105100  48.335  15.726  29.535 0.0000000000
101003  46.671  11.511  28.938 0.0000000000
102031  47.183  12.246  28.705 0.0000000000
102019  47.584  12.806  28.960 0.0000000000
102042  48.526  12.278  27.234 0.0000000000
103074  48.074  13.166  28.799 0.0000000000
104094  49.248  15.044  28.524 0.0000000000
104093  50.010  14.896  27.905 0.0000000000
104102  50.977  14.846  27.173 0.0000000000
103092  51.042  13.593  25.532 0.0000000000
104118  51.119  14.129  25.282 0.0000000000
104119  50.510  14.013  25.051 0.0000000000
103101  49.089  13.423  24.824 0.0000000000
102064  47.510  12.723  25.047 0.0000000000
102074  47.160  12.225  24.750 0.0000000000
111784  46.327  22.947  39.630 0.0000000000
113538  43.887  24.536  39.260 0.0000000000
112679  44.838  23.693  39.902 0.0000000000
110856  45.067  21.768  40.239 0.0000000000
111778  45.640  22.560  40.435 0.0000000000
112672  45.890  22.949  40.491 0.0000000000
112671  46.319  23.015  40.349 0.0000000000
111783  46.579  22.447  39.860 0.0000000000
111792  46.447  21.952  39.554 0.0000000000
107948  46.372  18.700  38.001 0.0000000000
107965  45.126  18.421  35.600 0.0000000000
107001  44.274  17.460  34.668 0.0000000000
108885  40.613  19.257  39.390 0.0000000000
107938  41.228  18.850  40.041 0.0000000000
107910  41.789  18.283  41.242 0.0000000000
106953  42.639  18.045  41.315 0.0000000000
106981  42.881  17.403  40.179 0.0000000000
106014  43.120  17.327  39.783 0.0000000000
104009  40.843  14.127  38.471 0.0000000000
104000  41.109  14.670  38.698 0.0000000000
105033  41.526  15.210  38.487 0.0000000000
105036  41.760  14.945  37.878 0.0000000000
106021  41.751  16.052  38.777 0.0000000000
106019  43.179  17.200  39.471 0.0000000000
106984  43.704  17.469  38.830 0.0000000000
106988  43.350  17.596  37.603 0.0000000000
106992  43.637  17.285  36.445 0.0000000000
106995  43.752  17.116  35.462 0.0000000000
106060  44.409  16.477  33.453 0.0000000000
104053  43.911  14.373  32.938 0.0000000000
102001  45.397  12.934  31.074 0.0000000000
102012  45.156  12.427  30.998 0.0000000000
100995  45.609  11.584  30.296 0.0000000000
99933  43.655  11.331  33.307 0.0000000000
99941  44.294  11.136  32.268 0.0000000000
99940  44.660  10.479  32.046 0.0000000000
100978  44.942  11.046  31.460 0.0000000000
99956  45.460  11.010  30.668 0.0000000000
109891  38.838  21.122  37.734 0.0000000000
109876  38.405  20.448  38.210 0.0000000000
109878  36.420  20.642  38.246 0.0000000000
107929  34.544  18.338  40.349 0.0000000000
106975  34.981  17.718  40.828 0.0000000000
114452  40.137  24.632  22.927 0.0000000000
113652  39.538  23.743  23.715 0.0000000000
113662  39.321  23.954  23.009 0.0000000000
111907  36.874  23.146  23.738 0.0000000000
111903  36.828  22.745  24.195 0.0000000000
110992  37.372  21.247  24.840 0.0000000000
110018  37.344  20.806  24.847 0.0000000000
109006  38.244  19.372  24.900 0.0000000000
108083  38.464  18.767  25.130 0.0000000000
108998  39.994  19.488  25.604 0.0000000000
108999  39.034  19.703  25.332 0.0000000000
108082  39.037  18.404  25.529 0.0000000000
108081  39.646  18.282  25.942 0.0000000000
144040  41.413  18.749  27.095 0.0000000000
115132  45.604  26.266  35.837 0.0000000000
114358  43.805  25.354  35.120 0.0000000000
111794  45.258  22.376  38.454 0.0000000000
112694  43.975  23.110  37.511 0.0000000000
110897  43.642  21.537  36.775 0.0000000000
112707  43.310  23.252  36.613 0.0000000000
113569  43.533  24.231  36.146 0.0000000000
113572  43.228  24.371  35.516 0.0000000000
114359  43.302  24.832  35.062 0.0000000000
114360  42.471  24.690  34.684 0.0000000000
113574  42.094  24.074  34.523 0.0000000000
112722  41.738  23.414  34.184 0.0000000000
110903  42.104  21.798  34.073 0.0000000000
110904  41.747  22.357  33.590 0.0000000000
111828  41.443  22.682  33.249 0.0000000000
110919  41.959  22.151  32.700 0.0000000000
107977  46.044  18.477  33.767 0.0000000000
108925  47.264  19.285  34.076 0.0000000000
108007  47.020  18.487  31.935 0.0000000000
107975  47.397  19.090  33.172 0.0000000000
108924  47.845  19.453  33.739 0.0000000000
108923  48.424  19.881  34.280 0.0000000000
109910  48.361  20.223  34.501 0.0000000000
109919  47.632  20.587  33.790 0.0000000000
107072  49.578  17.387  29.704 0.0000000000
107061  49.063  17.823  30.249 0.0000000000
108022  48.807  18.839  31.056 0.0000000000
108946  49.641  19.129  30.255 0.0000000000
109944  48.227  20.182  32.391 0.0000000000
109932  48.005  20.384  33.051 0.0000000000
109948  43.987  21.097  31.464 0.0000000000
110928  43.239  21.896  31.096 0.0000000000
111845  42.800  22.304  30.851 0.0000000000
111867  43.208  22.132  29.961 0.0000000000
110952  43.359  21.751  29.326 0.0000000000
110950  45.400  21.399  28.416 0.0000000000
110964  44.679  21.195  27.884 0.0000000000
110978  44.151  20.847  27.446 0.0000000000
108984  47.353  19.896  26.583 0.0000000000
108994  46.902  19.927  25.800 0.0000000000
108985  46.690  19.730  26.536 0.0000000000
108995  46.451  19.949  25.857 0.0000000000
108956  43.645  19.350  28.788 0.0000000000
108041  44.484  18.545  29.669 0.0000000000
101033  44.964  11.354  25.695 0.0000000000
98898  44.310  9.858  33.106 0.0000000000
99988  49.780  11.186  25.535 0.0000000000
99997  47.729  11.228  24.482 0.0000000000
100962  43.481  11.828  33.561 0.0000000000
100972  44.127  11.709  32.471 0.0000000000
101019  50.101  12.134  25.563 0.0000000000
101032  45.505  11.582  25.510 0.0000000000
101928  40.478  12.545  38.133 0.0000000000
101982  43.953  12.934  32.747 0.0000000000
102011  45.618  12.628  30.588 0.0000000000
102040  50.264  12.950  26.199 0.0000000000
102051  51.023  12.968  25.058 0.0000000000
102054  46.063  12.720  26.281 0.0000000000
102061  50.818  13.019  24.857 0.0000000000
102063  48.236  12.918  24.707 0.0000000000
102072  48.869  12.484  24.446 0.0000000000
102996  41.465  13.413  37.133 0.0000000000
103066  43.404  12.838  29.299 0.0000000000
103077  44.631  12.932  28.566 0.0000000000
103093  50.723  13.361  26.076 0.0000000000
103099  51.029  13.472  24.922 0.0000000000
103102  48.069  13.278  25.232 0.0000000000
103106  50.039  12.717  24.665 0.0000000000
104069  45.633  14.619  31.312 0.0000000000
104085  47.702  14.799  29.604 0.0000000000
104110  51.316  15.207  26.759 0.0000000000
105098  50.007  16.054  28.691 0.0000000000
105106  51.381  15.918  27.492 0.0000000000
105108  50.518  15.743  28.342 0.0000000000
105117  51.269  15.483  27.348 0.0000000000
105124  51.299  15.540  26.425 0.0000000000
105127  49.555  15.195  26.371 0.0000000000
105996  41.287  16.926  40.931 0.0000000000
105997  40.653  16.862  41.110 0.0000000000
106023  43.091  16.935  37.438 0.0000000000
106098  50.512  17.107  28.999 0.0000000000
106126  51.344  16.063  26.694 0.0000000000
106127  51.114  16.057  26.306 0.0000000000
106951  43.970  18.665  41.424 0.0000000000
106952  43.506  18.466  41.265 0.0000000000
106979  44.278  18.041  39.870 0.0000000000
106980  43.486  17.653  39.989 0.0000000000
106987  44.143  18.146  37.446 0.0000000000
107002  43.817  17.029  35.005 0.0000000000
107052  46.332  17.328  31.742 0.0000000000
107063  44.893  17.225  30.238 0.0000000000
107079  51.157  17.344  27.996 0.0000000000
107085  51.231  16.799  27.140 0.0000000000
107086  50.835  17.229  27.299 0.0000000000
107907  44.488  18.898  41.422 0.0000000000
107922  42.042  18.851  40.598 0.0000000000
107936  44.250  18.135  40.228 0.0000000000
107937  41.760  19.124  40.082 0.0000000000
107990  47.035  18.779  32.577 0.0000000000
108858  45.136  19.544  41.294 0.0000000000
108860  43.610  19.424  41.117 0.0000000000
108868  45.994  19.759  41.063 0.0000000000
108869  44.057  19.971  40.896 0.0000000000
108871  42.733  19.376  40.336 0.0000000000
108880  46.164  19.745  40.042 0.0000000000
108915  48.454  20.034  35.074 0.0000000000
108916  48.314  19.999  35.258 0.0000000000
108919  48.449  19.892  34.868 0.0000000000
108941  48.039  19.465  32.195 0.0000000000
108966  50.391  18.568  28.155 0.0000000000
108993  47.127  20.051  25.877 0.0000000000
109848  45.971  20.703  40.869 0.0000000000
109849  44.845  20.570  40.643 0.0000000000
109871  43.446  21.242  39.212 0.0000000000
109885  47.427  20.281  37.390 0.0000000000
109888  44.200  21.177  37.033 0.0000000000
109901  48.447  20.136  34.819 0.0000000000
109909  48.507  20.042  34.544 0.0000000000
109911  48.039  20.476  34.560 0.0000000000
109917  48.485  20.079  34.004 0.0000000000
109918  48.252  20.349  33.888 0.0000000000
109980  39.960  21.233  28.193 0.0000000000
109994  41.109  20.944  27.860 0.0000000000
110003  47.189  20.220  26.121 0.0000000000
110004  46.859  20.204  25.806 0.0000000000
110005  46.639  20.092  25.740 0.0000000000
110854  46.301  21.615  40.402 0.0000000000
110870  46.669  21.676  39.732 0.0000000000
110873  43.186  21.543  39.031 0.0000000000
110909  41.808  22.202  33.180 0.0000000000
110917  42.876  21.567  31.819 0.0000000000
110980  40.869  21.204  28.279 0.0000000000
111776  46.507  22.459  40.191 0.0000000000
111786  44.011  22.781  39.511 0.0000000000
111795  43.628  23.249  39.132 0.0000000000
111796  43.203  22.679  38.841 0.0000000000
111824  41.634  22.718  33.849 0.0000000000
111838  41.600  22.613  32.502 0.0000000000
111856  43.032  22.210  30.436 0.0000000000
111870  40.190  22.340  30.196 0.0000000000
112670  46.506  22.953  40.144 0.0000000000
112676  46.644  22.812  40.000 0.0000000000
112718  43.111  23.716  36.064 0.0000000000
112747  40.124  23.841  31.628 0.0000000000
113570  43.025  23.976  35.731 0.0000000000
113579  41.065  24.344  33.349 0.0000000000
113625  39.665  25.151  26.660 0.0000000000
114321  44.880  25.304  39.687 0.0000000000
114343  44.713  25.259  37.123 0.0000000000
114356  43.553  24.622  35.598 0.0000000000
114361  41.932  24.649  34.282 0.0000000000
114371  40.293  25.204  32.507 0.0000000000
114382  38.880  25.471  30.768 0.0000000000
114388  38.892  24.931  30.711 0.0000000000
114389  38.602  25.228  30.167 0.0000000000
115117  45.152  25.682  37.030 0.0000000000
115155  40.785  26.492  32.717 0.0000000000
144038  41.880  18.254  24.903 0.0000000000
144042  42.359  19.435  24.777 0.0000000000
144045  41.389  18.052  25.217 0.0000000000
144046  41.868  18.496  24.703 0.0000000000
