#!ascii label  , from subject 3077 vox2ras=TkReg
1058
42345  -14.992  -57.419  59.197 0.0000000000
63523  -41.095  -41.333  62.752 0.0000000000
66125  -45.457  -38.431  53.731 0.0000000000
69897  -52.655  -35.791  47.474 0.0000000000
56781  -38.623  -46.799  61.943 0.0000000000
64908  -49.943  -39.313  50.198 0.0000000000
78320  -53.752  -28.134  44.137 0.0000000000
85703  -56.165  -22.976  44.504 0.0000000000
59195  -43.732  -44.475  56.911 0.0000000000
63622  -46.483  -40.176  56.698 0.0000000000
68599  -43.671  -37.699  58.446 0.0000000000
42246  -16.026  -57.389  63.800 0.0000000000
39576  -20.720  -59.347  63.598 0.0000000000
38305  -25.345  -60.049  63.243 0.0000000000
40944  -30.401  -57.768  61.897 0.0000000000
46397  -34.052  -54.663  59.685 0.0000000000
49312  -38.139  -52.106  58.460 0.0000000000
55558  -40.971  -47.074  58.472 0.0000000000
63667  -48.955  -40.702  52.686 0.0000000000
88181  -58.797  -21.263  43.212 0.0000000000
61316  -42.675  -42.712  59.767 0.0000000000
63609  -43.428  -40.242  57.762 0.0000000000
66021  -42.270  -39.656  60.202 0.0000000000
43613  -16.640  -56.159  61.240 0.0000000000
40873  -18.035  -57.883  64.854 0.0000000000
49230  -35.002  -52.407  62.284 0.0000000000
47790  -36.432  -53.589  59.048 0.0000000000
50578  -36.928  -50.902  62.356 0.0000000000
59116  -39.964  -44.276  62.329 0.0000000000
55516  -40.818  -47.292  61.828 0.0000000000
58004  -42.122  -44.962  61.000 0.0000000000
56848  -42.641  -45.600  58.500 0.0000000000
68647  -47.295  -37.203  56.008 0.0000000000
63645  -47.360  -40.103  54.471 0.0000000000
67441  -48.262  -38.006  53.806 0.0000000000
66258  -51.439  -38.274  47.918 0.0000000000
66197  -52.910  -39.825  49.814 0.0000000000
67582  -54.256  -38.048  47.308 0.0000000000
69933  -52.933  -35.732  44.606 0.0000000000
79489  -56.230  -27.466  45.855 0.0000000000
75868  -54.046  -30.398  46.561 0.0000000000
54318  -37.303  -49.083  60.694 0.0000000000
68741  -49.115  -36.637  45.923 0.0000000000
81975  -54.974  -25.541  44.593 0.0000000000
81977  -57.031  -25.369  44.725 0.0000000000
84499  -59.263  -22.637  41.398 0.0000000000
55606  -47.330  -47.100  55.445 0.0000000000
61345  -45.078  -42.255  56.556 0.0000000000
66076  -45.743  -37.958  58.188 0.0000000000
42286  -15.601  -57.190  61.260 0.0000000000
38344  -22.530  -60.437  61.424 0.0000000000
38303  -22.993  -60.015  63.512 0.0000000000
38346  -24.782  -60.937  61.872 0.0000000000
37114  -27.134  -61.254  61.280 0.0000000000
40958  -29.214  -59.469  60.791 0.0000000000
43651  -30.169  -56.810  59.364 0.0000000000
42336  -32.969  -57.150  60.267 0.0000000000
47828  -34.938  -53.742  56.189 0.0000000000
51877  -39.284  -49.935  61.772 0.0000000000
53160  -39.800  -49.164  58.557 0.0000000000
53209  -40.459  -48.720  54.386 0.0000000000
54404  -43.658  -48.803  54.655 0.0000000000
54387  -45.306  -48.734  55.593 0.0000000000
66174  -50.656  -39.126  51.462 0.0000000000
74604  -51.827  -31.596  47.801 0.0000000000
72054  -51.887  -33.798  44.773 0.0000000000
42302  -13.949  -57.679  60.345 0.0000000000
62389  -42.357  -41.774  61.330 0.0000000000
63578  -42.552  -41.107  60.253 0.0000000000
64759  -41.750  -40.066  61.544 0.0000000000
53108  -34.264  -50.735  61.432 0.0000000000
50598  -35.719  -51.545  62.435 0.0000000000
53088  -35.608  -50.126  62.185 0.0000000000
61288  -40.690  -42.644  62.422 0.0000000000
59100  -41.091  -44.313  62.730 0.0000000000
60201  -42.064  -43.366  62.082 0.0000000000
60224  -42.538  -43.533  60.894 0.0000000000
68670  -48.114  -37.326  54.756 0.0000000000
67439  -47.271  -38.145  53.766 0.0000000000
68730  -51.732  -36.771  47.573 0.0000000000
67558  -53.745  -37.519  48.085 0.0000000000
68732  -53.387  -36.619  47.601 0.0000000000
68754  -53.480  -36.629  45.527 0.0000000000
69912  -53.343  -35.738  46.345 0.0000000000
79519  -56.762  -27.623  44.715 0.0000000000
77106  -56.385  -29.260  45.095 0.0000000000
77143  -56.101  -29.174  43.039 0.0000000000
84456  -53.435  -23.474  43.529 0.0000000000
84459  -55.780  -23.880  44.759 0.0000000000
83192  -55.990  -24.694  45.219 0.0000000000
84448  -57.089  -23.848  45.266 0.0000000000
83207  -57.323  -24.473  44.425 0.0000000000
85705  -57.656  -22.750  44.516 0.0000000000
85718  -59.248  -22.214  43.030 0.0000000000
58067  -45.397  -45.352  56.657 0.0000000000
59197  -45.876  -44.362  56.628 0.0000000000
60262  -44.305  -43.387  56.503 0.0000000000
66056  -43.874  -38.808  58.719 0.0000000000
66091  -44.539  -38.677  57.903 0.0000000000
67333  -44.626  -37.554  58.546 0.0000000000
68619  -45.915  -36.869  58.046 0.0000000000
68629  -43.972  -37.093  57.660 0.0000000000
40935  -17.090  -57.687  61.613 0.0000000000
40899  -16.425  -57.943  63.724 0.0000000000
40887  -19.300  -58.579  64.136 0.0000000000
40905  -24.223  -58.892  63.448 0.0000000000
38304  -24.237  -60.092  63.437 0.0000000000
38324  -23.914  -60.446  62.739 0.0000000000
38325  -25.036  -60.601  62.671 0.0000000000
37113  -26.342  -61.379  61.314 0.0000000000
38326  -26.187  -60.898  62.614 0.0000000000
40959  -29.644  -59.010  61.059 0.0000000000
40976  -29.357  -58.341  60.258 0.0000000000
42334  -30.371  -57.292  60.229 0.0000000000
46383  -33.654  -54.854  60.905 0.0000000000
44985  -32.920  -55.516  61.474 0.0000000000
45016  -33.186  -55.653  59.770 0.0000000000
45015  -32.464  -56.078  59.499 0.0000000000
46406  -33.438  -54.921  58.635 0.0000000000
46435  -33.646  -54.048  56.786 0.0000000000
46419  -34.475  -54.111  57.707 0.0000000000
49294  -37.821  -52.493  58.988 0.0000000000
47815  -36.711  -53.543  57.114 0.0000000000
49325  -37.555  -52.397  57.228 0.0000000000
50715  -38.108  -51.465  56.456 0.0000000000
54293  -37.673  -48.679  62.272 0.0000000000
54284  -38.822  -48.253  62.682 0.0000000000
55540  -41.393  -47.266  60.382 0.0000000000
54319  -40.754  -48.528  60.668 0.0000000000
54342  -40.282  -48.398  58.880 0.0000000000
54365  -39.590  -48.717  56.539 0.0000000000
55584  -40.573  -47.639  57.104 0.0000000000
55585  -41.419  -47.175  56.796 0.0000000000
58065  -43.579  -45.355  57.570 0.0000000000
55572  -44.020  -47.052  56.892 0.0000000000
56865  -44.963  -46.226  56.759 0.0000000000
54370  -46.480  -47.915  55.891 0.0000000000
44966  -15.893  -56.216  62.226 0.0000000000
43600  -15.733  -56.553  62.383 0.0000000000
42266  -15.660  -56.988  62.505 0.0000000000
61359  -46.806  -42.298  56.183 0.0000000000
62464  -46.588  -41.483  55.784 0.0000000000
63657  -48.612  -40.133  53.344 0.0000000000
66191  -48.320  -38.926  51.039 0.0000000000
66172  -48.874  -38.364  51.746 0.0000000000
66193  -50.292  -38.996  50.941 0.0000000000
63734  -53.519  -40.221  48.400 0.0000000000
63694  -52.556  -40.773  49.976 0.0000000000
74636  -54.296  -30.781  46.314 0.0000000000
75848  -53.264  -30.962  47.376 0.0000000000
73283  -52.918  -31.647  46.279 0.0000000000
73299  -51.418  -32.695  46.107 0.0000000000
73316  -52.164  -31.995  44.520 0.0000000000
72069  -52.468  -33.866  43.987 0.0000000000
85731  -55.789  -22.213  43.018 0.0000000000
86984  -57.560  -22.018  44.175 0.0000000000
87017  -57.037  -21.877  42.354 0.0000000000
87007  -58.372  -21.192  42.350 0.0000000000
60245  -42.817  -43.537  58.631 0.0000000000
61343  -43.133  -42.086  57.307 0.0000000000
62421  -42.619  -41.864  59.094 0.0000000000
64795  -42.739  -40.219  59.199 0.0000000000
67309  -42.650  -38.807  59.373 0.0000000000
43601  -16.614  -56.389  62.443 0.0000000000
42235  -16.451  -57.262  64.816 0.0000000000
42248  -19.610  -58.034  63.779 0.0000000000
47772  -34.884  -53.639  60.453 0.0000000000
46399  -35.698  -53.860  58.907 0.0000000000
47759  -36.160  -53.303  60.675 0.0000000000
49275  -37.086  -53.118  60.233 0.0000000000
50635  -37.804  -51.804  60.754 0.0000000000
57981  -39.236  -45.841  62.116 0.0000000000
55504  -39.332  -47.312  62.777 0.0000000000
57965  -39.793  -45.238  63.116 0.0000000000
56784  -41.121  -46.375  61.638 0.0000000000
56817  -41.672  -46.495  60.651 0.0000000000
56862  -42.161  -46.296  57.895 0.0000000000
58040  -42.505  -45.190  59.626 0.0000000000
59165  -42.893  -44.349  58.964 0.0000000000
44995  -16.122  -55.583  60.846 0.0000000000
66104  -47.458  -38.263  56.636 0.0000000000
64850  -47.466  -39.360  55.696 0.0000000000
66116  -48.155  -38.400  55.398 0.0000000000
66127  -48.460  -38.532  54.464 0.0000000000
64872  -49.219  -39.506  53.317 0.0000000000
66235  -50.815  -38.944  48.557 0.0000000000
66213  -51.302  -38.973  49.465 0.0000000000
66237  -53.079  -38.578  49.065 0.0000000000
66239  -54.191  -39.134  48.855 0.0000000000
78306  -54.930  -27.621  45.232 0.0000000000
78283  -53.923  -29.125  45.597 0.0000000000
77098  -55.555  -29.283  46.273 0.0000000000
75877  -55.507  -30.291  45.998 0.0000000000
62399  -40.490  -41.822  60.849 0.0000000000
60234  -40.267  -43.562  60.055 0.0000000000
66155  -46.696  -38.452  52.654 0.0000000000
64948  -48.934  -39.336  48.456 0.0000000000
66256  -49.701  -38.476  47.301 0.0000000000
67580  -50.624  -37.506  46.960 0.0000000000
69909  -50.828  -35.680  46.887 0.0000000000
80671  -54.368  -26.414  44.442 0.0000000000
81955  -55.792  -26.560  45.757 0.0000000000
80660  -56.449  -26.522  45.464 0.0000000000
79528  -56.765  -26.731  44.074 0.0000000000
85706  -58.316  -22.452  43.952 0.0000000000
84484  -58.503  -23.301  42.864 0.0000000000
58082  -47.166  -45.318  55.889 0.0000000000
60247  -46.401  -42.996  56.495 0.0000000000
62444  -46.309  -41.364  56.674 0.0000000000
62441  -43.608  -41.093  57.034 0.0000000000
63611  -45.503  -40.051  57.125 0.0000000000
64839  -46.659  -39.474  57.123 0.0000000000
67377  -46.819  -37.324  57.410 0.0000000000
68645  -45.698  -37.040  56.338 0.0000000000
66054  -41.104  -39.454  58.704 0.0000000000
67328  -41.118  -38.351  58.689 0.0000000000
67390  -42.435  -38.046  56.311 0.0000000000
42304  -15.777  -57.469  60.427 0.0000000000
40951  -16.898  -57.741  60.644 0.0000000000
38378  -22.867  -60.417  59.671 0.0000000000
42288  -20.237  -57.533  62.354 0.0000000000
42250  -21.123  -58.357  63.188 0.0000000000
39577  -21.979  -59.402  63.515 0.0000000000
38345  -23.689  -60.608  61.643 0.0000000000
37129  -27.850  -61.445  60.482 0.0000000000
38383  -28.673  -60.789  59.899 0.0000000000
43590  -30.357  -56.447  62.931 0.0000000000
43607  -32.173  -56.346  61.971 0.0000000000
42296  -31.275  -57.411  61.531 0.0000000000
43653  -31.919  -56.780  59.739 0.0000000000
45054  -31.168  -56.002  58.353 0.0000000000
46421  -36.151  -53.740  57.361 0.0000000000
53089  -36.538  -49.639  62.307 0.0000000000
50601  -37.953  -50.462  62.217 0.0000000000
50637  -39.133  -50.969  60.490 0.0000000000
54307  -40.308  -48.633  61.588 0.0000000000
53128  -39.857  -49.678  60.749 0.0000000000
51945  -39.286  -50.903  58.914 0.0000000000
52002  -38.811  -50.003  56.351 0.0000000000
53208  -39.178  -49.313  54.495 0.0000000000
52030  -44.437  -50.293  54.389 0.0000000000
55587  -43.489  -47.330  56.435 0.0000000000
53173  -44.470  -48.757  55.318 0.0000000000
52031  -45.059  -50.180  54.803 0.0000000000
53214  -46.381  -49.711  54.697 0.0000000000
42285  -14.615  -57.172  61.355 0.0000000000
67460  -48.090  -38.042  52.860 0.0000000000
66157  -49.599  -38.831  52.793 0.0000000000
63668  -49.974  -40.623  52.419 0.0000000000
66175  -51.281  -39.405  50.962 0.0000000000
63682  -50.903  -40.947  51.250 0.0000000000
62505  -50.135  -41.638  51.114 0.0000000000
69908  -49.857  -35.443  46.429 0.0000000000
70973  -50.185  -34.683  46.530 0.0000000000
77095  -52.684  -29.891  46.308 0.0000000000
75866  -51.273  -30.676  46.379 0.0000000000
73280  -50.585  -32.407  46.876 0.0000000000
72040  -50.451  -33.652  46.407 0.0000000000
70975  -51.834  -34.915  46.146 0.0000000000
70993  -52.493  -34.884  44.772 0.0000000000
42321  -14.500  -57.691  59.491 0.0000000000
62378  -42.021  -41.626  61.936 0.0000000000
63552  -42.146  -40.980  61.520 0.0000000000
63537  -41.829  -40.677  61.998 0.0000000000
51902  -34.062  -50.718  60.541 0.0000000000
53087  -34.669  -50.705  62.040 0.0000000000
53109  -35.363  -50.362  61.211 0.0000000000
62364  -40.760  -41.999  62.996 0.0000000000
61275  -41.232  -42.532  62.620 0.0000000000
61289  -41.731  -42.495  62.218 0.0000000000
61290  -42.243  -42.548  61.730 0.0000000000
67423  -46.579  -38.249  54.425 0.0000000000
68668  -47.397  -37.608  54.633 0.0000000000
69896  -51.745  -35.916  47.730 0.0000000000
68731  -52.468  -36.592  47.800 0.0000000000
69898  -53.316  -35.902  47.018 0.0000000000
69911  -52.652  -35.341  46.501 0.0000000000
79527  -56.521  -27.595  43.833 0.0000000000
78322  -56.298  -28.622  43.526 0.0000000000
85702  -55.271  -23.219  44.142 0.0000000000
84460  -56.509  -23.283  44.927 0.0000000000
84447  -56.471  -23.940  45.144 0.0000000000
85691  -57.351  -23.310  45.056 0.0000000000
85704  -56.926  -22.527  44.692 0.0000000000
59196  -44.863  -44.456  56.561 0.0000000000
67310  -43.493  -38.493  58.790 0.0000000000
66057  -44.391  -38.182  58.433 0.0000000000
67332  -43.911  -37.886  58.638 0.0000000000
68617  -44.457  -36.879  58.240 0.0000000000
68616  -43.762  -37.266  58.136 0.0000000000
40918  -16.147  -57.549  63.434 0.0000000000
40898  -16.055  -57.739  63.825 0.0000000000
40888  -19.893  -58.916  64.064 0.0000000000
39562  -19.853  -59.182  63.923 0.0000000000
39580  -24.668  -59.365  63.623 0.0000000000
38306  -26.387  -59.996  63.126 0.0000000000
40943  -29.870  -58.511  61.937 0.0000000000
39600  -29.427  -58.931  62.288 0.0000000000
42295  -30.220  -57.801  61.385 0.0000000000
46384  -34.281  -54.380  60.517 0.0000000000
46396  -33.590  -54.980  60.275 0.0000000000
45017  -33.597  -54.942  59.286 0.0000000000
45036  -33.457  -55.143  59.078 0.0000000000
46407  -34.041  -54.412  58.802 0.0000000000
49311  -37.600  -52.574  58.196 0.0000000000
49326  -37.873  -52.193  57.887 0.0000000000
50696  -37.779  -51.819  56.964 0.0000000000
50697  -38.210  -51.680  57.580 0.0000000000
55527  -38.140  -47.937  61.665 0.0000000000
55503  -38.816  -47.494  62.618 0.0000000000
55550  -41.171  -47.294  59.461 0.0000000000
55549  -40.797  -48.014  59.482 0.0000000000
55557  -40.704  -47.663  58.898 0.0000000000
55569  -40.469  -47.672  58.100 0.0000000000
55570  -41.030  -47.154  57.607 0.0000000000
56880  -41.478  -46.912  57.352 0.0000000000
58066  -44.428  -45.432  56.914 0.0000000000
44965  -15.302  -55.969  62.352 0.0000000000
62456  -46.558  -41.458  56.266 0.0000000000
61374  -46.684  -42.454  55.835 0.0000000000
63666  -48.015  -40.482  52.934 0.0000000000
62491  -48.333  -40.995  52.209 0.0000000000
62504  -48.622  -41.551  51.580 0.0000000000
64907  -48.928  -39.420  50.389 0.0000000000
66192  -49.364  -38.949  51.122 0.0000000000
78304  -53.514  -28.841  44.646 0.0000000000
74649  -54.172  -30.836  45.290 0.0000000000
74635  -53.344  -31.348  45.844 0.0000000000
73300  -52.440  -31.837  45.593 0.0000000000
61325  -42.643  -42.815  59.065 0.0000000000
61326  -42.693  -42.513  58.166 0.0000000000
63567  -42.303  -40.532  60.672 0.0000000000
64794  -42.548  -40.459  59.990 0.0000000000
64784  -42.501  -40.032  60.072 0.0000000000
66038  -42.630  -39.387  59.566 0.0000000000
67287  -42.284  -38.959  59.950 0.0000000000
42269  -19.887  -57.637  63.074 0.0000000000
51852  -33.290  -51.369  62.372 0.0000000000
49229  -34.077  -52.523  62.522 0.0000000000
47742  -34.399  -53.135  62.058 0.0000000000
47743  -35.086  -52.914  61.626 0.0000000000
47758  -35.531  -53.246  60.989 0.0000000000
50599  -36.584  -51.538  62.115 0.0000000000
49255  -36.793  -52.805  60.845 0.0000000000
49232  -36.935  -51.954  61.488 0.0000000000
49276  -37.710  -52.480  60.076 0.0000000000
49233  -37.365  -51.652  61.391 0.0000000000
59115  -39.471  -44.832  62.378 0.0000000000
57964  -39.280  -45.073  63.004 0.0000000000
59097  -39.642  -44.669  62.754 0.0000000000
59132  -41.674  -44.932  61.767 0.0000000000
57983  -41.174  -45.483  62.156 0.0000000000
58003  -41.684  -45.512  61.340 0.0000000000
56798  -41.467  -46.456  61.204 0.0000000000
58026  -41.740  -45.977  60.933 0.0000000000
56832  -42.020  -45.922  60.103 0.0000000000
58027  -42.097  -45.441  60.645 0.0000000000
60235  -42.726  -43.571  60.069 0.0000000000
59164  -42.732  -44.372  59.677 0.0000000000
60236  -42.809  -43.839  59.396 0.0000000000
66115  -47.616  -38.633  56.048 0.0000000000
66105  -47.913  -38.037  55.963 0.0000000000
68676  -48.128  -37.585  54.402 0.0000000000
67424  -48.283  -37.798  54.708 0.0000000000
66140  -48.620  -38.478  53.769 0.0000000000
64861  -48.787  -39.221  53.750 0.0000000000
66141  -49.069  -38.758  53.467 0.0000000000
66236  -52.129  -38.419  48.609 0.0000000000
67537  -53.876  -38.114  48.734 0.0000000000
67559  -54.303  -38.139  48.106 0.0000000000
66259  -54.225  -39.143  47.628 0.0000000000
67581  -53.819  -37.564  46.481 0.0000000000
79488  -55.829  -27.587  46.025 0.0000000000
78269  -55.396  -28.608  46.085 0.0000000000
78270  -56.010  -28.399  46.120 0.0000000000
74661  -54.924  -30.734  44.707 0.0000000000
61307  -40.443  -42.624  60.436 0.0000000000
66233  -49.258  -38.892  47.804 0.0000000000
67578  -48.927  -37.493  46.142 0.0000000000
67579  -49.989  -37.636  46.643 0.0000000000
68743  -50.825  -36.884  46.842 0.0000000000
68742  -49.872  -36.509  46.286 0.0000000000
83204  -54.163  -24.491  43.981 0.0000000000
81974  -54.135  -25.547  44.129 0.0000000000
80680  -53.740  -26.154  43.943 0.0000000000
80672  -55.026  -26.325  44.849 0.0000000000
81962  -55.270  -26.067  45.065 0.0000000000
81965  -56.696  -25.487  45.199 0.0000000000
81964  -56.156  -25.799  45.512 0.0000000000
80661  -56.777  -26.074  44.960 0.0000000000
80673  -56.737  -26.802  44.885 0.0000000000
80674  -56.828  -26.213  44.418 0.0000000000
80683  -56.772  -26.156  43.975 0.0000000000
81985  -57.077  -25.369  44.008 0.0000000000
84470  -57.724  -23.650  44.038 0.0000000000
88172  -58.246  -21.464  43.710 0.0000000000
86985  -58.221  -21.898  43.877 0.0000000000
86995  -58.575  -21.622  43.519 0.0000000000
84485  -59.084  -22.724  42.478 0.0000000000
55617  -47.522  -47.173  54.884 0.0000000000
55616  -47.212  -46.942  54.568 0.0000000000
56900  -47.366  -46.229  55.420 0.0000000000
60263  -45.478  -43.372  56.552 0.0000000000
60264  -46.209  -43.277  56.520 0.0000000000
61346  -45.962  -42.349  56.712 0.0000000000
62423  -46.512  -42.289  56.554 0.0000000000
62443  -45.737  -41.236  56.846 0.0000000000
62422  -42.787  -41.337  57.899 0.0000000000
64809  -45.332  -38.532  57.737 0.0000000000
64825  -45.180  -38.994  57.592 0.0000000000
63612  -46.169  -40.193  57.040 0.0000000000
64826  -46.245  -38.914  57.651 0.0000000000
66094  -46.998  -38.113  57.411 0.0000000000
66093  -46.336  -37.811  57.842 0.0000000000
68644  -45.052  -37.241  56.737 0.0000000000
68631  -45.501  -36.865  57.342 0.0000000000
42305  -16.288  -57.605  60.325 0.0000000000
42287  -16.384  -57.385  61.007 0.0000000000
39594  -17.392  -58.318  62.218 0.0000000000
42224  -17.185  -57.319  64.986 0.0000000000
40872  -17.596  -57.804  64.794 0.0000000000
38360  -21.317  -60.567  60.442 0.0000000000
38361  -22.241  -60.664  60.516 0.0000000000
38377  -21.908  -60.610  59.818 0.0000000000
42270  -20.690  -57.945  62.773 0.0000000000
38302  -21.793  -59.892  63.128 0.0000000000
38362  -23.374  -60.602  60.584 0.0000000000
38363  -24.778  -61.097  60.697 0.0000000000
37097  -26.526  -61.486  61.986 0.0000000000
39628  -29.353  -59.580  61.431 0.0000000000
38349  -28.609  -60.500  61.548 0.0000000000
39627  -29.147  -59.917  60.965 0.0000000000
38366  -28.679  -60.602  60.721 0.0000000000
39640  -28.801  -60.158  60.193 0.0000000000
40975  -28.897  -59.360  60.146 0.0000000000
42333  -29.736  -57.373  59.709 0.0000000000
42353  -29.188  -57.512  58.673 0.0000000000
43673  -29.804  -56.777  58.847 0.0000000000
43690  -29.643  -56.970  58.002 0.0000000000
43691  -30.375  -56.430  58.184 0.0000000000
43636  -32.867  -56.184  60.805 0.0000000000
43608  -32.486  -55.919  61.654 0.0000000000
42298  -32.712  -56.816  61.330 0.0000000000
42278  -31.589  -56.960  62.051 0.0000000000
42314  -32.168  -57.193  60.610 0.0000000000
43635  -31.675  -57.068  60.297 0.0000000000
42335  -32.535  -57.103  60.036 0.0000000000
45035  -32.863  -55.501  58.913 0.0000000000
45034  -32.016  -55.790  59.039 0.0000000000
45055  -32.057  -55.289  58.331 0.0000000000
45079  -31.345  -55.402  57.472 0.0000000000
47827  -34.421  -53.673  56.108 0.0000000000
46453  -33.605  -53.604  55.798 0.0000000000
47842  -34.120  -53.421  55.319 0.0000000000
47789  -35.855  -53.714  59.504 0.0000000000
46409  -35.964  -53.872  58.201 0.0000000000
53110  -36.437  -49.571  61.556 0.0000000000
54305  -36.754  -49.220  61.957 0.0000000000
53091  -38.628  -49.720  62.590 0.0000000000
51855  -37.820  -50.017  62.685 0.0000000000
51876  -38.675  -50.187  62.187 0.0000000000
50618  -38.165  -50.814  61.564 0.0000000000
51891  -38.892  -50.548  61.361 0.0000000000
55505  -40.083  -47.357  62.610 0.0000000000
54294  -40.167  -48.351  62.099 0.0000000000
53151  -39.987  -49.226  59.486 0.0000000000
53141  -40.233  -49.191  60.354 0.0000000000
53140  -39.711  -49.907  59.991 0.0000000000
51922  -39.449  -50.695  59.675 0.0000000000
53150  -39.422  -49.987  58.998 0.0000000000
51984  -38.926  -50.212  57.368 0.0000000000
53159  -39.477  -49.608  57.801 0.0000000000
54382  -39.956  -48.442  55.787 0.0000000000
53185  -39.405  -49.047  55.614 0.0000000000
54403  -42.639  -48.620  54.525 0.0000000000
53212  -44.082  -49.264  54.616 0.0000000000
56847  -42.285  -45.942  58.938 0.0000000000
56882  -42.599  -46.518  57.044 0.0000000000
56863  -43.050  -46.086  57.645 0.0000000000
55588  -44.362  -47.537  56.489 0.0000000000
54367  -44.254  -48.245  55.845 0.0000000000
53174  -44.552  -48.631  55.540 0.0000000000
52004  -44.761  -49.817  54.866 0.0000000000
53189  -45.574  -49.415  55.163 0.0000000000
53213  -45.677  -49.911  54.805 0.0000000000
55591  -46.792  -47.145  55.906 0.0000000000
53191  -47.255  -48.698  55.012 0.0000000000
54390  -47.483  -48.075  55.052 0.0000000000
42265  -14.299  -56.760  62.147 0.0000000000
42303  -14.961  -57.351  60.381 0.0000000000
64859  -47.604  -39.621  55.004 0.0000000000
63634  -46.655  -40.446  55.472 0.0000000000
66170  -46.873  -38.571  51.778 0.0000000000
66156  -47.455  -38.298  52.457 0.0000000000
66173  -49.709  -38.606  51.898 0.0000000000
67479  -49.080  -38.183  52.261 0.0000000000
66158  -50.190  -39.096  52.239 0.0000000000
64882  -49.854  -39.649  52.645 0.0000000000
64883  -50.632  -39.753  52.037 0.0000000000
66214  -52.119  -38.976  49.605 0.0000000000
66194  -51.196  -39.072  50.439 0.0000000000
64910  -52.212  -39.901  50.528 0.0000000000
62507  -51.727  -41.085  50.537 0.0000000000
62506  -50.796  -41.460  50.876 0.0000000000
62494  -50.657  -41.119  51.388 0.0000000000
61415  -50.059  -41.831  50.709 0.0000000000
78267  -54.061  -29.387  46.168 0.0000000000
77105  -53.251  -29.499  45.999 0.0000000000
77096  -53.617  -29.804  46.463 0.0000000000
74605  -52.455  -31.535  47.730 0.0000000000
77080  -51.900  -30.572  47.539 0.0000000000
75845  -51.584  -31.097  47.721 0.0000000000
75865  -50.755  -31.237  46.683 0.0000000000
74620  -51.202  -31.644  47.355 0.0000000000
73315  -51.520  -32.706  44.758 0.0000000000
72041  -51.167  -33.642  45.545 0.0000000000
70986  -51.567  -34.378  45.583 0.0000000000
70987  -52.163  -34.821  45.395 0.0000000000
72055  -52.316  -34.359  44.736 0.0000000000
61308  -42.636  -42.711  60.487 0.0000000000
62409  -42.607  -41.925  60.064 0.0000000000
62400  -42.557  -41.871  60.733 0.0000000000
63553  -42.061  -40.602  61.152 0.0000000000
64772  -41.862  -40.000  61.216 0.0000000000
51872  -34.174  -51.388  62.287 0.0000000000
50597  -34.621  -51.779  62.513 0.0000000000
51873  -35.145  -50.974  62.453 0.0000000000
50577  -36.423  -51.081  62.508 0.0000000000
60199  -40.138  -43.663  62.320 0.0000000000
59099  -40.464  -44.391  62.864 0.0000000000
60185  -41.025  -43.445  62.701 0.0000000000
60200  -41.484  -43.412  62.465 0.0000000000
59118  -42.232  -43.909  61.908 0.0000000000
59133  -42.161  -44.393  61.428 0.0000000000
60211  -42.373  -43.405  61.562 0.0000000000
61300  -42.523  -42.639  61.144 0.0000000000
68648  -47.808  -37.202  55.588 0.0000000000
68658  -47.563  -37.184  55.203 0.0000000000
68674  -47.745  -37.607  54.237 0.0000000000
67440  -47.847  -37.855  53.691 0.0000000000
67556  -52.111  -37.522  47.931 0.0000000000
67535  -52.642  -37.847  48.173 0.0000000000
67557  -52.985  -37.330  47.989 0.0000000000
68733  -53.937  -37.233  47.589 0.0000000000
68744  -53.735  -36.582  46.707 0.0000000000
69924  -53.351  -35.894  45.624 0.0000000000
78286  -56.494  -28.285  45.431 0.0000000000
78307  -56.580  -28.615  44.358 0.0000000000
77132  -56.261  -29.288  43.650 0.0000000000
84458  -54.661  -23.759  44.257 0.0000000000
83205  -55.138  -24.493  44.543 0.0000000000
81976  -55.549  -25.021  44.906 0.0000000000
83206  -55.645  -24.498  44.866 0.0000000000
83193  -56.605  -24.702  45.218 0.0000000000
83194  -57.136  -24.577  45.068 0.0000000000
84461  -57.489  -23.614  44.725 0.0000000000
84462  -58.126  -23.067  44.232 0.0000000000
86996  -58.965  -21.672  43.350 0.0000000000
87008  -59.415  -21.558  42.718 0.0000000000
85733  -59.720  -22.065  42.041 0.0000000000
84513  -59.456  -22.647  40.261 0.0000000000
56867  -46.492  -46.029  56.339 0.0000000000
58069  -46.797  -45.248  56.278 0.0000000000
58068  -46.230  -45.263  56.601 0.0000000000
64808  -43.707  -39.161  58.581 0.0000000000
64824  -44.175  -39.204  57.857 0.0000000000
66074  -44.273  -38.666  58.255 0.0000000000
66075  -44.975  -38.285  57.831 0.0000000000
66058  -45.064  -37.735  58.269 0.0000000000
67356  -45.996  -37.337  58.400 0.0000000000
68601  -44.975  -36.914  58.844 0.0000000000
68630  -44.629  -37.017  57.385 0.0000000000
67375  -43.943  -37.462  57.029 0.0000000000
42267  -16.284  -57.320  61.876 0.0000000000
40919  -16.647  -57.651  62.746 0.0000000000
39572  -17.258  -58.265  63.152 0.0000000000
38322  -21.655  -60.214  62.142 0.0000000000
37112  -25.532  -61.368  61.268 0.0000000000
38347  -25.715  -61.340  62.054 0.0000000000
37098  -27.157  -61.237  62.122 0.0000000000
42312  -29.909  -57.723  60.675 0.0000000000
46359  -32.906  -54.134  62.104 0.0000000000
46371  -32.818  -54.876  62.049 0.0000000000
44986  -33.367  -55.193  61.212 0.0000000000
45000  -33.217  -55.623  60.715 0.0000000000
43637  -33.008  -56.272  60.435 0.0000000000
43654  -32.796  -56.680  59.821 0.0000000000
45056  -32.904  -54.903  58.194 0.0000000000
46436  -34.876  -53.920  56.722 0.0000000000
47791  -37.214  -53.079  58.834 0.0000000000
47803  -36.604  -53.561  58.029 0.0000000000
47804  -37.080  -53.085  57.686 0.0000000000
47816  -37.148  -53.163  56.730 0.0000000000
50729  -38.163  -51.270  55.828 0.0000000000
52001  -38.476  -50.710  55.902 0.0000000000
55539  -37.839  -48.067  60.604 0.0000000000
54306  -37.322  -48.904  61.598 0.0000000000
54283  -38.300  -48.484  62.569 0.0000000000
53071  -38.962  -48.773  62.763 0.0000000000
54309  -41.058  -47.712  61.234 0.0000000000
54308  -40.742  -48.205  61.454 0.0000000000
54331  -41.129  -48.024  60.143 0.0000000000
54330  -40.534  -48.581  59.882 0.0000000000
54353  -39.513  -49.076  57.171 0.0000000000
54354  -39.888  -48.508  57.570 0.0000000000
54366  -40.155  -48.045  56.398 0.0000000000
54383  -40.853  -48.104  55.411 0.0000000000
54384  -42.114  -47.989  55.132 0.0000000000
55604  -42.739  -47.576  55.715 0.0000000000
58055  -42.898  -45.136  58.589 0.0000000000
55571  -43.710  -46.681  56.994 0.0000000000
56864  -44.124  -46.406  57.161 0.0000000000
55589  -45.131  -47.530  56.407 0.0000000000
54369  -45.641  -48.130  56.070 0.0000000000
56885  -45.347  -46.849  56.626 0.0000000000
56866  -45.834  -46.215  56.538 0.0000000000
43599  -14.690  -56.284  62.697 0.0000000000
63646  -48.121  -39.878  53.904 0.0000000000
63655  -46.736  -40.508  53.921 0.0000000000
63665  -47.240  -40.383  53.270 0.0000000000
66190  -47.269  -38.817  51.044 0.0000000000
66171  -47.952  -38.391  51.900 0.0000000000
64929  -53.593  -39.995  49.333 0.0000000000
64928  -52.918  -40.276  49.575 0.0000000000
75867  -53.433  -30.456  46.863 0.0000000000
74623  -53.868  -30.950  46.926 0.0000000000
74622  -53.343  -31.406  46.836 0.0000000000
73282  -52.484  -32.059  46.795 0.0000000000
73281  -51.615  -32.206  47.217 0.0000000000
73330  -51.877  -33.132  44.296 0.0000000000
72068  -52.172  -33.381  44.187 0.0000000000
85716  -55.993  -22.480  43.936 0.0000000000
86983  -57.133  -22.205  44.374 0.0000000000
87004  -56.348  -22.149  43.667 0.0000000000
86994  -57.662  -21.591  43.628 0.0000000000
87006  -57.804  -21.376  42.830 0.0000000000
88191  -58.468  -21.159  42.764 0.0000000000
88192  -58.922  -20.845  42.359 0.0000000000
60261  -43.230  -43.273  57.313 0.0000000000
63594  -42.668  -40.501  58.767 0.0000000000
63593  -42.561  -41.207  59.622 0.0000000000
63579  -42.561  -40.626  59.637 0.0000000000
64807  -43.055  -39.628  58.818 0.0000000000
64796  -43.247  -39.269  59.039 0.0000000000
66039  -43.275  -38.946  59.127 0.0000000000
67331  -42.982  -38.337  58.540 0.0000000000
43583  -16.254  -56.760  63.513 0.0000000000
43569  -16.178  -57.059  64.341 0.0000000000
43570  -16.751  -56.768  64.571 0.0000000000
43572  -18.290  -57.170  64.291 0.0000000000
42247  -18.934  -57.606  64.098 0.0000000000
40900  -19.553  -58.349  64.027 0.0000000000
40901  -20.111  -58.699  63.888 0.0000000000
42276  -29.874  -57.525  62.743 0.0000000000
47741  -33.516  -53.413  62.172 0.0000000000
46385  -34.770  -54.082  59.988 0.0000000000
46398  -35.046  -54.105  59.349 0.0000000000
47774  -36.480  -53.438  60.066 0.0000000000
49231  -35.975  -52.409  61.607 0.0000000000
47775  -37.061  -53.269  59.699 0.0000000000
49295  -38.345  -52.072  59.326 0.0000000000
57980  -38.924  -46.227  61.644 0.0000000000
56782  -39.014  -46.516  62.363 0.0000000000
56770  -39.265  -46.322  62.722 0.0000000000
56771  -39.893  -46.318  62.896 0.0000000000
55506  -40.550  -47.058  62.320 0.0000000000
57966  -40.626  -45.377  62.903 0.0000000000
57982  -40.683  -45.920  62.460 0.0000000000
55517  -41.153  -46.989  61.439 0.0000000000
55529  -41.333  -47.218  61.083 0.0000000000
56831  -41.683  -46.564  59.776 0.0000000000
56846  -41.588  -46.576  58.765 0.0000000000
58054  -42.576  -45.439  58.935 0.0000000000
59150  -42.457  -44.495  60.513 0.0000000000
58041  -42.761  -44.761  59.251 0.0000000000
59181  -43.232  -44.375  58.030 0.0000000000
44980  -15.951  -55.963  61.863 0.0000000000
64840  -47.120  -39.277  56.587 0.0000000000
63623  -46.722  -40.202  56.227 0.0000000000
64851  -48.192  -39.112  55.077 0.0000000000
67410  -48.121  -37.533  55.408 0.0000000000
64860  -48.343  -39.411  54.361 0.0000000000
64871  -48.607  -39.616  53.716 0.0000000000
63658  -49.358  -40.158  52.920 0.0000000000
64926  -50.048  -39.433  49.387 0.0000000000
64909  -50.709  -39.045  50.142 0.0000000000
66215  -53.018  -38.894  50.010 0.0000000000
67536  -53.164  -38.004  48.389 0.0000000000
66238  -53.699  -38.773  49.153 0.0000000000
66217  -53.927  -39.608  49.211 0.0000000000
64952  -54.314  -39.711  48.712 0.0000000000
78305  -54.405  -27.998  44.744 0.0000000000
78284  -55.061  -28.183  45.609 0.0000000000
78268  -54.494  -29.119  46.174 0.0000000000
77097  -54.737  -29.546  46.456 0.0000000000
77099  -56.172  -29.184  45.919 0.0000000000
75870  -55.735  -29.780  46.150 0.0000000000
75869  -55.081  -30.121  46.469 0.0000000000
74650  -55.003  -30.661  45.678 0.0000000000
62388  -40.805  -41.425  61.900 0.0000000000
63551  -40.787  -40.914  61.488 0.0000000000
63564  -40.842  -41.029  60.588 0.0000000000
58001  -38.740  -46.420  61.167 0.0000000000
59130  -39.332  -44.974  61.483 0.0000000000
59149  -39.686  -44.277  60.761 0.0000000000
60223  -39.959  -43.416  61.031 0.0000000000
61299  -40.273  -42.631  61.341 0.0000000000
62375  -40.748  -42.258  62.040 0.0000000000
66137  -44.818  -38.431  52.835 0.0000000000
66139  -46.264  -38.499  53.392 0.0000000000
66169  -45.644  -38.541  51.723 0.0000000000
64906  -48.268  -39.344  50.384 0.0000000000
64924  -48.316  -39.606  49.619 0.0000000000
64925  -49.344  -39.554  49.477 0.0000000000
64949  -49.906  -39.378  48.765 0.0000000000
66234  -49.882  -39.008  48.006 0.0000000000
66257  -50.619  -38.465  47.611 0.0000000000
67554  -50.432  -37.950  47.137 0.0000000000
67555  -51.172  -37.545  47.366 0.0000000000
68729  -51.329  -36.870  47.237 0.0000000000
69895  -51.287  -36.349  47.395 0.0000000000
80679  -53.220  -26.390  43.279 0.0000000000
79525  -53.808  -27.249  43.927 0.0000000000
79518  -54.916  -27.056  44.889 0.0000000000
79500  -55.315  -27.244  45.481 0.0000000000
80650  -55.849  -26.903  45.980 0.0000000000
81963  -55.636  -25.946  45.401 0.0000000000
80651  -56.035  -26.756  45.971 0.0000000000
79502  -56.577  -27.343  45.312 0.0000000000
79520  -56.774  -26.999  44.380 0.0000000000
79526  -56.027  -27.711  43.314 0.0000000000
84471  -58.357  -23.226  43.680 0.0000000000
85707  -58.737  -22.300  43.570 0.0000000000
84472  -58.787  -22.771  43.314 0.0000000000
59199  -46.917  -44.353  56.195 0.0000000000
60282  -47.127  -43.588  55.933 0.0000000000
61347  -46.690  -42.263  56.659 0.0000000000
62445  -46.813  -41.862  56.732 0.0000000000
61344  -43.920  -42.194  56.672 0.0000000000
62442  -44.731  -41.092  56.685 0.0000000000
63610  -44.394  -40.001  57.118 0.0000000000
64827  -47.045  -38.849  57.242 0.0000000000
67394  -47.301  -37.517  56.782 0.0000000000
67376  -46.313  -37.212  57.839 0.0000000000
68632  -46.315  -36.843  57.181 0.0000000000
68646  -46.570  -37.017  56.221 0.0000000000
67422  -45.482  -38.376  54.278 0.0000000000
64771  -40.757  -40.174  61.083 0.0000000000
67284  -41.607  -39.387  59.826 0.0000000000
67327  -40.907  -38.680  58.428 0.0000000000
67307  -41.694  -38.750  59.224 0.0000000000
67329  -41.334  -38.250  58.939 0.0000000000
67330  -42.059  -38.459  58.828 0.0000000000
67354  -42.223  -38.365  58.039 0.0000000000
67373  -42.371  -38.232  57.213 0.0000000000
67374  -43.391  -37.831  57.275 0.0000000000
67437  -44.624  -38.376  53.308 0.0000000000
42322  -15.467  -57.550  59.642 0.0000000000
42323  -15.973  -57.634  59.994 0.0000000000
40968  -16.387  -57.727  59.616 0.0000000000
40884  -16.517  -57.858  64.352 0.0000000000
39559  -17.151  -58.322  63.830 0.0000000000
42249  -20.454  -58.242  63.435 0.0000000000
40902  -21.208  -58.812  63.511 0.0000000000
38323  -22.765  -60.188  62.481 0.0000000000
37127  -26.137  -61.319  60.740 0.0000000000
38327  -27.130  -60.566  62.560 0.0000000000
37099  -27.621  -60.872  62.155 0.0000000000
37115  -27.981  -61.000  61.496 0.0000000000
37130  -28.372  -61.088  60.566 0.0000000000
42332  -28.963  -58.316  59.401 0.0000000000
42257  -30.060  -57.045  63.063 0.0000000000
42277  -30.621  -57.201  62.414 0.0000000000
44971  -31.607  -55.472  62.294 0.0000000000
43606  -31.152  -56.335  62.455 0.0000000000
42313  -31.011  -57.275  60.629 0.0000000000
43652  -30.753  -56.799  59.824 0.0000000000
45014  -32.033  -56.214  59.378 0.0000000000
45033  -31.622  -56.143  59.228 0.0000000000
43692  -30.777  -56.271  58.668 0.0000000000
45053  -30.666  -56.210  57.901 0.0000000000
46408  -35.124  -54.008  58.419 0.0000000000
46420  -35.415  -53.895  57.496 0.0000000000
46454  -35.208  -53.730  56.251 0.0000000000
46438  -36.259  -53.565  56.733 0.0000000000
47829  -35.989  -53.515  56.212 0.0000000000
46455  -35.485  -53.603  56.067 0.0000000000
53125  -35.687  -50.337  60.476 0.0000000000
51874  -36.213  -50.548  62.497 0.0000000000
53090  -37.177  -49.348  62.347 0.0000000000
50579  -37.499  -50.509  62.387 0.0000000000
50600  -37.376  -51.142  61.833 0.0000000000
50617  -37.736  -51.439  61.198 0.0000000000
50636  -38.493  -51.330  60.597 0.0000000000
50654  -38.849  -51.631  59.710 0.0000000000
54285  -39.400  -48.215  62.585 0.0000000000
53092  -39.204  -49.251  62.384 0.0000000000
53129  -40.389  -48.994  61.053 0.0000000000
53112  -39.858  -49.204  61.496 0.0000000000
51892  -39.454  -50.141  61.108 0.0000000000
51906  -39.453  -50.507  60.426 0.0000000000
50678  -39.217  -51.256  59.437 0.0000000000
50677  -38.834  -51.525  58.712 0.0000000000
51963  -38.822  -50.997  57.886 0.0000000000
51983  -38.513  -50.840  56.939 0.0000000000
52027  -38.813  -49.839  55.468 0.0000000000
53172  -39.206  -49.425  56.809 0.0000000000
56881  -41.895  -46.636  57.165 0.0000000000
55586  -42.320  -46.945  56.389 0.0000000000
55605  -43.439  -47.884  55.612 0.0000000000
54386  -44.028  -48.503  55.229 0.0000000000
52057  -47.383  -50.292  53.364 0.0000000000
53190  -46.710  -49.059  55.102 0.0000000000
53215  -47.345  -49.153  54.331 0.0000000000
67459  -47.515  -38.107  53.081 0.0000000000
67461  -48.791  -38.101  52.857 0.0000000000
67478  -48.601  -38.119  52.315 0.0000000000
67462  -49.176  -38.381  53.024 0.0000000000
64895  -50.986  -39.617  51.387 0.0000000000
64896  -51.509  -39.925  50.988 0.0000000000
64884  -50.986  -39.976  51.469 0.0000000000
63669  -50.736  -40.571  51.595 0.0000000000
62493  -50.134  -41.409  51.647 0.0000000000
61403  -49.297  -41.662  51.790 0.0000000000
69907  -49.039  -35.773  45.947 0.0000000000
69910  -51.823  -35.311  46.962 0.0000000000
78282  -53.441  -29.148  45.225 0.0000000000
77104  -52.903  -29.418  45.402 0.0000000000
77103  -52.040  -30.050  44.851 0.0000000000
77089  -52.565  -30.218  47.045 0.0000000000
77094  -51.965  -30.059  45.911 0.0000000000
75876  -51.285  -30.549  45.404 0.0000000000
72008  -49.694  -33.093  46.952 0.0000000000
72023  -50.143  -33.088  46.797 0.0000000000
73298  -50.762  -32.746  46.584 0.0000000000
70974  -51.100  -34.564  46.346 0.0000000000
69923  -52.842  -35.370  45.618 0.0000000000
69932  -52.792  -35.457  44.952 0.0000000000
70994  -52.783  -34.890  44.235 0.0000000000
37126  -25.568  -61.311  60.771 0.0000000000
39563  -20.167  -59.073  63.988 0.0000000000
40883  -16.056  -57.776  64.059 0.0000000000
40927  -30.006  -57.851  62.298 0.0000000000
42223  -16.833  -57.271  65.003 0.0000000000
42225  -17.707  -57.498  64.826 0.0000000000
42234  -16.188  -57.475  64.339 0.0000000000
42236  -18.450  -57.784  64.535 0.0000000000
42237  -19.187  -58.059  64.179 0.0000000000
42297  -32.325  -57.038  61.491 0.0000000000
42315  -33.044  -56.932  60.900 0.0000000000
42316  -33.172  -56.693  60.498 0.0000000000
42337  -33.229  -56.957  60.456 0.0000000000
42344  -14.753  -57.587  58.974 0.0000000000
43560  -16.846  -57.019  65.092 0.0000000000
43561  -17.324  -56.970  64.987 0.0000000000
43620  -32.518  -56.689  61.545 0.0000000000
43621  -32.649  -56.291  61.288 0.0000000000
43634  -31.374  -56.919  60.169 0.0000000000
43655  -33.184  -56.638  60.140 0.0000000000
43674  -30.460  -56.473  59.023 0.0000000000
43675  -31.108  -56.329  59.183 0.0000000000
43706  -30.033  -56.622  57.626 0.0000000000
44999  -32.818  -55.891  60.997 0.0000000000
46372  -33.357  -54.493  61.597 0.0000000000
46373  -33.899  -54.155  61.092 0.0000000000
46437  -35.657  -53.742  56.663 0.0000000000
47756  -33.905  -53.691  61.598 0.0000000000
47757  -34.543  -53.529  61.147 0.0000000000
47773  -35.548  -53.597  60.117 0.0000000000
47843  -34.963  -53.544  55.660 0.0000000000
49254  -36.166  -53.018  61.087 0.0000000000
49256  -37.403  -52.046  61.005 0.0000000000
49277  -38.420  -51.947  59.959 0.0000000000
50580  -37.875  -50.246  62.544 0.0000000000
50596  -33.578  -51.865  62.509 0.0000000000
50655  -39.254  -51.188  60.111 0.0000000000
51853  -36.636  -50.716  62.467 0.0000000000
51854  -37.039  -50.253  62.527 0.0000000000
51856  -38.225  -50.021  62.625 0.0000000000
51875  -36.685  -50.059  62.499 0.0000000000
51889  -34.158  -50.556  61.057 0.0000000000
51905  -39.100  -50.705  60.781 0.0000000000
51944  -39.075  -51.023  58.440 0.0000000000
51964  -39.187  -50.496  58.239 0.0000000000
52005  -45.010  -49.769  55.136 0.0000000000
52032  -45.903  -50.338  54.489 0.0000000000
53066  -33.156  -50.974  62.561 0.0000000000
53067  -32.973  -50.819  62.738 0.0000000000
53068  -37.000  -49.758  62.490 0.0000000000
53069  -37.632  -49.419  62.574 0.0000000000
53070  -38.427  -49.264  62.766 0.0000000000
53111  -36.985  -49.261  61.250 0.0000000000
53113  -40.347  -48.759  61.372 0.0000000000
53123  -33.640  -50.828  60.967 0.0000000000
53124  -33.883  -50.683  61.126 0.0000000000
53186  -40.158  -48.592  55.269 0.0000000000
53188  -44.888  -49.146  55.369 0.0000000000
54292  -37.024  -49.107  62.126 0.0000000000
54295  -40.647  -47.919  61.952 0.0000000000
54320  -41.133  -47.870  60.870 0.0000000000
54368  -44.797  -48.329  55.918 0.0000000000
54371  -47.058  -47.733  55.536 0.0000000000
54385  -43.183  -48.181  55.085 0.0000000000
54388  -46.087  -48.606  55.522 0.0000000000
54389  -46.927  -48.384  55.397 0.0000000000
54405  -44.026  -48.802  54.754 0.0000000000
55514  -38.493  -47.762  62.255 0.0000000000
55515  -40.505  -47.626  62.197 0.0000000000
55528  -41.014  -47.494  61.419 0.0000000000
55573  -46.262  -46.535  56.385 0.0000000000
55574  -46.564  -46.642  56.211 0.0000000000
55590  -46.061  -47.178  56.386 0.0000000000
55602  -40.935  -47.667  56.289 0.0000000000
55603  -41.699  -47.420  55.838 0.0000000000
56769  -38.814  -46.951  62.470 0.0000000000
56772  -40.416  -46.416  62.595 0.0000000000
56783  -40.754  -46.441  62.149 0.0000000000
56818  -41.854  -45.948  60.640 0.0000000000
56861  -41.486  -46.692  57.867 0.0000000000
56883  -44.294  -47.006  56.851 0.0000000000
56884  -44.698  -46.955  56.762 0.0000000000
56886  -47.036  -46.248  55.958 0.0000000000
57967  -41.186  -44.892  62.615 0.0000000000
59098  -39.980  -44.367  62.785 0.0000000000
59117  -41.699  -44.351  62.207 0.0000000000
59131  -39.786  -44.233  61.661 0.0000000000
59198  -46.497  -44.302  56.477 0.0000000000
60183  -40.324  -43.781  62.505 0.0000000000
60184  -40.541  -43.649  62.590 0.0000000000
60210  -39.989  -43.436  61.850 0.0000000000
60244  -42.720  -43.317  59.435 0.0000000000
60246  -46.000  -42.938  56.764 0.0000000000
60265  -46.566  -43.195  56.324 0.0000000000
61273  -40.492  -43.169  62.479 0.0000000000
61274  -40.847  -42.642  62.694 0.0000000000
61287  -40.397  -42.685  62.119 0.0000000000
61327  -46.097  -42.782  56.628 0.0000000000
61328  -46.497  -42.652  56.449 0.0000000000
61404  -49.528  -41.684  51.654 0.0000000000
61414  -49.563  -41.779  51.111 0.0000000000
61430  -50.334  -42.032  50.213 0.0000000000
62365  -41.139  -41.880  63.094 0.0000000000
62376  -40.838  -42.033  62.367 0.0000000000
62377  -41.448  -41.578  62.455 0.0000000000
62387  -40.673  -41.898  61.648 0.0000000000
62424  -47.008  -42.228  56.849 0.0000000000
62455  -46.441  -40.809  56.500 0.0000000000
62463  -46.409  -41.512  55.331 0.0000000000
62492  -49.282  -41.460  52.054 0.0000000000
62508  -52.184  -40.951  50.322 0.0000000000
62523  -52.103  -41.121  50.157 0.0000000000
62532  -52.331  -41.130  49.713 0.0000000000
63522  -40.894  -41.608  62.877 0.0000000000
63535  -40.915  -41.136  62.339 0.0000000000
63536  -41.283  -40.826  62.245 0.0000000000
63538  -41.943  -40.434  61.586 0.0000000000
63550  -40.586  -41.368  61.162 0.0000000000
63565  -40.987  -40.467  60.741 0.0000000000
63566  -42.393  -41.065  60.893 0.0000000000
63656  -47.701  -40.231  53.667 0.0000000000
63670  -51.135  -40.238  51.266 0.0000000000
63683  -51.378  -40.641  50.979 0.0000000000
63704  -54.037  -40.099  49.061 0.0000000000
63705  -54.453  -39.901  49.003 0.0000000000
63716  -53.061  -40.480  48.709 0.0000000000
63717  -53.927  -40.138  48.702 0.0000000000
63718  -54.279  -39.991  48.933 0.0000000000
64757  -40.972  -40.450  61.896 0.0000000000
64758  -41.533  -40.183  61.809 0.0000000000
64760  -42.257  -40.269  61.298 0.0000000000
64773  -42.022  -40.231  60.779 0.0000000000
64783  -42.450  -40.635  60.415 0.0000000000
64785  -42.872  -39.515  59.176 0.0000000000
64810  -45.608  -38.460  57.808 0.0000000000
64823  -43.362  -39.672  58.335 0.0000000000
64911  -52.585  -40.194  50.122 0.0000000000
64912  -53.054  -39.960  49.618 0.0000000000
64927  -50.584  -39.192  49.471 0.0000000000
64930  -54.184  -39.790  49.049 0.0000000000
64950  -50.368  -39.317  49.017 0.0000000000
64951  -54.221  -39.829  48.457 0.0000000000
64974  -54.337  -39.607  48.370 0.0000000000
66001  -40.799  -40.078  61.326 0.0000000000
66002  -41.866  -39.809  61.444 0.0000000000
66003  -41.922  -39.878  61.459 0.0000000000
66019  -41.606  -39.905  60.615 0.0000000000
66020  -42.026  -39.992  60.883 0.0000000000
66037  -41.347  -39.529  59.511 0.0000000000
66040  -43.838  -38.532  58.717 0.0000000000
66055  -41.244  -39.159  58.987 0.0000000000
66092  -44.733  -38.740  57.728 0.0000000000
66126  -45.842  -38.478  53.819 0.0000000000
66128  -48.672  -38.861  53.958 0.0000000000
66138  -45.331  -38.493  53.208 0.0000000000
66195  -51.994  -39.440  50.355 0.0000000000
66196  -52.689  -39.617  50.054 0.0000000000
66212  -47.649  -39.239  50.334 0.0000000000
66216  -53.441  -39.466  49.547 0.0000000000
66260  -54.597  -39.194  48.175 0.0000000000
67285  -42.057  -39.094  59.928 0.0000000000
67286  -42.034  -39.252  60.147 0.0000000000
67306  -41.543  -38.964  59.097 0.0000000000
67308  -41.941  -38.729  59.469 0.0000000000
67311  -44.075  -38.106  58.639 0.0000000000
67334  -45.422  -37.352  58.649 0.0000000000
67352  -40.707  -38.165  58.232 0.0000000000
67355  -43.124  -37.983  57.978 0.0000000000
67395  -47.700  -37.580  56.077 0.0000000000
67438  -45.202  -38.408  53.626 0.0000000000
67442  -48.782  -38.309  53.340 0.0000000000
67480  -49.280  -38.359  52.559 0.0000000000
67538  -54.149  -38.466  48.776 0.0000000000
68600  -44.275  -37.277  58.574 0.0000000000
68602  -45.631  -36.916  58.692 0.0000000000
68618  -45.226  -36.775  58.192 0.0000000000
68633  -46.989  -36.980  56.786 0.0000000000
68659  -48.017  -37.032  55.137 0.0000000000
68669  -47.839  -37.229  54.682 0.0000000000
68675  -47.964  -37.478  54.246 0.0000000000
68745  -54.097  -37.480  47.277 0.0000000000
72009  -50.075  -32.887  46.874 0.0000000000
73263  -50.024  -32.633  46.912 0.0000000000
73264  -52.081  -31.969  47.770 0.0000000000
73265  -52.345  -32.021  47.491 0.0000000000
73301  -52.907  -31.593  45.951 0.0000000000
74606  -53.055  -31.296  47.384 0.0000000000
74607  -53.499  -31.109  47.207 0.0000000000
74621  -52.792  -31.752  47.320 0.0000000000
74637  -55.051  -30.509  46.217 0.0000000000
75846  -52.146  -30.962  47.948 0.0000000000
75847  -52.772  -30.911  47.569 0.0000000000
75857  -50.792  -31.338  47.000 0.0000000000
75858  -51.088  -30.963  47.230 0.0000000000
75859  -53.149  -30.686  47.270 0.0000000000
75860  -53.565  -30.810  47.069 0.0000000000
75886  -55.547  -30.333  45.156 0.0000000000
77081  -52.514  -30.530  47.548 0.0000000000
77082  -52.822  -30.598  47.386 0.0000000000
77088  -51.818  -30.235  46.862 0.0000000000
77090  -52.983  -30.381  47.110 0.0000000000
78285  -55.623  -27.929  45.860 0.0000000000
79501  -55.642  -27.386  45.830 0.0000000000
79517  -54.417  -27.185  44.465 0.0000000000
80658  -55.333  -26.539  45.306 0.0000000000
80659  -55.667  -26.741  45.711 0.0000000000
81956  -55.905  -26.475  45.767 0.0000000000
83203  -53.428  -23.909  43.591 0.0000000000
84446  -56.108  -24.171  45.041 0.0000000000
84457  -53.815  -23.587  43.826 0.0000000000
84463  -58.511  -22.766  43.816 0.0000000000
85690  -57.046  -23.187  45.203 0.0000000000
85717  -56.480  -22.490  44.349 0.0000000000
86986  -58.668  -22.192  43.896 0.0000000000
86992  -56.371  -22.213  43.934 0.0000000000
86993  -56.791  -22.072  44.088 0.0000000000
88173  -58.397  -21.478  43.525 0.0000000000
88180  -58.309  -20.915  43.027 0.0000000000
88182  -59.113  -21.298  42.963 0.0000000000
