#!ascii label  , from subject 3077 vox2ras=TkReg
1365
93692  -20.877  -16.570  -14.580 0.5555555820
94965  -21.205  -15.783  -15.178 0.6666666865
94981  -22.546  -15.151  -15.728 0.7777777910
94982  -23.354  -15.210  -15.723 0.7777777910
97493  -23.976  -13.267  -16.391 0.8888888955
97478  -27.452  -13.452  -15.394 0.8888888955
93680  -20.094  -16.580  -13.915 0.5555555820
94963  -19.916  -15.425  -14.288 0.5555555820
96241  -20.653  -14.484  -15.269 0.6666666865
96256  -21.351  -14.403  -15.637 0.8888888955
96260  -24.731  -14.271  -15.471 0.8888888955
97476  -25.297  -13.302  -15.590 0.8888888955
98716  -27.141  -12.374  -15.722 1.0000000000
98737  -28.977  -12.771  -15.526 0.8888888955
99878  -29.736  -11.503  -15.739 1.0000000000
96240  -20.071  -14.508  -14.711 0.7777777910
98712  -21.125  -12.914  -15.844 1.0000000000
99895  -21.753  -11.698  -16.284 1.0000000000
98733  -23.276  -12.451  -16.675 1.0000000000
99899  -25.493  -11.109  -16.608 1.0000000000
99896  -22.877  -11.490  -16.783 1.0000000000
99900  -26.230  -11.117  -16.390 1.0000000000
101006  -25.127  -10.460  -16.895 1.0000000000
101008  -26.912  -10.254  -16.101 1.0000000000
100981  -27.282  -10.472  -15.814 1.0000000000
100985  -30.327  -10.870  -15.978 1.0000000000
101009  -27.528  -10.091  -15.897 1.0000000000
102103  -28.491  -9.906  -15.646 1.0000000000
102128  -30.974  -9.914  -16.194 1.0000000000
103252  -30.843  -9.081  -15.863 1.0000000000
103266  -31.925  -9.029  -17.352 0.7777777910
100980  -20.379  -10.706  -15.596 0.8888888955
101007  -25.944  -10.185  -16.474 1.0000000000
101004  -23.519  -10.260  -17.349 1.0000000000
101021  -25.376  -9.773  -16.808 1.0000000000
103250  -28.408  -8.602  -15.555 1.0000000000
103251  -29.031  -8.795  -15.461 1.0000000000
104503  -30.289  -7.801  -15.316 1.0000000000
104521  -32.099  -8.234  -17.210 1.0000000000
104522  -32.316  -8.346  -17.856 0.8888888955
105793  -32.409  -7.838  -17.691 1.0000000000
104534  -32.486  -8.172  -19.517 0.7777777910
104541  -32.645  -7.906  -20.506 0.7777777910
102101  -20.388  -9.316  -15.678 0.5555555820
104518  -23.650  -7.603  -17.397 0.7777777910
103246  -22.397  -8.618  -17.205 0.8888888955
103248  -26.737  -8.427  -16.384 1.0000000000
102123  -25.949  -9.220  -16.562 1.0000000000
103265  -25.073  -8.477  -16.944 0.8888888955
104500  -27.621  -7.562  -16.235 1.0000000000
104501  -28.513  -7.677  -15.733 1.0000000000
105771  -31.611  -7.164  -16.551 1.0000000000
105792  -32.359  -7.165  -17.556 0.8888888955
105798  -32.274  -6.855  -18.831 0.8888888955
105811  -31.583  -6.673  -20.464 0.7777777910
104558  -32.659  -7.857  -22.747 0.6666666865
104548  -31.868  -7.210  -22.149 0.6666666865
104472  -20.113  -7.157  -15.968 0.4444444478
104496  -21.683  -7.489  -16.925 0.7777777910
104516  -22.205  -6.984  -17.374 0.6666666865
105791  -25.926  -6.497  -16.791 0.7777777910
105765  -25.812  -6.833  -16.687 0.8888888955
105768  -28.476  -6.715  -15.849 0.8888888955
105770  -30.676  -6.952  -15.635 1.0000000000
106959  -31.882  -5.810  -16.897 1.0000000000
106985  -32.307  -5.871  -17.402 1.0000000000
106999  -31.591  -6.204  -19.671 0.7777777910
104557  -31.681  -7.354  -23.188 0.5555555820
107012  -30.970  -5.809  -21.478 0.7777777910
105824  -30.688  -5.982  -22.240 0.6666666865
106980  -23.301  -5.586  -17.544 0.6666666865
105786  -21.943  -6.425  -17.196 0.6666666865
106983  -26.183  -5.899  -17.015 0.7777777910
106982  -25.158  -5.800  -16.977 0.7777777910
106954  -26.619  -5.889  -16.590 0.8888888955
106956  -28.290  -5.766  -15.685 0.8888888955
106957  -29.338  -5.847  -15.325 1.0000000000
108097  -31.819  -4.404  -16.760 1.0000000000
108129  -31.822  -4.780  -18.530 0.8888888955
108135  -31.505  -4.991  -19.843 0.8888888955
107005  -31.265  -5.604  -20.888 0.7777777910
109304  -31.901  -3.562  -18.485 0.8888888955
109310  -31.567  -3.792  -19.581 0.7777777910
109319  -30.778  -3.939  -20.550 0.7777777910
107011  -30.567  -5.388  -21.735 0.7777777910
105835  -30.665  -6.013  -23.041 0.6666666865
106979  -22.392  -5.517  -17.482 0.6666666865
106978  -21.464  -5.512  -16.850 0.5555555820
108119  -25.014  -4.797  -17.039 0.7777777910
108121  -26.761  -4.953  -16.581 0.8888888955
108094  -28.260  -4.756  -15.616 0.8888888955
108075  -29.010  -4.371  -15.353 1.0000000000
108095  -29.099  -4.957  -15.281 1.0000000000
109297  -32.249  -3.576  -16.923 1.0000000000
108122  -32.147  -4.455  -17.346 0.8888888955
110453  -30.330  -2.700  -20.988 0.7777777910
108161  -29.322  -4.906  -22.736 0.6666666865
108160  -29.203  -4.502  -23.260 0.5555555820
107031  -30.507  -5.413  -23.902 0.5555555820
108118  -24.047  -4.644  -17.379 0.7777777910
108117  -23.071  -4.584  -17.558 0.6666666865
109272  -28.084  -3.911  -15.785 1.0000000000
109249  -29.883  -3.658  -15.486 1.0000000000
110429  -32.143  -2.537  -17.097 0.8888888955
109296  -32.091  -3.317  -17.624 0.8888888955
111617  -31.824  -1.520  -17.912 0.8888888955
110444  -30.670  -2.279  -20.154 0.7777777910
111631  -29.781  -1.887  -21.240 0.7777777910
110452  -29.698  -2.328  -21.640 0.7777777910
109334  -29.264  -4.232  -22.616 0.5555555820
112816  -31.016  -0.469  -19.429 0.7777777910
110462  -29.299  -2.416  -22.341 0.5555555820
109333  -28.878  -3.572  -23.165 0.5555555820
111644  -29.421  -1.540  -21.968 0.6666666865
109290  -21.925  -3.600  -17.003 0.4444444478
109292  -23.785  -3.630  -17.535 0.5555555820
109269  -25.952  -3.216  -16.674 0.7777777910
110384  -28.608  -3.353  -15.407 1.0000000000
109270  -26.531  -3.414  -16.626 0.8888888955
110411  -29.107  -2.520  -15.438 1.0000000000
110412  -30.178  -2.737  -15.490 0.8888888955
111600  -31.190  -1.415  -15.832 0.8888888955
111611  -31.720  -1.466  -16.797 0.8888888955
111624  -31.566  -1.529  -18.991 0.8888888955
112845  -29.975  -0.746  -21.100 0.6666666865
111660  -28.625  -1.662  -22.674 0.5555555820
112794  -26.314  -0.780  -16.539 0.6666666865
110407  -25.361  -2.641  -16.852 0.6666666865
111568  -27.349  -1.227  -15.658 0.7777777910
111599  -30.050  -1.298  -15.249 0.8888888955
111570  -29.087  -0.760  -15.218 0.7777777910
112795  -30.432  -0.404  -15.150 0.7777777910
112796  -31.047  -0.132  -15.489 0.7777777910
112809  -31.837  -0.353  -17.778 0.8888888955
113971  -31.683  0.725  -17.365 0.7777777910
112808  -31.722  0.030  -18.906 0.7777777910
116250  -31.322  2.010  -17.635 0.6666666865
113982  -30.122  1.003  -19.992 0.6666666865
113998  -30.543  0.314  -20.035 0.6666666865
112830  -30.404  -0.468  -20.455 0.5555555820
116266  -29.872  2.577  -19.844 0.6666666865
115127  -29.505  1.798  -20.646 0.5555555820
114011  -28.578  0.448  -22.059 0.5555555820
112863  -28.775  -0.926  -22.373 0.4444444478
115142  -29.360  1.182  -21.188 0.5555555820
112769  -24.163  0.591  -17.329 0.3333333433
113957  -25.038  0.278  -17.507 0.3333333433
112770  -26.322  0.016  -16.698 0.5555555820
112771  -27.127  -0.428  -15.819 0.6666666865
113940  -27.676  0.715  -15.570 0.5555555820
112772  -28.339  -0.121  -15.238 0.7777777910
112773  -29.412  0.074  -14.932 0.7777777910
115070  -30.077  1.729  -15.238 0.6666666865
113958  -30.933  0.879  -15.616 0.6666666865
115071  -30.634  1.429  -15.520 0.6666666865
115088  -31.050  1.737  -16.690 0.6666666865
116235  -31.127  2.326  -17.231 0.6666666865
117391  -30.764  3.356  -17.723 0.6666666865
117418  -30.129  3.376  -19.432 0.6666666865
115126  -28.985  2.018  -21.157 0.5555555820
116292  -28.355  2.854  -21.701 0.5555555820
116279  -29.550  2.815  -20.528 0.6666666865
113937  -24.152  1.223  -16.908 0.4444444478
113938  -25.355  0.775  -16.770 0.4444444478
115066  -25.842  1.742  -16.226 0.5555555820
113939  -26.496  0.708  -16.019 0.5555555820
115068  -28.086  1.662  -15.131 0.6666666865
113941  -28.767  0.808  -15.091 0.6666666865
115069  -29.130  1.693  -14.928 0.6666666865
116226  -30.822  2.200  -15.926 0.6666666865
117385  -31.252  2.913  -16.692 0.6666666865
117384  -30.892  3.530  -16.927 0.6666666865
118397  -29.754  4.254  -19.861 0.6666666865
117431  -29.274  3.708  -20.720 0.5555555820
117430  -28.647  3.522  -21.336 0.6666666865
115065  -24.656  1.925  -16.411 0.4444444478
116216  -27.476  2.719  -15.116 0.6666666865
116217  -28.515  2.464  -14.931 0.6666666865
116205  -28.784  3.077  -14.995 0.6666666865
116219  -30.419  2.580  -15.629 0.6666666865
116218  -29.463  2.666  -15.174 0.6666666865
118390  -30.430  4.155  -18.159 0.6666666865
96279  -23.337  -13.822  -15.934 0.8888888955
97472  -20.919  -13.686  -15.569 1.0000000000
98731  -21.742  -12.731  -16.106 1.0000000000
98734  -24.264  -12.579  -16.583 1.0000000000
99876  -27.898  -11.468  -15.587 1.0000000000
105764  -21.246  -6.564  -16.677 0.5555555820
110426  -22.523  -2.765  -17.115 0.5555555820
109294  -25.867  -4.136  -16.921 0.7777777910
110385  -29.276  -3.305  -15.339 1.0000000000
110425  -21.619  -2.696  -16.584 0.2222222239
112844  -29.254  -0.480  -21.680 0.6666666865
111571  -29.932  -0.459  -14.944 0.7777777910
112843  -28.459  -0.290  -22.334 0.4444444478
115067  -26.994  1.698  -15.684 0.6666666865
116203  -27.788  3.226  -14.884 0.6666666865
106953  -21.021  -6.039  -16.456 0.4444444478
116291  -27.534  2.667  -22.444 0.5555555820
113936  -23.531  1.167  -16.079 0.2222222239
117446  -27.877  3.767  -21.676 0.5555555820
92483  -20.757  -17.679  -14.448 0.5555555820
92484  -21.524  -17.583  -14.680 0.5555555820
93693  -22.009  -16.381  -15.083 0.6666666865
93711  -22.819  -15.926  -15.555 0.5555555820
93712  -23.708  -15.985  -15.291 0.5555555820
96262  -26.863  -14.379  -14.957 0.7777777910
97479  -28.392  -13.603  -15.502 0.8888888955
92463  -20.408  -17.639  -13.855 0.5555555820
94983  -24.273  -15.244  -15.620 0.6666666865
96261  -25.772  -14.321  -15.235 0.8888888955
97494  -29.276  -13.736  -15.668 0.7777777910
98739  -30.242  -12.798  -16.364 0.7777777910
99903  -30.570  -11.774  -16.346 0.8888888955
93667  -19.582  -16.634  -12.476 0.4444444478
96221  -19.444  -14.494  -13.162 0.5555555820
97434  -19.257  -13.587  -13.541 0.2222222239
98693  -19.673  -12.705  -14.441 0.6666666865
101022  -32.224  -10.655  -17.769 0.8888888955
102144  -32.763  -9.843  -19.014 0.6666666865
103276  -32.937  -9.049  -19.948 0.7777777910
103282  -33.310  -8.415  -21.069 0.6666666865
100965  -19.817  -11.211  -14.837 0.5555555820
103290  -33.217  -8.320  -22.146 0.6666666865
100979  -19.895  -9.956  -15.357 0.4444444478
103298  -33.180  -8.281  -22.713 0.5555555820
104580  -32.309  -7.181  -24.402 0.5555555820
104448  -18.376  -7.661  -13.973 0.2222222239
104579  -31.791  -7.059  -24.380 0.5555555820
105744  -19.916  -6.409  -15.725 0.4444444478
107032  -31.312  -5.787  -24.263 0.5555555820
106937  -19.726  -5.479  -15.435 0.3333333433
108171  -30.471  -4.974  -24.756 0.5555555820
108180  -30.242  -3.745  -24.912 0.4444444478
109268  -20.729  -3.454  -16.240 0.3333333433
109332  -28.286  -2.944  -23.738 0.5555555820
111659  -27.790  -1.714  -23.279 0.4444444478
112768  -23.605  0.596  -17.040 0.3333333433
112792  -24.292  -0.124  -17.583 0.3333333433
111593  -23.615  -1.135  -17.234 0.4444444478
114028  -27.795  0.274  -22.655 0.4444444478
115140  -27.678  1.882  -22.463 0.4444444478
155557  -26.577  2.577  -23.123 0.2222222239
116215  -26.290  2.689  -15.842 0.6666666865
117364  -27.999  3.580  -14.769 0.6666666865
117376  -30.051  3.534  -15.463 0.6666666865
119360  -30.378  4.723  -16.242 0.6666666865
119359  -29.936  5.355  -16.056 0.6666666865
119394  -29.768  5.570  -18.127 0.6666666865
119410  -30.187  4.938  -18.583 0.6666666865
118410  -29.073  4.625  -20.369 0.6666666865
118409  -28.308  4.526  -21.065 0.4444444478
117445  -27.083  3.785  -22.215 0.3333333433
117374  -26.699  3.564  -15.364 0.5555555820
93691  -20.281  -16.019  -14.456 0.5555555820
93681  -20.576  -17.115  -14.149 0.5555555820
94979  -21.069  -15.096  -15.355 0.6666666865
94980  -21.769  -15.293  -15.611 0.7777777910
96257  -22.199  -14.229  -15.993 0.8888888955
96258  -22.994  -14.426  -15.883 0.8888888955
98714  -24.868  -12.652  -16.055 1.0000000000
97492  -23.463  -13.266  -16.365 1.0000000000
97474  -23.763  -13.577  -16.066 0.8888888955
96277  -22.497  -13.636  -16.166 1.0000000000
97477  -26.410  -13.341  -15.514 0.8888888955
93668  -19.599  -16.683  -13.173 0.4444444478
94950  -19.579  -15.532  -13.527 0.5555555820
94964  -20.534  -15.425  -14.865 0.6666666865
98715  -25.973  -12.189  -16.019 1.0000000000
99877  -28.888  -11.678  -15.571 1.0000000000
99875  -26.983  -11.160  -15.770 1.0000000000
99902  -30.030  -12.116  -15.910 1.0000000000
100984  -29.475  -10.718  -15.657 1.0000000000
97435  -19.439  -13.409  -14.103 0.6666666865
97455  -20.343  -13.692  -15.124 0.8888888955
96222  -19.489  -14.384  -14.040 0.6666666865
97473  -21.583  -13.554  -15.899 1.0000000000
98694  -20.207  -12.826  -15.017 0.8888888955
99873  -20.847  -12.080  -15.594 0.8888888955
98711  -20.650  -13.038  -15.466 1.0000000000
98732  -22.450  -12.491  -16.397 1.0000000000
99858  -20.101  -11.866  -14.868 0.8888888955
99894  -20.966  -11.301  -16.125 1.0000000000
99897  -23.828  -11.408  -16.821 1.0000000000
98736  -25.721  -11.585  -16.407 1.0000000000
100983  -28.626  -10.658  -15.604 1.0000000000
101005  -24.387  -10.506  -17.186 1.0000000000
101011  -31.737  -10.736  -17.107 0.8888888955
102105  -30.058  -9.918  -15.786 1.0000000000
102126  -28.388  -9.326  -15.590 1.0000000000
102124  -26.817  -9.353  -16.316 1.0000000000
103225  -29.366  -9.071  -15.526 1.0000000000
102138  -32.133  -9.825  -17.474 0.8888888955
103267  -32.137  -9.028  -18.116 0.7777777910
101002  -21.341  -10.564  -16.446 1.0000000000
100964  -19.435  -10.522  -14.733 0.5555555820
101019  -24.273  -9.745  -17.564 1.0000000000
102121  -21.974  -9.532  -16.800 0.8888888955
102137  -25.218  -9.155  -16.911 1.0000000000
103249  -27.598  -8.504  -15.982 1.0000000000
104502  -29.486  -7.911  -15.272 1.0000000000
104504  -31.524  -8.085  -16.484 1.0000000000
105806  -32.302  -7.542  -19.161 0.8888888955
104533  -32.043  -7.454  -20.047 0.7777777910
104549  -32.573  -7.829  -21.616 0.6666666865
102100  -19.677  -9.294  -15.139 0.5555555820
103223  -19.373  -8.386  -14.863 0.6666666865
103245  -21.700  -8.591  -16.775 0.6666666865
102120  -21.079  -9.514  -16.315 0.7777777910
104497  -22.098  -8.058  -17.117 0.7777777910
104517  -22.663  -7.543  -17.383 0.6666666865
105790  -25.266  -6.847  -16.821 0.8888888955
103263  -23.929  -8.475  -17.577 0.8888888955
104520  -24.922  -7.851  -16.911 0.8888888955
102134  -23.606  -9.254  -17.670 0.8888888955
103264  -24.490  -8.523  -17.320 1.0000000000
104499  -26.650  -7.503  -16.509 0.8888888955
106992  -31.963  -5.965  -18.639 0.8888888955
105805  -31.947  -6.938  -19.641 0.7777777910
104540  -31.916  -7.275  -21.057 0.7777777910
105818  -31.305  -6.359  -21.594 0.6666666865
104569  -32.538  -7.484  -23.705 0.5555555820
105825  -31.147  -6.643  -22.648 0.6666666865
104495  -20.676  -7.385  -16.450 0.5555555820
105726  -18.758  -7.075  -14.438 0.3333333433
104449  -19.031  -7.564  -14.580 0.3333333433
103244  -20.903  -8.404  -16.356 0.6666666865
105788  -23.465  -6.608  -17.523 0.6666666865
105789  -24.286  -6.710  -17.031 0.7777777910
105767  -27.545  -6.600  -16.397 0.8888888955
105769  -29.493  -6.848  -15.454 1.0000000000
106958  -30.497  -6.109  -15.411 1.0000000000
107004  -30.768  -5.079  -21.188 0.7777777910
105836  -31.274  -6.464  -23.651 0.5555555820
106984  -26.680  -5.577  -16.578 0.8888888955
109318  -30.399  -3.598  -21.478 0.7777777910
108142  -30.467  -4.496  -21.447 0.7777777910
107021  -30.048  -5.341  -22.800 0.6666666865
106952  -20.653  -5.536  -16.203 0.4444444478
108093  -27.529  -4.603  -16.104 0.8888888955
108077  -30.024  -4.055  -15.523 1.0000000000
110430  -31.986  -3.077  -16.610 0.8888888955
110454  -31.062  -3.026  -20.206 0.7777777910
110463  -30.009  -2.999  -21.995 0.6666666865
109344  -29.045  -3.556  -23.936 0.5555555820
108170  -29.997  -4.324  -24.221 0.5555555820
108116  -22.085  -4.534  -17.358 0.5555555820
109293  -24.942  -3.646  -17.224 0.6666666865
109271  -27.295  -3.785  -16.379 0.8888888955
110413  -31.488  -2.696  -16.099 1.0000000000
110438  -31.871  -2.494  -18.270 0.8888888955
111623  -30.813  -1.484  -19.814 0.8888888955
110473  -29.272  -3.331  -22.537 0.6666666865
112817  -31.703  -0.778  -18.659 0.8888888955
110472  -28.519  -2.617  -23.048 0.5555555820
109291  -22.796  -3.625  -17.473 0.5555555820
110410  -27.957  -2.853  -15.549 1.0000000000
110409  -27.154  -2.659  -16.294 0.7777777910
110408  -26.268  -2.597  -16.506 0.7777777910
111598  -28.658  -1.691  -15.534 0.7777777910
110471  -27.783  -2.303  -23.634 0.5555555820
111594  -24.707  -1.493  -17.239 0.5555555820
112793  -25.556  -0.395  -17.321 0.4444444478
111596  -26.748  -1.598  -16.042 0.6666666865
111597  -27.616  -1.847  -15.685 0.7777777910
110428  -24.332  -2.668  -17.206 0.7777777910
111610  -23.825  -1.975  -17.237 0.6666666865
112802  -31.579  -0.294  -16.538 0.7777777910
113964  -31.439  0.931  -16.336 0.6666666865
113983  -30.890  0.718  -19.340 0.6666666865
115099  -31.491  1.565  -17.972 0.6666666865
116267  -30.556  2.542  -19.135 0.6666666865
115113  -30.327  1.710  -19.645 0.6666666865
114012  -29.243  0.562  -21.409 0.5555555820
115157  -28.055  0.945  -22.505 0.4444444478
112862  -27.715  -0.811  -22.845 0.4444444478
115141  -28.516  1.671  -21.820 0.5555555820
117404  -30.531  3.353  -18.607 0.6666666865
117417  -29.739  3.347  -20.086 0.6666666865
117377  -30.935  3.390  -16.046 0.6666666865
118374  -30.620  4.191  -16.497 0.6666666865
119395  -30.127  4.852  -17.680 0.6666666865
108114  -20.872  -4.854  -16.381 0.4444444478
111609  -23.045  -1.945  -17.165 0.3333333433
106977  -21.087  -5.068  -16.527 0.4444444478
116304  -26.008  2.162  -23.314 0.3333333433
118424  -27.856  4.355  -21.481 0.3333333433
96263  -27.874  -14.524  -15.313 0.6666666865
92462  -20.016  -17.554  -13.273 0.4444444478
91255  -20.010  -18.125  -12.904 0.5555555820
99912  -31.609  -11.583  -17.693 0.7777777910
92450  -19.807  -17.708  -12.635 0.3333333433
94949  -19.489  -15.187  -13.064 0.4444444478
103224  -20.155  -8.154  -15.625 0.3333333433
103200  -18.629  -8.587  -14.271 0.3333333433
103179  -17.714  -8.599  -12.957 0.1111111119
104447  -18.322  -7.191  -13.746 0.1111111119
108091  -20.513  -4.442  -15.987 0.3333333433
108115  -21.161  -4.422  -16.804 0.3333333433
119409  -29.845  5.637  -19.032 0.6666666865
119434  -28.599  5.148  -20.334 0.4444444478
92489  -26.455  -18.091  -14.802 0.4444444478
90122  -28.398  -19.617  -16.510 0.2222222239
91284  -22.207  -18.547  -14.307 0.4444444478
91285  -23.183  -18.517  -14.403 0.4444444478
92485  -22.573  -17.559  -14.669 0.4444444478
92486  -23.600  -17.660  -14.582 0.4444444478
92488  -25.625  -17.920  -14.453 0.4444444478
93698  -26.593  -17.540  -15.008 0.4444444478
92526  -28.779  -17.605  -17.039 0.2222222239
93713  -24.660  -16.020  -14.953 0.4444444478
93714  -25.665  -16.239  -14.841 0.4444444478
93715  -26.813  -16.829  -15.191 0.4444444478
92541  -29.499  -17.362  -17.344 0.1111111119
92542  -30.143  -17.614  -17.563 0.1111111119
94986  -27.383  -15.575  -15.127 0.4444444478
93717  -28.560  -16.512  -16.330 0.3333333433
93716  -27.923  -16.650  -15.611 0.3333333433
95002  -28.958  -15.502  -16.344 0.3333333433
93746  -30.419  -16.747  -18.005 0.2222222239
94987  -28.307  -15.582  -15.651 0.3333333433
94984  -25.189  -15.252  -15.159 0.5555555820
94985  -26.259  -15.410  -14.819 0.4444444478
96295  -30.709  -14.784  -18.065 0.2222222239
95028  -30.963  -15.612  -18.768 0.1111111119
95068  -32.585  -15.792  -20.331 0.1111111119
96281  -30.119  -14.574  -16.721 0.3333333433
97504  -30.587  -14.170  -17.602 0.3333333433
97495  -29.876  -13.707  -16.295 0.4444444478
97497  -30.997  -13.187  -17.125 0.5555555820
98755  -31.590  -12.641  -18.019 0.6666666865
97525  -33.103  -13.167  -19.753 0.4444444478
99904  -31.260  -11.700  -16.889 0.6666666865
98781  -34.109  -12.931  -20.605 0.3333333433
99923  -32.261  -11.556  -18.788 0.6666666865
101038  -33.807  -10.980  -20.186 0.5555555820
101037  -33.337  -10.846  -19.622 0.5555555820
101045  -34.113  -11.078  -20.914 0.5555555820
99943  -34.321  -12.026  -21.198 0.4444444478
102162  -34.739  -10.174  -21.979 0.3333333433
101030  -32.771  -10.722  -19.158 0.5555555820
103300  -34.369  -9.430  -22.216 0.4444444478
103299  -33.640  -8.884  -22.935 0.5555555820
103292  -34.379  -9.541  -21.458 0.4444444478
104570  -33.256  -8.068  -23.488 0.4444444478
118370  -29.499  4.521  -15.329 0.5555555820
118369  -28.496  4.802  -15.083 0.5555555820
120374  -29.222  6.199  -15.910 0.5555555820
120398  -29.407  6.222  -16.683 0.5555555820
120411  -28.798  6.854  -17.229 0.5555555820
91287  -25.256  -18.779  -14.244 0.4444444478
91323  -27.821  -18.803  -16.214 0.2222222239
93730  -29.182  -16.357  -17.043 0.2222222239
95027  -30.540  -15.856  -18.483 0.2222222239
95043  -30.785  -16.155  -19.046 0.1111111119
96296  -31.164  -14.224  -18.256 0.4444444478
97523  -31.725  -14.231  -19.063 0.3333333433
97496  -30.425  -13.644  -17.071 0.4444444478
98756  -31.823  -12.484  -18.729 0.6666666865
98768  -33.005  -12.566  -19.477 0.4444444478
102168  -34.420  -10.158  -23.076 0.3333333433
103308  -34.039  -8.652  -24.070 0.4444444478
105859  -32.504  -6.316  -25.102 0.4444444478
119357  -27.866  5.847  -15.029 0.5555555820
119338  -27.057  6.331  -14.805 0.5555555820
93694  -23.117  -16.711  -14.978 0.4444444478
97539  -33.382  -13.801  -20.214 0.2222222239
120425  -29.391  6.239  -18.677 0.5555555820
90050  -23.511  -20.153  -13.726 0.4444444478
88925  -24.603  -20.188  -14.057 0.4444444478
90074  -25.778  -19.775  -14.690 0.4444444478
90120  -27.133  -19.987  -16.413 0.2222222239
88962  -27.658  -20.169  -16.450 0.2222222239
88963  -28.074  -20.205  -16.397 0.1111111119
91258  -21.681  -19.012  -13.855 0.4444444478
90049  -22.659  -19.625  -13.676 0.4444444478
91325  -29.192  -18.777  -16.963 0.1111111119
91340  -29.955  -18.411  -17.281 0.1111111119
91355  -31.125  -18.033  -18.333 0.1111111119
93760  -30.712  -16.847  -18.805 0.1111111119
92577  -32.961  -17.244  -19.734 0.1111111119
93797  -33.771  -16.594  -20.378 0.1111111119
95070  -34.221  -15.773  -20.629 0.1111111119
97556  -34.809  -14.296  -21.378 0.2222222239
99948  -34.539  -11.997  -22.066 0.1111111119
101058  -34.869  -11.075  -23.014 0.2222222239
101065  -35.237  -10.718  -23.492 0.2222222239
102167  -34.345  -9.304  -23.647 0.3333333433
104581  -33.520  -7.455  -24.559 0.4444444478
104595  -33.860  -6.942  -25.145 0.3333333433
107056  -33.582  -5.653  -25.305 0.3333333433
107033  -31.814  -5.921  -24.438 0.4444444478
107055  -32.559  -5.672  -25.244 0.3333333433
114027  -26.894  -0.007  -23.127 0.3333333433
116214  -25.224  2.889  -16.778 0.4444444478
120441  -29.371  6.051  -19.307 0.5555555820
118368  -27.395  4.474  -15.022 0.5555555820
119356  -26.651  5.519  -15.047 0.5555555820
120373  -28.621  6.769  -15.408 0.5555555820
121475  -28.502  7.361  -15.931 0.5555555820
121497  -28.423  7.775  -16.691 0.5555555820
91283  -21.193  -18.412  -14.357 0.4444444478
98740  -30.820  -12.632  -16.814 0.6666666865
102149  -33.281  -9.978  -19.519 0.5555555820
103283  -33.945  -9.299  -20.649 0.5555555820
103291  -33.993  -8.813  -21.720 0.4444444478
107054  -31.754  -5.378  -25.181 0.4444444478
115156  -27.043  1.362  -23.228 0.3333333433
96280  -29.462  -14.603  -16.227 0.3333333433
96264  -28.728  -14.600  -15.743 0.3333333433
91306  -27.375  -18.816  -15.764 0.4444444478
91305  -26.830  -18.915  -15.272 0.3333333433
92507  -27.039  -18.037  -15.225 0.4444444478
91288  -26.160  -18.899  -14.683 0.4444444478
90098  -27.451  -19.256  -16.199 0.3333333433
91324  -28.357  -18.813  -16.629 0.1111111119
90071  -22.933  -19.061  -14.143 0.4444444478
90072  -23.779  -19.558  -14.020 0.4444444478
91286  -24.192  -18.648  -14.288 0.4444444478
93695  -24.095  -16.745  -14.553 0.4444444478
92487  -24.621  -17.753  -14.334 0.4444444478
93696  -25.132  -16.874  -14.357 0.4444444478
93697  -26.044  -17.226  -14.769 0.4444444478
92508  -27.706  -17.849  -15.751 0.4444444478
92509  -28.290  -17.374  -16.183 0.4444444478
92525  -28.252  -18.136  -16.335 0.2222222239
92527  -29.515  -17.978  -17.271 0.1111111119
93744  -29.241  -16.954  -17.369 0.2222222239
92543  -30.647  -17.683  -18.373 0.1111111119
91341  -30.678  -18.265  -17.579 0.1111111119
95004  -30.332  -15.282  -16.970 0.3333333433
95003  -29.766  -15.480  -16.715 0.3333333433
95015  -30.139  -15.860  -17.012 0.2222222239
96309  -31.331  -14.843  -18.664 0.2222222239
96322  -31.780  -14.846  -19.428 0.1111111119
95045  -31.923  -15.761  -19.859 0.1111111119
96345  -32.964  -14.875  -20.422 0.1111111119
93796  -33.044  -16.674  -20.327 0.1111111119
97513  -31.598  -13.595  -18.628 0.4444444478
97514  -31.913  -13.020  -19.098 0.4444444478
98780  -33.589  -12.690  -19.933 0.3333333433
97524  -32.380  -13.676  -19.482 0.4444444478
97538  -32.723  -14.282  -20.081 0.3333333433
98792  -34.735  -13.156  -21.506 0.1111111119
99942  -33.974  -11.902  -20.370 0.4444444478
99932  -32.808  -11.625  -19.358 0.5555555820
102155  -33.940  -10.245  -20.721 0.5555555820
101046  -34.497  -11.087  -21.657 0.3333333433
103318  -34.225  -8.142  -24.543 0.4444444478
119358  -29.019  5.624  -15.407 0.5555555820
120397  -28.832  6.859  -16.277 0.5555555820
90073  -24.865  -19.631  -14.154 0.4444444478
93776  -31.695  -16.584  -19.573 0.1111111119
120371  -26.189  6.628  -15.214 0.5555555820
96346  -33.744  -14.864  -20.746 0.2222222239
88927  -26.294  -20.620  -15.469 0.4444444478
88947  -26.978  -20.603  -16.260 0.2222222239
90075  -26.514  -19.717  -15.337 0.4444444478
90047  -20.788  -19.238  -13.307 0.4444444478
91356  -31.583  -17.804  -18.471 0.1111111119
81478  -25.648  -26.501  -11.538 0.1111111119
82761  -21.848  -25.093  -13.205 0.3333333433
81514  -23.918  -25.924  -13.191 0.2222222239
81477  -24.734  -26.691  -11.986 0.2222222239
81502  -25.244  -25.852  -12.125 0.1111111119
86536  -20.423  -22.596  -12.381 0.3333333433
85209  -20.954  -23.488  -12.510 0.3333333433
83996  -21.511  -24.383  -12.744 0.3333333433
84016  -22.870  -24.457  -13.764 0.3333333433
84017  -23.792  -24.467  -14.207 0.3333333433
82764  -24.247  -25.388  -13.531 0.2222222239
84018  -24.689  -24.665  -14.224 0.2222222239
82746  -24.938  -25.323  -12.903 0.2222222239
82747  -25.860  -25.174  -12.381 0.1111111119
82765  -25.090  -25.005  -13.687 0.2222222239
88860  -20.018  -20.422  -11.718 0.2222222239
87732  -20.133  -21.637  -12.098 0.2222222239
86537  -21.144  -22.583  -12.775 0.3333333433
85226  -21.662  -23.501  -13.009 0.3333333433
85227  -22.407  -23.549  -13.405 0.3333333433
83997  -25.539  -24.658  -13.146 0.1111111119
89991  -19.975  -19.731  -11.783 0.2222222239
88884  -20.453  -20.569  -12.243 0.3333333433
90016  -20.683  -19.658  -12.746 0.3333333433
87733  -20.686  -21.642  -12.564 0.3333333433
90017  -21.225  -20.178  -12.851 0.3333333433
88886  -21.540  -20.789  -13.166 0.3333333433
87734  -21.367  -21.679  -12.975 0.3333333433
87751  -22.072  -21.695  -13.390 0.3333333433
86556  -23.614  -22.683  -13.846 0.3333333433
87752  -23.009  -21.704  -13.390 0.3333333433
86568  -24.191  -22.999  -14.392 0.3333333433
86557  -24.130  -22.369  -14.305 0.3333333433
86569  -24.786  -22.697  -14.596 0.3333333433
85243  -25.407  -23.519  -14.438 0.1111111119
85244  -25.912  -23.141  -14.448 0.2222222239
90014  -19.733  -19.052  -12.197 0.2222222239
90015  -20.105  -19.511  -12.125 0.2222222239
91232  -20.172  -19.082  -12.666 0.3333333433
90048  -21.486  -19.711  -13.273 0.3333333433
88904  -22.309  -20.705  -13.424 0.3333333433
88905  -23.286  -20.761  -13.551 0.3333333433
87753  -23.857  -21.698  -13.771 0.3333333433
88906  -24.309  -20.778  -13.830 0.3333333433
86570  -25.659  -22.614  -14.656 0.3333333433
91230  -19.674  -18.547  -12.175 0.3333333433
91231  -19.939  -18.649  -12.541 0.3333333433
91282  -20.645  -18.287  -14.048 0.3333333433
88907  -24.861  -21.327  -14.298 0.3333333433
88926  -25.272  -20.781  -14.578 0.3333333433
103319  -34.853  -8.656  -24.576 0.2222222239
104597  -34.790  -7.438  -25.089 0.2222222239
104583  -35.262  -7.736  -24.829 0.2222222239
108181  -30.918  -4.570  -25.223 0.3333333433
108182  -31.954  -4.558  -25.034 0.2222222239
82762  -22.519  -25.345  -13.590 0.3333333433
82763  -23.307  -25.275  -13.827 0.3333333433
86555  -22.714  -22.652  -13.428 0.3333333433
85228  -23.252  -23.593  -13.765 0.3333333433
84029  -24.010  -24.095  -14.390 0.3333333433
85242  -24.595  -23.538  -14.530 0.3333333433
88885  -21.004  -20.747  -12.690 0.3333333433
87770  -26.121  -21.719  -15.288 0.3333333433
80204  -24.121  -27.580  -12.053 0.1111111119
80205  -25.244  -27.550  -11.286 0.1111111119
83995  -20.815  -24.419  -12.119 0.3333333433
82743  -21.402  -25.440  -12.554 0.3333333433
82744  -22.022  -25.805  -13.216 0.3333333433
81499  -22.784  -26.417  -13.307 0.3333333433
81500  -23.664  -26.476  -13.065 0.3333333433
80175  -26.113  -27.596  -10.749 0.1111111119
81479  -26.499  -26.371  -11.411 0.1111111119
85208  -20.182  -23.525  -12.138 0.3333333433
81503  -26.166  -25.792  -11.701 0.1111111119
87711  -19.817  -21.813  -11.427 0.2222222239
83998  -26.290  -24.263  -12.732 0.1111111119
88859  -19.581  -20.515  -11.311 0.2222222239
85210  -26.329  -23.747  -13.003 0.1111111119
86558  -26.570  -22.928  -13.836 0.1111111119
89990  -19.747  -19.446  -11.763 0.2222222239
86571  -26.439  -22.625  -14.557 0.1111111119
88946  -26.575  -21.161  -15.798 0.1111111119
92433  -19.545  -17.927  -11.710 0.1111111119
105861  -34.252  -6.576  -25.150 0.2222222239
109357  -30.347  -3.241  -25.342 0.2222222239
109358  -31.315  -3.753  -24.833 0.2222222239
93652  -19.476  -16.035  -12.266 0.2222222239
94934  -19.448  -15.885  -13.075 0.3333333433
91256  -20.354  -18.570  -13.246 0.4444444478
91257  -20.972  -18.885  -13.729 0.4444444478
92449  -19.688  -17.664  -12.071 0.2222222239
107043  -33.671  -5.264  -24.831 0.2222222239
80206  -26.031  -26.888  -11.032 0.1111111119
84015  -22.085  -24.401  -13.380 0.3333333433
81512  -23.011  -25.737  -13.569 0.3333333433
81513  -23.467  -25.860  -13.404 0.3333333433
86535  -19.860  -22.688  -11.957 0.2222222239
84031  -24.934  -24.079  -14.465 0.2222222239
84020  -25.768  -24.118  -13.335 0.1111111119
84019  -25.409  -24.199  -13.924 0.1111111119
86554  -21.855  -22.612  -13.231 0.3333333433
85241  -23.930  -23.655  -14.336 0.3333333433
87754  -24.497  -21.798  -14.314 0.3333333433
85230  -26.074  -23.524  -13.673 0.1111111119
91218  -19.484  -18.600  -11.721 0.2222222239
87769  -25.223  -21.861  -14.627 0.3333333433
79003  -24.370  -28.193  -11.447 0.1111111119
80222  -24.027  -26.858  -12.511 0.2222222239
82742  -20.492  -25.447  -11.868 0.2222222239
81498  -21.861  -26.525  -12.776 0.3333333433
86516  -19.571  -22.891  -11.506 0.2222222239
85207  -19.672  -23.557  -11.705 0.2222222239
105850  -35.158  -6.902  -25.027 0.1111111119
104571  -35.643  -7.452  -24.364 0.1111111119
104550  -35.580  -7.122  -22.568 0.1111111119
105839  -35.197  -6.669  -24.163 0.1111111119
107034  -34.468  -5.328  -23.617 0.1111111119
107022  -34.623  -5.365  -22.674 0.1111111119
108196  -32.689  -5.109  -25.235 0.1111111119
108174  -34.310  -4.676  -23.196 0.1111111119
108183  -32.793  -4.707  -24.625 0.1111111119
108173  -33.836  -4.353  -23.571 0.1111111119
110484  -27.525  -2.312  -24.259 0.2222222239
108172  -33.001  -4.358  -23.772 0.1111111119
111679  -26.552  -1.705  -24.380 0.1111111119
112861  -26.553  -0.780  -23.191 0.2222222239
115171  -26.366  0.363  -23.583 0.1111111119
110483  -27.026  -2.121  -24.958 0.1111111119
112878  -26.153  -0.724  -24.465 0.1111111119
118356  -27.778  3.930  -14.849 0.4444444478
117372  -24.759  3.729  -15.888 0.4444444478
118367  -26.097  4.480  -15.361 0.4444444478
115155  -25.119  1.518  -23.661 0.1111111119
120372  -27.826  6.853  -15.029 0.4444444478
119433  -27.931  5.516  -20.546 0.3333333433
118408  -27.713  5.096  -21.047 0.2222222239
155558  -26.290  3.944  -22.573 0.1111111119
117473  -25.369  3.324  -23.288 0.1111111119
121453  -26.983  7.227  -15.028 0.4444444478
121472  -25.372  7.573  -15.558 0.4444444478
121474  -27.661  7.680  -15.689 0.4444444478
122531  -26.765  8.327  -15.920 0.4444444478
121496  -27.816  8.156  -16.450 0.4444444478
122569  -28.059  8.328  -17.613 0.4444444478
122579  -28.105  8.182  -18.554 0.4444444478
121519  -28.377  7.457  -18.821 0.2222222239
120439  -27.844  7.117  -20.002 0.2222222239
120455  -27.355  6.647  -20.592 0.2222222239
120466  -26.954  6.216  -21.155 0.2222222239
119445  -26.225  5.795  -21.898 0.2222222239
126412  -25.106  13.887  -20.367 0.1111111119
124519  -26.659  10.595  -20.570 0.1111111119
120478  -25.271  6.887  -22.268 0.1111111119
118365  -24.086  4.463  -15.712 0.4444444478
119354  -24.138  5.422  -15.953 0.4444444478
120370  -24.762  6.486  -15.634 0.3333333433
122529  -24.693  8.565  -15.848 0.4444444478
123532  -26.074  9.526  -16.001 0.4444444478
122553  -26.547  9.057  -16.082 0.4444444478
122555  -27.862  8.415  -16.913 0.4444444478
122568  -27.610  8.989  -17.376 0.4444444478
124467  -24.199  10.786  -16.757 0.3333333433
123571  -27.052  9.523  -17.984 0.3333333433
123580  -27.257  9.733  -19.019 0.1111111119
122589  -27.463  8.532  -19.465 0.1111111119
121545  -26.727  7.686  -20.797 0.1111111119
122597  -26.861  8.595  -20.806 0.1111111119
118364  -23.460  4.456  -15.358 0.2222222239
121471  -24.106  7.465  -15.829 0.3333333433
122528  -23.510  8.382  -16.152 0.3333333433
123531  -25.268  9.608  -16.034 0.3333333433
123556  -26.510  9.952  -16.596 0.4444444478
124468  -25.456  10.973  -16.917 0.2222222239
124469  -26.229  10.636  -17.214 0.2222222239
123579  -26.668  10.279  -18.467 0.2222222239
124499  -26.967  10.422  -19.055 0.1111111119
125448  -24.629  11.411  -17.158 0.1111111119
124484  -25.527  12.014  -17.758 0.1111111119
124509  -26.863  10.482  -19.678 0.1111111119
155606  -24.714  12.252  -17.844 0.1111111119
155610  -26.080  12.037  -19.133 0.1111111119
155615  -26.171  11.783  -19.645 0.1111111119
120369  -23.493  6.452  -16.324 0.3333333433
121470  -23.055  7.388  -16.321 0.3333333433
121493  -21.497  7.344  -16.594 0.3333333433
122551  -21.717  8.200  -17.031 0.3333333433
123529  -22.995  8.969  -16.711 0.3333333433
123530  -23.904  9.669  -16.244 0.3333333433
123554  -23.430  10.358  -16.731 0.2222222239
125447  -24.036  11.388  -17.511 0.2222222239
155605  -23.869  11.707  -18.071 0.1111111119
155614  -24.124  13.305  -18.646 0.1111111119
155618  -24.881  13.637  -19.860 0.1111111119
155611  -26.370  12.800  -17.610 0.1111111119
121435  -23.286  7.250  -13.594 0.1111111119
122488  -22.099  7.943  -13.669 0.1111111119
122525  -21.015  8.155  -15.604 0.2222222239
123511  -21.284  9.145  -14.789 0.2222222239
123551  -21.039  9.091  -17.028 0.3333333433
124450  -20.822  10.065  -16.847 0.2222222239
123553  -22.658  9.877  -17.000 0.3333333433
124464  -21.058  9.798  -17.438 0.3333333433
124451  -20.923  11.368  -16.607 0.1111111119
125445  -21.435  12.336  -17.476 0.1111111119
125444  -21.827  12.745  -18.049 0.1111111119
127270  -22.667  13.594  -18.304 0.1111111119
155616  -24.590  14.267  -18.819 0.1111111119
127263  -24.306  14.032  -17.767 0.1111111119
155607  -25.368  12.978  -18.789 0.1111111119
127292  -26.416  14.349  -20.225 0.1111111119
126421  -26.897  13.382  -21.008 0.1111111119
122489  -22.772  8.160  -13.714 0.1111111119
123496  -23.926  8.916  -13.101 0.1111111119
123512  -22.097  8.879  -14.078 0.1111111119
123495  -23.066  9.350  -13.633 0.1111111119
124414  -22.642  10.559  -12.743 0.1111111119
124424  -21.026  10.812  -13.832 0.1111111119
124438  -20.865  10.341  -15.479 0.2222222239
124439  -21.107  11.843  -15.300 0.1111111119
125396  -21.104  13.176  -13.182 0.1111111119
125434  -21.148  12.720  -16.370 0.1111111119
125424  -21.227  12.896  -15.293 0.1111111119
127252  -22.673  13.662  -16.988 0.1111111119
123487  -24.043  9.477  -12.457 0.1111111119
122479  -24.760  8.810  -11.859 0.1111111119
124411  -23.904  10.449  -11.774 0.1111111119
125391  -22.689  11.454  -11.929 0.1111111119
125398  -22.059  11.441  -12.562 0.1111111119
125381  -22.264  12.098  -11.321 0.1111111119
125389  -21.286  12.833  -12.474 0.1111111119
124403  -24.767  10.241  -10.691 0.1111111119
124404  -25.417  10.465  -10.343 0.1111111119
125383  -24.177  11.296  -10.925 0.1111111119
104561  -36.077  -7.773  -23.020 0.1111111119
105849  -34.573  -6.299  -24.668 0.1111111119
105827  -35.178  -6.236  -23.090 0.1111111119
107023  -34.998  -5.838  -22.348 0.1111111119
110500  -31.093  -2.572  -24.503 0.1111111119
109359  -32.229  -4.046  -24.269 0.1111111119
110513  -29.818  -2.610  -25.529 0.1111111119
114043  -25.408  0.627  -24.080 0.1111111119
118366  -25.021  4.486  -15.723 0.4444444478
120424  -28.859  6.852  -18.295 0.4444444478
120440  -28.491  6.515  -19.522 0.3333333433
119432  -27.315  5.631  -21.023 0.2222222239
118438  -26.155  4.801  -22.170 0.1111111119
118437  -25.196  4.755  -22.934 0.1111111119
117479  -24.375  2.046  -23.921 0.1111111119
121473  -26.477  7.679  -15.475 0.4444444478
120465  -26.242  6.788  -21.481 0.2222222239
123588  -26.907  9.617  -20.133 0.1111111119
122604  -26.034  8.226  -21.554 0.1111111119
125490  -25.838  12.784  -20.040 0.1111111119
124423  -21.256  10.095  -14.682 0.2222222239
124415  -23.525  10.112  -12.463 0.1111111119
125390  -21.802  12.007  -12.108 0.1111111119
125411  -21.332  12.779  -14.056 0.1111111119
126312  -23.813  12.225  -10.663 0.1111111119
125384  -24.999  11.085  -10.279 0.1111111119
105812  -35.351  -6.200  -21.031 0.1111111119
105819  -35.277  -6.313  -22.036 0.1111111119
109365  -29.748  -3.022  -25.521 0.2222222239
111680  -26.999  -1.781  -23.751 0.2222222239
155552  -24.865  0.965  -23.800 0.1111111119
117373  -25.601  3.608  -15.985 0.4444444478
119355  -25.464  5.482  -15.469 0.4444444478
122530  -25.944  8.698  -15.530 0.4444444478
123557  -27.146  9.582  -17.129 0.4444444478
123570  -26.561  10.151  -17.560 0.2222222239
122484  -24.510  8.565  -12.704 0.1111111119
123473  -24.949  9.699  -10.653 0.1111111119
124410  -23.232  10.951  -12.024 0.1111111119
125382  -23.215  11.787  -11.166 0.1111111119
104542  -35.551  -7.105  -21.548 0.1111111119
103320  -35.748  -8.678  -24.472 0.1111111119
104572  -36.310  -7.941  -23.786 0.1111111119
105807  -35.474  -6.064  -20.020 0.1111111119
104535  -35.772  -6.918  -20.537 0.1111111119
108153  -34.988  -4.678  -20.806 0.1111111119
108163  -34.338  -4.518  -22.312 0.1111111119
109337  -34.155  -3.714  -21.834 0.1111111119
109347  -33.304  -3.795  -23.038 0.1111111119
109345  -31.841  -3.154  -23.923 0.1111111119
109346  -32.656  -3.456  -23.490 0.1111111119
111718  -29.683  -1.856  -25.293 0.1111111119
112911  -28.910  -0.899  -25.815 0.1111111119
112893  -26.791  -0.612  -24.924 0.1111111119
114058  -26.347  0.548  -24.602 0.1111111119
115183  -25.724  1.378  -24.795 0.1111111119
118467  -24.151  3.552  -23.995 0.1111111119
155546  -24.655  1.766  -24.590 0.1111111119
117371  -24.087  3.758  -15.846 0.4444444478
120533  -23.201  5.868  -24.795 0.1111111119
120477  -24.320  6.851  -23.081 0.1111111119
119353  -22.872  4.996  -16.050 0.2222222239
119377  -23.225  5.727  -16.379 0.3333333433
119352  -21.831  5.786  -16.265 0.2222222239
120394  -21.788  6.515  -16.608 0.2222222239
123596  -26.785  9.762  -21.123 0.1111111119
120327  -22.698  6.369  -13.891 0.1111111119
121451  -21.338  7.234  -15.125 0.2222222239
124526  -26.920  11.579  -21.318 0.1111111119
126422  -27.414  12.637  -21.166 0.1111111119
120328  -23.607  6.187  -13.256 0.1111111119
120329  -24.321  6.543  -12.908 0.1111111119
122485  -25.124  8.056  -12.071 0.1111111119
126404  -26.967  13.752  -19.856 0.1111111119
121424  -25.703  7.400  -11.397 0.1111111119
121416  -25.843  8.145  -10.778 0.1111111119
126342  -21.292  13.669  -13.365 0.1111111119
125436  -22.783  13.186  -15.601 0.1111111119
126361  -25.171  12.903  -15.913 0.1111111119
123482  -25.192  9.000  -10.714 0.1111111119
123474  -25.492  9.556  -10.488 0.1111111119
126310  -22.166  12.958  -11.189 0.1111111119
127184  -20.801  14.406  -11.591 0.1111111119
125370  -24.615  11.909  -10.204 0.1111111119
109355  -28.675  -2.725  -24.862 0.1111111119
121509  -28.521  7.614  -17.862 0.4444444478
107044  -34.176  -5.482  -24.534 0.1111111119
114044  -26.175  -0.256  -23.564 0.2222222239
108185  -34.201  -4.833  -23.938 0.1111111119
107014  -34.974  -5.372  -21.601 0.1111111119
108162  -33.915  -4.078  -22.703 0.1111111119
110511  -28.711  -1.838  -25.277 0.1111111119
111695  -27.113  -1.386  -25.181 0.1111111119
111715  -28.068  -1.236  -25.529 0.1111111119
155550  -24.341  1.125  -23.701 0.1111111119
117457  -25.414  4.062  -22.994 0.1111111119
122578  -27.608  8.881  -18.336 0.2222222239
122590  -28.123  8.008  -19.152 0.2222222239
121530  -27.388  7.714  -20.231 0.1111111119
120479  -25.807  6.336  -21.986 0.2222222239
119459  -25.518  5.756  -22.312 0.1111111119
125496  -26.653  12.561  -20.867 0.1111111119
155620  -24.750  14.308  -19.589 0.1111111119
124508  -26.452  11.383  -20.023 0.1111111119
124518  -26.556  11.611  -20.763 0.1111111119
120492  -23.567  6.527  -23.878 0.1111111119
119474  -24.208  5.590  -23.440 0.1111111119
120464  -25.632  7.341  -21.801 0.2222222239
124453  -25.389  10.294  -16.302 0.3333333433
121544  -26.207  7.678  -21.209 0.2222222239
122527  -22.566  8.140  -16.711 0.3333333433
124485  -26.157  11.338  -18.039 0.2222222239
124498  -26.607  11.135  -19.134 0.1111111119
120395  -22.530  6.469  -16.566 0.3333333433
121494  -22.067  7.226  -16.804 0.3333333433
120345  -21.398  6.510  -15.374 0.1111111119
122550  -21.147  8.188  -16.458 0.3333333433
122552  -22.283  8.870  -17.147 0.3333333433
124466  -23.107  10.947  -17.415 0.2222222239
125446  -23.495  11.480  -17.739 0.1111111119
125459  -22.277  12.420  -18.314 0.1111111119
126392  -23.346  13.482  -19.088 0.1111111119
155608  -25.276  13.439  -18.088 0.1111111119
155617  -25.721  14.112  -19.238 0.1111111119
155624  -26.144  13.965  -19.325 0.1111111119
155609  -24.764  13.456  -16.860 0.1111111119
120318  -24.122  6.128  -12.704 0.1111111119
121434  -22.226  7.310  -13.781 0.1111111119
121436  -24.227  7.150  -13.314 0.1111111119
121452  -21.691  7.040  -14.354 0.1111111119
122507  -21.323  8.123  -14.902 0.1111111119
123528  -20.834  9.126  -16.111 0.3333333433
123552  -21.601  9.386  -17.447 0.3333333433
124465  -21.698  10.881  -17.520 0.2222222239
124482  -22.281  11.605  -17.942 0.1111111119
126368  -21.476  13.186  -17.215 0.1111111119
127271  -23.891  14.358  -18.615 0.1111111119
126370  -23.679  13.623  -16.908 0.1111111119
123513  -22.596  8.687  -13.940 0.1111111119
122490  -23.985  8.229  -13.580 0.1111111119
123486  -23.300  9.844  -12.785 0.1111111119
121427  -24.729  7.701  -12.872 0.1111111119
123494  -21.739  9.672  -13.986 0.1111111119
124425  -21.966  10.048  -13.458 0.1111111119
124413  -21.738  11.215  -13.026 0.1111111119
123493  -21.467  9.977  -14.400 0.1111111119
125397  -21.752  12.140  -13.134 0.1111111119
125435  -21.828  13.287  -15.843 0.1111111119
125425  -22.117  13.076  -14.936 0.1111111119
126359  -22.723  13.522  -16.428 0.1111111119
123481  -24.732  9.414  -11.104 0.1111111119
125380  -21.571  12.709  -11.707 0.1111111119
126317  -20.963  13.370  -12.018 0.1111111119
110512  -29.166  -2.323  -25.243 0.1111111119
118454  -24.171  4.741  -23.624 0.1111111119
121555  -25.421  7.730  -22.001 0.1111111119
122614  -25.938  8.237  -22.204 0.1111111119
126298  -23.458  13.048  -10.507 0.1111111119
107006  -35.206  -5.329  -20.500 0.1111111119
122480  -25.283  8.511  -11.164 0.1111111119
111717  -29.072  -1.574  -25.502 0.1111111119
112894  -27.675  -0.663  -25.243 0.1111111119
118453  -23.519  5.327  -24.047 0.1111111119
121571  -25.098  7.700  -22.822 0.1111111119
122605  -26.999  8.547  -21.574 0.1111111119
120326  -21.976  6.492  -14.183 0.1111111119
119319  -23.374  5.206  -13.340 0.1111111119
123602  -27.097  10.976  -21.509 0.1111111119
121437  -24.769  6.925  -12.848 0.1111111119
125412  -22.676  12.679  -14.095 0.1111111119
126360  -23.887  13.072  -16.009 0.1111111119
126309  -21.434  13.444  -11.500 0.1111111119
128177  -21.716  14.630  -10.987 0.1111111119
127213  -20.570  14.058  -12.174 0.1111111119
81497  -21.014  -26.450  -12.246 0.2222222239
100940  -18.192  -10.825  -13.184 0.2222222239
102075  -18.403  -9.675  -13.690 0.2222222239
99857  -19.291  -11.803  -14.325 0.3333333433
99856  -18.903  -11.199  -14.232 0.4444444478
100963  -18.625  -10.609  -14.054 0.3333333433
116213  -24.047  2.934  -16.295 0.2222222239
117363  -23.318  3.757  -14.837 0.1111111119
111592  -22.666  -1.180  -16.807 0.2222222239
111608  -22.279  -2.036  -16.620 0.1111111119
99831  -19.038  -12.287  -13.753 0.2222222239
111591  -21.550  -1.437  -16.089 0.1111111119
112767  -22.799  0.422  -16.146 0.1111111119
113935  -23.069  1.050  -15.251 0.1111111119
115052  -23.067  2.480  -14.888 0.1111111119
116178  -22.864  3.373  -13.419 0.1111111119
117348  -23.254  4.086  -14.494 0.1111111119
118355  -23.116  4.473  -14.639 0.1111111119
96202  -19.136  -14.771  -12.464 0.2222222239
98671  -18.978  -12.818  -13.338 0.2222222239
98672  -19.318  -12.750  -13.856 0.3333333433
105743  -18.993  -6.492  -15.005 0.2222222239
115064  -23.545  2.175  -16.060 0.1111111119
105694  -18.147  -6.652  -13.491 0.1111111119
106935  -18.723  -6.068  -14.479 0.3333333433
116224  -24.571  3.217  -16.506 0.3333333433
117381  -24.386  3.414  -16.215 0.3333333433
116201  -23.423  3.623  -15.274 0.1111111119
99830  -18.761  -11.772  -13.506 0.2222222239
116189  -22.621  3.136  -14.122 0.1111111119
113916  -22.762  0.964  -14.542 0.1111111119
116202  -23.202  3.251  -15.248 0.1111111119
115051  -22.855  1.783  -14.541 0.1111111119
115033  -22.483  2.113  -13.649 0.1111111119
115034  -22.500  2.555  -14.225 0.1111111119
115063  -23.340  1.752  -15.322 0.1111111119
96347  -34.452  -15.000  -21.161 0.1111111119
80219  -21.611  -27.439  -12.222 0.1111111119
80220  -22.387  -27.447  -12.787 0.1111111119
79015  -23.185  -28.343  -12.612 0.1111111119
80201  -20.324  -27.542  -11.282 0.1111111119
81476  -20.426  -26.485  -11.534 0.1111111119
83994  -19.962  -24.425  -11.899 0.1111111119
85192  -19.337  -23.474  -11.271 0.1111111119
96182  -18.946  -14.938  -11.924 0.1111111119
102050  -17.754  -9.771  -12.870 0.1111111119
108092  -20.821  -3.940  -16.542 0.2222222239
109267  -20.183  -3.470  -15.594 0.2222222239
102076  -18.941  -9.512  -14.519 0.1111111119
80202  -21.089  -27.878  -11.715 0.1111111119
79013  -22.042  -28.021  -12.520 0.1111111119
80221  -23.417  -27.641  -12.854 0.1111111119
81475  -19.704  -26.635  -10.990 0.1111111119
82721  -20.007  -25.835  -11.420 0.1111111119
83959  -19.664  -24.914  -10.842 0.1111111119
83974  -19.582  -24.358  -11.292 0.1111111119
86515  -19.323  -22.664  -11.090 0.1111111119
96181  -19.252  -15.237  -11.888 0.1111111119
97379  -18.925  -14.142  -11.602 0.1111111119
98651  -18.611  -12.863  -12.747 0.1111111119
100916  -17.965  -10.966  -12.482 0.1111111119
108074  -19.566  -4.528  -15.036 0.2222222239
110404  -20.156  -2.857  -15.392 0.2222222239
110405  -20.695  -2.434  -16.036 0.1111111119
79000  -21.687  -28.620  -12.076 0.1111111119
110406  -21.391  -2.148  -16.302 0.1111111119
97414  -19.086  -13.701  -12.824 0.1111111119
103199  -18.140  -8.736  -13.535 0.1111111119
87710  -19.423  -21.596  -10.852 0.1111111119
89976  -19.448  -19.470  -11.271 0.1111111119
94913  -19.064  -15.710  -12.089 0.1111111119
94914  -19.265  -15.537  -12.128 0.1111111119
82741  -19.921  -25.103  -11.537 0.1111111119
97391  -18.758  -13.901  -12.190 0.1111111119
99808  -18.542  -11.880  -12.640 0.1111111119
80218  -20.931  -27.138  -11.726 0.1111111119
96171  -19.490  -15.170  -11.674 0.1111111119
108050  -19.660  -4.159  -14.467 0.1111111119
82720  -19.736  -25.514  -11.068 0.1111111119
83973  -19.204  -23.876  -11.066 0.1111111119
94898  -19.674  -15.935  -11.962 0.1111111119
96157  -20.028  -15.854  -11.394 0.1111111119
110382  -20.241  -2.344  -14.946 0.1111111119
110383  -20.531  -1.861  -15.555 0.1111111119
112790  -22.308  -0.497  -16.297 0.1111111119
108073  -19.327  -5.213  -14.621 0.1111111119
112789  -21.761  -0.643  -15.861 0.1111111119
112766  -21.772  -0.032  -15.564 0.1111111119
81501  -24.347  -25.951  -12.724 0.2222222239
81504  -26.799  -25.936  -11.639 0.1111111119
82745  -24.487  -25.525  -13.023 0.2222222239
84030  -24.331  -24.108  -14.422 0.3333333433
85229  -25.620  -23.761  -14.032 0.1111111119
87782  -26.754  -21.390  -15.806 0.1111111119
88928  -26.668  -20.181  -15.917 0.4444444478
88949  -28.478  -20.087  -15.899 0.1111111119
88961  -27.331  -20.128  -16.448 0.2222222239
90097  -26.999  -19.648  -16.124 0.2222222239
90099  -28.781  -19.647  -16.246 0.1111111119
90121  -27.616  -19.592  -16.470 0.3333333433
92558  -31.321  -17.599  -19.035 0.1111111119
92575  -31.526  -17.100  -19.382 0.1111111119
92576  -32.007  -17.237  -19.474 0.1111111119
92594  -33.404  -17.031  -20.201 0.1111111119
93710  -22.260  -15.738  -15.617 0.7777777910
93731  -29.800  -16.087  -16.972 0.2222222239
93745  -29.936  -16.620  -17.268 0.2222222239
93775  -31.140  -16.726  -19.296 0.1111111119
93777  -32.340  -16.677  -19.976 0.1111111119
94933  -19.394  -15.779  -12.612 0.3333333433
95016  -30.350  -15.681  -17.602 0.2222222239
95044  -31.315  -15.791  -19.275 0.1111111119
95069  -33.380  -15.784  -20.522 0.1111111119
96170  -19.775  -15.845  -11.708 0.1111111119
96259  -23.791  -14.263  -15.733 0.8888888955
96278  -22.856  -13.761  -16.100 0.8888888955
96282  -30.427  -14.678  -17.353 0.3333333433
96308  -30.898  -15.307  -18.462 0.1111111119
96323  -32.295  -14.838  -20.054 0.1111111119
96365  -35.130  -15.083  -21.541 0.1111111119
97454  -19.829  -13.591  -14.567 0.8888888955
97475  -24.367  -13.345  -16.002 0.8888888955
97490  -22.192  -13.332  -16.225 1.0000000000
97491  -22.787  -13.179  -16.350 1.0000000000
97505  -31.101  -13.642  -17.704 0.4444444478
97540  -34.371  -14.023  -20.745 0.2222222239
98713  -24.504  -12.897  -16.284 1.0000000000
98717  -28.108  -12.547  -15.503 0.8888888955
98735  -25.166  -11.906  -16.429 1.0000000000
98738  -29.737  -12.909  -15.746 0.7777777910
98747  -31.289  -12.590  -17.316 0.6666666865
98767  -32.302  -12.463  -19.187 0.6666666865
99874  -21.369  -12.355  -15.952 0.8888888955
99879  -30.167  -11.548  -15.996 1.0000000000
99898  -24.693  -11.302  -16.694 1.0000000000
99901  -29.482  -12.184  -15.634 1.0000000000
99913  -32.085  -11.245  -18.198 0.6666666865
99922  -31.691  -11.823  -18.377 0.6666666865
99933  -33.499  -11.760  -19.727 0.4444444478
100982  -27.811  -10.497  -15.706 1.0000000000
101003  -22.416  -10.489  -16.790 1.0000000000
101010  -31.193  -10.819  -16.429 0.8888888955
101018  -23.918  -9.587  -17.669 1.0000000000
101020  -24.860  -9.813  -17.243 1.0000000000
101023  -32.542  -10.648  -18.456 0.5555555820
101052  -34.793  -11.061  -22.427 0.2222222239
102102  -27.979  -9.851  -15.794 1.0000000000
102104  -29.258  -9.786  -15.578 1.0000000000
102122  -22.829  -9.464  -17.342 0.8888888955
102125  -27.655  -9.430  -15.911 1.0000000000
102127  -28.899  -9.371  -15.513 1.0000000000
102129  -31.656  -9.868  -16.783 1.0000000000
102135  -24.192  -9.136  -17.756 0.8888888955
102136  -24.695  -9.161  -17.431 1.0000000000
102139  -32.503  -9.802  -18.209 0.6666666865
102150  -33.630  -10.132  -20.106 0.5555555820
102156  -34.317  -10.290  -21.296 0.5555555820
102174  -34.497  -9.198  -24.052 0.4444444478
103226  -29.951  -8.964  -15.594 1.0000000000
103247  -25.878  -8.397  -16.726 1.0000000000
103253  -31.526  -9.015  -16.620 0.7777777910
103262  -23.175  -8.501  -17.504 0.8888888955
103271  -32.519  -9.005  -18.893 0.7777777910
103277  -33.446  -9.591  -20.045 0.5555555820
103284  -34.180  -9.797  -21.014 0.5555555820
103309  -34.595  -9.078  -24.246 0.2222222239
104420  -17.768  -7.424  -13.288 0.1111111119
104471  -19.563  -7.346  -15.330 0.3333333433
104473  -29.705  -8.538  -15.398 1.0000000000
104474  -29.970  -8.471  -15.343 1.0000000000
104498  -25.709  -7.506  -16.750 0.8888888955
104519  -24.376  -7.708  -17.125 0.8888888955
104527  -32.395  -8.277  -18.631 0.8888888955
104559  -33.160  -8.255  -22.975 0.5555555820
104560  -35.657  -7.214  -23.529 0.1111111119
104568  -31.711  -7.226  -23.996 0.5555555820
104582  -34.532  -7.750  -24.819 0.2222222239
104584  -36.134  -8.201  -24.381 0.1111111119
104596  -34.344  -7.202  -25.089 0.2222222239
105724  -18.273  -6.972  -13.642 0.1111111119
105725  -18.606  -6.640  -14.103 0.2222222239
105742  -18.754  -6.182  -14.703 0.3333333433
105763  -20.552  -6.519  -16.314 0.5555555820
105766  -26.453  -6.532  -16.617 0.7777777910
105787  -22.640  -6.454  -17.565 0.6666666865
105799  -32.438  -7.654  -18.279 1.0000000000
105817  -30.829  -5.903  -21.737 0.7777777910
105826  -34.713  -5.745  -23.319 0.1111111119
105837  -31.637  -6.274  -24.174 0.5555555820
105838  -34.710  -5.970  -23.902 0.1111111119
105846  -31.605  -6.809  -24.203 0.5555555820
105847  -31.998  -6.574  -24.615 0.5555555820
105848  -32.705  -6.821  -24.854 0.4444444478
105860  -33.287  -6.502  -25.257 0.4444444478
105862  -34.832  -7.154  -25.174 0.2222222239
106915  -18.752  -5.985  -14.117 0.3333333433
106916  -19.058  -5.542  -14.173 0.1111111119
106955  -27.244  -5.587  -16.222 0.8888888955
106981  -24.194  -5.688  -17.242 0.6666666865
107013  -34.542  -4.944  -21.974 0.1111111119
107020  -29.346  -5.080  -23.039 0.5555555820
107030  -29.653  -5.042  -23.450 0.5555555820
107040  -30.860  -5.344  -24.911 0.5555555820
107041  -31.476  -5.596  -24.872 0.5555555820
107042  -32.076  -5.857  -24.868 0.4444444478
107053  -31.234  -5.206  -25.223 0.4444444478
107057  -34.213  -5.949  -25.098 0.1111111119
108076  -29.610  -4.258  -15.391 1.0000000000
108096  -30.323  -4.633  -15.437 1.0000000000
108098  -32.138  -3.940  -16.712 1.0000000000
108120  -26.017  -4.957  -17.223 0.8888888955
108123  -32.196  -4.142  -16.863 0.8888888955
108143  -30.944  -4.806  -20.775 0.7777777910
108151  -29.967  -4.688  -22.293 0.7777777910
108184  -33.619  -4.840  -24.360 0.1111111119
108194  -31.404  -5.061  -25.333 0.4444444478
108195  -31.844  -5.071  -25.329 0.4444444478
108197  -33.299  -5.095  -24.969 0.2222222239
109247  -28.760  -3.955  -15.452 1.0000000000
109248  -29.377  -3.838  -15.411 1.0000000000
109273  -30.506  -3.601  -15.645 1.0000000000
109274  -31.389  -3.733  -16.032 1.0000000000
109275  -31.945  -3.642  -16.562 1.0000000000
109289  -21.186  -3.517  -16.660 0.2222222239
109295  -26.489  -4.232  -16.729 0.8888888955
109324  -29.942  -3.898  -22.120 0.6666666865
109343  -28.433  -2.882  -24.466 0.1111111119
109356  -29.327  -3.226  -25.059 0.2222222239
109364  -29.531  -2.831  -25.414 0.2222222239
110386  -29.683  -3.397  -15.421 1.0000000000
110414  -31.728  -3.204  -16.393 0.8888888955
110424  -21.058  -3.023  -16.389 0.3333333433
110427  -23.391  -2.746  -17.379 0.5555555820
110445  -31.442  -2.567  -19.414 0.7777777910
110482  -26.883  -1.931  -25.347 0.1111111119
110495  -27.169  -1.772  -25.382 0.1111111119
110496  -27.342  -1.982  -25.331 0.1111111119
110497  -28.195  -2.122  -24.931 0.1111111119
110498  -28.824  -2.616  -25.031 0.1111111119
110499  -30.312  -2.237  -25.092 0.1111111119
111569  -28.010  -1.023  -15.426 0.7777777910
111595  -25.847  -1.583  -16.765 0.6666666865
111607  -21.745  -2.080  -16.387 0.1111111119
111632  -30.251  -1.541  -20.717 0.8888888955
111645  -29.822  -1.223  -21.387 0.6666666865
111678  -26.630  -1.526  -24.942 0.1111111119
111696  -27.666  -1.422  -25.343 0.1111111119
111697  -27.851  -1.732  -25.244 0.1111111119
111716  -28.339  -1.461  -25.502 0.1111111119
112774  -30.372  0.184  -14.932 0.7777777910
112775  -30.751  0.459  -15.288 0.6666666865
112791  -23.107  -0.240  -17.108 0.3333333433
112829  -29.700  -0.116  -21.006 0.5555555820
112879  -26.014  -1.052  -23.725 0.2222222239
112880  -26.894  -1.293  -23.299 0.2222222239
112895  -28.502  -0.376  -25.329 0.1111111119
112909  -27.920  -1.051  -25.493 0.1111111119
112910  -28.227  -0.936  -25.632 0.1111111119
113942  -29.765  0.898  -14.815 0.7777777910
113943  -30.476  0.928  -15.154 0.6666666865
113956  -24.612  0.581  -17.326 0.3333333433
113970  -31.521  0.748  -18.405 0.6666666865
113997  -29.820  0.605  -20.647 0.5555555820
115078  -30.562  1.908  -15.685 0.6666666865
115079  -30.983  1.651  -16.005 0.6666666865
115100  -31.318  1.558  -17.203 0.6666666865
115114  -31.097  1.659  -18.868 0.6666666865
116204  -28.184  3.092  -14.840 0.6666666865
116212  -23.665  3.512  -15.756 0.3333333433
116220  -30.991  2.625  -15.967 0.6666666865
116223  -24.154  3.353  -16.148 0.3333333433
116225  -24.905  3.298  -16.792 0.3333333433
116227  -31.019  2.282  -16.437 0.6666666865
116234  -31.034  2.795  -17.626 0.6666666865
116249  -31.054  2.484  -18.140 0.6666666865
116278  -28.987  2.624  -21.123 0.5555555820
117349  -23.075  3.827  -13.951 0.1111111119
117362  -23.481  3.945  -15.197 0.1111111119
117365  -28.562  3.598  -14.817 0.6666666865
117366  -29.243  3.596  -15.041 0.6666666865
117375  -27.522  3.572  -14.998 0.4444444478
117378  -31.152  2.797  -16.266 0.6666666865
117382  -24.642  3.432  -16.300 0.3333333433
117383  -25.048  3.390  -16.496 0.3333333433
117392  -31.146  3.016  -17.276 0.6666666865
118357  -28.197  4.105  -14.791 0.5555555820
118358  -28.862  4.154  -14.855 0.5555555820
118371  -30.398  4.357  -15.826 0.6666666865
118381  -30.550  4.173  -17.307 0.6666666865
118398  -30.265  4.198  -19.026 0.6666666865
118422  -26.600  5.239  -21.737 0.2222222239
118423  -27.251  4.714  -21.584 0.2222222239
118439  -26.712  4.306  -22.125 0.1111111119
118455  -24.554  5.259  -23.247 0.1111111119
118466  -23.673  4.596  -24.450 0.1111111119
119335  -21.490  6.050  -15.656 0.1111111119
119339  -27.537  6.459  -14.905 0.4444444478
119351  -21.531  6.157  -16.055 0.2222222239
119375  -22.110  6.060  -16.648 0.3333333433
119376  -22.564  5.817  -16.474 0.3333333433
119378  -29.859  5.545  -17.153 0.6666666865
119379  -30.251  4.822  -16.807 0.6666666865
119420  -28.494  5.757  -20.103 0.5555555820
119421  -29.273  5.403  -19.764 0.6666666865
119422  -30.089  4.973  -19.368 0.6666666865
119446  -26.830  5.761  -21.541 0.2222222239
119457  -24.090  6.173  -23.486 0.1111111119
119458  -24.620  5.922  -22.861 0.1111111119
119472  -23.029  5.828  -23.964 0.1111111119
119473  -23.584  5.798  -23.788 0.1111111119
119490  -23.336  5.570  -24.417 0.1111111119
120346  -21.519  6.240  -14.877 0.1111111119
120348  -26.847  6.803  -14.786 0.4444444478
120349  -27.312  6.848  -14.807 0.4444444478
120366  -21.364  6.605  -15.866 0.1111111119
120367  -21.562  6.338  -16.271 0.2222222239
120368  -22.906  6.819  -16.436 0.3333333433
120393  -21.436  6.802  -16.329 0.3333333433
120396  -22.965  6.089  -16.517 0.3333333433
120412  -29.463  6.307  -17.686 0.5555555820
120454  -26.619  7.220  -21.022 0.2222222239
120456  -28.064  6.103  -20.186 0.3333333433
120491  -23.029  6.141  -23.859 0.1111111119
120510  -22.938  6.152  -24.227 0.1111111119
120511  -23.479  6.430  -24.740 0.1111111119
120534  -23.597  5.792  -25.273 0.1111111119
121454  -27.462  7.188  -15.082 0.4444444478
121468  -21.158  7.343  -16.065 0.2222222239
121469  -22.460  7.498  -16.664 0.3333333433
121495  -22.582  7.062  -16.558 0.3333333433
121531  -28.021  7.587  -19.575 0.2222222239
121556  -25.751  7.713  -21.576 0.2222222239
122471  -25.584  8.761  -10.659 0.1111111119
122508  -21.587  7.990  -14.099 0.1111111119
122509  -22.158  8.326  -13.771 0.1111111119
122526  -22.176  7.739  -16.874 0.3333333433
122554  -27.291  8.792  -16.503 0.4444444478
122596  -26.361  8.130  -21.080 0.2222222239
122603  -25.575  8.034  -21.750 0.1111111119
122613  -25.508  8.100  -22.036 0.1111111119
123555  -25.806  10.125  -16.269 0.3333333433
123595  -26.827  10.792  -21.305 0.1111111119
124452  -24.855  10.340  -16.276 0.3333333433
124483  -22.470  11.320  -17.734 0.1111111119
125392  -23.475  11.197  -11.551 0.1111111119
125410  -21.154  13.417  -13.400 0.1111111119
125458  -22.013  12.827  -18.352 0.1111111119
125460  -23.044  11.761  -18.125 0.1111111119
125471  -22.887  13.012  -18.791 0.1111111119
125472  -23.239  12.693  -18.678 0.1111111119
125473  -23.843  12.250  -18.454 0.1111111119
125489  -24.937  13.702  -20.135 0.1111111119
125497  -27.235  12.271  -21.275 0.1111111119
126328  -20.840  13.609  -12.635 0.1111111119
126341  -20.902  13.793  -13.119 0.1111111119
126358  -21.811  13.475  -16.643 0.1111111119
126367  -21.683  13.035  -17.723 0.1111111119
126369  -23.065  13.664  -16.939 0.1111111119
126379  -21.976  13.136  -18.199 0.1111111119
126380  -22.252  13.049  -18.517 0.1111111119
126391  -22.770  13.294  -18.806 0.1111111119
126414  -27.584  12.866  -20.975 0.1111111119
126420  -26.149  13.617  -20.552 0.1111111119
127185  -21.303  14.141  -11.408 0.1111111119
127196  -20.521  14.504  -11.840 0.1111111119
127197  -20.820  13.943  -11.725 0.1111111119
127230  -20.704  14.421  -12.585 0.1111111119
127251  -22.302  13.627  -16.819 0.1111111119
127260  -21.756  13.351  -17.528 0.1111111119
127261  -22.169  13.579  -17.350 0.1111111119
127262  -23.222  13.756  -17.566 0.1111111119
127269  -21.992  13.390  -17.828 0.1111111119
127280  -23.219  14.053  -19.181 0.1111111119
127299  -25.744  14.517  -20.325 0.1111111119
127300  -26.629  14.061  -20.609 0.1111111119
127306  -26.451  13.950  -20.679 0.1111111119
127307  -26.661  13.838  -20.784 0.1111111119
128155  -21.952  14.684  -10.616 0.1111111119
128176  -21.063  14.621  -11.389 0.1111111119
128178  -22.133  14.231  -10.752 0.1111111119
128190  -20.660  14.811  -11.573 0.1111111119
128276  -25.578  14.718  -19.812 0.1111111119
128283  -25.180  14.711  -20.038 0.1111111119
128284  -25.408  14.731  -20.060 0.1111111119
155545  -24.405  0.916  -23.706 0.1111111119
155547  -24.540  1.017  -23.781 0.1111111119
155548  -24.329  0.982  -23.893 0.1111111119
155549  -24.468  1.287  -23.751 0.1111111119
155553  -24.612  1.243  -23.809 0.1111111119
155554  -26.627  3.286  -22.810 0.3333333433
155555  -25.695  4.169  -22.795 0.1111111119
155612  -24.585  14.273  -18.380 0.1111111119
155613  -23.931  14.140  -19.261 0.1111111119
155619  -24.526  14.001  -20.184 0.1111111119
155621  -26.144  14.404  -19.618 0.1111111119
155622  -25.792  14.550  -19.565 0.1111111119
155623  -26.037  14.887  -20.019 0.1111111119
155625  -24.899  14.392  -20.172 0.1111111119
