#!ascii label  , from subject 3628 vox2ras=TkReg
1428
52448  -48.072  -12.244  36.596 0.0000000000
41543  -36.964  -21.854  43.400 0.0000000000
58640  -55.372  -7.330  29.592 0.0000000000
55082  -43.518  -9.592  28.249 0.0000000000
61880  -50.168  -4.186  34.489 0.0000000000
42734  -43.914  -20.363  38.350 0.0000000000
43858  -31.833  -19.484  31.974 0.0000000000
49279  -37.679  -14.702  29.127 0.0000000000
40464  -30.185  -23.304  46.552 0.0000000000
71636  -54.215  4.363  31.367 0.0000000000
41712  -25.525  -22.503  33.693 0.0000000000
53726  -45.974  -11.330  32.076 0.0000000000
58604  -46.800  -6.932  31.441 0.0000000000
58561  -49.055  -7.837  35.552 0.0000000000
47115  -46.573  -16.731  37.372 0.0000000000
47125  -41.215  -17.289  34.786 0.0000000000
50283  -43.459  -14.062  33.222 0.0000000000
52553  -40.795  -11.336  29.385 0.0000000000
72708  -55.013  5.699  28.422 0.0000000000
41509  -33.483  -21.939  45.310 0.0000000000
41607  -28.617  -22.259  40.568 0.0000000000
41652  -31.585  -22.378  38.851 0.0000000000
59696  -54.568  -6.124  32.690 0.0000000000
42678  -40.047  -21.042  40.643 0.0000000000
42726  -35.727  -20.737  37.491 0.0000000000
42784  -38.158  -20.147  35.125 0.0000000000
47159  -34.750  -17.580  30.818 0.0000000000
38386  -26.316  -25.412  48.917 0.0000000000
62904  -54.860  -3.036  38.791 0.0000000000
62998  -55.774  -3.690  33.593 0.0000000000
68440  -55.071  1.293  33.098 0.0000000000
64187  -52.248  -2.340  30.339 0.0000000000
67542  -49.687  0.429  26.747 0.0000000000
40521  -25.319  -23.173  42.538 0.0000000000
42799  -28.761  -21.192  32.635 0.0000000000
52469  -46.740  -12.096  34.427 0.0000000000
56265  -47.427  -9.522  33.599 0.0000000000
54989  -48.914  -9.853  36.337 0.0000000000
50218  -47.313  -14.272  36.822 0.0000000000
48194  -44.607  -15.364  35.310 0.0000000000
51315  -46.066  -13.492  34.744 0.0000000000
51375  -44.444  -12.918  32.678 0.0000000000
56334  -54.896  -9.262  28.374 0.0000000000
58664  -52.885  -7.546  27.386 0.0000000000
41525  -34.811  -22.070  44.410 0.0000000000
40528  -32.340  -22.845  42.393 0.0000000000
41611  -34.045  -21.756  40.635 0.0000000000
57498  -43.842  -7.910  27.643 0.0000000000
60778  -48.460  -5.390  33.228 0.0000000000
60822  -47.530  -5.518  30.193 0.0000000000
61919  -49.724  -4.527  32.134 0.0000000000
60810  -52.180  -5.597  31.785 0.0000000000
61896  -52.063  -4.134  33.298 0.0000000000
42699  -42.353  -21.486  39.576 0.0000000000
42730  -40.076  -21.158  37.620 0.0000000000
43806  -41.079  -20.072  36.492 0.0000000000
48218  -39.006  -15.804  32.183 0.0000000000
46032  -38.048  -17.748  32.443 0.0000000000
48241  -36.626  -15.850  30.083 0.0000000000
53762  -41.638  -10.639  28.731 0.0000000000
62939  -55.523  -2.919  36.092 0.0000000000
66430  -55.246  -0.062  32.055 0.0000000000
68486  -53.422  1.666  30.690 0.0000000000
65350  -50.734  -0.839  29.088 0.0000000000
69497  -51.964  2.667  29.529 0.0000000000
69533  -54.188  2.614  27.398 0.0000000000
39431  -28.490  -24.224  47.899 0.0000000000
39456  -25.820  -23.901  45.977 0.0000000000
40490  -27.785  -23.324  44.807 0.0000000000
41662  -27.679  -21.519  37.541 0.0000000000
41646  -25.806  -21.772  38.230 0.0000000000
41689  -24.318  -23.072  35.000 0.0000000000
42792  -34.193  -20.421  33.965 0.0000000000
42778  -31.989  -21.072  34.906 0.0000000000
43857  -30.626  -20.464  32.001 0.0000000000
55056  -44.615  -10.364  30.316 0.0000000000
57479  -44.930  -8.391  29.732 0.0000000000
56300  -46.653  -9.333  32.143 0.0000000000
58576  -48.288  -7.196  33.483 0.0000000000
60751  -49.597  -5.589  35.771 0.0000000000
44905  -45.085  -18.559  37.687 0.0000000000
44912  -42.694  -18.602  36.210 0.0000000000
47128  -43.627  -16.823  35.670 0.0000000000
49223  -42.057  -15.349  33.829 0.0000000000
50289  -40.538  -13.820  32.081 0.0000000000
51412  -38.622  -12.851  29.273 0.0000000000
51384  -41.267  -12.709  31.030 0.0000000000
52536  -43.615  -11.564  30.657 0.0000000000
72689  -55.023  5.497  30.474 0.0000000000
73775  -56.837  7.084  30.957 0.0000000000
40466  -31.791  -22.368  46.716 0.0000000000
40508  -29.446  -23.103  43.619 0.0000000000
40510  -31.139  -23.546  43.189 0.0000000000
41631  -30.369  -22.559  39.489 0.0000000000
41677  -29.293  -22.092  36.927 0.0000000000
59750  -45.544  -6.495  28.877 0.0000000000
58606  -53.954  -7.624  31.278 0.0000000000
58609  -56.289  -7.232  31.386 0.0000000000
42642  -38.587  -21.569  42.083 0.0000000000
42674  -36.121  -21.111  40.270 0.0000000000
42694  -37.698  -20.971  39.525 0.0000000000
42763  -36.672  -20.392  35.768 0.0000000000
43837  -35.641  -19.518  33.902 0.0000000000
44927  -40.066  -18.882  34.702 0.0000000000
44948  -36.930  -18.703  32.982 0.0000000000
44967  -33.989  -19.125  31.046 0.0000000000
54940  -49.945  -10.069  37.944 0.0000000000
41515  -39.065  -22.089  44.729 0.0000000000
41570  -42.266  -21.083  41.686 0.0000000000
41619  -43.556  -21.015  40.494 0.0000000000
58530  -50.378  -8.266  38.159 0.0000000000
60721  -50.279  -6.303  38.111 0.0000000000
62912  -50.390  -3.538  38.099 0.0000000000
64043  -52.346  -1.992  39.492 0.0000000000
62954  -52.578  -3.144  36.504 0.0000000000
60738  -54.578  -4.207  35.782 0.0000000000
59685  -55.782  -5.625  33.611 0.0000000000
60813  -55.974  -5.939  31.899 0.0000000000
66382  -56.343  -0.302  33.290 0.0000000000
64144  -54.760  -2.633  32.274 0.0000000000
60827  -53.984  -5.149  30.182 0.0000000000
61959  -51.246  -4.194  28.754 0.0000000000
71678  -52.497  4.186  27.774 0.0000000000
38416  -24.617  -25.392  46.034 0.0000000000
39511  -23.058  -24.300  39.269 0.0000000000
41582  -27.079  -22.178  41.568 0.0000000000
40566  -24.446  -22.603  39.251 0.0000000000
42706  -33.365  -21.380  38.256 0.0000000000
42757  -30.837  -21.524  35.889 0.0000000000
40615  -27.285  -21.846  33.093 0.0000000000
40621  -26.067  -23.676  30.513 0.0000000000
52459  -47.216  -12.034  35.250 0.0000000000
53683  -47.401  -11.009  34.792 0.0000000000
53685  -48.198  -11.020  36.081 0.0000000000
51290  -47.950  -13.186  36.823 0.0000000000
50247  -46.172  -13.688  35.485 0.0000000000
51317  -47.154  -12.611  35.606 0.0000000000
51333  -46.453  -12.830  34.326 0.0000000000
57484  -55.550  -8.324  29.857 0.0000000000
57494  -54.880  -8.343  28.656 0.0000000000
57504  -54.354  -8.419  27.964 0.0000000000
58653  -54.023  -7.074  28.510 0.0000000000
41526  -35.760  -22.086  44.366 0.0000000000
41541  -34.925  -22.092  43.523 0.0000000000
41562  -34.937  -21.846  42.499 0.0000000000
56350  -42.523  -8.794  26.682 0.0000000000
56339  -43.239  -8.765  27.472 0.0000000000
61893  -49.171  -4.605  33.968 0.0000000000
61918  -48.927  -4.684  32.406 0.0000000000
61894  -50.234  -4.220  33.568 0.0000000000
61895  -51.351  -4.083  33.166 0.0000000000
61881  -50.965  -3.999  34.059 0.0000000000
42716  -43.330  -20.993  38.863 0.0000000000
42732  -42.199  -20.663  38.079 0.0000000000
43799  -42.764  -20.270  37.260 0.0000000000
49249  -38.505  -15.020  30.671 0.0000000000
48228  -38.095  -15.758  30.867 0.0000000000
49260  -37.152  -15.263  29.512 0.0000000000
48255  -35.327  -15.493  29.203 0.0000000000
55067  -43.267  -10.204  28.615 0.0000000000
55079  -41.373  -9.921  27.661 0.0000000000
55096  -42.473  -9.294  27.537 0.0000000000
69456  -54.416  2.295  31.642 0.0000000000
69481  -53.936  2.483  31.095 0.0000000000
68485  -52.564  1.864  30.159 0.0000000000
70583  -53.366  3.538  30.636 0.0000000000
39445  -29.106  -24.051  47.189 0.0000000000
39457  -28.437  -23.727  46.204 0.0000000000
40476  -28.663  -23.555  45.621 0.0000000000
41691  -26.046  -21.859  35.198 0.0000000000
41674  -26.289  -21.569  36.264 0.0000000000
41703  -24.902  -22.849  34.102 0.0000000000
39539  -24.547  -24.550  33.534 0.0000000000
40606  -24.982  -23.599  33.285 0.0000000000
43848  -32.725  -20.090  32.639 0.0000000000
42802  -32.504  -20.645  33.283 0.0000000000
43847  -31.661  -20.333  32.715 0.0000000000
55045  -45.106  -10.489  30.956 0.0000000000
56311  -44.944  -9.973  30.601 0.0000000000
55033  -46.329  -10.376  31.991 0.0000000000
56267  -48.376  -8.945  34.891 0.0000000000
56283  -47.693  -8.762  33.333 0.0000000000
58560  -48.800  -7.606  34.841 0.0000000000
59681  -49.061  -6.633  34.491 0.0000000000
59682  -49.199  -7.123  35.166 0.0000000000
45983  -45.964  -17.694  37.424 0.0000000000
45989  -44.052  -17.693  36.274 0.0000000000
47119  -44.753  -16.400  36.210 0.0000000000
49226  -44.189  -14.604  34.066 0.0000000000
48208  -43.806  -15.340  34.605 0.0000000000
49237  -42.772  -14.602  33.584 0.0000000000
49235  -40.884  -15.004  32.917 0.0000000000
50281  -41.780  -14.206  32.787 0.0000000000
51370  -40.528  -13.105  31.497 0.0000000000
50291  -42.575  -13.528  32.429 0.0000000000
52519  -45.040  -11.616  32.115 0.0000000000
52517  -43.833  -12.285  31.024 0.0000000000
52537  -44.151  -11.619  30.940 0.0000000000
53747  -44.105  -10.900  30.492 0.0000000000
41508  -32.744  -22.047  45.752 0.0000000000
39471  -31.492  -23.355  44.403 0.0000000000
40511  -31.957  -23.208  43.485 0.0000000000
40562  -32.466  -22.284  40.727 0.0000000000
40560  -30.846  -22.626  40.837 0.0000000000
40575  -31.050  -22.659  39.290 0.0000000000
41664  -29.580  -22.204  37.833 0.0000000000
41665  -30.455  -22.336  37.942 0.0000000000
57480  -45.593  -7.777  30.097 0.0000000000
58634  -45.126  -7.337  29.454 0.0000000000
58618  -46.205  -7.121  30.610 0.0000000000
60823  -48.704  -5.300  30.447 0.0000000000
60836  -47.787  -5.727  29.252 0.0000000000
59753  -48.475  -6.196  28.827 0.0000000000
60797  -53.008  -5.506  32.408 0.0000000000
60811  -52.959  -5.991  31.621 0.0000000000
59712  -54.355  -6.796  31.886 0.0000000000
58607  -54.719  -7.777  31.327 0.0000000000
59713  -55.099  -6.693  32.223 0.0000000000
41589  -39.568  -21.382  41.861 0.0000000000
42676  -38.073  -21.248  40.492 0.0000000000
42695  -38.800  -21.110  39.665 0.0000000000
42748  -39.497  -20.720  36.727 0.0000000000
42747  -38.370  -20.683  36.671 0.0000000000
42764  -37.753  -20.461  35.787 0.0000000000
42782  -35.937  -20.111  34.932 0.0000000000
42795  -36.678  -19.403  34.439 0.0000000000
45997  -41.326  -17.884  35.058 0.0000000000
43832  -41.115  -18.909  35.300 0.0000000000
46014  -40.254  -18.127  34.126 0.0000000000
47152  -36.675  -17.731  31.646 0.0000000000
46022  -37.655  -18.171  32.747 0.0000000000
46029  -35.817  -18.540  31.546 0.0000000000
44956  -35.146  -19.045  31.955 0.0000000000
52531  -39.281  -12.376  29.491 0.0000000000
41594  -43.214  -21.115  40.914 0.0000000000
44890  -46.344  -18.283  38.761 0.0000000000
56227  -49.926  -9.369  37.613 0.0000000000
60704  -50.792  -6.120  39.874 0.0000000000
61812  -50.478  -4.724  39.558 0.0000000000
61818  -50.158  -4.724  38.427 0.0000000000
61803  -50.492  -3.884  39.813 0.0000000000
62902  -53.264  -2.245  38.754 0.0000000000
62914  -52.933  -2.491  38.118 0.0000000000
62935  -53.612  -2.880  37.250 0.0000000000
61857  -54.083  -3.915  36.133 0.0000000000
61837  -54.708  -3.291  37.360 0.0000000000
62972  -55.875  -3.236  34.666 0.0000000000
60757  -55.480  -4.336  34.776 0.0000000000
61897  -55.704  -4.172  33.523 0.0000000000
59716  -56.398  -6.306  32.245 0.0000000000
61910  -55.756  -4.713  32.493 0.0000000000
68456  -56.586  0.521  33.472 0.0000000000
66428  -53.746  -1.128  31.499 0.0000000000
65310  -54.386  -1.755  31.938 0.0000000000
64166  -53.574  -2.556  31.433 0.0000000000
63054  -54.097  -3.871  31.267 0.0000000000
63071  -52.754  -3.877  30.012 0.0000000000
61960  -52.117  -4.994  28.843 0.0000000000
63070  -51.784  -3.464  29.703 0.0000000000
66486  -50.013  -0.157  28.390 0.0000000000
65382  -49.748  -1.822  28.006 0.0000000000
65381  -49.218  -1.285  27.182 0.0000000000
72699  -54.931  5.863  29.343 0.0000000000
71665  -52.948  5.015  28.542 0.0000000000
72722  -54.180  5.478  27.780 0.0000000000
40488  -25.529  -23.589  44.546 0.0000000000
40487  -24.996  -23.906  44.314 0.0000000000
40520  -24.370  -23.749  42.575 0.0000000000
39504  -23.825  -24.009  41.748 0.0000000000
39508  -23.945  -23.575  41.061 0.0000000000
40542  -29.160  -22.916  41.893 0.0000000000
41559  -27.942  -22.229  42.186 0.0000000000
41583  -28.170  -22.112  41.365 0.0000000000
41626  -25.126  -21.840  38.932 0.0000000000
38496  -24.053  -26.332  35.437 0.0000000000
42708  -35.180  -20.966  38.431 0.0000000000
42691  -34.542  -21.261  39.462 0.0000000000
42724  -33.787  -21.239  37.427 0.0000000000
42789  -31.219  -21.166  34.086 0.0000000000
42758  -31.710  -21.285  35.809 0.0000000000
41722  -29.641  -21.902  33.863 0.0000000000
41715  -28.869  -22.119  34.205 0.0000000000
41720  -27.756  -21.904  32.541 0.0000000000
39548  -25.693  -24.193  30.779 0.0000000000
53714  -46.428  -11.220  32.951 0.0000000000
55016  -46.966  -10.275  33.341 0.0000000000
55001  -47.333  -10.092  34.243 0.0000000000
56252  -48.156  -9.468  34.944 0.0000000000
57395  -49.124  -8.715  35.781 0.0000000000
49183  -47.158  -15.420  37.140 0.0000000000
48185  -45.436  -15.603  36.115 0.0000000000
49196  -45.666  -14.759  35.707 0.0000000000
50245  -45.205  -14.131  34.583 0.0000000000
50285  -44.483  -13.719  33.373 0.0000000000
50293  -43.938  -13.646  32.794 0.0000000000
51353  -45.089  -13.309  33.471 0.0000000000
52483  -45.968  -12.212  33.360 0.0000000000
58683  -52.081  -7.370  26.826 0.0000000000
41510  -34.630  -21.996  45.299 0.0000000000
40512  -33.142  -22.535  43.283 0.0000000000
41540  -34.089  -22.004  43.648 0.0000000000
40547  -33.199  -22.416  41.625 0.0000000000
41634  -32.693  -21.875  39.746 0.0000000000
59710  -47.789  -6.342  32.592 0.0000000000
59724  -47.075  -5.884  31.096 0.0000000000
60793  -47.812  -5.576  31.881 0.0000000000
60807  -48.991  -4.923  31.496 0.0000000000
60808  -50.214  -4.795  31.335 0.0000000000
60825  -51.012  -5.429  30.628 0.0000000000
60809  -51.298  -4.933  31.579 0.0000000000
60796  -51.908  -4.658  32.462 0.0000000000
60782  -53.848  -5.439  33.346 0.0000000000
41638  -41.383  -21.407  40.146 0.0000000000
42696  -40.046  -21.203  39.863 0.0000000000
42713  -40.516  -21.102  38.754 0.0000000000
43796  -40.150  -20.904  36.928 0.0000000000
42766  -39.649  -20.331  36.058 0.0000000000
47147  -40.575  -16.422  33.646 0.0000000000
46025  -39.927  -17.925  33.449 0.0000000000
47154  -38.741  -16.981  32.243 0.0000000000
47161  -36.857  -16.892  31.434 0.0000000000
48225  -35.377  -16.936  30.621 0.0000000000
48239  -34.152  -16.548  29.779 0.0000000000
48254  -34.469  -15.805  29.229 0.0000000000
53779  -40.911  -10.336  28.108 0.0000000000
65185  -54.510  -1.965  38.054 0.0000000000
62918  -55.226  -2.628  38.238 0.0000000000
65200  -55.234  -1.655  37.440 0.0000000000
64089  -55.591  -2.201  35.822 0.0000000000
65238  -56.353  -1.500  34.690 0.0000000000
69434  -54.666  1.776  32.353 0.0000000000
67488  -55.706  0.462  32.613 0.0000000000
68469  -54.982  1.065  32.016 0.0000000000
66455  -54.125  0.410  31.401 0.0000000000
66453  -52.152  -0.436  30.587 0.0000000000
65352  -51.831  -1.820  29.933 0.0000000000
67505  -51.894  0.371  30.237 0.0000000000
67517  -50.655  0.896  29.044 0.0000000000
68510  -50.566  1.837  28.352 0.0000000000
73818  -55.734  5.581  27.574 0.0000000000
71680  -54.373  4.635  27.311 0.0000000000
71681  -55.406  4.375  27.729 0.0000000000
39419  -27.989  -24.484  48.664 0.0000000000
38400  -26.638  -24.285  47.308 0.0000000000
39443  -27.098  -23.986  46.884 0.0000000000
40474  -26.966  -23.427  45.491 0.0000000000
40505  -25.928  -23.046  43.609 0.0000000000
41648  -27.990  -21.616  38.623 0.0000000000
41628  -27.213  -21.364  39.614 0.0000000000
41661  -26.574  -21.542  37.356 0.0000000000
41660  -25.484  -21.776  37.185 0.0000000000
40583  -23.769  -23.658  35.669 0.0000000000
38495  -24.008  -25.610  34.980 0.0000000000
38501  -24.275  -25.400  34.237 0.0000000000
42761  -34.623  -20.771  35.671 0.0000000000
42760  -33.652  -21.016  35.667 0.0000000000
42779  -32.976  -20.885  34.831 0.0000000000
42801  -31.464  -20.836  33.306 0.0000000000
42808  -29.395  -20.840  32.471 0.0000000000
55068  -43.983  -10.084  28.934 0.0000000000
56331  -44.452  -9.105  29.118 0.0000000000
56323  -44.793  -9.428  30.114 0.0000000000
56324  -45.312  -8.668  30.370 0.0000000000
57446  -46.827  -8.123  31.841 0.0000000000
56282  -47.131  -9.449  32.921 0.0000000000
57430  -47.212  -8.447  32.651 0.0000000000
58587  -47.330  -7.214  32.411 0.0000000000
59694  -48.231  -6.204  33.214 0.0000000000
60779  -48.748  -5.682  33.871 0.0000000000
61879  -49.562  -4.600  34.853 0.0000000000
43801  -44.542  -19.508  38.076 0.0000000000
43808  -43.169  -19.422  36.729 0.0000000000
44904  -44.214  -18.857  37.232 0.0000000000
45999  -43.131  -17.647  35.924 0.0000000000
47126  -41.980  -17.105  35.139 0.0000000000
47129  -44.228  -16.366  35.767 0.0000000000
48192  -43.289  -15.920  35.017 0.0000000000
47139  -41.633  -16.605  34.655 0.0000000000
48213  -40.264  -16.007  33.094 0.0000000000
49242  -39.539  -14.755  31.920 0.0000000000
49263  -38.727  -14.452  30.509 0.0000000000
50308  -38.451  -14.041  29.688 0.0000000000
50300  -39.003  -13.802  30.715 0.0000000000
51383  -40.465  -12.713  30.954 0.0000000000
52514  -41.162  -12.379  30.522 0.0000000000
51387  -43.913  -12.908  31.393 0.0000000000
51400  -42.869  -12.248  30.782 0.0000000000
52554  -41.847  -11.514  29.463 0.0000000000
53745  -42.902  -11.304  29.708 0.0000000000
53764  -43.419  -10.541  29.062 0.0000000000
72678  -54.634  5.046  31.276 0.0000000000
73774  -56.234  6.275  31.375 0.0000000000
72690  -55.792  5.956  30.736 0.0000000000
73784  -56.096  6.863  30.180 0.0000000000
73794  -56.479  7.324  28.964 0.0000000000
73805  -57.222  7.304  28.045 0.0000000000
40465  -31.023  -22.811  46.525 0.0000000000
40477  -29.707  -23.604  45.695 0.0000000000
40492  -30.381  -23.464  44.493 0.0000000000
40509  -30.496  -23.363  43.433 0.0000000000
40543  -29.942  -22.948  41.837 0.0000000000
40527  -31.417  -23.151  42.497 0.0000000000
40544  -30.745  -22.871  41.748 0.0000000000
41630  -29.363  -22.511  39.833 0.0000000000
41649  -28.936  -22.211  38.711 0.0000000000
41676  -28.398  -21.889  36.735 0.0000000000
41693  -28.183  -22.015  35.750 0.0000000000
57490  -44.518  -7.940  29.058 0.0000000000
59773  -44.652  -6.817  28.126 0.0000000000
59736  -46.536  -5.965  30.069 0.0000000000
57467  -55.304  -8.443  30.470 0.0000000000
58623  -55.634  -7.510  30.623 0.0000000000
41564  -37.356  -21.701  42.614 0.0000000000
41563  -36.169  -21.601  42.225 0.0000000000
42657  -37.446  -21.352  41.214 0.0000000000
42693  -36.661  -20.908  39.433 0.0000000000
42709  -36.203  -20.636  38.473 0.0000000000
42711  -38.339  -20.914  38.606 0.0000000000
42728  -37.831  -20.817  37.583 0.0000000000
42745  -36.236  -20.679  36.598 0.0000000000
42781  -34.922  -20.376  34.829 0.0000000000
42804  -34.347  -20.155  33.213 0.0000000000
43849  -33.718  -20.035  32.522 0.0000000000
43807  -42.122  -19.765  36.631 0.0000000000
43815  -40.243  -19.856  35.787 0.0000000000
43830  -39.421  -19.419  34.916 0.0000000000
44951  -39.293  -18.376  33.814 0.0000000000
44942  -38.251  -18.912  33.869 0.0000000000
43839  -37.411  -19.248  34.112 0.0000000000
43852  -36.389  -19.014  33.081 0.0000000000
43861  -34.884  -19.409  32.259 0.0000000000
51410  -37.739  -13.537  28.099 0.0000000000
52431  -48.615  -12.376  36.986 0.0000000000
53650  -49.037  -10.948  37.211 0.0000000000
38377  -28.967  -24.803  49.606 0.0000000000
41468  -30.665  -22.095  48.349 0.0000000000
41477  -31.506  -21.690  47.718 0.0000000000
42590  -32.753  -21.490  47.086 0.0000000000
41495  -35.469  -22.031  46.155 0.0000000000
41496  -36.368  -22.052  46.064 0.0000000000
41513  -37.480  -22.057  45.154 0.0000000000
41528  -37.700  -22.017  44.298 0.0000000000
41545  -38.885  -22.079  43.376 0.0000000000
41546  -39.808  -22.063  43.245 0.0000000000
41590  -40.471  -21.404  41.744 0.0000000000
41548  -41.256  -21.411  42.789 0.0000000000
41591  -41.258  -21.487  41.502 0.0000000000
41616  -42.392  -21.496  40.564 0.0000000000
41641  -43.218  -21.397  39.968 0.0000000000
42717  -43.805  -20.646  39.233 0.0000000000
42735  -44.516  -19.893  38.721 0.0000000000
43802  -45.337  -18.994  38.354 0.0000000000
44900  -46.265  -18.282  38.237 0.0000000000
50219  -48.056  -13.725  37.261 0.0000000000
54972  -49.262  -10.052  37.167 0.0000000000
57382  -49.664  -8.879  36.870 0.0000000000
58538  -49.893  -8.252  37.106 0.0000000000
58516  -50.515  -7.872  39.436 0.0000000000
59646  -50.304  -7.137  37.819 0.0000000000
59655  -49.830  -7.006  36.537 0.0000000000
60736  -49.814  -5.604  36.597 0.0000000000
61854  -49.930  -4.492  36.261 0.0000000000
62952  -50.626  -3.821  35.863 0.0000000000
62913  -51.632  -2.760  38.457 0.0000000000
62933  -51.531  -3.262  37.282 0.0000000000
62968  -51.415  -3.546  35.368 0.0000000000
62982  -52.599  -3.484  35.048 0.0000000000
60766  -53.599  -4.392  34.417 0.0000000000
60767  -54.583  -5.069  34.212 0.0000000000
61859  -55.210  -3.671  36.260 0.0000000000
60768  -55.218  -5.120  34.174 0.0000000000
59683  -55.110  -6.035  33.819 0.0000000000
59715  -56.249  -6.468  32.299 0.0000000000
58625  -57.023  -6.829  31.271 0.0000000000
59741  -55.262  -6.393  30.195 0.0000000000
66364  -56.393  -0.318  34.561 0.0000000000
65258  -56.453  -1.441  33.893 0.0000000000
66405  -56.087  -0.175  32.773 0.0000000000
65256  -55.542  -1.807  33.013 0.0000000000
62996  -55.627  -3.189  33.128 0.0000000000
61922  -55.274  -4.602  31.875 0.0000000000
60828  -54.756  -5.709  30.367 0.0000000000
59757  -54.063  -6.145  29.311 0.0000000000
60856  -53.080  -5.885  29.060 0.0000000000
60869  -52.147  -5.866  27.969 0.0000000000
60867  -50.647  -5.356  27.328 0.0000000000
64231  -50.512  -2.416  28.443 0.0000000000
61974  -49.982  -4.325  27.754 0.0000000000
60878  -49.407  -5.494  26.301 0.0000000000
71657  -52.972  4.727  29.449 0.0000000000
70591  -51.617  3.236  28.647 0.0000000000
69545  -50.681  2.316  27.198 0.0000000000
70616  -53.612  3.665  27.241 0.0000000000
69547  -52.092  2.658  26.641 0.0000000000
67557  -50.364  0.909  25.994 0.0000000000
39455  -25.174  -24.636  45.905 0.0000000000
40491  -29.062  -23.326  44.660 0.0000000000
40506  -27.112  -22.935  43.683 0.0000000000
40522  -26.522  -22.599  42.466 0.0000000000
41605  -26.444  -21.970  40.584 0.0000000000
40557  -25.384  -22.420  40.086 0.0000000000
40556  -24.546  -23.147  40.531 0.0000000000
40565  -23.740  -23.514  39.860 0.0000000000
41587  -34.984  -21.466  41.282 0.0000000000
41635  -33.590  -21.581  39.829 0.0000000000
41668  -32.681  -21.644  38.332 0.0000000000
42742  -33.270  -21.236  36.564 0.0000000000
42722  -32.069  -21.792  37.220 0.0000000000
41680  -31.561  -22.021  37.427 0.0000000000
42738  -30.221  -22.130  36.447 0.0000000000
41706  -28.020  -22.079  34.714 0.0000000000
40608  -26.679  -21.937  33.407 0.0000000000
43855  -28.539  -20.739  31.733 0.0000000000
42798  -28.255  -21.448  31.877 0.0000000000
41726  -27.316  -21.863  31.370 0.0000000000
40618  -26.355  -22.863  31.816 0.0000000000
40613  -25.699  -23.454  32.245 0.0000000000
40612  -25.129  -24.049  32.570 0.0000000000
52460  -47.528  -12.071  35.941 0.0000000000
53684  -47.887  -11.169  35.627 0.0000000000
53665  -47.981  -11.500  36.171 0.0000000000
51305  -47.286  -13.079  36.161 0.0000000000
57495  -55.184  -8.023  29.248 0.0000000000
58666  -54.426  -7.872  28.370 0.0000000000
58654  -54.631  -7.325  28.880 0.0000000000
41527  -36.732  -22.001  44.325 0.0000000000
41542  -35.910  -21.940  43.400 0.0000000000
56338  -42.813  -9.117  27.440 0.0000000000
62979  -50.749  -3.901  34.549 0.0000000000
42733  -43.180  -20.743  38.058 0.0000000000
48243  -38.087  -15.205  30.301 0.0000000000
48242  -37.539  -15.558  30.197 0.0000000000
55081  -42.923  -9.600  27.992 0.0000000000
71616  -54.337  4.038  31.911 0.0000000000
70568  -54.114  3.281  31.700 0.0000000000
70584  -53.963  3.572  31.098 0.0000000000
39446  -29.729  -23.664  47.395 0.0000000000
39459  -29.568  -23.724  46.636 0.0000000000
41704  -25.758  -22.065  34.194 0.0000000000
41711  -25.298  -22.898  33.546 0.0000000000
53736  -45.193  -11.202  31.490 0.0000000000
55046  -45.751  -10.492  31.467 0.0000000000
53727  -46.415  -10.831  32.347 0.0000000000
57394  -48.654  -8.457  35.237 0.0000000000
57413  -48.473  -8.285  34.475 0.0000000000
59668  -49.471  -7.123  35.777 0.0000000000
45992  -45.948  -17.136  37.105 0.0000000000
45991  -45.592  -17.538  37.146 0.0000000000
47120  -45.427  -16.467  36.500 0.0000000000
50284  -44.056  -14.187  33.399 0.0000000000
49238  -43.544  -14.570  33.692 0.0000000000
50282  -42.646  -14.028  33.083 0.0000000000
50292  -43.344  -13.537  32.597 0.0000000000
40480  -32.506  -22.429  45.072 0.0000000000
40495  -32.763  -22.541  44.304 0.0000000000
41633  -31.995  -22.198  39.606 0.0000000000
40571  -31.364  -22.460  39.485 0.0000000000
40576  -31.209  -22.600  39.107 0.0000000000
41651  -30.861  -22.614  38.832 0.0000000000
41666  -31.262  -22.315  38.041 0.0000000000
58603  -46.423  -7.881  31.192 0.0000000000
60838  -49.615  -5.657  29.719 0.0000000000
60837  -48.595  -5.686  29.492 0.0000000000
60798  -53.962  -5.932  32.387 0.0000000000
59711  -53.668  -6.221  31.759 0.0000000000
41613  -40.054  -21.059  41.226 0.0000000000
42677  -39.201  -21.029  40.867 0.0000000000
42765  -38.831  -20.354  35.832 0.0000000000
42783  -37.086  -19.792  35.008 0.0000000000
43828  -37.799  -19.797  34.720 0.0000000000
45996  -40.684  -18.032  34.714 0.0000000000
46015  -40.782  -17.706  34.578 0.0000000000
47160  -35.960  -17.584  31.067 0.0000000000
47151  -36.212  -18.001  31.439 0.0000000000
46040  -36.005  -18.172  31.308 0.0000000000
46039  -35.274  -18.227  31.309 0.0000000000
47158  -34.170  -17.906  30.587 0.0000000000
52552  -39.874  -11.813  28.987 0.0000000000
64045  -54.115  -2.284  38.875 0.0000000000
64044  -53.338  -2.004  39.131 0.0000000000
62903  -53.982  -2.692  38.843 0.0000000000
62915  -53.828  -2.753  38.208 0.0000000000
62916  -54.513  -3.105  38.221 0.0000000000
61836  -54.207  -3.492  37.123 0.0000000000
61821  -54.744  -3.202  37.841 0.0000000000
62984  -56.040  -3.268  34.115 0.0000000000
61884  -55.707  -3.946  34.300 0.0000000000
61911  -55.822  -4.426  33.044 0.0000000000
63016  -55.731  -3.973  33.382 0.0000000000
68439  -54.363  1.722  33.135 0.0000000000
68441  -55.926  0.721  33.685 0.0000000000
65331  -52.932  -1.574  31.033 0.0000000000
65309  -53.625  -1.749  31.546 0.0000000000
64188  -52.884  -2.705  30.840 0.0000000000
63053  -53.430  -3.731  30.694 0.0000000000
63052  -52.493  -3.206  30.344 0.0000000000
63051  -52.001  -2.972  30.224 0.0000000000
66502  -49.742  0.461  27.574 0.0000000000
66501  -49.529  -0.289  27.483 0.0000000000
66516  -49.328  -0.316  26.363 0.0000000000
72707  -54.190  5.686  28.732 0.0000000000
38399  -26.148  -24.725  47.850 0.0000000000
40504  -24.856  -23.705  43.596 0.0000000000
40539  -24.625  -23.403  41.628 0.0000000000
41584  -28.884  -22.580  41.241 0.0000000000
41560  -28.658  -22.401  41.907 0.0000000000
38484  -23.730  -25.627  35.730 0.0000000000
42725  -34.751  -21.060  37.447 0.0000000000
42800  -30.168  -21.273  33.023 0.0000000000
42788  -30.414  -21.729  34.268 0.0000000000
41721  -28.824  -21.677  33.395 0.0000000000
52484  -46.446  -11.843  33.711 0.0000000000
53698  -46.767  -11.064  33.955 0.0000000000
54988  -48.562  -10.362  36.016 0.0000000000
54987  -48.040  -10.206  35.222 0.0000000000
56253  -48.625  -9.388  35.455 0.0000000000
56254  -49.063  -9.469  36.048 0.0000000000
49182  -46.679  -15.073  36.602 0.0000000000
50217  -46.775  -14.494  36.537 0.0000000000
50246  -45.666  -13.955  35.126 0.0000000000
50265  -45.399  -13.851  34.444 0.0000000000
50264  -44.867  -13.948  34.085 0.0000000000
51331  -45.282  -13.536  33.859 0.0000000000
51332  -45.847  -13.325  34.072 0.0000000000
52468  -46.343  -12.504  33.943 0.0000000000
56335  -55.425  -9.078  29.208 0.0000000000
58665  -53.707  -7.398  28.082 0.0000000000
59812  -52.023  -6.811  27.117 0.0000000000
41524  -33.772  -22.000  44.336 0.0000000000
41561  -33.975  -22.140  42.785 0.0000000000
41586  -33.841  -22.175  41.609 0.0000000000
41610  -33.097  -22.112  40.695 0.0000000000
57511  -43.735  -7.799  26.288 0.0000000000
60794  -48.133  -5.384  32.382 0.0000000000
61906  -49.460  -4.332  32.971 0.0000000000
61920  -50.551  -4.486  31.943 0.0000000000
60781  -52.723  -4.510  33.305 0.0000000000
42698  -41.869  -21.343  39.552 0.0000000000
42697  -41.026  -21.071  39.606 0.0000000000
42714  -41.565  -20.917  38.866 0.0000000000
43798  -41.668  -20.246  37.295 0.0000000000
42731  -41.088  -20.690  37.985 0.0000000000
43797  -40.704  -20.606  37.124 0.0000000000
43805  -40.232  -20.496  36.489 0.0000000000
47155  -39.556  -16.336  32.611 0.0000000000
47146  -39.910  -17.201  33.059 0.0000000000
48227  -37.216  -16.169  30.813 0.0000000000
47162  -37.908  -16.635  31.370 0.0000000000
48226  -36.223  -16.584  30.678 0.0000000000
48240  -35.373  -16.174  29.929 0.0000000000
65172  -54.439  -0.992  38.299 0.0000000000
64072  -54.912  -2.354  37.743 0.0000000000
67390  -54.803  -0.586  37.148 0.0000000000
66309  -55.614  -1.025  36.854 0.0000000000
65220  -55.739  -1.501  36.117 0.0000000000
65228  -55.962  -1.557  35.409 0.0000000000
70547  -54.137  3.458  32.121 0.0000000000
70530  -54.090  3.880  32.573 0.0000000000
69418  -54.266  2.397  32.561 0.0000000000
69458  -55.000  1.128  32.280 0.0000000000
69457  -54.700  1.710  31.929 0.0000000000
68487  -54.025  1.512  31.113 0.0000000000
67508  -54.260  1.005  31.346 0.0000000000
67507  -53.736  0.863  30.992 0.0000000000
66454  -53.388  -0.193  31.185 0.0000000000
67506  -52.771  0.760  30.588 0.0000000000
69479  -52.560  2.582  30.062 0.0000000000
68500  -51.859  1.707  29.758 0.0000000000
68499  -51.258  1.882  29.112 0.0000000000
68498  -50.807  1.663  28.833 0.0000000000
69496  -51.448  2.594  28.904 0.0000000000
73819  -56.197  5.778  27.292 0.0000000000
72724  -55.990  4.999  27.627 0.0000000000
39430  -27.303  -24.334  47.825 0.0000000000
40475  -27.829  -23.498  45.991 0.0000000000
40489  -26.562  -23.223  44.597 0.0000000000
41647  -26.856  -21.472  38.457 0.0000000000
41690  -24.988  -22.276  35.048 0.0000000000
41673  -25.226  -22.029  36.105 0.0000000000
41672  -24.234  -22.627  35.917 0.0000000000
40593  -24.029  -23.896  34.896 0.0000000000
39533  -24.092  -24.691  34.654 0.0000000000
40599  -24.294  -24.028  34.316 0.0000000000
38507  -24.510  -25.495  33.415 0.0000000000
42780  -33.949  -20.720  34.802 0.0000000000
42791  -33.281  -20.871  33.948 0.0000000000
43846  -30.969  -20.740  32.749 0.0000000000
42809  -29.907  -20.859  32.260 0.0000000000
55069  -44.444  -9.936  29.590 0.0000000000
56299  -46.081  -9.725  31.612 0.0000000000
56312  -45.471  -9.490  30.954 0.0000000000
57445  -46.204  -8.806  31.440 0.0000000000
55034  -46.750  -10.295  32.538 0.0000000000
57412  -48.216  -8.109  33.733 0.0000000000
57431  -47.829  -7.794  33.069 0.0000000000
58588  -47.866  -6.944  32.992 0.0000000000
60764  -49.225  -5.441  34.847 0.0000000000
61867  -49.579  -4.864  35.545 0.0000000000
43810  -45.015  -18.934  38.031 0.0000000000
46000  -43.831  -17.268  35.944 0.0000000000
45988  -43.598  -17.745  36.168 0.0000000000
47127  -42.976  -16.780  35.399 0.0000000000
48195  -45.126  -15.253  35.613 0.0000000000
48184  -44.793  -15.734  35.872 0.0000000000
48207  -43.110  -15.518  34.562 0.0000000000
48206  -42.288  -15.829  34.375 0.0000000000
47140  -42.552  -16.281  34.904 0.0000000000
48205  -41.323  -16.119  34.125 0.0000000000
48214  -41.106  -15.583  33.562 0.0000000000
50280  -41.030  -14.262  32.529 0.0000000000
49243  -40.339  -14.655  32.444 0.0000000000
49250  -38.997  -14.530  31.106 0.0000000000
50288  -39.617  -13.655  31.467 0.0000000000
51371  -41.445  -12.989  31.730 0.0000000000
52513  -40.303  -12.318  30.414 0.0000000000
52515  -41.690  -12.398  30.672 0.0000000000
51374  -43.797  -13.121  32.172 0.0000000000
51388  -44.031  -12.725  31.928 0.0000000000
52516  -43.328  -12.140  30.826 0.0000000000
51399  -42.524  -12.199  30.496 0.0000000000
52535  -42.920  -11.792  30.236 0.0000000000
52555  -42.498  -11.574  29.707 0.0000000000
53746  -43.461  -10.859  29.791 0.0000000000
55055  -44.172  -10.406  29.795 0.0000000000
73785  -56.798  7.768  29.932 0.0000000000
73795  -57.187  7.768  29.008 0.0000000000
73804  -56.261  6.746  27.858 0.0000000000
74851  -57.621  8.040  28.539 0.0000000000
40478  -30.801  -23.300  45.643 0.0000000000
40493  -31.326  -23.358  44.854 0.0000000000
39482  -31.275  -23.586  43.711 0.0000000000
39469  -30.885  -23.668  43.866 0.0000000000
39481  -30.977  -23.674  43.542 0.0000000000
40525  -29.720  -23.005  42.674 0.0000000000
40526  -30.608  -23.128  42.577 0.0000000000
40570  -30.907  -22.583  39.854 0.0000000000
40569  -30.176  -22.728  40.275 0.0000000000
40568  -29.614  -22.771  40.612 0.0000000000
57489  -44.124  -8.350  28.521 0.0000000000
58635  -45.803  -6.657  29.748 0.0000000000
58648  -44.761  -6.979  28.775 0.0000000000
59737  -46.868  -5.811  30.556 0.0000000000
59752  -47.687  -6.001  28.554 0.0000000000
60826  -51.827  -5.694  31.072 0.0000000000
59726  -53.325  -6.808  31.233 0.0000000000
57447  -54.136  -8.065  30.988 0.0000000000
58608  -55.355  -7.616  31.122 0.0000000000
41565  -38.279  -21.896  42.662 0.0000000000
42640  -37.038  -21.346  41.891 0.0000000000
42641  -37.823  -21.536  41.985 0.0000000000
42675  -37.066  -21.120  40.365 0.0000000000
42710  -37.254  -20.859  38.517 0.0000000000
42712  -39.453  -21.163  38.677 0.0000000000
42746  -37.283  -20.849  36.599 0.0000000000
42727  -36.767  -20.865  37.522 0.0000000000
42762  -35.585  -20.366  35.769 0.0000000000
42794  -36.083  -19.635  34.410 0.0000000000
42793  -35.214  -20.036  33.906 0.0000000000
42805  -34.874  -19.905  33.214 0.0000000000
43817  -42.411  -19.125  36.303 0.0000000000
43831  -40.502  -19.145  35.242 0.0000000000
46033  -38.701  -17.631  32.774 0.0000000000
46024  -39.253  -17.937  33.263 0.0000000000
46023  -38.329  -18.088  33.010 0.0000000000
44959  -37.160  -18.447  32.723 0.0000000000
44949  -37.656  -18.591  33.334 0.0000000000
43853  -37.025  -18.805  33.453 0.0000000000
44955  -34.551  -19.198  31.686 0.0000000000
43860  -34.004  -19.621  31.771 0.0000000000
43871  -33.642  -19.237  31.382 0.0000000000
51397  -38.436  -13.503  29.346 0.0000000000
50320  -38.134  -14.068  29.106 0.0000000000
51411  -38.209  -13.254  28.656 0.0000000000
38388  -28.487  -24.828  49.241 0.0000000000
41469  -31.221  -21.579  48.319 0.0000000000
41481  -35.363  -22.033  47.019 0.0000000000
41514  -38.408  -22.147  45.091 0.0000000000
41529  -38.593  -22.065  44.202 0.0000000000
41567  -40.106  -21.699  42.522 0.0000000000
41547  -40.587  -21.744  43.054 0.0000000000
41549  -41.753  -21.061  42.284 0.0000000000
41569  -41.583  -21.273  42.021 0.0000000000
41592  -42.003  -21.366  41.282 0.0000000000
41615  -41.663  -21.556  40.719 0.0000000000
41618  -43.341  -21.211  40.476 0.0000000000
41617  -42.915  -21.407  40.459 0.0000000000
41642  -43.447  -21.163  40.195 0.0000000000
41656  -43.303  -21.214  39.490 0.0000000000
42700  -43.837  -20.729  40.120 0.0000000000
42718  -44.394  -20.127  39.410 0.0000000000
42736  -45.009  -19.647  38.952 0.0000000000
43792  -45.464  -19.197  38.971 0.0000000000
44901  -46.650  -17.719  38.237 0.0000000000
44908  -46.762  -17.683  38.039 0.0000000000
51291  -48.398  -13.082  37.094 0.0000000000
53651  -49.500  -10.728  37.533 0.0000000000
53668  -49.239  -10.503  37.298 0.0000000000
57364  -50.208  -8.765  37.838 0.0000000000
56241  -49.631  -9.399  37.145 0.0000000000
57372  -49.891  -8.772  37.346 0.0000000000
58529  -50.239  -8.060  37.621 0.0000000000
59639  -50.379  -6.762  38.579 0.0000000000
59656  -50.100  -7.486  37.173 0.0000000000
59645  -50.076  -6.516  37.350 0.0000000000
60720  -50.052  -5.498  37.918 0.0000000000
61834  -50.040  -4.540  37.375 0.0000000000
62932  -50.589  -3.785  36.864 0.0000000000
64029  -52.643  -1.625  39.930 0.0000000000
62901  -51.104  -2.634  39.474 0.0000000000
64056  -51.755  -2.320  39.252 0.0000000000
62934  -52.565  -2.907  37.413 0.0000000000
62953  -51.505  -3.447  36.252 0.0000000000
62969  -52.465  -3.362  35.567 0.0000000000
61869  -53.056  -3.236  36.003 0.0000000000
60737  -54.314  -4.132  35.750 0.0000000000
61871  -53.970  -4.012  35.645 0.0000000000
60754  -54.177  -4.286  35.305 0.0000000000
62938  -55.222  -3.028  36.879 0.0000000000
62957  -55.112  -3.351  36.690 0.0000000000
61838  -55.345  -3.384  36.246 0.0000000000
60769  -55.371  -5.145  33.997 0.0000000000
60756  -55.222  -4.570  34.859 0.0000000000
59684  -55.658  -5.725  33.683 0.0000000000
59698  -55.848  -6.097  33.083 0.0000000000
59699  -56.128  -5.857  33.139 0.0000000000
60814  -56.328  -6.074  32.073 0.0000000000
59729  -56.804  -6.528  31.715 0.0000000000
59728  -56.414  -6.472  31.650 0.0000000000
59742  -55.775  -6.807  30.591 0.0000000000
60830  -55.747  -6.165  31.239 0.0000000000
67462  -56.646  0.510  34.285 0.0000000000
68429  -56.483  0.595  34.662 0.0000000000
66384  -56.471  -0.086  34.200 0.0000000000
65239  -56.616  -0.952  34.436 0.0000000000
67487  -55.358  0.519  32.204 0.0000000000
66431  -55.800  0.158  32.485 0.0000000000
65281  -54.801  -2.028  32.286 0.0000000000
65282  -55.219  -1.681  32.654 0.0000000000
64145  -55.248  -2.876  32.715 0.0000000000
64123  -55.529  -2.249  33.107 0.0000000000
63014  -55.456  -3.939  32.556 0.0000000000
63036  -55.074  -3.995  32.212 0.0000000000
61932  -53.750  -4.509  30.470 0.0000000000
61933  -54.409  -4.593  31.085 0.0000000000
60842  -54.254  -5.824  29.714 0.0000000000
60841  -53.572  -5.626  29.453 0.0000000000
60854  -51.813  -5.266  28.218 0.0000000000
60868  -51.584  -5.824  27.527 0.0000000000
61975  -51.116  -4.931  27.833 0.0000000000
65351  -51.366  -1.358  29.530 0.0000000000
64232  -51.089  -2.392  28.880 0.0000000000
65368  -51.007  -1.768  28.880 0.0000000000
63121  -48.822  -3.155  26.878 0.0000000000
63105  -49.396  -3.416  27.566 0.0000000000
61973  -49.189  -3.838  27.247 0.0000000000
61990  -49.818  -5.129  26.967 0.0000000000
72687  -53.681  4.907  30.336 0.0000000000
72697  -53.576  5.114  29.984 0.0000000000
71664  -52.554  4.450  28.303 0.0000000000
71656  -52.647  4.578  28.855 0.0000000000
70603  -51.984  3.924  28.113 0.0000000000
70602  -51.445  3.352  27.795 0.0000000000
70614  -51.561  3.093  27.140 0.0000000000
70617  -54.778  3.568  27.489 0.0000000000
68546  -52.234  1.635  26.320 0.0000000000
68559  -51.046  1.354  25.869 0.0000000000
39442  -26.399  -23.994  46.505 0.0000000000
39441  -25.720  -24.437  46.474 0.0000000000
39480  -24.653  -24.178  44.211 0.0000000000
39494  -23.666  -24.527  42.711 0.0000000000
39507  -23.219  -24.136  40.696 0.0000000000
41558  -27.280  -22.384  42.276 0.0000000000
40523  -27.623  -22.702  42.827 0.0000000000
40541  -26.391  -22.393  41.685 0.0000000000
41627  -25.986  -21.832  39.347 0.0000000000
40567  -25.195  -22.132  39.446 0.0000000000
40540  -25.692  -22.673  41.351 0.0000000000
40573  -23.509  -23.500  38.726 0.0000000000
37423  -24.206  -25.927  34.587 0.0000000000
37424  -24.387  -26.633  34.797 0.0000000000
42656  -36.463  -21.307  41.188 0.0000000000
41588  -35.815  -21.405  41.408 0.0000000000
42655  -35.709  -21.277  40.897 0.0000000000
42707  -34.230  -21.197  38.331 0.0000000000
42690  -33.733  -21.338  38.988 0.0000000000
41654  -32.987  -21.501  39.037 0.0000000000
42759  -32.665  -21.068  35.734 0.0000000000
42740  -31.409  -21.656  36.690 0.0000000000
42739  -30.600  -21.892  36.549 0.0000000000
42756  -30.275  -21.999  35.994 0.0000000000
41707  -28.961  -22.175  35.131 0.0000000000
41714  -27.846  -22.069  33.640 0.0000000000
41713  -27.272  -21.911  33.688 0.0000000000
40609  -27.357  -21.864  33.459 0.0000000000
42807  -27.991  -21.161  31.054 0.0000000000
41730  -27.345  -21.544  30.579 0.0000000000
41728  -26.418  -23.080  30.403 0.0000000000
41725  -26.569  -22.722  31.146 0.0000000000
41719  -26.794  -22.193  31.869 0.0000000000
41724  -26.308  -23.264  30.841 0.0000000000
39547  -25.346  -24.786  31.045 0.0000000000
39544  -25.580  -24.100  31.462 0.0000000000
39543  -25.174  -24.584  31.979 0.0000000000
50234  -46.904  -13.692  36.322 0.0000000000
51304  -46.722  -13.442  35.958 0.0000000000
51316  -46.583  -13.185  35.139 0.0000000000
56328  -55.572  -9.242  29.981 0.0000000000
61892  -48.689  -5.059  33.552 0.0000000000
61905  -48.720  -4.826  33.098 0.0000000000
61907  -50.486  -4.248  32.652 0.0000000000
61882  -52.053  -3.768  33.893 0.0000000000
42715  -42.592  -21.233  38.976 0.0000000000
48229  -38.766  -15.372  31.354 0.0000000000
47163  -38.464  -16.139  31.594 0.0000000000
49259  -36.186  -15.419  29.373 0.0000000000
49277  -35.791  -15.025  28.684 0.0000000000
55066  -42.588  -10.255  28.506 0.0000000000
53780  -41.509  -10.135  28.172 0.0000000000
55080  -42.075  -9.846  28.031 0.0000000000
55095  -41.837  -9.430  27.278 0.0000000000
70569  -54.414  2.473  31.941 0.0000000000
69480  -53.080  2.559  30.488 0.0000000000
70582  -52.630  3.247  30.032 0.0000000000
39432  -29.284  -24.130  48.097 0.0000000000
39444  -28.132  -23.897  46.867 0.0000000000
39458  -28.984  -23.945  46.330 0.0000000000
41675  -27.392  -21.728  36.502 0.0000000000
41702  -24.412  -23.463  34.466 0.0000000000
40600  -24.632  -23.591  34.014 0.0000000000
39540  -24.801  -24.620  32.840 0.0000000000
42803  -33.497  -20.510  33.186 0.0000000000
56266  -48.103  -9.184  34.144 0.0000000000
58577  -48.739  -7.443  34.037 0.0000000000
59667  -49.347  -6.377  35.334 0.0000000000
44916  -45.407  -18.153  37.468 0.0000000000
44915  -44.901  -18.093  37.180 0.0000000000
45990  -44.780  -17.376  36.556 0.0000000000
46001  -44.302  -17.048  36.129 0.0000000000
48209  -44.352  -15.090  34.698 0.0000000000
49225  -43.636  -14.926  34.115 0.0000000000
49224  -42.914  -15.048  34.109 0.0000000000
49236  -41.886  -14.828  33.273 0.0000000000
50290  -41.644  -13.587  32.307 0.0000000000
51372  -42.480  -13.014  31.776 0.0000000000
52501  -44.701  -12.116  32.344 0.0000000000
52518  -44.382  -12.046  31.622 0.0000000000
53735  -44.625  -11.113  30.967 0.0000000000
41492  -32.519  -21.859  46.465 0.0000000000
40479  -31.853  -22.710  45.694 0.0000000000
40494  -31.927  -23.048  44.541 0.0000000000
40546  -32.622  -22.475  41.382 0.0000000000
40545  -31.622  -22.681  41.591 0.0000000000
40561  -31.757  -22.370  40.475 0.0000000000
41650  -29.959  -22.301  38.795 0.0000000000
41678  -30.136  -22.293  36.994 0.0000000000
59725  -52.537  -6.165  31.108 0.0000000000
59727  -53.818  -6.909  31.588 0.0000000000
58589  -54.519  -7.416  31.563 0.0000000000
58590  -54.969  -7.338  31.725 0.0000000000
58591  -55.732  -7.037  31.648 0.0000000000
42643  -39.054  -21.523  42.080 0.0000000000
42658  -38.323  -21.405  41.377 0.0000000000
42659  -38.924  -21.336  41.678 0.0000000000
42729  -38.955  -20.814  37.651 0.0000000000
44930  -42.444  -18.245  35.846 0.0000000000
44911  -42.134  -18.778  35.883 0.0000000000
44929  -41.657  -18.535  35.426 0.0000000000
44928  -40.685  -18.516  34.924 0.0000000000
44945  -40.144  -18.598  34.438 0.0000000000
47153  -37.585  -17.351  31.907 0.0000000000
46031  -37.173  -18.132  32.182 0.0000000000
46030  -36.339  -18.381  31.726 0.0000000000
44958  -36.616  -18.770  32.339 0.0000000000
43863  -36.186  -19.069  32.346 0.0000000000
44957  -35.978  -19.042  31.812 0.0000000000
44968  -34.749  -18.739  31.459 0.0000000000
42616  -39.403  -21.735  44.642 0.0000000000
41593  -42.676  -21.256  41.069 0.0000000000
41571  -42.875  -21.015  41.320 0.0000000000
43784  -45.853  -18.733  39.084 0.0000000000
54922  -50.193  -10.270  38.498 0.0000000000
56198  -50.522  -9.514  38.839 0.0000000000
56214  -50.504  -9.007  38.725 0.0000000000
57365  -50.425  -8.683  38.429 0.0000000000
60703  -50.675  -5.299  39.994 0.0000000000
60711  -50.487  -5.594  38.915 0.0000000000
60710  -50.222  -5.265  38.448 0.0000000000
61819  -50.369  -4.779  39.006 0.0000000000
61811  -50.235  -4.106  39.077 0.0000000000
64030  -53.338  -1.711  39.338 0.0000000000
64057  -52.416  -2.333  38.847 0.0000000000
62955  -53.084  -2.837  36.812 0.0000000000
61856  -53.431  -3.269  36.394 0.0000000000
61835  -53.814  -3.550  36.795 0.0000000000
62958  -55.685  -3.028  35.335 0.0000000000
61860  -55.502  -3.585  35.680 0.0000000000
61872  -55.693  -3.675  34.946 0.0000000000
60770  -55.498  -4.917  33.993 0.0000000000
60784  -56.065  -5.103  33.444 0.0000000000
59700  -56.228  -5.700  32.804 0.0000000000
60785  -56.091  -4.968  33.068 0.0000000000
60800  -56.092  -5.431  32.582 0.0000000000
60799  -55.972  -5.529  32.256 0.0000000000
68427  -56.152  0.909  34.058 0.0000000000
68442  -56.887  1.114  33.905 0.0000000000
67460  -56.478  0.256  33.309 0.0000000000
66429  -54.365  -0.392  31.781 0.0000000000
65311  -54.950  -0.849  32.218 0.0000000000
64167  -54.243  -2.827  31.826 0.0000000000
63035  -54.619  -3.766  31.804 0.0000000000
63034  -53.987  -3.357  31.412 0.0000000000
61944  -53.264  -4.507  29.878 0.0000000000
60840  -52.804  -5.207  29.207 0.0000000000
61943  -52.243  -4.332  29.398 0.0000000000
61942  -51.716  -4.041  29.340 0.0000000000
65367  -50.203  -1.339  28.560 0.0000000000
65366  -49.649  -0.889  27.989 0.0000000000
64262  -48.744  -2.086  26.751 0.0000000000
72698  -54.176  5.554  29.755 0.0000000000
72721  -53.533  5.385  28.262 0.0000000000
71679  -53.139  4.740  27.555 0.0000000000
68529  -53.772  1.732  27.339 0.0000000000
38407  -25.155  -25.351  46.919 0.0000000000
40473  -26.116  -23.537  45.335 0.0000000000
39468  -25.523  -23.965  45.332 0.0000000000
40503  -24.237  -24.085  43.153 0.0000000000
40555  -23.829  -23.553  40.547 0.0000000000
40524  -28.670  -22.833  42.683 0.0000000000
41659  -24.483  -22.372  37.022 0.0000000000
40574  -23.933  -22.842  37.968 0.0000000000
39517  -23.186  -24.543  37.048 0.0000000000
38485  -23.917  -26.596  35.908 0.0000000000
37417  -24.436  -27.149  35.622 0.0000000000
42692  -35.653  -20.994  39.397 0.0000000000
42673  -35.257  -21.253  40.279 0.0000000000
42777  -31.102  -21.462  35.011 0.0000000000
42776  -30.421  -21.991  35.209 0.0000000000
41716  -29.720  -22.150  34.661 0.0000000000
39552  -25.788  -24.408  29.980 0.0000000000
54986  -47.641  -10.273  34.780 0.0000000000
55002  -47.831  -9.804  34.698 0.0000000000
48174  -46.655  -16.022  36.978 0.0000000000
48186  -46.146  -15.895  36.484 0.0000000000
49197  -46.080  -15.113  36.191 0.0000000000
49208  -45.171  -14.805  35.280 0.0000000000
50233  -46.297  -14.091  36.105 0.0000000000
50232  -45.818  -14.236  35.688 0.0000000000
49207  -44.904  -14.592  34.757 0.0000000000
49227  -44.555  -14.588  34.386 0.0000000000
50263  -44.373  -14.146  33.698 0.0000000000
50294  -44.200  -13.659  33.033 0.0000000000
51376  -45.070  -12.773  33.083 0.0000000000
51354  -45.484  -12.784  33.320 0.0000000000
52502  -45.310  -12.129  32.761 0.0000000000
53713  -45.944  -11.722  32.744 0.0000000000
56344  -54.122  -9.361  27.723 0.0000000000
40529  -33.205  -22.545  42.158 0.0000000000
41609  -32.390  -22.140  40.264 0.0000000000
59709  -47.524  -6.081  31.885 0.0000000000
60806  -47.876  -5.381  31.348 0.0000000000
60824  -49.814  -5.201  30.568 0.0000000000
60839  -50.445  -5.665  30.016 0.0000000000
60795  -51.103  -4.411  32.196 0.0000000000
41614  -40.729  -21.389  40.744 0.0000000000
41637  -40.787  -21.240  40.128 0.0000000000
43814  -39.401  -20.049  35.519 0.0000000000
47138  -40.629  -17.146  34.135 0.0000000000
47137  -40.136  -17.658  33.646 0.0000000000
47145  -39.140  -17.417  32.880 0.0000000000
47176  -34.671  -16.916  30.310 0.0000000000
48253  -33.298  -16.130  29.159 0.0000000000
53761  -40.397  -10.979  28.609 0.0000000000
53778  -39.939  -10.681  27.681 0.0000000000
53797  -39.716  -10.354  27.104 0.0000000000
55078  -40.732  -10.127  27.453 0.0000000000
55093  -40.260  -10.040  26.839 0.0000000000
64046  -55.081  -2.734  38.816 0.0000000000
62917  -55.089  -3.179  37.978 0.0000000000
64047  -55.615  -2.746  38.725 0.0000000000
64073  -55.167  -2.393  37.433 0.0000000000
64074  -55.412  -2.350  36.626 0.0000000000
66308  -56.161  -0.972  37.308 0.0000000000
65202  -55.654  -1.676  36.605 0.0000000000
64098  -56.083  -2.684  34.695 0.0000000000
64107  -56.244  -2.442  34.318 0.0000000000
68454  -55.106  1.196  32.704 0.0000000000
68455  -55.571  0.748  32.877 0.0000000000
69435  -55.098  1.130  32.468 0.0000000000
68470  -55.306  0.739  32.376 0.0000000000
67486  -54.730  0.624  31.796 0.0000000000
68468  -54.493  1.544  31.555 0.0000000000
65330  -52.190  -1.457  30.378 0.0000000000
64211  -51.814  -2.299  29.962 0.0000000000
66474  -51.830  -1.064  29.980 0.0000000000
66473  -51.436  -0.197  29.678 0.0000000000
67519  -52.103  1.142  30.127 0.0000000000
67518  -51.529  0.962  29.671 0.0000000000
66472  -50.705  -0.083  29.065 0.0000000000
67527  -50.036  1.054  28.065 0.0000000000
73803  -55.544  6.122  27.790 0.0000000000
72723  -55.189  5.277  27.810 0.0000000000
39429  -26.716  -24.742  48.345 0.0000000000
38409  -26.566  -24.161  46.924 0.0000000000
40461  -26.438  -23.559  45.963 0.0000000000
40462  -27.049  -23.641  46.241 0.0000000000
41629  -28.316  -21.944  39.657 0.0000000000
41606  -27.681  -21.702  40.623 0.0000000000
39523  -23.755  -24.668  35.345 0.0000000000
39536  -24.336  -24.612  34.074 0.0000000000
38502  -24.393  -25.862  33.952 0.0000000000
42744  -35.232  -20.882  36.550 0.0000000000
42743  -34.249  -21.102  36.534 0.0000000000
42790  -32.262  -20.943  34.027 0.0000000000
56330  -43.885  -9.045  28.313 0.0000000000
57462  -45.930  -8.322  30.733 0.0000000000
59695  -48.724  -6.648  33.742 0.0000000000
61868  -50.016  -4.220  35.349 0.0000000000
43800  -43.806  -19.839  37.471 0.0000000000
44897  -44.331  -19.330  37.663 0.0000000000
43809  -43.728  -19.340  37.047 0.0000000000
43818  -42.949  -18.915  36.425 0.0000000000
44914  -44.311  -18.111  36.701 0.0000000000
44913  -43.471  -18.421  36.458 0.0000000000
44931  -42.898  -18.176  36.182 0.0000000000
45998  -42.266  -17.739  35.466 0.0000000000
47113  -45.124  -16.069  36.293 0.0000000000
48193  -43.829  -15.870  35.316 0.0000000000
48219  -39.937  -15.462  32.501 0.0000000000
49262  -38.397  -14.654  30.052 0.0000000000
49280  -38.131  -14.519  29.526 0.0000000000
50309  -38.710  -14.076  30.167 0.0000000000
51398  -38.826  -13.199  30.024 0.0000000000
51369  -39.988  -13.045  31.259 0.0000000000
51382  -39.537  -12.892  30.843 0.0000000000
52512  -39.529  -12.440  30.171 0.0000000000
52532  -40.135  -12.010  29.732 0.0000000000
52533  -41.075  -11.970  29.927 0.0000000000
51373  -43.294  -13.156  31.836 0.0000000000
51386  -43.231  -12.738  31.121 0.0000000000
51385  -42.229  -12.485  30.990 0.0000000000
52534  -42.038  -12.202  30.124 0.0000000000
53763  -42.747  -10.912  29.154 0.0000000000
72677  -54.323  4.798  31.139 0.0000000000
72679  -55.557  5.324  31.731 0.0000000000
73783  -55.484  6.178  29.928 0.0000000000
73793  -55.519  6.629  28.873 0.0000000000
74834  -57.272  8.221  30.564 0.0000000000
73820  -56.938  6.157  27.132 0.0000000000
40558  -29.432  -22.872  41.193 0.0000000000
40559  -30.091  -22.907  41.056 0.0000000000
41608  -29.149  -22.689  40.679 0.0000000000
41663  -28.651  -21.937  37.717 0.0000000000
41692  -27.155  -21.942  35.446 0.0000000000
40602  -26.347  -21.938  33.845 0.0000000000
43868  -30.839  -19.456  31.357 0.0000000000
58647  -44.314  -7.494  28.307 0.0000000000
58659  -44.413  -7.025  27.551 0.0000000000
59794  -44.987  -6.618  27.625 0.0000000000
58619  -46.636  -6.325  30.782 0.0000000000
60821  -47.130  -5.641  29.479 0.0000000000
59751  -46.595  -5.888  28.858 0.0000000000
57449  -54.954  -8.155  30.904 0.0000000000
43859  -33.073  -19.400  32.074 0.0000000000
43816  -41.422  -19.273  35.857 0.0000000000
42785  -38.878  -20.112  35.106 0.0000000000
46013  -39.734  -18.260  33.706 0.0000000000
44944  -39.708  -18.813  34.144 0.0000000000
44950  -38.608  -18.422  33.586 0.0000000000
44943  -38.924  -18.738  34.133 0.0000000000
43840  -38.603  -19.249  34.338 0.0000000000
43829  -38.400  -19.755  34.691 0.0000000000
43838  -36.146  -19.024  33.998 0.0000000000
43851  -35.393  -19.492  33.170 0.0000000000
43862  -35.673  -19.173  32.404 0.0000000000
43850  -34.560  -19.856  32.641 0.0000000000
43870  -33.406  -19.269  31.579 0.0000000000
44953  -32.619  -19.110  31.599 0.0000000000
53760  -39.486  -11.517  28.344 0.0000000000
52449  -48.483  -11.844  36.775 0.0000000000
52432  -49.113  -12.084  37.353 0.0000000000
52433  -49.316  -11.437  37.450 0.0000000000
53634  -49.778  -11.036  38.085 0.0000000000
38387  -27.591  -25.135  49.180 0.0000000000
39420  -28.842  -24.497  48.683 0.0000000000
39421  -29.373  -24.372  49.022 0.0000000000
39433  -29.741  -23.680  48.357 0.0000000000
40443  -30.086  -23.102  48.729 0.0000000000
40450  -30.289  -22.817  47.530 0.0000000000
40451  -31.206  -22.376  47.185 0.0000000000
40452  -31.660  -22.086  47.158 0.0000000000
41478  -32.124  -21.793  47.125 0.0000000000
42591  -33.095  -21.491  46.818 0.0000000000
41493  -33.583  -21.698  46.514 0.0000000000
41479  -34.043  -21.617  47.189 0.0000000000
41494  -34.537  -21.914  46.255 0.0000000000
41511  -35.609  -22.047  45.267 0.0000000000
41512  -36.557  -22.014  45.225 0.0000000000
41544  -37.952  -22.026  43.433 0.0000000000
41530  -39.459  -21.963  44.052 0.0000000000
41566  -39.184  -21.853  42.547 0.0000000000
41568  -40.899  -21.503  42.345 0.0000000000
41639  -42.088  -21.594  40.039 0.0000000000
41640  -42.791  -21.484  39.782 0.0000000000
41655  -43.051  -21.310  39.262 0.0000000000
43781  -44.049  -20.555  40.385 0.0000000000
43811  -45.336  -18.674  37.959 0.0000000000
43793  -45.829  -18.692  38.596 0.0000000000
44899  -45.861  -18.563  38.075 0.0000000000
44906  -45.864  -18.273  37.749 0.0000000000
45984  -46.441  -17.459  37.677 0.0000000000
47100  -47.432  -16.672  37.924 0.0000000000
47116  -47.022  -16.755  37.698 0.0000000000
48175  -46.970  -16.160  37.327 0.0000000000
52430  -48.338  -12.746  36.886 0.0000000000
54955  -48.554  -11.031  36.669 0.0000000000
54971  -48.865  -10.278  36.720 0.0000000000
54957  -49.633  -9.891  37.474 0.0000000000
56240  -49.302  -9.532  36.628 0.0000000000
57381  -49.436  -8.865  36.351 0.0000000000
58544  -49.427  -7.991  36.255 0.0000000000
58523  -50.466  -8.078  38.744 0.0000000000
59633  -50.584  -7.056  39.773 0.0000000000
59640  -50.424  -7.345  39.051 0.0000000000
59647  -50.384  -7.627  38.317 0.0000000000
58537  -49.799  -7.852  36.782 0.0000000000
60752  -49.675  -6.345  35.967 0.0000000000
60735  -49.715  -5.437  36.135 0.0000000000
61853  -49.669  -5.172  36.076 0.0000000000
62891  -50.613  -3.444  39.863 0.0000000000
62900  -50.612  -3.256  39.321 0.0000000000
62967  -50.644  -3.775  35.035 0.0000000000
62980  -51.295  -3.676  34.608 0.0000000000
62981  -52.117  -3.518  34.842 0.0000000000
61883  -52.896  -3.636  34.620 0.0000000000
61870  -53.514  -3.742  35.414 0.0000000000
60765  -52.967  -3.913  33.912 0.0000000000
60783  -54.759  -5.699  33.375 0.0000000000
62937  -54.947  -3.261  36.974 0.0000000000
61858  -54.744  -3.770  36.544 0.0000000000
60739  -55.107  -4.276  35.748 0.0000000000
60740  -55.363  -4.154  35.495 0.0000000000
60755  -54.887  -4.584  35.032 0.0000000000
59697  -55.256  -6.118  32.891 0.0000000000
59714  -55.843  -6.418  32.186 0.0000000000
58592  -56.607  -7.270  31.932 0.0000000000
57451  -57.118  -7.457  31.749 0.0000000000
58624  -56.452  -7.091  30.981 0.0000000000
59759  -55.409  -6.757  29.873 0.0000000000
66363  -56.496  -0.869  34.726 0.0000000000
64125  -56.051  -2.777  33.791 0.0000000000
67473  -56.337  0.396  33.088 0.0000000000
66404  -55.536  -0.524  32.520 0.0000000000
65283  -55.826  -0.802  32.891 0.0000000000
65257  -55.815  -1.502  33.237 0.0000000000
64124  -55.855  -2.438  33.540 0.0000000000
62997  -55.800  -3.407  33.502 0.0000000000
63015  -55.727  -3.933  33.002 0.0000000000
61909  -55.498  -4.440  32.343 0.0000000000
61923  -55.768  -5.267  32.013 0.0000000000
61921  -54.767  -4.352  31.633 0.0000000000
61934  -55.159  -5.280  31.113 0.0000000000
60829  -55.461  -6.014  30.830 0.0000000000
59758  -54.724  -6.578  29.442 0.0000000000
59781  -54.377  -6.795  28.951 0.0000000000
59780  -53.635  -6.543  28.688 0.0000000000
59779  -52.905  -6.358  28.326 0.0000000000
60855  -52.601  -5.863  28.526 0.0000000000
59799  -52.523  -6.592  27.717 0.0000000000
59798  -51.858  -6.288  27.345 0.0000000000
59811  -51.401  -6.518  26.877 0.0000000000
64210  -51.422  -2.365  29.515 0.0000000000
63091  -51.096  -3.030  28.990 0.0000000000
63090  -50.650  -3.327  28.544 0.0000000000
64246  -49.896  -2.482  28.025 0.0000000000
63106  -50.032  -3.178  28.027 0.0000000000
60879  -50.387  -5.967  26.699 0.0000000000
71649  -53.837  4.201  30.833 0.0000000000
70593  -52.839  4.058  29.998 0.0000000000
70592  -52.301  3.937  29.153 0.0000000000
69513  -51.002  2.526  28.354 0.0000000000
69529  -50.647  2.298  27.848 0.0000000000
67543  -50.011  1.135  27.056 0.0000000000
70615  -52.342  3.487  27.266 0.0000000000
69532  -52.985  2.593  27.090 0.0000000000
69531  -52.481  2.958  26.961 0.0000000000
70629  -51.897  3.099  26.914 0.0000000000
69546  -51.201  2.590  26.757 0.0000000000
68544  -50.572  1.808  26.590 0.0000000000
67556  -49.761  0.311  26.141 0.0000000000
38417  -25.007  -25.139  46.272 0.0000000000
39467  -24.916  -24.185  44.914 0.0000000000
38460  -22.473  -25.188  41.099 0.0000000000
39503  -23.179  -24.717  41.774 0.0000000000
40507  -28.277  -23.082  43.698 0.0000000000
41581  -26.370  -22.241  41.316 0.0000000000
39514  -22.912  -24.364  38.042 0.0000000000
41636  -34.180  -21.506  40.072 0.0000000000
41653  -32.313  -21.946  38.924 0.0000000000
42741  -32.339  -21.437  36.577 0.0000000000
42723  -32.821  -21.576  37.470 0.0000000000
41667  -32.086  -22.053  38.011 0.0000000000
41679  -30.902  -22.108  37.249 0.0000000000
41695  -29.806  -22.224  36.314 0.0000000000
41708  -29.747  -22.236  35.545 0.0000000000
41694  -29.085  -22.103  36.050 0.0000000000
41705  -26.933  -21.920  34.253 0.0000000000
43867  -29.822  -19.732  31.254 0.0000000000
43856  -29.323  -20.209  32.034 0.0000000000
43845  -28.807  -20.648  32.337 0.0000000000
43844  -28.559  -21.007  32.168 0.0000000000
41729  -26.726  -22.187  30.394 0.0000000000
40614  -26.544  -22.277  32.529 0.0000000000
40617  -26.066  -23.491  31.266 0.0000000000
40607  -25.765  -22.629  33.133 0.0000000000
38389  -28.999  -24.663  49.155 0.0000000000
38408  -26.120  -24.484  46.992 0.0000000000
38506  -24.381  -25.006  33.815 0.0000000000
39470  -31.175  -23.562  44.220 0.0000000000
39483  -31.560  -23.402  44.052 0.0000000000
39551  -25.509  -24.786  30.417 0.0000000000
40463  -27.543  -23.726  46.505 0.0000000000
40601  -25.987  -22.152  33.592 0.0000000000
40605  -24.532  -24.056  33.839 0.0000000000
41585  -33.173  -22.323  41.336 0.0000000000
41595  -43.524  -21.003  40.732 0.0000000000
41612  -34.586  -21.437  40.350 0.0000000000
41632  -30.837  -22.640  39.345 0.0000000000
41657  -43.508  -21.090  39.817 0.0000000000
42660  -43.114  -20.995  41.206 0.0000000000
42679  -43.862  -20.768  40.699 0.0000000000
42701  -44.305  -20.178  40.093 0.0000000000
43770  -43.924  -20.709  40.522 0.0000000000
43803  -45.808  -18.636  38.305 0.0000000000
43841  -39.182  -19.025  34.420 0.0000000000
44898  -44.653  -19.021  37.799 0.0000000000
44903  -43.658  -19.046  36.848 0.0000000000
44907  -46.483  -17.846  37.947 0.0000000000
44966  -33.107  -19.043  31.153 0.0000000000
44969  -35.413  -18.705  31.628 0.0000000000
47114  -45.342  -15.948  36.297 0.0000000000
47121  -46.135  -16.701  36.936 0.0000000000
48172  -44.995  -15.842  36.162 0.0000000000
48173  -45.229  -15.768  36.180 0.0000000000
49239  -43.909  -14.603  33.755 0.0000000000
49261  -37.853  -14.996  29.768 0.0000000000
50220  -48.377  -13.419  37.428 0.0000000000
51292  -48.629  -12.947  37.423 0.0000000000
53649  -48.727  -11.485  36.916 0.0000000000
53666  -48.366  -11.235  36.481 0.0000000000
53667  -48.989  -10.430  37.077 0.0000000000
54956  -48.704  -10.840  36.827 0.0000000000
54970  -48.572  -10.717  36.469 0.0000000000
56213  -50.281  -9.385  38.220 0.0000000000
57432  -56.829  -7.755  31.970 0.0000000000
57433  -56.937  -7.615  32.029 0.0000000000
57450  -56.834  -7.673  31.755 0.0000000000
57468  -56.840  -7.484  31.400 0.0000000000
57469  -57.081  -7.209  31.321 0.0000000000
58545  -49.636  -8.400  36.705 0.0000000000
58593  -56.776  -7.084  32.040 0.0000000000
58610  -57.183  -7.033  31.786 0.0000000000
58639  -54.989  -7.061  29.241 0.0000000000
58655  -55.098  -7.578  29.241 0.0000000000
59743  -56.481  -6.753  31.199 0.0000000000
59744  -56.793  -6.633  31.398 0.0000000000
59800  -53.295  -6.843  28.151 0.0000000000
60712  -50.532  -6.573  39.269 0.0000000000
60753  -53.794  -4.159  35.032 0.0000000000
60780  -52.015  -4.319  33.024 0.0000000000
60812  -55.603  -5.572  31.533 0.0000000000
60880  -50.998  -5.933  27.131 0.0000000000
61820  -54.490  -3.175  37.654 0.0000000000
61839  -55.434  -3.169  36.186 0.0000000000
61855  -53.083  -3.047  36.302 0.0000000000
61908  -51.223  -4.254  32.584 0.0000000000
61958  -50.458  -3.774  28.293 0.0000000000
62892  -50.849  -3.252  40.387 0.0000000000
62905  -55.586  -3.120  38.755 0.0000000000
62906  -55.810  -2.850  38.580 0.0000000000
62936  -54.155  -3.059  37.724 0.0000000000
62956  -54.985  -3.549  36.619 0.0000000000
62970  -52.903  -3.500  35.169 0.0000000000
62971  -56.086  -2.877  34.576 0.0000000000
62983  -56.198  -2.836  34.411 0.0000000000
63013  -55.032  -3.460  32.343 0.0000000000
63072  -53.159  -4.036  30.179 0.0000000000
64058  -54.486  -2.387  38.482 0.0000000000
64059  -54.968  -2.627  38.222 0.0000000000
64060  -55.537  -2.635  38.293 0.0000000000
64099  -55.946  -2.464  34.864 0.0000000000
64106  -56.142  -2.661  34.589 0.0000000000
64186  -51.788  -2.699  30.009 0.0000000000
64245  -49.330  -2.486  27.547 0.0000000000
65171  -54.253  -1.591  38.510 0.0000000000
65186  -54.729  -1.550  37.930 0.0000000000
65201  -55.519  -1.810  36.969 0.0000000000
65218  -55.588  -1.446  37.145 0.0000000000
65219  -55.984  -1.599  37.046 0.0000000000
65259  -56.565  -0.594  34.196 0.0000000000
66307  -55.681  -1.187  37.454 0.0000000000
66323  -55.815  -1.216  37.234 0.0000000000
66324  -56.130  -1.289  37.172 0.0000000000
66344  -56.157  -0.206  34.838 0.0000000000
66383  -56.558  -0.170  33.893 0.0000000000
66452  -51.809  -0.101  30.172 0.0000000000
66485  -49.672  -0.436  27.983 0.0000000000
67388  -55.771  -1.013  37.645 0.0000000000
67389  -55.891  -1.170  37.261 0.0000000000
67411  -55.907  -0.977  37.332 0.0000000000
67412  -56.221  -1.192  37.206 0.0000000000
67413  -55.572  -0.715  36.401 0.0000000000
67448  -56.299  0.051  34.877 0.0000000000
67461  -56.730  0.559  33.539 0.0000000000
67474  -57.017  1.011  33.327 0.0000000000
67573  -50.740  1.237  25.898 0.0000000000
67574  -50.914  1.089  25.798 0.0000000000
68443  -56.843  0.964  34.408 0.0000000000
68511  -50.884  1.994  28.687 0.0000000000
68528  -50.355  1.776  27.512 0.0000000000
68545  -51.323  1.866  26.147 0.0000000000
68558  -50.779  1.469  26.054 0.0000000000
69512  -50.709  2.241  28.191 0.0000000000
69530  -50.993  2.800  27.478 0.0000000000
69548  -52.624  2.112  26.656 0.0000000000
70628  -51.666  2.890  26.820 0.0000000000
71648  -53.427  4.544  30.331 0.0000000000
72688  -54.051  4.993  30.685 0.0000000000
72706  -53.523  5.339  29.113 0.0000000000
