#!ascii label  , from subject 3628 vox2ras=TkReg
1953
53528  -39.294  -11.308  45.489 0.0000000000
79080  -51.701  11.930  32.736 0.0000000000
73657  -40.442  6.843  41.287 0.0000000000
46950  -7.073  -18.847  45.002 0.0000000000
54744  -23.533  -10.058  49.380 0.0000000000
56093  -8.120  -8.955  46.377 0.0000000000
54667  -5.571  -10.971  52.961 0.0000000000
72602  -46.752  7.248  38.421 0.0000000000
59629  -6.749  -5.949  39.363 0.0000000000
39365  -4.909  -23.729  52.798 0.0000000000
59635  -38.320  -6.659  39.415 0.0000000000
52302  -34.083  -11.529  43.825 0.0000000000
53498  -32.023  -9.953  48.061 0.0000000000
80092  -53.023  14.264  29.689 0.0000000000
73659  -44.776  7.061  40.348 0.0000000000
49100  -18.205  -14.690  45.843 0.0000000000
66194  -9.286  -1.143  42.747 0.0000000000
50131  -10.582  -14.643  47.832 0.0000000000
52308  -13.486  -12.312  42.957 0.0000000000
48089  -9.632  -17.330  41.570 0.0000000000
44693  -11.294  -18.616  56.257 0.0000000000
45713  -7.919  -18.664  58.057 0.0000000000
69323  -39.859  3.230  42.387 0.0000000000
54704  -29.886  -10.040  51.933 0.0000000000
56097  -25.417  -8.369  45.527 0.0000000000
54757  -6.462  -9.940  49.203 0.0000000000
48038  -8.842  -16.362  50.998 0.0000000000
76951  -49.051  10.085  35.615 0.0000000000
46907  -14.012  -16.922  52.196 0.0000000000
46922  -16.446  -16.010  48.481 0.0000000000
58488  -9.549  -6.859  43.142 0.0000000000
53621  -10.620  -10.973  36.789 0.0000000000
51140  -8.270  -13.830  54.006 0.0000000000
45740  -6.246  -17.697  54.047 0.0000000000
43682  -6.141  -21.522  49.254 0.0000000000
56113  -40.872  -9.207  44.454 0.0000000000
53550  -38.324  -10.664  43.114 0.0000000000
54862  -39.101  -9.045  42.190 0.0000000000
52290  -36.844  -11.685  45.291 0.0000000000
51239  -35.207  -10.545  42.439 0.0000000000
52258  -35.781  -11.452  46.732 0.0000000000
79089  -52.664  12.998  31.718 0.0000000000
78059  -48.522  11.382  31.448 0.0000000000
79101  -49.806  12.400  29.586 0.0000000000
79103  -51.355  12.636  28.313 0.0000000000
74734  -42.416  8.010  40.856 0.0000000000
70462  -38.710  4.204  39.155 0.0000000000
72597  -38.843  6.472  38.614 0.0000000000
73700  -41.392  7.547  37.554 0.0000000000
48056  -9.613  -17.207  46.287 0.0000000000
49102  -10.521  -16.133  45.015 0.0000000000
48073  -8.442  -18.112  43.645 0.0000000000
44851  -9.332  -19.724  41.944 0.0000000000
44834  -8.125  -20.304  43.427 0.0000000000
42520  -10.647  -20.903  52.834 0.0000000000
41424  -9.160  -21.380  54.664 0.0000000000
67309  -39.501  0.414  42.762 0.0000000000
61799  -39.108  -4.884  41.373 0.0000000000
62909  -37.610  -4.631  40.072 0.0000000000
65156  -38.219  -1.838  41.593 0.0000000000
67326  -38.430  0.678  41.075 0.0000000000
56000  -32.753  -9.487  52.470 0.0000000000
54819  -30.056  -9.654  44.885 0.0000000000
54778  -28.715  -9.079  46.916 0.0000000000
82270  -52.570  15.060  27.128 0.0000000000
84379  -52.254  17.144  26.243 0.0000000000
54714  -5.610  -10.473  51.121 0.0000000000
51177  -6.896  -12.724  50.104 0.0000000000
51171  -6.247  -13.265  51.915 0.0000000000
74777  -47.643  8.869  37.803 0.0000000000
71561  -44.537  6.009  35.968 0.0000000000
72635  -44.735  6.508  35.315 0.0000000000
75885  -45.475  9.344  34.640 0.0000000000
48009  -15.370  -16.012  55.818 0.0000000000
48015  -16.755  -15.277  54.030 0.0000000000
60632  -7.229  -5.525  46.183 0.0000000000
61738  -8.400  -4.537  44.644 0.0000000000
57300  -8.988  -7.874  45.465 0.0000000000
51244  -11.093  -14.777  39.975 0.0000000000
52354  -13.200  -12.181  39.629 0.0000000000
51271  -10.240  -13.592  36.999 0.0000000000
50087  -10.554  -14.695  55.012 0.0000000000
41410  -6.535  -21.627  55.141 0.0000000000
46884  -6.735  -18.078  55.514 0.0000000000
42515  -6.069  -21.713  53.629 0.0000000000
43655  -6.426  -20.481  52.130 0.0000000000
41448  -4.568  -23.007  50.547 0.0000000000
59624  -40.113  -6.655  41.523 0.0000000000
53457  -33.614  -10.273  50.710 0.0000000000
53470  -34.805  -10.479  49.299 0.0000000000
53513  -33.196  -10.811  46.021 0.0000000000
82245  -53.342  15.219  28.841 0.0000000000
80118  -52.065  12.914  26.965 0.0000000000
72568  -45.984  6.608  39.203 0.0000000000
72600  -43.755  6.478  37.165 0.0000000000
53523  -21.183  -10.671  45.625 0.0000000000
52255  -20.535  -11.737  47.814 0.0000000000
62863  -8.196  -3.298  40.883 0.0000000000
52263  -8.899  -11.153  47.247 0.0000000000
53532  -10.515  -10.711  45.461 0.0000000000
51204  -11.925  -13.787  45.752 0.0000000000
50147  -11.245  -15.459  42.640 0.0000000000
48109  -10.250  -16.872  39.661 0.0000000000
47985  -12.386  -16.332  57.457 0.0000000000
49010  -10.415  -16.199  57.755 0.0000000000
43620  -9.917  -18.797  57.517 0.0000000000
40387  -7.641  -21.857  55.816 0.0000000000
71490  -40.357  4.860  42.175 0.0000000000
68341  -39.157  2.653  40.519 0.0000000000
54727  -26.728  -9.658  50.407 0.0000000000
54769  -31.216  -9.627  49.551 0.0000000000
54765  -27.065  -9.146  48.612 0.0000000000
56073  -24.861  -8.648  47.717 0.0000000000
60590  -6.505  -6.247  47.674 0.0000000000
59515  -5.902  -6.796  49.414 0.0000000000
54785  -7.511  -9.026  48.015 0.0000000000
51190  -8.365  -12.194  48.674 0.0000000000
49083  -9.584  -15.235  49.208 0.0000000000
46931  -9.107  -18.067  47.919 0.0000000000
78032  -50.790  10.654  34.343 0.0000000000
76993  -46.983  10.873  33.430 0.0000000000
46878  -13.735  -16.165  56.702 0.0000000000
45739  -12.316  -17.872  54.772 0.0000000000
42531  -11.836  -20.272  50.460 0.0000000000
51180  -19.929  -12.999  49.123 0.0000000000
49075  -18.409  -14.078  50.704 0.0000000000
49063  -18.044  -14.945  52.617 0.0000000000
46916  -14.967  -16.607  50.122 0.0000000000
43695  -12.948  -19.179  48.260 0.0000000000
63942  -8.635  -1.994  45.000 0.0000000000
62834  -9.425  -3.541  43.655 0.0000000000
58495  -7.881  -6.678  41.014 0.0000000000
54835  -10.873  -9.174  43.224 0.0000000000
56161  -10.258  -8.852  40.406 0.0000000000
56173  -8.709  -8.322  38.919 0.0000000000
53395  -6.193  -12.146  53.788 0.0000000000
49033  -7.731  -15.751  56.598 0.0000000000
50068  -6.383  -15.153  55.074 0.0000000000
50101  -5.786  -14.360  53.288 0.0000000000
46909  -7.407  -16.535  52.922 0.0000000000
45761  -7.636  -19.915  49.705 0.0000000000
45800  -6.552  -19.915  46.842 0.0000000000
38368  -4.864  -25.204  49.499 0.0000000000
40444  -5.219  -24.148  48.067 0.0000000000
42620  -6.576  -21.611  44.849 0.0000000000
54808  -40.205  -10.345  44.947 0.0000000000
54782  -40.604  -10.432  46.837 0.0000000000
53540  -39.040  -10.945  44.692 0.0000000000
53552  -39.352  -10.190  43.901 0.0000000000
52292  -38.472  -11.301  45.280 0.0000000000
52306  -37.405  -11.279  44.508 0.0000000000
53515  -39.167  -11.653  46.905 0.0000000000
52274  -37.267  -11.456  46.303 0.0000000000
79081  -52.916  12.560  32.383 0.0000000000
79078  -49.736  11.427  32.423 0.0000000000
79092  -49.228  11.703  31.244 0.0000000000
79087  -50.790  12.713  31.477 0.0000000000
80075  -51.665  13.266  31.066 0.0000000000
74733  -41.262  7.787  41.574 0.0000000000
74708  -43.349  8.119  42.788 0.0000000000
74707  -42.301  8.051  43.260 0.0000000000
72580  -38.890  6.064  39.245 0.0000000000
73672  -39.850  6.798  40.301 0.0000000000
73686  -40.846  7.511  39.049 0.0000000000
46945  -8.528  -17.642  45.709 0.0000000000
48061  -8.673  -17.125  45.008 0.0000000000
46951  -7.894  -18.114  44.696 0.0000000000
45874  -7.896  -19.224  43.439 0.0000000000
45873  -7.358  -19.566  44.005 0.0000000000
41442  -10.654  -20.998  51.217 0.0000000000
40416  -9.557  -21.807  51.404 0.0000000000
62873  -39.487  -3.396  41.824 0.0000000000
62886  -38.464  -3.540  40.976 0.0000000000
65143  -39.413  -1.916  42.401 0.0000000000
66237  -39.022  -0.804  42.325 0.0000000000
83319  -53.016  15.548  27.491 0.0000000000
83326  -51.985  15.923  26.741 0.0000000000
84381  -53.165  17.730  26.875 0.0000000000
54690  -5.605  -10.658  52.095 0.0000000000
52238  -6.160  -12.125  51.286 0.0000000000
51162  -6.079  -12.880  52.456 0.0000000000
73716  -47.234  8.081  37.917 0.0000000000
74757  -48.134  8.953  38.485 0.0000000000
71563  -45.612  6.379  37.376 0.0000000000
71575  -44.980  6.131  35.728 0.0000000000
72629  -45.529  6.594  37.002 0.0000000000
73727  -45.713  7.412  37.246 0.0000000000
49046  -17.239  -14.994  55.477 0.0000000000
49047  -17.796  -14.625  55.119 0.0000000000
54699  -25.018  -9.905  51.573 0.0000000000
53454  -23.070  -10.511  50.234 0.0000000000
61806  -6.706  -4.305  39.171 0.0000000000
58458  -7.200  -6.985  46.481 0.0000000000
58467  -7.873  -6.929  46.321 0.0000000000
56104  -8.598  -8.603  45.959 0.0000000000
50175  -10.259  -15.817  38.260 0.0000000000
51261  -10.671  -14.699  37.551 0.0000000000
51260  -10.039  -15.001  37.026 0.0000000000
51143  -11.571  -14.097  54.001 0.0000000000
50088  -11.475  -14.678  55.257 0.0000000000
40394  -5.403  -23.059  54.038 0.0000000000
42511  -6.376  -21.175  54.359 0.0000000000
41425  -5.331  -22.913  53.525 0.0000000000
42522  -5.410  -22.287  52.548 0.0000000000
40405  -4.811  -23.404  52.034 0.0000000000
57319  -41.100  -8.124  42.717 0.0000000000
57339  -39.825  -7.891  41.705 0.0000000000
59618  -40.860  -6.884  42.690 0.0000000000
60688  -40.318  -5.892  42.235 0.0000000000
52271  -34.708  -11.434  45.605 0.0000000000
52256  -34.386  -10.984  46.113 0.0000000000
52285  -32.838  -11.892  44.744 0.0000000000
53539  -31.741  -10.558  44.013 0.0000000000
81137  -53.366  14.953  29.299 0.0000000000
80091  -52.389  13.890  29.420 0.0000000000
80095  -51.881  13.073  28.055 0.0000000000
80097  -52.637  14.249  28.528 0.0000000000
81151  -52.903  14.583  28.049 0.0000000000
72550  -45.173  6.649  39.651 0.0000000000
72537  -46.057  7.391  40.262 0.0000000000
73647  -45.681  7.428  41.017 0.0000000000
73688  -43.727  7.031  38.396 0.0000000000
72598  -42.067  6.755  36.767 0.0000000000
72565  -44.374  6.710  38.723 0.0000000000
72583  -44.777  6.332  38.297 0.0000000000
66213  -8.784  -0.795  42.220 0.0000000000
129571  -8.240  -1.658  41.054 0.0000000000
65127  -8.667  -1.807  41.648 0.0000000000
51197  -10.229  -12.732  47.412 0.0000000000
52265  -10.677  -12.423  46.975 0.0000000000
51199  -11.532  -13.953  46.700 0.0000000000
49110  -10.034  -16.664  43.177 0.0000000000
49108  -10.875  -15.805  43.840 0.0000000000
49119  -10.315  -16.519  42.028 0.0000000000
50156  -10.329  -16.161  41.242 0.0000000000
48097  -9.821  -16.974  40.823 0.0000000000
46999  -9.569  -18.233  40.965 0.0000000000
45727  -12.137  -17.628  57.546 0.0000000000
45718  -11.280  -17.893  58.619 0.0000000000
44684  -10.847  -18.687  57.395 0.0000000000
40399  -8.313  -22.666  53.515 0.0000000000
41417  -8.203  -21.908  55.125 0.0000000000
39356  -7.492  -23.041  53.936 0.0000000000
39354  -6.587  -23.552  54.057 0.0000000000
70422  -40.305  4.173  42.384 0.0000000000
67327  -38.921  1.257  41.276 0.0000000000
67342  -38.175  0.960  40.337 0.0000000000
69333  -39.308  2.954  40.904 0.0000000000
69344  -39.365  3.462  40.678 0.0000000000
54682  -29.197  -10.157  52.739 0.0000000000
54681  -28.174  -10.234  52.657 0.0000000000
54702  -27.968  -10.003  51.588 0.0000000000
53483  -32.873  -10.427  48.844 0.0000000000
54753  -32.308  -9.818  50.516 0.0000000000
53497  -31.388  -9.637  48.692 0.0000000000
56088  -27.503  -8.777  46.082 0.0000000000
54766  -28.271  -9.412  48.183 0.0000000000
56075  -26.882  -8.883  47.150 0.0000000000
54764  -26.413  -8.975  48.663 0.0000000000
56086  -25.084  -8.431  46.610 0.0000000000
56095  -23.073  -9.039  45.796 0.0000000000
57244  -6.344  -8.391  49.756 0.0000000000
57258  -6.533  -8.201  48.968 0.0000000000
58419  -6.356  -7.446  48.404 0.0000000000
56071  -6.811  -8.891  48.777 0.0000000000
53494  -7.876  -10.895  48.207 0.0000000000
52245  -7.120  -11.576  49.183 0.0000000000
50115  -7.343  -14.383  50.722 0.0000000000
50120  -7.702  -14.244  49.981 0.0000000000
49073  -8.848  -15.636  50.586 0.0000000000
48044  -9.768  -16.547  49.541 0.0000000000
46918  -9.139  -17.523  50.418 0.0000000000
76976  -49.839  10.368  34.719 0.0000000000
76978  -51.407  10.252  35.372 0.0000000000
75869  -50.792  9.671  36.588 0.0000000000
76949  -47.017  10.003  35.308 0.0000000000
76972  -46.371  9.897  34.289 0.0000000000
76974  -47.905  10.671  34.816 0.0000000000
76986  -48.725  10.595  34.142 0.0000000000
49014  -15.062  -15.193  57.157 0.0000000000
48017  -14.626  -16.324  54.330 0.0000000000
46892  -14.022  -16.783  55.409 0.0000000000
45743  -13.480  -17.249  53.347 0.0000000000
44710  -12.344  -19.189  52.542 0.0000000000
45751  -13.341  -18.648  51.519 0.0000000000
51201  -19.416  -12.920  46.556 0.0000000000
51187  -19.698  -12.964  48.374 0.0000000000
49091  -18.751  -13.751  47.497 0.0000000000
48053  -17.457  -16.103  47.874 0.0000000000
49085  -17.706  -14.352  49.129 0.0000000000
49080  -17.892  -14.509  49.979 0.0000000000
49069  -18.528  -14.321  51.608 0.0000000000
48041  -16.673  -15.341  50.341 0.0000000000
48034  -16.658  -15.213  51.262 0.0000000000
46917  -15.595  -16.207  49.674 0.0000000000
43704  -13.571  -18.773  47.603 0.0000000000
65087  -8.253  -2.543  45.585 0.0000000000
60646  -8.963  -5.724  44.348 0.0000000000
61751  -9.100  -3.940  44.133 0.0000000000
60674  -9.055  -5.966  42.910 0.0000000000
61767  -9.623  -4.370  41.836 0.0000000000
59616  -9.264  -6.617  42.046 0.0000000000
53533  -11.655  -10.811  44.996 0.0000000000
54824  -11.133  -9.610  44.292 0.0000000000
53544  -12.549  -10.832  43.200 0.0000000000
53607  -11.978  -11.272  37.957 0.0000000000
54869  -12.333  -9.629  40.386 0.0000000000
54904  -11.252  -9.516  38.510 0.0000000000
56175  -9.939  -8.683  39.467 0.0000000000
54902  -9.820  -8.720  37.950 0.0000000000
54923  -9.522  -9.255  37.007 0.0000000000
51152  -7.417  -12.791  54.085 0.0000000000
46874  -9.066  -17.558  58.445 0.0000000000
48000  -9.228  -16.574  57.715 0.0000000000
47988  -7.812  -17.353  57.741 0.0000000000
129257  -6.095  -18.032  54.704 0.0000000000
49018  -6.394  -16.158  55.553 0.0000000000
48008  -6.173  -16.254  54.663 0.0000000000
50081  -6.033  -14.535  54.484 0.0000000000
48016  -6.223  -16.069  53.909 0.0000000000
49061  -6.143  -15.197  52.839 0.0000000000
46904  -6.641  -17.054  53.798 0.0000000000
43669  -6.328  -21.187  50.594 0.0000000000
44711  -6.764  -20.157  51.415 0.0000000000
44731  -6.891  -20.601  49.271 0.0000000000
45772  -6.862  -20.030  48.463 0.0000000000
44756  -6.467  -20.406  47.904 0.0000000000
37305  -5.272  -26.547  48.552 0.0000000000
39404  -4.721  -24.615  49.163 0.0000000000
57311  -41.155  -7.927  43.652 0.0000000000
52346  -37.324  -10.217  42.291 0.0000000000
54860  -37.803  -9.507  42.005 0.0000000000
54843  -38.942  -10.093  42.589 0.0000000000
54833  -40.165  -9.380  43.287 0.0000000000
52303  -34.709  -11.908  44.137 0.0000000000
52315  -35.816  -11.512  43.474 0.0000000000
52327  -36.651  -10.483  42.776 0.0000000000
52273  -36.324  -11.503  46.002 0.0000000000
80083  -52.773  13.762  30.484 0.0000000000
78084  -48.925  11.201  29.364 0.0000000000
78085  -49.623  11.761  28.793 0.0000000000
78097  -50.677  11.311  27.484 0.0000000000
79102  -50.658  12.462  28.930 0.0000000000
80082  -51.999  13.577  30.275 0.0000000000
73658  -44.174  7.864  40.664 0.0000000000
73646  -44.811  7.835  41.380 0.0000000000
74709  -44.480  8.202  42.345 0.0000000000
75761  -44.851  8.524  44.046 0.0000000000
69375  -38.157  3.674  38.764 0.0000000000
70478  -37.532  4.409  38.220 0.0000000000
71539  -37.843  5.318  37.834 0.0000000000
72612  -38.947  6.645  36.863 0.0000000000
73724  -39.684  6.951  36.584 0.0000000000
73699  -39.664  6.998  38.243 0.0000000000
74756  -42.379  7.959  39.057 0.0000000000
49088  -10.633  -15.764  47.788 0.0000000000
49093  -11.226  -15.563  46.640 0.0000000000
48063  -10.571  -16.420  45.679 0.0000000000
48076  -9.678  -16.741  44.261 0.0000000000
48074  -8.873  -17.689  43.341 0.0000000000
45896  -9.479  -18.834  41.433 0.0000000000
45875  -8.445  -18.929  42.904 0.0000000000
44850  -8.625  -20.075  42.741 0.0000000000
44701  -10.723  -19.580  54.597 0.0000000000
43641  -10.439  -19.724  55.527 0.0000000000
42516  -10.219  -21.212  54.064 0.0000000000
68320  -39.488  2.044  42.632 0.0000000000
61808  -38.791  -5.518  40.947 0.0000000000
61814  -37.928  -5.600  39.764 0.0000000000
61807  -38.358  -4.995  40.483 0.0000000000
64039  -38.050  -3.250  40.449 0.0000000000
65168  -37.614  -1.878  39.903 0.0000000000
66253  -38.249  -0.783  41.560 0.0000000000
67314  -38.675  0.049  41.937 0.0000000000
56017  -31.195  -9.573  51.965 0.0000000000
53511  -31.624  -9.093  46.426 0.0000000000
54780  -30.925  -9.411  47.925 0.0000000000
54806  -29.601  -9.128  45.229 0.0000000000
54790  -28.113  -8.773  45.308 0.0000000000
82268  -51.059  14.599  25.874 0.0000000000
84369  -51.381  16.260  26.333 0.0000000000
84378  -51.273  16.870  25.819 0.0000000000
85408  -52.068  18.436  24.780 0.0000000000
54739  -5.874  -10.213  50.019 0.0000000000
52244  -6.673  -11.789  49.663 0.0000000000
52241  -6.362  -11.988  50.372 0.0000000000
50118  -6.796  -13.553  50.815 0.0000000000
49070  -6.718  -14.774  51.592 0.0000000000
75844  -48.355  9.558  37.203 0.0000000000
74766  -49.572  9.598  37.973 0.0000000000
71585  -44.149  6.403  34.614 0.0000000000
72642  -43.887  6.875  34.269 0.0000000000
74811  -44.227  8.168  34.143 0.0000000000
73730  -44.946  7.397  35.738 0.0000000000
75865  -46.816  9.550  36.378 0.0000000000
49026  -16.385  -15.400  56.975 0.0000000000
49038  -16.600  -15.328  56.315 0.0000000000
48014  -16.224  -15.675  54.557 0.0000000000
46902  -14.480  -16.185  52.797 0.0000000000
45804  -16.584  -17.168  45.932 0.0000000000
45777  -15.355  -16.939  47.873 0.0000000000
62790  -7.265  -3.972  46.147 0.0000000000
65085  -7.659  -3.195  45.763 0.0000000000
61737  -7.635  -4.708  45.553 0.0000000000
59582  -8.812  -6.289  45.101 0.0000000000
58469  -9.366  -7.095  44.652 0.0000000000
51232  -12.346  -13.803  41.175 0.0000000000
53555  -13.349  -11.548  41.624 0.0000000000
51246  -12.153  -13.537  40.084 0.0000000000
52385  -11.314  -12.852  38.038 0.0000000000
52402  -10.613  -12.838  37.147 0.0000000000
53423  -11.941  -12.788  52.135 0.0000000000
51156  -11.074  -13.804  53.042 0.0000000000
50097  -8.886  -14.542  54.526 0.0000000000
43623  -6.961  -20.420  56.321 0.0000000000
45724  -7.654  -18.392  56.705 0.0000000000
43637  -7.011  -20.082  55.559 0.0000000000
43642  -6.353  -20.200  54.080 0.0000000000
44699  -6.137  -19.238  53.974 0.0000000000
44704  -6.349  -19.130  53.252 0.0000000000
43650  -6.243  -20.964  52.596 0.0000000000
42529  -5.692  -21.728  51.777 0.0000000000
43667  -5.615  -22.041  50.043 0.0000000000
57354  -38.207  -7.736  39.441 0.0000000000
56168  -38.409  -8.270  41.467 0.0000000000
57347  -38.789  -7.406  41.018 0.0000000000
59630  -38.840  -6.617  40.710 0.0000000000
61800  -39.537  -5.347  41.569 0.0000000000
62874  -39.851  -3.859  42.268 0.0000000000
53484  -33.956  -10.647  48.408 0.0000000000
53485  -35.175  -11.020  48.090 0.0000000000
53500  -34.254  -10.740  46.996 0.0000000000
53512  -32.367  -9.603  46.628 0.0000000000
53526  -32.180  -10.511  45.092 0.0000000000
79131  -51.526  12.428  26.563 0.0000000000
80119  -52.413  13.557  26.898 0.0000000000
82264  -53.205  15.104  27.937 0.0000000000
71528  -46.213  6.571  38.515 0.0000000000
72570  -47.049  7.399  39.366 0.0000000000
72553  -46.704  7.390  39.895 0.0000000000
72613  -41.070  7.098  36.001 0.0000000000
71543  -44.427  6.200  36.683 0.0000000000
71544  -45.030  6.066  37.053 0.0000000000
54775  -22.440  -9.943  47.531 0.0000000000
53479  -21.866  -10.322  48.348 0.0000000000
53509  -20.947  -10.785  46.496 0.0000000000
51205  -19.126  -12.851  45.564 0.0000000000
62895  -7.497  -2.871  40.004 0.0000000000
60693  -7.697  -5.142  39.981 0.0000000000
53519  -8.487  -10.132  47.016 0.0000000000
54800  -9.159  -9.814  46.207 0.0000000000
53522  -9.752  -10.901  46.004 0.0000000000
52294  -11.385  -11.131  45.959 0.0000000000
51207  -12.921  -12.995  44.168 0.0000000000
50138  -11.665  -14.968  45.488 0.0000000000
50144  -11.953  -14.658  43.612 0.0000000000
50148  -12.072  -14.730  42.492 0.0000000000
50158  -11.377  -15.007  41.452 0.0000000000
49024  -11.607  -15.352  56.795 0.0000000000
49002  -11.455  -16.406  58.023 0.0000000000
46867  -10.135  -17.958  58.996 0.0000000000
44676  -8.475  -19.081  57.775 0.0000000000
42500  -9.908  -19.724  56.373 0.0000000000
43632  -8.542  -19.985  56.302 0.0000000000
42496  -7.727  -19.932  56.063 0.0000000000
40385  -6.920  -22.027  55.390 0.0000000000
39347  -6.085  -23.134  54.529 0.0000000000
38325  -5.173  -23.974  53.227 0.0000000000
72536  -40.522  5.609  41.983 0.0000000000
74706  -41.524  7.534  43.769 0.0000000000
72512  -41.167  5.910  43.830 0.0000000000
61850  -37.436  -5.504  38.007 0.0000000000
68358  -37.839  2.250  39.280 0.0000000000
70449  -39.345  3.949  40.098 0.0000000000
54700  -26.182  -9.750  51.448 0.0000000000
54726  -25.618  -9.700  50.446 0.0000000000
56019  -33.320  -9.644  51.961 0.0000000000
56037  -31.842  -9.803  51.468 0.0000000000
54731  -30.824  -9.584  51.238 0.0000000000
54767  -29.594  -9.900  48.601 0.0000000000
54750  -29.659  -10.117  49.785 0.0000000000
54729  -28.780  -10.122  50.661 0.0000000000
54748  -27.456  -9.485  49.439 0.0000000000
56051  -25.353  -9.321  49.018 0.0000000000
56062  -24.177  -9.415  48.402 0.0000000000
54788  -23.163  -9.759  47.006 0.0000000000
86418  -52.155  19.078  24.016 0.0000000000
86428  -52.864  19.509  23.279 0.0000000000
86434  -52.775  19.682  22.293 0.0000000000
60614  -6.633  -6.103  46.802 0.0000000000
58457  -6.809  -7.028  46.743 0.0000000000
60577  -6.323  -6.452  48.474 0.0000000000
58431  -6.471  -7.223  47.679 0.0000000000
56083  -7.368  -8.796  47.510 0.0000000000
53507  -8.292  -10.623  47.646 0.0000000000
52253  -8.920  -11.982  47.960 0.0000000000
51191  -8.789  -12.888  48.222 0.0000000000
51178  -7.544  -13.329  49.766 0.0000000000
50126  -8.621  -14.190  49.053 0.0000000000
50128  -10.210  -14.961  48.326 0.0000000000
48052  -10.328  -16.622  47.909 0.0000000000
46932  -9.878  -17.349  47.935 0.0000000000
46937  -8.224  -18.220  46.900 0.0000000000
78043  -51.459  11.112  33.690 0.0000000000
75893  -44.641  8.848  33.554 0.0000000000
76990  -45.112  9.805  32.501 0.0000000000
78056  -45.840  10.601  31.950 0.0000000000
78039  -48.091  11.135  33.160 0.0000000000
78051  -49.370  10.964  32.855 0.0000000000
46877  -12.952  -16.441  56.912 0.0000000000
46886  -12.760  -17.027  56.364 0.0000000000
46888  -14.653  -16.252  56.049 0.0000000000
46891  -12.996  -17.048  55.540 0.0000000000
45738  -11.732  -18.378  54.804 0.0000000000
43661  -11.443  -20.416  51.510 0.0000000000
53464  -21.256  -11.630  49.017 0.0000000000
52239  -21.095  -12.127  50.328 0.0000000000
51176  -20.782  -12.619  50.506 0.0000000000
49087  -18.802  -13.656  48.378 0.0000000000
50117  -19.337  -13.004  50.129 0.0000000000
51167  -19.869  -12.531  51.864 0.0000000000
50103  -19.545  -13.591  53.131 0.0000000000
50102  -19.011  -14.111  53.229 0.0000000000
49054  -18.472  -14.535  54.088 0.0000000000
48020  -16.904  -15.145  53.231 0.0000000000
48026  -15.950  -15.263  52.481 0.0000000000
46911  -14.263  -17.120  51.190 0.0000000000
45765  -14.623  -17.716  49.358 0.0000000000
45764  -14.214  -18.196  49.507 0.0000000000
44721  -13.337  -18.899  50.436 0.0000000000
43683  -12.377  -19.999  49.596 0.0000000000
65100  -8.994  -1.679  43.963 0.0000000000
63940  -8.271  -2.749  45.134 0.0000000000
62833  -9.012  -3.424  44.294 0.0000000000
63970  -9.187  -2.528  43.400 0.0000000000
62850  -9.434  -3.752  41.591 0.0000000000
60686  -8.133  -5.215  40.469 0.0000000000
58494  -7.322  -6.430  40.421 0.0000000000
54812  -9.633  -9.391  45.489 0.0000000000
54822  -10.252  -8.923  44.662 0.0000000000
57307  -10.538  -8.455  42.921 0.0000000000
53567  -12.756  -10.415  41.271 0.0000000000
56145  -10.806  -8.953  41.573 0.0000000000
56128  -10.208  -8.091  41.296 0.0000000000
57327  -9.331  -7.514  40.728 0.0000000000
57336  -8.582  -7.617  39.989 0.0000000000
57344  -7.798  -7.473  39.435 0.0000000000
56186  -8.893  -8.081  37.909 0.0000000000
49036  -10.771  -15.285  56.359 0.0000000000
49043  -9.046  -15.423  55.954 0.0000000000
50071  -7.979  -15.218  55.990 0.0000000000
47997  -6.698  -16.648  56.555 0.0000000000
49032  -6.885  -15.605  56.574 0.0000000000
51125  -6.853  -13.904  54.918 0.0000000000
51124  -6.382  -13.861  54.787 0.0000000000
52199  -5.871  -12.631  53.927 0.0000000000
52209  -5.850  -13.051  53.338 0.0000000000
50108  -6.114  -14.260  52.434 0.0000000000
49066  -6.537  -14.996  52.152 0.0000000000
48031  -7.836  -16.240  52.029 0.0000000000
44707  -6.844  -19.409  52.494 0.0000000000
45749  -7.802  -18.818  51.816 0.0000000000
45755  -8.772  -17.944  50.766 0.0000000000
45775  -8.509  -18.959  49.454 0.0000000000
46929  -7.405  -19.242  47.751 0.0000000000
45817  -6.849  -19.153  46.238 0.0000000000
37259  -5.196  -24.920  51.306 0.0000000000
36156  -5.336  -26.592  49.259 0.0000000000
38359  -4.694  -24.933  50.321 0.0000000000
40421  -4.348  -23.680  50.269 0.0000000000
41455  -4.655  -23.183  49.696 0.0000000000
42571  -5.645  -22.902  48.143 0.0000000000
41485  -5.776  -23.567  47.059 0.0000000000
43701  -5.760  -22.068  47.401 0.0000000000
44766  -6.302  -20.961  46.977 0.0000000000
44799  -6.507  -20.713  45.738 0.0000000000
44817  -6.923  -20.071  44.933 0.0000000000
43743  -7.262  -20.774  44.284 0.0000000000
42633  -8.006  -21.701  43.894 0.0000000000
53529  -39.689  -10.964  45.018 0.0000000000
54795  -40.593  -10.482  45.909 0.0000000000
53517  -40.014  -11.110  45.688 0.0000000000
53541  -39.483  -10.470  44.439 0.0000000000
53516  -39.447  -11.541  46.330 0.0000000000
52276  -38.968  -11.717  45.865 0.0000000000
53505  -40.204  -11.114  46.589 0.0000000000
79071  -52.713  11.694  33.450 0.0000000000
79079  -50.537  11.755  32.434 0.0000000000
74719  -42.351  8.119  42.095 0.0000000000
74718  -41.399  7.682  42.719 0.0000000000
74745  -41.259  7.746  40.233 0.0000000000
46944  -7.472  -18.619  45.815 0.0000000000
46961  -7.475  -18.758  44.436 0.0000000000
45850  -7.254  -19.410  44.711 0.0000000000
41449  -10.431  -21.736  50.397 0.0000000000
64008  -39.619  -2.664  42.198 0.0000000000
53431  -5.666  -11.441  52.429 0.0000000000
73702  -46.746  7.369  38.055 0.0000000000
73703  -47.141  7.687  38.277 0.0000000000
73689  -47.266  7.657  38.630 0.0000000000
71546  -46.068  6.504  37.912 0.0000000000
72617  -45.752  6.665  37.458 0.0000000000
73715  -46.600  7.428  37.798 0.0000000000
50066  -19.129  -13.896  56.365 0.0000000000
49041  -18.442  -14.206  55.642 0.0000000000
49048  -18.466  -14.306  54.855 0.0000000000
54724  -23.773  -9.970  50.000 0.0000000000
53455  -23.730  -10.034  50.477 0.0000000000
60699  -7.063  -5.203  39.095 0.0000000000
60705  -6.437  -5.216  39.078 0.0000000000
57294  -7.596  -7.714  46.438 0.0000000000
56103  -7.984  -8.328  46.317 0.0000000000
50185  -10.286  -15.465  37.677 0.0000000000
50089  -12.158  -14.618  55.442 0.0000000000
39358  -5.097  -23.686  53.640 0.0000000000
41420  -5.420  -22.910  53.832 0.0000000000
40398  -5.028  -23.390  53.295 0.0000000000
40401  -4.955  -23.326  52.735 0.0000000000
58490  -41.195  -7.462  43.078 0.0000000000
58498  -40.879  -7.324  42.022 0.0000000000
60689  -40.620  -5.918  42.859 0.0000000000
52287  -34.324  -11.795  44.824 0.0000000000
52286  -33.574  -11.786  44.744 0.0000000000
52301  -33.245  -11.515  44.026 0.0000000000
81136  -53.458  14.608  30.103 0.0000000000
80096  -52.203  13.674  28.499 0.0000000000
73675  -44.666  6.847  39.403 0.0000000000
73660  -45.527  6.988  40.213 0.0000000000
73674  -43.872  7.729  39.336 0.0000000000
72566  -44.905  6.353  39.018 0.0000000000
67280  -9.391  -0.512  42.476 0.0000000000
65113  -8.584  -1.260  41.854 0.0000000000
65114  -9.073  -1.736  42.384 0.0000000000
51192  -9.923  -13.320  48.005 0.0000000000
51198  -10.753  -13.243  47.220 0.0000000000
51193  -10.934  -14.042  47.407 0.0000000000
48082  -9.725  -17.141  42.739 0.0000000000
48090  -9.905  -17.008  41.764 0.0000000000
47014  -9.641  -17.407  41.034 0.0000000000
48096  -9.632  -17.355  41.281 0.0000000000
44688  -11.469  -18.458  56.802 0.0000000000
45726  -11.635  -18.248  57.318 0.0000000000
44687  -10.980  -18.748  56.857 0.0000000000
39357  -7.935  -23.060  53.702 0.0000000000
70423  -40.479  3.629  42.886 0.0000000000
69324  -40.387  3.261  43.067 0.0000000000
58519  -38.406  -7.170  39.181 0.0000000000
68329  -39.312  1.869  41.270 0.0000000000
69334  -39.384  3.401  41.282 0.0000000000
54684  -30.431  -9.726  52.667 0.0000000000
54703  -28.965  -10.309  51.746 0.0000000000
53482  -31.968  -9.832  49.308 0.0000000000
56098  -26.541  -8.477  45.290 0.0000000000
56087  -26.266  -8.427  46.366 0.0000000000
56074  -25.943  -8.298  47.465 0.0000000000
56096  -24.290  -8.669  45.669 0.0000000000
56108  -24.623  -8.286  44.670 0.0000000000
56055  -6.371  -9.184  49.550 0.0000000000
53492  -6.707  -10.552  48.960 0.0000000000
53477  -6.742  -11.177  49.175 0.0000000000
49072  -8.164  -15.463  50.873 0.0000000000
49077  -8.272  -15.057  50.216 0.0000000000
48043  -9.373  -16.463  50.302 0.0000000000
76952  -50.023  9.918  35.669 0.0000000000
75868  -50.128  9.720  36.464 0.0000000000
76950  -47.988  10.238  35.647 0.0000000000
76975  -48.833  10.267  34.819 0.0000000000
46901  -14.053  -16.665  53.457 0.0000000000
45748  -13.481  -17.495  52.637 0.0000000000
45747  -13.194  -18.470  52.162 0.0000000000
50139  -18.556  -13.288  46.029 0.0000000000
50136  -18.961  -13.331  46.996 0.0000000000
49096  -18.471  -13.955  46.433 0.0000000000
48049  -17.102  -15.753  48.528 0.0000000000
48047  -17.273  -14.920  49.205 0.0000000000
48046  -16.671  -15.539  49.331 0.0000000000
48042  -17.327  -14.965  50.140 0.0000000000
48045  -16.216  -15.905  49.770 0.0000000000
46921  -15.798  -16.076  48.896 0.0000000000
65072  -8.324  -2.452  46.052 0.0000000000
58471  -9.411  -6.546  43.819 0.0000000000
60656  -9.142  -5.255  43.699 0.0000000000
60658  -9.189  -6.113  43.218 0.0000000000
59607  -9.176  -6.316  42.554 0.0000000000
58497  -9.546  -7.002  41.987 0.0000000000
52296  -12.916  -12.191  43.877 0.0000000000
53534  -12.377  -11.259  44.116 0.0000000000
53535  -13.034  -11.529  43.423 0.0000000000
53623  -11.622  -11.258  37.511 0.0000000000
54905  -12.147  -10.531  38.309 0.0000000000
54926  -11.454  -10.552  37.678 0.0000000000
54903  -10.346  -9.070  37.941 0.0000000000
54925  -10.574  -10.223  37.290 0.0000000000
54924  -9.768  -9.370  37.290 0.0000000000
54943  -10.367  -10.731  36.706 0.0000000000
51154  -8.713  -13.258  53.166 0.0000000000
51153  -7.781  -13.034  53.712 0.0000000000
46873  -8.431  -17.938  58.212 0.0000000000
47989  -8.517  -17.176  57.969 0.0000000000
46872  -7.871  -17.967  57.791 0.0000000000
45736  -6.147  -18.051  54.403 0.0000000000
46894  -6.216  -17.019  54.520 0.0000000000
46898  -6.281  -17.014  54.104 0.0000000000
48011  -6.184  -16.142  54.236 0.0000000000
46903  -6.402  -16.719  53.966 0.0000000000
46899  -6.414  -17.313  53.971 0.0000000000
43668  -6.119  -21.553  50.156 0.0000000000
44717  -6.584  -21.070  49.914 0.0000000000
44730  -6.535  -21.066  49.215 0.0000000000
44745  -6.625  -20.461  48.458 0.0000000000
44744  -6.395  -20.902  48.460 0.0000000000
34997  -5.059  -28.712  47.600 0.0000000000
36191  -5.211  -27.671  48.213 0.0000000000
36192  -5.433  -27.643  47.585 0.0000000000
56114  -40.961  -8.513  44.091 0.0000000000
53561  -38.138  -10.841  42.445 0.0000000000
53576  -38.431  -10.365  42.268 0.0000000000
53562  -38.578  -10.457  42.821 0.0000000000
54821  -40.593  -9.616  44.238 0.0000000000
56124  -41.014  -8.909  43.496 0.0000000000
52289  -35.997  -12.328  45.157 0.0000000000
52304  -35.462  -12.188  44.066 0.0000000000
52305  -36.467  -12.027  44.254 0.0000000000
52317  -37.673  -10.801  43.293 0.0000000000
52316  -36.643  -11.184  43.533 0.0000000000
52328  -37.438  -10.564  42.380 0.0000000000
80077  -53.101  13.343  31.509 0.0000000000
80078  -53.725  13.586  31.704 0.0000000000
78058  -47.544  11.134  31.813 0.0000000000
78068  -47.740  11.328  30.765 0.0000000000
79093  -49.733  12.156  30.641 0.0000000000
78069  -48.796  11.501  30.413 0.0000000000
78070  -49.281  11.893  29.746 0.0000000000
78095  -49.063  10.894  28.468 0.0000000000
80081  -51.177  13.259  30.286 0.0000000000
80076  -52.406  13.351  31.182 0.0000000000
74735  -43.389  8.197  40.269 0.0000000000
73645  -44.217  7.976  41.263 0.0000000000
74720  -43.572  8.104  41.481 0.0000000000
74698  -44.239  8.157  43.681 0.0000000000
75750  -44.529  8.195  44.714 0.0000000000
70479  -38.098  4.339  38.747 0.0000000000
71540  -38.135  5.420  38.583 0.0000000000
72595  -38.293  6.127  37.125 0.0000000000
73698  -39.114  7.018  37.900 0.0000000000
73712  -39.384  6.952  37.384 0.0000000000
74755  -41.939  7.841  39.245 0.0000000000
74746  -42.679  8.133  39.539 0.0000000000
74747  -43.378  8.193  39.631 0.0000000000
48057  -10.292  -16.758  46.761 0.0000000000
48058  -10.808  -16.162  46.451 0.0000000000
48068  -8.643  -17.446  44.299 0.0000000000
48069  -9.232  -16.922  44.590 0.0000000000
46980  -8.818  -18.294  42.724 0.0000000000
46963  -8.513  -18.263  43.385 0.0000000000
44849  -8.204  -19.785  43.306 0.0000000000
43755  -8.796  -20.977  42.751 0.0000000000
43745  -8.343  -20.913  43.307 0.0000000000
43648  -10.634  -20.049  53.936 0.0000000000
42513  -10.355  -20.643  54.343 0.0000000000
42517  -10.537  -21.012  53.685 0.0000000000
67310  -39.775  0.991  43.248 0.0000000000
62897  -38.715  -4.652  41.071 0.0000000000
64023  -38.434  -2.759  41.447 0.0000000000
64038  -37.925  -2.462  40.445 0.0000000000
64022  -37.943  -2.397  40.953 0.0000000000
65155  -37.844  -1.764  40.912 0.0000000000
66238  -39.131  0.002  42.441 0.0000000000
55982  -30.937  -9.120  53.110 0.0000000000
55999  -31.749  -9.488  52.408 0.0000000000
54807  -30.380  -9.345  45.471 0.0000000000
81164  -51.820  13.977  26.283 0.0000000000
82269  -51.838  14.827  26.578 0.0000000000
83327  -52.692  16.205  27.009 0.0000000000
84370  -51.729  16.486  26.402 0.0000000000
85400  -51.793  17.748  25.275 0.0000000000
53463  -5.864  -11.214  50.627 0.0000000000
51174  -6.541  -12.943  50.990 0.0000000000
50113  -6.555  -13.906  51.410 0.0000000000
50114  -6.832  -14.305  51.120 0.0000000000
50110  -6.455  -14.561  51.576 0.0000000000
75827  -48.462  9.361  37.693 0.0000000000
70498  -43.766  5.864  35.081 0.0000000000
71586  -44.653  6.236  35.194 0.0000000000
72634  -44.428  6.745  34.699 0.0000000000
73729  -44.646  7.075  34.968 0.0000000000
74776  -46.771  8.254  37.689 0.0000000000
74791  -46.275  8.655  37.208 0.0000000000
75843  -47.242  9.365  37.388 0.0000000000
50064  -17.681  -14.173  56.881 0.0000000000
49052  -17.145  -15.125  54.681 0.0000000000
49051  -16.712  -15.354  55.244 0.0000000000
48018  -15.051  -15.885  53.801 0.0000000000
48019  -15.989  -15.367  53.516 0.0000000000
46940  -16.561  -16.902  46.424 0.0000000000
45803  -16.002  -17.766  46.218 0.0000000000
62806  -7.081  -4.475  46.294 0.0000000000
62805  -7.322  -4.024  45.926 0.0000000000
58468  -8.560  -7.032  45.659 0.0000000000
59581  -8.177  -6.163  45.860 0.0000000000
57301  -9.711  -7.982  44.555 0.0000000000
51245  -11.463  -14.145  40.175 0.0000000000
51262  -10.984  -13.663  37.961 0.0000000000
51263  -11.282  -13.287  38.453 0.0000000000
52384  -10.799  -13.162  37.686 0.0000000000
51281  -9.886  -13.186  36.572 0.0000000000
51127  -11.215  -14.400  54.615 0.0000000000
51142  -10.519  -14.243  53.958 0.0000000000
50098  -9.796  -14.592  54.438 0.0000000000
42501  -6.481  -21.011  55.689 0.0000000000
43638  -7.088  -20.107  55.774 0.0000000000
42507  -6.536  -20.994  55.042 0.0000000000
44694  -6.202  -18.995  54.500 0.0000000000
43646  -6.261  -20.318  53.336 0.0000000000
42519  -5.954  -21.629  52.910 0.0000000000
41440  -4.747  -22.883  51.415 0.0000000000
42523  -5.728  -21.706  52.243 0.0000000000
42528  -5.345  -22.219  51.644 0.0000000000
43658  -5.590  -22.012  50.793 0.0000000000
42537  -5.141  -22.522  50.767 0.0000000000
57353  -37.898  -8.039  38.878 0.0000000000
56195  -38.050  -8.088  40.009 0.0000000000
54861  -38.377  -9.339  42.115 0.0000000000
54878  -37.983  -8.647  41.586 0.0000000000
56153  -38.845  -8.725  42.103 0.0000000000
58506  -39.844  -7.376  41.478 0.0000000000
58505  -39.190  -7.213  41.209 0.0000000000
58514  -39.420  -7.013  41.192 0.0000000000
58513  -38.911  -7.070  40.492 0.0000000000
59631  -39.345  -6.802  41.172 0.0000000000
60701  -39.362  -6.070  41.211 0.0000000000
61792  -40.013  -5.174  42.322 0.0000000000
51238  -34.663  -10.637  42.380 0.0000000000
53469  -33.730  -10.466  49.624 0.0000000000
52248  -35.991  -11.424  47.607 0.0000000000
52247  -35.331  -11.394  47.284 0.0000000000
53514  -33.924  -10.886  46.133 0.0000000000
53499  -33.094  -10.406  47.506 0.0000000000
82259  -53.343  15.271  28.415 0.0000000000
79109  -51.023  12.026  27.940 0.0000000000
80110  -51.977  12.830  27.411 0.0000000000
79125  -51.866  12.165  27.035 0.0000000000
80127  -51.726  13.182  26.396 0.0000000000
82244  -53.271  15.023  28.562 0.0000000000
82258  -53.282  15.057  28.289 0.0000000000
83306  -53.352  15.351  28.212 0.0000000000
71512  -46.072  6.486  38.765 0.0000000000
72569  -46.448  6.938  39.120 0.0000000000
72552  -46.203  7.225  39.730 0.0000000000
73648  -46.390  7.502  40.901 0.0000000000
72525  -46.940  7.505  41.156 0.0000000000
74710  -45.180  8.319  42.454 0.0000000000
73632  -45.612  8.174  42.042 0.0000000000
73713  -40.409  7.259  36.889 0.0000000000
73725  -40.231  7.182  36.075 0.0000000000
73714  -41.386  7.112  36.622 0.0000000000
72599  -43.005  6.616  36.712 0.0000000000
71541  -42.899  6.109  36.010 0.0000000000
71542  -43.654  6.285  36.438 0.0000000000
72584  -45.158  6.276  38.613 0.0000000000
71526  -45.289  6.324  38.026 0.0000000000
71511  -45.702  6.318  38.660 0.0000000000
71527  -45.861  6.316  38.226 0.0000000000
53496  -21.690  -10.350  47.131 0.0000000000
52282  -19.704  -12.361  45.016 0.0000000000
129577  -8.229  -0.239  41.106 0.0000000000
64000  -8.323  -2.576  41.143 0.0000000000
64015  -7.742  -2.343  40.504 0.0000000000
62880  -7.587  -3.407  40.234 0.0000000000
61798  -7.494  -4.252  40.181 0.0000000000
53508  -8.644  -10.646  47.217 0.0000000000
53520  -8.954  -10.335  46.676 0.0000000000
52278  -9.491  -11.111  46.683 0.0000000000
52280  -11.552  -12.468  46.185 0.0000000000
52279  -10.435  -11.377  46.389 0.0000000000
52295  -12.507  -12.046  45.159 0.0000000000
52281  -12.143  -12.963  45.481 0.0000000000
49098  -11.139  -15.733  45.619 0.0000000000
49099  -11.543  -15.202  45.898 0.0000000000
50137  -11.282  -15.503  45.080 0.0000000000
49112  -11.011  -15.690  43.270 0.0000000000
50143  -11.363  -15.287  43.748 0.0000000000
50159  -12.102  -14.523  41.613 0.0000000000
49134  -10.418  -16.340  39.803 0.0000000000
50166  -10.460  -15.927  40.492 0.0000000000
44862  -9.902  -19.551  41.159 0.0000000000
49003  -12.043  -16.050  57.590 0.0000000000
47984  -11.789  -16.698  58.026 0.0000000000
45717  -10.827  -18.319  58.570 0.0000000000
46868  -10.916  -17.686  58.848 0.0000000000
45716  -9.836  -18.317  58.489 0.0000000000
44677  -9.416  -18.713  57.781 0.0000000000
42505  -9.849  -19.965  55.931 0.0000000000
41419  -9.270  -20.931  55.193 0.0000000000
41415  -8.655  -20.654  55.749 0.0000000000
41414  -8.137  -21.251  55.879 0.0000000000
42494  -8.155  -20.003  56.707 0.0000000000
41408  -7.860  -21.040  56.180 0.0000000000
41407  -7.300  -21.099  56.407 0.0000000000
40386  -7.296  -21.987  55.643 0.0000000000
39348  -6.583  -23.055  54.386 0.0000000000
38311  -6.152  -23.933  53.974 0.0000000000
38315  -5.567  -24.029  53.757 0.0000000000
72523  -40.956  5.696  43.031 0.0000000000
72522  -40.613  5.287  42.657 0.0000000000
61831  -37.551  -5.576  38.672 0.0000000000
62929  -37.297  -4.989  39.138 0.0000000000
68340  -38.774  1.785  40.154 0.0000000000
68339  -37.810  1.195  39.821 0.0000000000
70438  -39.688  3.920  41.635 0.0000000000
70450  -39.359  4.033  40.727 0.0000000000
71501  -39.946  4.757  41.480 0.0000000000
71509  -39.520  5.095  40.701 0.0000000000
54701  -27.118  -9.770  51.314 0.0000000000
54680  -26.863  -9.912  52.565 0.0000000000
54752  -31.604  -9.624  50.249 0.0000000000
54733  -32.567  -10.086  50.974 0.0000000000
54751  -30.609  -9.821  50.118 0.0000000000
54779  -29.630  -9.470  47.397 0.0000000000
54749  -28.556  -9.966  49.496 0.0000000000
54728  -27.793  -9.741  50.500 0.0000000000
56064  -25.723  -8.796  48.494 0.0000000000
56063  -24.743  -9.245  48.604 0.0000000000
56050  -24.972  -9.471  49.074 0.0000000000
56072  -24.196  -9.249  47.880 0.0000000000
54789  -23.629  -9.447  47.550 0.0000000000
56085  -23.986  -9.163  46.823 0.0000000000
56106  -22.621  -8.909  44.895 0.0000000000
56094  -22.404  -9.244  45.299 0.0000000000
86408  -52.599  18.738  24.709 0.0000000000
86435  -53.437  19.856  22.665 0.0000000000
60602  -6.618  -5.281  47.818 0.0000000000
60600  -6.516  -6.097  47.061 0.0000000000
59568  -6.726  -6.567  46.757 0.0000000000
58442  -6.611  -6.899  47.086 0.0000000000
59514  -6.067  -7.022  48.628 0.0000000000
57271  -6.587  -7.999  48.137 0.0000000000
56082  -7.019  -8.607  47.905 0.0000000000
56091  -7.009  -8.335  47.167 0.0000000000
54786  -7.725  -9.504  47.692 0.0000000000
53518  -8.094  -10.063  47.412 0.0000000000
53506  -7.842  -10.348  47.971 0.0000000000
51189  -8.018  -11.701  48.806 0.0000000000
52252  -8.424  -11.264  48.206 0.0000000000
51182  -7.008  -12.092  49.566 0.0000000000
50121  -8.477  -14.565  49.672 0.0000000000
50125  -8.016  -14.065  49.349 0.0000000000
50122  -9.077  -14.764  49.339 0.0000000000
50127  -9.559  -14.524  48.829 0.0000000000
49084  -10.140  -15.652  48.657 0.0000000000
49079  -9.840  -15.884  49.264 0.0000000000
46925  -9.705  -17.478  48.866 0.0000000000
78042  -50.548  10.893  33.654 0.0000000000
78033  -51.801  10.582  34.692 0.0000000000
75884  -44.855  8.747  34.189 0.0000000000
74820  -43.861  8.442  33.350 0.0000000000
76984  -46.713  10.456  33.831 0.0000000000
76983  -46.062  9.768  33.703 0.0000000000
76992  -46.436  10.519  33.051 0.0000000000
76999  -45.530  10.306  32.205 0.0000000000
78048  -46.678  10.855  32.729 0.0000000000
78049  -47.279  11.075  32.847 0.0000000000
78041  -49.629  10.670  33.752 0.0000000000
78031  -50.219  10.611  34.106 0.0000000000
47987  -13.952  -15.641  57.017 0.0000000000
47993  -13.682  -15.977  56.903 0.0000000000
46881  -12.532  -17.034  57.002 0.0000000000
46882  -13.251  -16.467  56.545 0.0000000000
48007  -15.971  -15.736  56.431 0.0000000000
48002  -15.777  -15.760  56.871 0.0000000000
48006  -15.396  -15.885  56.426 0.0000000000
46895  -13.327  -17.150  54.609 0.0000000000
44703  -11.820  -18.443  54.450 0.0000000000
44706  -12.008  -18.590  53.797 0.0000000000
43662  -11.881  -19.866  51.371 0.0000000000
43657  -11.828  -19.761  52.147 0.0000000000
42530  -11.370  -20.691  50.938 0.0000000000
42538  -11.511  -20.736  49.993 0.0000000000
53478  -21.216  -11.299  48.488 0.0000000000
52246  -20.903  -12.063  48.589 0.0000000000
51188  -20.448  -12.594  48.920 0.0000000000
51181  -20.739  -12.743  49.707 0.0000000000
51175  -20.084  -12.888  49.881 0.0000000000
49090  -18.510  -14.423  47.638 0.0000000000
48051  -18.260  -15.058  47.793 0.0000000000
49081  -18.393  -13.943  49.687 0.0000000000
49082  -18.734  -13.585  49.108 0.0000000000
50116  -18.842  -13.536  50.486 0.0000000000
50112  -19.209  -13.010  51.145 0.0000000000
50107  -19.391  -13.324  52.157 0.0000000000
50111  -18.958  -13.816  51.411 0.0000000000
49068  -17.997  -14.702  51.773 0.0000000000
49064  -18.555  -14.495  52.490 0.0000000000
49059  -18.514  -14.611  53.317 0.0000000000
50099  -18.972  -14.238  53.863 0.0000000000
49058  -17.892  -15.056  53.491 0.0000000000
48021  -17.432  -15.070  52.710 0.0000000000
48039  -15.463  -16.124  50.993 0.0000000000
48033  -16.042  -15.598  51.530 0.0000000000
48032  -15.314  -15.856  51.741 0.0000000000
46912  -14.883  -16.543  51.073 0.0000000000
44757  -14.566  -18.534  47.389 0.0000000000
45776  -15.009  -17.570  48.098 0.0000000000
44746  -13.370  -18.621  48.547 0.0000000000
44733  -13.619  -18.630  49.250 0.0000000000
45756  -14.205  -17.967  50.238 0.0000000000
43684  -12.797  -19.530  49.415 0.0000000000
66178  -9.423  -1.694  45.596 0.0000000000
66196  -9.507  -1.218  44.324 0.0000000000
65116  -8.902  -1.729  44.192 0.0000000000
62821  -7.590  -4.094  45.469 0.0000000000
63955  -8.045  -3.602  45.064 0.0000000000
62822  -8.133  -3.894  44.951 0.0000000000
62848  -9.250  -3.001  43.236 0.0000000000
63987  -9.079  -2.479  42.213 0.0000000000
62849  -9.455  -3.366  42.373 0.0000000000
59615  -8.616  -6.136  41.883 0.0000000000
60687  -8.673  -5.129  41.283 0.0000000000
59614  -7.758  -5.880  40.771 0.0000000000
53531  -9.735  -10.295  45.737 0.0000000000
54813  -10.390  -9.842  45.160 0.0000000000
54825  -11.451  -9.709  43.801 0.0000000000
54823  -10.544  -9.156  44.381 0.0000000000
54834  -10.655  -8.909  43.467 0.0000000000
56116  -10.461  -8.693  43.710 0.0000000000
52335  -13.310  -12.453  40.785 0.0000000000
53568  -13.213  -11.074  40.690 0.0000000000
56162  -10.976  -8.997  40.655 0.0000000000
54868  -11.667  -9.193  41.002 0.0000000000
56144  -10.231  -8.511  40.927 0.0000000000
56143  -9.434  -8.119  40.344 0.0000000000
56174  -9.293  -8.415  39.161 0.0000000000
56159  -8.880  -8.182  39.622 0.0000000000
57345  -8.252  -7.844  39.430 0.0000000000
57335  -7.779  -7.341  39.942 0.0000000000
56172  -8.303  -8.042  38.794 0.0000000000
53408  -5.622  -11.505  53.661 0.0000000000
49023  -10.564  -15.661  57.082 0.0000000000
49021  -8.509  -16.331  57.238 0.0000000000
49034  -8.738  -15.736  56.460 0.0000000000
50072  -8.557  -15.330  55.971 0.0000000000
46885  -7.156  -17.871  56.047 0.0000000000
46880  -7.316  -17.617  56.854 0.0000000000
46879  -6.643  -17.271  55.930 0.0000000000
49030  -6.273  -15.921  55.081 0.0000000000
49031  -6.549  -15.687  55.795 0.0000000000
50069  -6.653  -15.025  55.675 0.0000000000
50083  -6.752  -14.494  55.278 0.0000000000
50082  -6.392  -14.460  54.974 0.0000000000
50094  -5.759  -14.288  54.030 0.0000000000
51136  -5.795  -13.523  54.086 0.0000000000
51135  -5.737  -13.919  53.650 0.0000000000
52210  -5.840  -12.592  53.596 0.0000000000
51150  -5.838  -13.668  53.222 0.0000000000
52221  -5.908  -13.192  53.098 0.0000000000
50104  -5.946  -14.388  52.813 0.0000000000
48023  -6.591  -15.978  53.120 0.0000000000
49062  -6.365  -15.257  52.609 0.0000000000
48029  -6.652  -15.558  52.677 0.0000000000
48030  -7.187  -15.820  52.399 0.0000000000
46910  -7.918  -16.845  52.517 0.0000000000
43651  -6.276  -19.959  52.846 0.0000000000
45744  -6.902  -18.284  53.440 0.0000000000
44719  -7.271  -20.070  50.638 0.0000000000
44712  -7.320  -19.553  51.596 0.0000000000
45753  -7.845  -19.441  50.872 0.0000000000
45754  -8.400  -18.357  51.165 0.0000000000
45762  -8.338  -19.297  50.097 0.0000000000
45763  -8.764  -18.476  50.197 0.0000000000
45786  -6.608  -19.945  47.665 0.0000000000
45787  -6.973  -19.496  47.814 0.0000000000
45801  -6.653  -19.436  46.924 0.0000000000
46936  -7.257  -18.945  47.068 0.0000000000
37275  -5.444  -25.468  50.796 0.0000000000
37295  -5.023  -26.126  48.848 0.0000000000
36169  -4.998  -27.269  49.029 0.0000000000
37286  -5.165  -25.612  49.706 0.0000000000
39386  -4.468  -24.202  50.798 0.0000000000
39395  -4.427  -24.439  49.927 0.0000000000
39412  -5.028  -24.745  48.473 0.0000000000
40430  -4.493  -23.875  49.440 0.0000000000
40437  -4.852  -24.068  48.738 0.0000000000
41462  -4.997  -23.421  48.947 0.0000000000
41470  -5.292  -23.653  48.337 0.0000000000
42584  -5.772  -22.643  47.090 0.0000000000
42585  -5.842  -22.237  46.582 0.0000000000
43709  -6.017  -21.614  46.657 0.0000000000
42596  -6.039  -22.256  46.138 0.0000000000
43716  -6.314  -21.404  45.849 0.0000000000
43725  -6.590  -21.041  45.251 0.0000000000
44800  -6.682  -20.178  45.429 0.0000000000
43734  -6.834  -20.910  44.755 0.0000000000
44832  -7.149  -20.134  44.393 0.0000000000
56101  -40.847  -9.311  44.879 0.0000000000
54809  -40.942  -9.705  45.175 0.0000000000
54796  -41.269  -9.984  46.195 0.0000000000
52318  -38.309  -10.750  43.547 0.0000000000
53551  -38.874  -10.567  43.657 0.0000000000
54820  -39.832  -9.879  44.096 0.0000000000
52291  -37.688  -11.411  45.584 0.0000000000
52307  -38.297  -10.904  44.178 0.0000000000
52261  -38.361  -11.519  47.293 0.0000000000
52275  -38.457  -11.618  46.502 0.0000000000
53504  -39.690  -11.464  47.179 0.0000000000
80069  -53.551  13.009  32.107 0.0000000000
79085  -49.212  11.429  31.949 0.0000000000
79086  -49.878  11.893  31.712 0.0000000000
79094  -50.311  12.987  30.079 0.0000000000
79088  -52.038  12.859  31.817 0.0000000000
74697  -43.173  8.067  43.908 0.0000000000
71522  -38.474  4.917  39.230 0.0000000000
72563  -39.185  5.845  40.114 0.0000000000
73671  -39.442  6.500  39.968 0.0000000000
73685  -39.551  6.758  39.487 0.0000000000
46946  -9.218  -17.331  46.090 0.0000000000
46952  -8.387  -17.559  44.889 0.0000000000
48067  -8.334  -17.955  43.946 0.0000000000
46962  -7.943  -18.459  43.792 0.0000000000
45851  -7.445  -19.046  43.996 0.0000000000
44833  -7.558  -20.073  43.729 0.0000000000
41434  -10.605  -20.935  51.735 0.0000000000
41433  -10.211  -21.217  51.964 0.0000000000
62887  -39.099  -3.873  41.353 0.0000000000
64024  -39.129  -3.244  41.801 0.0000000000
64007  -38.851  -2.555  42.103 0.0000000000
65142  -38.791  -1.880  42.169 0.0000000000
66228  -39.362  -0.957  42.572 0.0000000000
55984  -33.247  -9.131  53.206 0.0000000000
54818  -29.768  -9.465  44.240 0.0000000000
84373  -53.394  17.599  27.322 0.0000000000
54715  -5.592  -10.757  51.675 0.0000000000
53446  -5.694  -11.259  51.609 0.0000000000
52232  -5.983  -12.221  52.127 0.0000000000
74764  -47.796  8.560  38.007 0.0000000000
73704  -47.752  8.508  38.308 0.0000000000
73691  -48.234  9.043  38.791 0.0000000000
71562  -45.341  6.209  36.740 0.0000000000
72616  -45.444  6.311  36.939 0.0000000000
72628  -45.232  6.556  36.423 0.0000000000
73726  -45.266  7.326  36.527 0.0000000000
49028  -17.702  -14.422  56.398 0.0000000000
49029  -18.273  -14.194  56.185 0.0000000000
62894  -7.099  -3.319  39.534 0.0000000000
62907  -6.586  -3.428  38.790 0.0000000000
59569  -6.907  -6.331  46.498 0.0000000000
59580  -7.435  -6.205  46.240 0.0000000000
57299  -8.292  -7.732  46.149 0.0000000000
50176  -10.508  -15.468  39.005 0.0000000000
51252  -10.806  -14.510  38.994 0.0000000000
51251  -10.872  -15.088  38.320 0.0000000000
51270  -9.723  -14.394  36.823 0.0000000000
51128  -12.003  -14.466  54.714 0.0000000000
40388  -5.779  -22.663  54.412 0.0000000000
41416  -6.263  -21.862  54.579 0.0000000000
41421  -5.793  -22.314  54.097 0.0000000000
41426  -5.591  -22.510  53.790 0.0000000000
42518  -5.553  -22.350  53.214 0.0000000000
41432  -4.986  -22.835  52.250 0.0000000000
56155  -40.162  -8.679  42.248 0.0000000000
57328  -39.761  -8.133  41.855 0.0000000000
57329  -40.314  -8.186  41.973 0.0000000000
60694  -40.012  -5.950  41.788 0.0000000000
59617  -40.571  -6.436  42.110 0.0000000000
52272  -35.488  -11.622  45.810 0.0000000000
52257  -34.971  -11.286  46.562 0.0000000000
52270  -33.885  -11.291  45.511 0.0000000000
53527  -32.715  -11.423  45.229 0.0000000000
52284  -32.497  -11.364  44.751 0.0000000000
81142  -53.271  15.000  28.800 0.0000000000
80090  -51.506  13.330  29.120 0.0000000000
79110  -51.586  12.398  27.621 0.0000000000
80111  -52.464  13.616  27.659 0.0000000000
81150  -52.745  14.130  27.720 0.0000000000
80112  -52.641  13.980  28.017 0.0000000000
81141  -53.146  14.786  28.873 0.0000000000
72567  -45.449  6.377  39.090 0.0000000000
73633  -46.509  7.815  41.886 0.0000000000
73701  -42.526  7.131  37.395 0.0000000000
72581  -43.341  6.845  37.680 0.0000000000
71524  -44.252  6.334  37.151 0.0000000000
72582  -44.153  6.442  37.871 0.0000000000
53536  -20.974  -10.964  44.697 0.0000000000
66212  -8.363  -0.665  41.311 0.0000000000
52264  -9.682  -12.042  47.343 0.0000000000
52266  -11.193  -13.079  46.669 0.0000000000
51203  -11.552  -13.310  46.332 0.0000000000
49107  -10.027  -16.215  43.985 0.0000000000
49111  -10.610  -16.094  42.911 0.0000000000
50146  -10.943  -16.050  42.275 0.0000000000
50157  -10.750  -15.849  41.540 0.0000000000
49126  -10.061  -16.410  41.015 0.0000000000
47015  -9.840  -17.651  40.417 0.0000000000
46876  -12.328  -17.128  57.541 0.0000000000
46869  -11.560  -17.397  58.360 0.0000000000
45722  -11.629  -17.908  58.122 0.0000000000
45721  -11.159  -18.412  57.860 0.0000000000
43622  -10.609  -18.839  57.210 0.0000000000
40400  -8.662  -21.880  53.874 0.0000000000
41423  -8.501  -21.814  54.762 0.0000000000
40396  -8.152  -22.364  54.200 0.0000000000
40395  -7.824  -22.429  54.572 0.0000000000
39350  -7.320  -22.775  54.283 0.0000000000
39349  -7.030  -22.893  54.271 0.0000000000
39355  -6.904  -23.426  53.903 0.0000000000
38312  -6.604  -23.876  53.755 0.0000000000
70408  -40.640  4.583  42.975 0.0000000000
70409  -40.817  4.106  43.174 0.0000000000
62908  -36.857  -4.180  39.535 0.0000000000
68328  -38.990  1.352  40.875 0.0000000000
53456  -32.999  -10.245  50.767 0.0000000000
53468  -32.874  -10.063  50.102 0.0000000000
53481  -31.295  -9.656  49.133 0.0000000000
56089  -28.175  -8.928  46.513 0.0000000000
56076  -27.813  -9.039  47.122 0.0000000000
56066  -27.349  -9.022  47.840 0.0000000000
56065  -26.636  -8.631  48.110 0.0000000000
83331  -49.866  16.012  24.862 0.0000000000
58407  -6.241  -7.558  49.166 0.0000000000
54773  -7.222  -9.657  48.506 0.0000000000
54774  -7.547  -10.095  48.202 0.0000000000
53493  -7.216  -10.786  48.495 0.0000000000
51183  -7.637  -12.228  49.355 0.0000000000
50119  -7.148  -13.749  50.445 0.0000000000
49078  -9.252  -15.428  49.879 0.0000000000
46919  -9.542  -17.346  49.731 0.0000000000
46924  -8.985  -18.307  49.175 0.0000000000
76977  -50.818  10.274  35.119 0.0000000000
76953  -50.963  9.898  35.892 0.0000000000
75864  -45.943  9.452  35.629 0.0000000000
76948  -46.367  9.827  34.878 0.0000000000
76973  -46.987  10.372  34.519 0.0000000000
76985  -47.688  10.949  33.840 0.0000000000
76987  -49.277  10.416  34.334 0.0000000000
47994  -14.465  -15.731  56.836 0.0000000000
46897  -14.725  -16.403  54.937 0.0000000000
46893  -14.730  -16.399  55.307 0.0000000000
46896  -14.260  -16.713  54.609 0.0000000000
46900  -13.584  -17.096  53.908 0.0000000000
45742  -12.939  -17.872  53.449 0.0000000000
44713  -13.024  -19.276  51.295 0.0000000000
51202  -20.102  -12.412  47.138 0.0000000000
51196  -20.122  -12.411  48.103 0.0000000000
51195  -19.592  -12.917  47.505 0.0000000000
50133  -19.237  -13.299  47.827 0.0000000000
50129  -19.418  -13.452  48.396 0.0000000000
48054  -18.112  -16.053  47.371 0.0000000000
48050  -17.734  -15.209  48.345 0.0000000000
49074  -17.865  -14.426  50.896 0.0000000000
48035  -17.300  -14.844  51.060 0.0000000000
48028  -17.382  -14.964  51.945 0.0000000000
48040  -16.065  -16.002  50.551 0.0000000000
42561  -12.973  -20.182  47.716 0.0000000000
42550  -12.788  -20.085  48.489 0.0000000000
65088  -8.724  -1.964  45.324 0.0000000000
60645  -8.392  -5.530  45.005 0.0000000000
61739  -8.757  -5.080  44.220 0.0000000000
61752  -9.513  -4.429  43.576 0.0000000000
60673  -9.196  -5.372  42.649 0.0000000000
58496  -9.208  -6.890  41.371 0.0000000000
54814  -10.773  -10.088  45.002 0.0000000000
53542  -11.131  -10.245  44.801 0.0000000000
53543  -11.736  -10.227  43.942 0.0000000000
54836  -11.402  -9.670  43.084 0.0000000000
53595  -12.579  -11.288  38.811 0.0000000000
54870  -12.808  -10.368  39.911 0.0000000000
54886  -12.601  -10.659  39.041 0.0000000000
54884  -11.610  -9.101  39.882 0.0000000000
56176  -10.665  -9.046  39.646 0.0000000000
56160  -9.530  -8.595  40.026 0.0000000000
56189  -9.835  -8.580  38.582 0.0000000000
56188  -9.362  -8.524  38.212 0.0000000000
56187  -9.049  -8.361  38.137 0.0000000000
47990  -9.436  -17.013  58.299 0.0000000000
49009  -9.791  -16.490  57.932 0.0000000000
47999  -8.774  -16.772  57.794 0.0000000000
49008  -8.199  -16.685  57.570 0.0000000000
49020  -7.488  -16.213  57.293 0.0000000000
129269  -6.306  -17.943  55.165 0.0000000000
129264  -6.229  -16.914  55.246 0.0000000000
48003  -6.190  -16.399  54.954 0.0000000000
49042  -6.165  -15.510  54.541 0.0000000000
49050  -5.880  -15.142  53.937 0.0000000000
49055  -5.810  -14.868  53.445 0.0000000000
49060  -5.881  -14.876  53.065 0.0000000000
48022  -6.382  -16.032  53.517 0.0000000000
46905  -7.221  -17.015  53.381 0.0000000000
43660  -6.380  -20.935  51.297 0.0000000000
44718  -6.777  -20.647  50.410 0.0000000000
44732  -7.209  -20.369  49.789 0.0000000000
45760  -7.235  -20.214  49.081 0.0000000000
45785  -6.521  -20.254  47.370 0.0000000000
36182  -5.064  -27.494  48.746 0.0000000000
38378  -5.126  -25.469  48.855 0.0000000000
38390  -5.385  -25.576  48.187 0.0000000000
39423  -5.300  -24.738  47.841 0.0000000000
53574  -37.161  -9.817  42.222 0.0000000000
53591  -37.405  -9.432  42.086 0.0000000000
53575  -37.818  -10.264  41.949 0.0000000000
54844  -39.483  -9.342  42.559 0.0000000000
54832  -39.365  -9.971  43.296 0.0000000000
54845  -40.068  -9.113  42.713 0.0000000000
56138  -40.510  -8.843  42.622 0.0000000000
57320  -41.301  -7.969  43.185 0.0000000000
51211  -34.923  -11.808  43.658 0.0000000000
51218  -35.139  -11.563  43.331 0.0000000000
51225  -35.233  -11.045  42.884 0.0000000000
52326  -35.843  -10.748  42.938 0.0000000000
52345  -36.529  -9.983  42.097 0.0000000000
52259  -36.634  -11.480  47.010 0.0000000000
52260  -37.649  -11.432  47.384 0.0000000000
52288  -35.066  -12.089  44.989 0.0000000000
80084  -53.341  14.021  30.811 0.0000000000
81130  -53.772  14.323  31.285 0.0000000000
78083  -47.968  11.041  29.657 0.0000000000
77024  -47.771  10.962  28.759 0.0000000000
78094  -48.408  10.929  28.868 0.0000000000
78096  -49.853  10.967  27.851 0.0000000000
78086  -50.344  11.766  28.134 0.0000000000
80089  -50.906  13.045  29.571 0.0000000000
73631  -45.035  8.216  41.986 0.0000000000
71556  -37.839  5.663  36.611 0.0000000000
72611  -38.539  6.344  36.412 0.0000000000
73687  -42.637  7.784  38.502 0.0000000000
67281  -9.865  -0.608  43.051 0.0000000000
49089  -10.971  -15.374  47.365 0.0000000000
50132  -11.196  -14.815  47.263 0.0000000000
49092  -10.866  -15.985  47.038 0.0000000000
48064  -10.971  -15.991  46.102 0.0000000000
48062  -9.502  -17.040  45.571 0.0000000000
48070  -9.912  -16.605  44.817 0.0000000000
48075  -9.487  -16.952  43.747 0.0000000000
48081  -9.401  -17.568  42.309 0.0000000000
46998  -9.368  -17.919  41.555 0.0000000000
45895  -8.883  -19.018  42.300 0.0000000000
45894  -8.449  -19.391  42.945 0.0000000000
43756  -9.344  -20.652  42.304 0.0000000000
44698  -11.123  -18.898  55.520 0.0000000000
44692  -10.880  -19.221  56.008 0.0000000000
43645  -10.455  -19.952  54.769 0.0000000000
42510  -10.108  -20.278  54.968 0.0000000000
42512  -9.895  -20.972  54.514 0.0000000000
41431  -10.058  -21.485  53.106 0.0000000000
41430  -9.427  -21.576  53.231 0.0000000000
41427  -9.617  -21.543  53.793 0.0000000000
40402  -8.421  -22.995  53.073 0.0000000000
69313  -40.341  2.686  43.511 0.0000000000
60707  -38.509  -6.244  40.241 0.0000000000
60706  -38.189  -6.240  39.611 0.0000000000
61815  -38.403  -5.611  40.428 0.0000000000
62896  -38.394  -4.080  40.540 0.0000000000
64054  -37.654  -3.780  39.994 0.0000000000
64053  -37.217  -2.803  39.386 0.0000000000
65182  -37.124  -1.976  39.503 0.0000000000
66252  -37.661  -0.704  40.917 0.0000000000
67325  -37.853  -0.093  41.091 0.0000000000
67315  -38.783  0.997  42.063 0.0000000000
55998  -30.769  -9.459  52.643 0.0000000000
54705  -30.524  -9.755  52.213 0.0000000000
54794  -31.595  -8.982  47.059 0.0000000000
54781  -31.955  -9.168  47.589 0.0000000000
54793  -30.739  -9.152  46.598 0.0000000000
54792  -29.623  -9.168  46.251 0.0000000000
54805  -28.784  -8.672  44.739 0.0000000000
54791  -28.673  -8.849  45.881 0.0000000000
83324  -50.572  15.300  25.587 0.0000000000
83325  -51.175  15.741  26.298 0.0000000000
84377  -50.572  16.255  25.537 0.0000000000
84383  -50.448  17.297  24.655 0.0000000000
84384  -51.163  17.617  25.093 0.0000000000
85401  -52.437  18.236  25.392 0.0000000000
84380  -52.956  17.303  26.800 0.0000000000
53476  -6.290  -11.018  49.670 0.0000000000
49071  -7.394  -15.012  51.300 0.0000000000
75867  -49.207  9.901  36.437 0.0000000000
75845  -49.329  9.741  37.128 0.0000000000
74765  -48.504  9.250  37.992 0.0000000000
71574  -44.411  6.120  35.146 0.0000000000
70509  -43.677  5.963  34.462 0.0000000000
73744  -44.298  7.301  34.462 0.0000000000
74800  -44.795  8.031  34.809 0.0000000000
74801  -45.197  8.556  35.508 0.0000000000
74790  -45.549  8.389  36.444 0.0000000000
75866  -48.143  9.815  36.462 0.0000000000
49016  -16.593  -14.856  57.342 0.0000000000
49039  -17.203  -14.924  56.112 0.0000000000
48010  -16.159  -15.687  55.607 0.0000000000
48013  -15.246  -16.154  54.903 0.0000000000
48066  -17.719  -15.053  45.134 0.0000000000
48065  -17.898  -15.641  45.663 0.0000000000
48059  -18.195  -15.921  46.374 0.0000000000
46935  -17.621  -16.237  46.483 0.0000000000
46934  -17.015  -16.258  46.959 0.0000000000
46928  -16.718  -16.242  47.818 0.0000000000
46927  -15.822  -16.388  47.894 0.0000000000
45790  -15.594  -17.248  47.343 0.0000000000
45789  -15.356  -18.123  47.003 0.0000000000
63914  -7.899  -2.897  46.564 0.0000000000
65071  -7.878  -2.753  46.123 0.0000000000
63925  -7.500  -3.504  46.009 0.0000000000
60644  -7.794  -5.419  45.647 0.0000000000
59583  -9.207  -6.326  44.374 0.0000000000
58477  -9.776  -7.443  43.543 0.0000000000
51220  -13.147  -13.234  42.158 0.0000000000
52319  -13.473  -12.384  41.914 0.0000000000
51233  -13.214  -13.205  41.319 0.0000000000
52334  -12.912  -13.396  40.589 0.0000000000
52353  -12.700  -13.009  39.886 0.0000000000
51253  -11.518  -13.524  39.117 0.0000000000
52367  -11.488  -13.077  38.684 0.0000000000
52368  -12.133  -12.748  38.973 0.0000000000
52386  -12.039  -11.956  38.166 0.0000000000
52403  -11.432  -12.025  37.198 0.0000000000
52419  -10.983  -11.676  36.884 0.0000000000
53637  -10.377  -11.339  36.374 0.0000000000
51165  -11.190  -13.478  52.608 0.0000000000
52214  -10.656  -13.343  52.550 0.0000000000
51155  -9.926  -13.590  52.955 0.0000000000
51141  -9.342  -14.096  53.768 0.0000000000
44674  -7.848  -19.190  57.157 0.0000000000
45719  -7.805  -18.447  57.585 0.0000000000
44686  -8.019  -18.812  56.225 0.0000000000
44691  -8.180  -18.769  55.350 0.0000000000
46889  -7.189  -18.560  55.443 0.0000000000
43636  -6.925  -19.620  54.920 0.0000000000
129265  -6.242  -18.322  54.876 0.0000000000
45737  -6.132  -18.691  53.941 0.0000000000
45741  -6.366  -18.218  53.859 0.0000000000
44700  -6.206  -19.204  53.608 0.0000000000
43654  -6.081  -21.308  51.913 0.0000000000
43659  -5.881  -21.584  51.188 0.0000000000
57361  -37.936  -7.613  38.863 0.0000000000
54877  -37.263  -8.680  41.414 0.0000000000
56182  -38.067  -8.146  40.642 0.0000000000
57338  -39.150  -7.770  41.748 0.0000000000
57337  -38.610  -7.733  41.196 0.0000000000
57346  -38.457  -7.689  40.441 0.0000000000
58512  -38.638  -7.290  39.742 0.0000000000
58520  -38.784  -7.087  39.703 0.0000000000
59636  -38.720  -6.899  39.888 0.0000000000
60700  -38.827  -6.128  40.835 0.0000000000
61809  -39.184  -5.445  41.295 0.0000000000
62888  -39.548  -4.613  41.705 0.0000000000
53501  -34.892  -11.230  47.265 0.0000000000
53525  -31.461  -9.368  45.639 0.0000000000
53538  -30.758  -9.943  44.452 0.0000000000
79124  -51.246  11.763  27.218 0.0000000000
79130  -51.192  11.779  26.610 0.0000000000
78130  -50.472  11.558  25.804 0.0000000000
80128  -52.120  13.676  26.606 0.0000000000
81165  -52.379  14.152  26.765 0.0000000000
81155  -52.831  14.263  27.393 0.0000000000
82263  -52.957  15.035  27.554 0.0000000000
72585  -46.497  6.907  38.483 0.0000000000
72586  -46.974  7.415  38.794 0.0000000000
72554  -47.469  7.422  39.920 0.0000000000
72538  -46.588  7.410  40.428 0.0000000000
71525  -44.731  6.293  37.512 0.0000000000
71545  -45.582  6.215  37.570 0.0000000000
54761  -23.214  -9.906  48.627 0.0000000000
53466  -22.702  -10.333  49.133 0.0000000000
53495  -21.055  -10.978  47.529 0.0000000000
52268  -20.416  -11.576  46.792 0.0000000000
52283  -20.499  -11.526  45.560 0.0000000000
52267  -20.099  -12.479  46.071 0.0000000000
49101  -18.067  -14.026  45.435 0.0000000000
49104  -17.862  -14.549  44.925 0.0000000000
65150  -7.954  -1.778  40.637 0.0000000000
62879  -7.122  -3.663  39.908 0.0000000000
61797  -7.108  -4.280  39.785 0.0000000000
59622  -7.280  -5.933  39.796 0.0000000000
54798  -8.120  -9.484  46.912 0.0000000000
54799  -8.744  -9.486  46.307 0.0000000000
53521  -9.376  -10.578  46.358 0.0000000000
50134  -11.491  -14.794  46.737 0.0000000000
51200  -11.784  -14.373  46.073 0.0000000000
50140  -11.342  -15.376  44.564 0.0000000000
50141  -11.863  -14.665  44.651 0.0000000000
51206  -12.436  -13.622  44.684 0.0000000000
51212  -12.595  -13.922  43.438 0.0000000000
51213  -13.071  -13.153  43.199 0.0000000000
51219  -12.629  -13.975  42.334 0.0000000000
51231  -11.484  -14.273  41.101 0.0000000000
50168  -11.107  -14.622  40.653 0.0000000000
50167  -10.785  -15.212  40.399 0.0000000000
50177  -10.789  -15.016  39.605 0.0000000000
49011  -11.342  -15.957  57.503 0.0000000000
47992  -10.931  -16.405  58.118 0.0000000000
47983  -11.083  -16.902  58.544 0.0000000000
47982  -10.258  -17.319  58.744 0.0000000000
47981  -9.622  -17.580  58.764 0.0000000000
46865  -8.720  -18.214  58.319 0.0000000000
45714  -8.262  -18.576  58.205 0.0000000000
43635  -10.397  -19.474  56.327 0.0000000000
43634  -10.114  -19.611  56.419 0.0000000000
42499  -9.797  -19.639  56.580 0.0000000000
41418  -8.833  -21.117  55.380 0.0000000000
42504  -9.270  -20.028  56.001 0.0000000000
43626  -9.539  -19.417  57.037 0.0000000000
44682  -8.540  -19.373  57.364 0.0000000000
43619  -8.251  -19.567  57.204 0.0000000000
43617  -7.914  -19.532  56.995 0.0000000000
42495  -7.090  -20.651  56.435 0.0000000000
41406  -6.859  -21.251  56.391 0.0000000000
40384  -6.595  -22.084  55.045 0.0000000000
40391  -7.033  -22.395  54.851 0.0000000000
40390  -6.593  -22.536  54.735 0.0000000000
40389  -6.165  -22.609  54.593 0.0000000000
39352  -5.511  -23.485  54.094 0.0000000000
73644  -40.863  6.754  42.313 0.0000000000
73630  -41.169  6.726  43.299 0.0000000000
72524  -40.859  5.499  43.726 0.0000000000
60717  -37.825  -6.191  39.035 0.0000000000
60732  -37.350  -5.999  37.979 0.0000000000
61830  -37.425  -5.137  38.239 0.0000000000
68381  -37.724  2.807  38.651 0.0000000000
69356  -38.599  3.695  39.274 0.0000000000
70463  -39.051  4.154  39.664 0.0000000000
69343  -39.301  3.559  40.321 0.0000000000
71508  -39.101  4.549  40.225 0.0000000000
72549  -39.879  5.820  41.106 0.0000000000
54662  -27.641  -9.867  53.495 0.0000000000
54679  -25.792  -10.072  52.284 0.0000000000
54725  -24.460  -9.782  50.410 0.0000000000
54745  -24.258  -9.739  49.537 0.0000000000
54707  -32.731  -9.784  51.629 0.0000000000
54685  -32.145  -9.745  51.879 0.0000000000
56018  -31.770  -9.725  51.771 0.0000000000
54730  -29.801  -10.176  50.897 0.0000000000
54768  -30.646  -9.753  49.097 0.0000000000
54747  -26.187  -9.334  49.339 0.0000000000
54746  -25.079  -9.568  49.554 0.0000000000
54763  -24.640  -9.572  49.123 0.0000000000
54762  -24.068  -9.696  48.832 0.0000000000
54776  -23.098  -9.638  47.873 0.0000000000
54787  -22.362  -10.032  46.644 0.0000000000
56084  -23.259  -9.393  46.508 0.0000000000
54802  -22.156  -9.764  45.723 0.0000000000
85407  -51.288  18.326  24.306 0.0000000000
86417  -51.537  18.949  23.440 0.0000000000
86427  -51.917  19.402  22.839 0.0000000000
86440  -53.362  19.888  21.820 0.0000000000
61691  -6.596  -4.897  46.980 0.0000000000
60615  -6.715  -5.727  46.599 0.0000000000
57293  -7.051  -7.732  46.738 0.0000000000
59525  -6.319  -6.832  47.998 0.0000000000
59536  -6.516  -6.611  47.373 0.0000000000
57284  -6.716  -7.680  47.295 0.0000000000
56092  -7.529  -8.645  46.808 0.0000000000
52262  -8.598  -10.902  47.582 0.0000000000
52254  -9.271  -12.547  47.888 0.0000000000
51179  -7.810  -13.754  49.509 0.0000000000
51184  -8.134  -13.319  49.010 0.0000000000
51185  -9.008  -13.716  48.539 0.0000000000
51186  -9.572  -13.936  48.436 0.0000000000
50130  -9.990  -14.249  48.337 0.0000000000
46939  -9.986  -17.096  47.349 0.0000000000
48048  -10.085  -16.632  48.750 0.0000000000
46938  -9.374  -17.515  46.842 0.0000000000
79070  -52.050  11.449  33.452 0.0000000000
78044  -52.239  11.104  33.913 0.0000000000
72587  -47.333  7.605  39.062 0.0000000000
74696  -42.214  7.991  44.375 0.0000000000
74830  -43.623  8.721  32.642 0.0000000000
75894  -45.250  9.320  33.717 0.0000000000
75898  -45.038  9.252  33.221 0.0000000000
75897  -44.554  9.267  32.784 0.0000000000
76998  -44.780  9.897  32.083 0.0000000000
77010  -45.160  10.201  31.713 0.0000000000
78066  -45.610  10.571  31.437 0.0000000000
78057  -46.389  10.780  32.209 0.0000000000
78050  -48.526  11.139  32.475 0.0000000000
78040  -48.713  10.877  33.363 0.0000000000
79077  -49.232  11.215  32.419 0.0000000000
78052  -50.171  11.065  32.972 0.0000000000
78053  -50.898  11.351  33.105 0.0000000000
46871  -12.550  -16.622  57.310 0.0000000000
45731  -12.313  -17.737  56.882 0.0000000000
45730  -11.834  -18.204  56.529 0.0000000000
49015  -15.832  -15.218  57.476 0.0000000000
47995  -15.296  -15.565  56.965 0.0000000000
46883  -14.178  -16.205  56.494 0.0000000000
46887  -13.664  -16.574  56.069 0.0000000000
45735  -12.325  -17.711  56.007 0.0000000000
45734  -11.635  -18.298  55.513 0.0000000000
44702  -11.208  -18.978  54.450 0.0000000000
43649  -11.045  -19.591  53.627 0.0000000000
43653  -11.093  -20.174  53.021 0.0000000000
44709  -11.663  -19.748  52.625 0.0000000000
42521  -11.000  -20.639  52.361 0.0000000000
42525  -11.034  -20.725  51.703 0.0000000000
41450  -10.883  -21.367  50.310 0.0000000000
53465  -21.701  -10.939  49.520 0.0000000000
53453  -22.095  -11.061  50.690 0.0000000000
52242  -21.123  -12.017  49.481 0.0000000000
52240  -21.627  -11.601  50.909 0.0000000000
51173  -20.578  -12.082  51.379 0.0000000000
49095  -18.537  -14.624  46.714 0.0000000000
49086  -18.178  -14.187  48.530 0.0000000000
50124  -19.395  -13.310  49.221 0.0000000000
51172  -19.930  -12.490  50.715 0.0000000000
51168  -20.759  -12.090  52.651 0.0000000000
51158  -20.005  -12.820  52.966 0.0000000000
50106  -19.043  -14.028  52.331 0.0000000000
50100  -19.734  -13.913  54.026 0.0000000000
49053  -17.879  -14.832  54.364 0.0000000000
49057  -17.362  -15.117  53.982 0.0000000000
48027  -16.722  -15.120  52.199 0.0000000000
48025  -15.133  -15.635  52.694 0.0000000000
46908  -14.624  -16.320  51.901 0.0000000000
46926  -15.366  -16.718  48.358 0.0000000000
46920  -15.198  -16.814  49.079 0.0000000000
44747  -14.033  -18.353  48.447 0.0000000000
45757  -14.604  -17.381  50.050 0.0000000000
45752  -13.646  -18.040  51.432 0.0000000000
44714  -13.385  -18.746  51.180 0.0000000000
44720  -12.937  -19.359  50.538 0.0000000000
43670  -12.479  -19.778  50.312 0.0000000000
42549  -12.269  -20.366  48.970 0.0000000000
42539  -11.981  -20.249  49.755 0.0000000000
66195  -9.421  -1.191  43.312 0.0000000000
65086  -7.828  -2.908  45.659 0.0000000000
63941  -8.543  -2.265  45.028 0.0000000000
63956  -8.649  -2.980  44.617 0.0000000000
63957  -8.772  -2.244  44.437 0.0000000000
65099  -9.144  -1.813  43.384 0.0000000000
63988  -8.806  -2.905  41.624 0.0000000000
64001  -8.430  -3.029  41.272 0.0000000000
61787  -9.335  -4.189  41.352 0.0000000000
61786  -9.079  -4.244  41.087 0.0000000000
61785  -8.194  -4.248  40.547 0.0000000000
59623  -7.491  -5.842  40.249 0.0000000000
58503  -6.998  -6.525  39.966 0.0000000000
54811  -8.993  -9.076  45.740 0.0000000000
56105  -9.348  -8.608  45.384 0.0000000000
56115  -10.079  -8.574  44.634 0.0000000000
57306  -10.281  -8.043  43.250 0.0000000000
53545  -13.281  -11.427  42.577 0.0000000000
53554  -12.671  -10.642  42.027 0.0000000000
54837  -11.809  -10.067  42.247 0.0000000000
54853  -12.733  -10.221  40.760 0.0000000000
54851  -11.298  -9.562  41.856 0.0000000000
54850  -10.975  -9.303  42.424 0.0000000000
56129  -10.644  -8.686  42.422 0.0000000000
57316  -10.517  -8.190  42.300 0.0000000000
58486  -9.830  -7.327  42.406 0.0000000000
57315  -10.056  -7.641  41.801 0.0000000000
57326  -8.194  -7.218  40.576 0.0000000000
58504  -7.328  -7.023  40.402 0.0000000000
57334  -7.271  -7.022  39.831 0.0000000000
57343  -7.487  -6.950  39.403 0.0000000000
57352  -8.168  -7.324  38.810 0.0000000000
54650  -5.489  -11.111  53.391 0.0000000000
49037  -11.504  -15.084  56.266 0.0000000000
50074  -11.059  -14.984  55.767 0.0000000000
50073  -10.184  -15.029  55.792 0.0000000000
49022  -9.579  -16.048  57.270 0.0000000000
49035  -9.752  -15.388  56.458 0.0000000000
49044  -9.454  -15.186  55.743 0.0000000000
50086  -9.585  -14.879  55.157 0.0000000000
50096  -7.914  -14.292  54.707 0.0000000000
47998  -7.240  -16.739  57.300 0.0000000000
48005  -6.649  -16.028  56.471 0.0000000000
50070  -7.149  -14.974  56.076 0.0000000000
50084  -7.431  -14.504  55.278 0.0000000000
50095  -7.394  -14.058  54.830 0.0000000000
51139  -7.267  -13.406  54.459 0.0000000000
51138  -6.466  -13.234  54.621 0.0000000000
52200  -6.107  -12.702  54.114 0.0000000000
51123  -6.070  -13.898  54.586 0.0000000000
51137  -6.071  -13.289  54.388 0.0000000000
53394  -5.784  -12.175  53.680 0.0000000000
53407  -5.663  -11.732  53.581 0.0000000000
53419  -5.691  -11.719  53.256 0.0000000000
52222  -5.873  -12.549  52.913 0.0000000000
51161  -6.048  -13.533  52.675 0.0000000000
51170  -6.190  -13.923  52.268 0.0000000000
49065  -6.141  -14.955  52.340 0.0000000000
50109  -6.292  -14.404  52.040 0.0000000000
49067  -7.044  -15.080  51.932 0.0000000000
48036  -7.491  -15.612  51.835 0.0000000000
48037  -8.038  -16.151  51.405 0.0000000000
45745  -7.564  -18.263  52.763 0.0000000000
44708  -7.401  -19.082  52.205 0.0000000000
45746  -7.854  -17.600  52.628 0.0000000000
45750  -8.057  -17.883  52.158 0.0000000000
46913  -8.308  -17.106  51.816 0.0000000000
46914  -8.689  -17.263  51.194 0.0000000000
46923  -8.444  -18.989  48.873 0.0000000000
45773  -7.317  -19.795  48.656 0.0000000000
45788  -7.498  -19.429  48.216 0.0000000000
46930  -8.172  -18.992  48.030 0.0000000000
46943  -6.921  -19.227  45.530 0.0000000000
38339  -5.260  -24.259  52.132 0.0000000000
34963  -4.868  -27.634  49.236 0.0000000000
36140  -5.389  -25.848  49.947 0.0000000000
37274  -5.081  -25.229  50.567 0.0000000000
38350  -4.838  -24.604  51.183 0.0000000000
39374  -4.742  -23.950  51.723 0.0000000000
40414  -4.466  -23.508  51.156 0.0000000000
42547  -5.135  -22.610  49.919 0.0000000000
42559  -5.337  -22.734  49.071 0.0000000000
43681  -5.719  -22.070  49.190 0.0000000000
39434  -5.567  -24.695  47.298 0.0000000000
40453  -5.502  -24.107  47.440 0.0000000000
41484  -5.611  -23.478  47.558 0.0000000000
43693  -5.751  -22.057  48.293 0.0000000000
43694  -6.082  -21.406  48.398 0.0000000000
43702  -6.036  -21.416  47.543 0.0000000000
45799  -6.477  -20.426  46.889 0.0000000000
44781  -6.407  -20.762  46.312 0.0000000000
45815  -6.507  -20.135  46.366 0.0000000000
45816  -6.486  -19.610  46.018 0.0000000000
45831  -6.719  -19.404  45.202 0.0000000000
42634  -8.643  -21.738  43.026 0.0000000000
38310  -5.784  -23.856  54.092 0.0000000000
38314  -5.083  -23.970  53.733 0.0000000000
39346  -5.820  -23.017  54.446 0.0000000000
39351  -5.224  -23.486  53.801 0.0000000000
39353  -6.112  -23.612  54.261 0.0000000000
39359  -5.218  -23.785  53.869 0.0000000000
40383  -6.271  -22.158  54.726 0.0000000000
40392  -7.572  -22.231  55.098 0.0000000000
40393  -5.199  -23.317  53.664 0.0000000000
40397  -8.572  -21.830  54.382 0.0000000000
41409  -8.055  -20.662  56.027 0.0000000000
41411  -6.703  -21.546  55.799 0.0000000000
41412  -7.046  -21.692  56.131 0.0000000000
41413  -7.535  -21.559  56.126 0.0000000000
41422  -8.163  -22.144  54.692 0.0000000000
41428  -10.172  -21.360  53.700 0.0000000000
41429  -5.171  -22.903  52.971 0.0000000000
41441  -10.210  -21.450  50.876 0.0000000000
42492  -7.917  -19.994  57.145 0.0000000000
42493  -7.929  -20.048  56.931 0.0000000000
42497  -8.167  -20.121  56.229 0.0000000000
42498  -8.367  -20.340  56.358 0.0000000000
42502  -6.617  -20.912  56.277 0.0000000000
42503  -8.528  -20.244  55.994 0.0000000000
42506  -10.101  -20.016  55.622 0.0000000000
42508  -9.344  -20.477  55.476 0.0000000000
42514  -5.594  -22.416  53.574 0.0000000000
42524  -10.675  -20.880  52.122 0.0000000000
42595  -5.897  -22.661  46.565 0.0000000000
43618  -8.026  -19.517  57.310 0.0000000000
43621  -10.302  -18.843  57.335 0.0000000000
43624  -7.645  -19.884  56.419 0.0000000000
43625  -8.712  -19.736  56.853 0.0000000000
43627  -10.220  -19.388  56.839 0.0000000000
43628  -10.576  -19.014  56.965 0.0000000000
43629  -6.735  -20.464  55.480 0.0000000000
43630  -6.729  -20.403  55.949 0.0000000000
43631  -7.280  -20.011  55.985 0.0000000000
43633  -9.012  -19.922  56.366 0.0000000000
43639  -8.053  -19.171  55.062 0.0000000000
43640  -8.251  -18.743  55.068 0.0000000000
43643  -7.875  -18.810  54.936 0.0000000000
43644  -8.095  -18.765  54.859 0.0000000000
43647  -6.234  -19.635  53.262 0.0000000000
43652  -10.751  -20.596  53.387 0.0000000000
43656  -11.442  -20.231  52.100 0.0000000000
43671  -12.854  -19.374  50.157 0.0000000000
43696  -13.326  -18.622  48.170 0.0000000000
43708  -5.784  -22.102  46.876 0.0000000000
43726  -6.795  -20.557  45.046 0.0000000000
43733  -6.582  -21.410  44.969 0.0000000000
44675  -7.875  -19.058  57.713 0.0000000000
44678  -10.233  -18.494  57.950 0.0000000000
44679  -10.734  -18.567  57.769 0.0000000000
44680  -8.037  -18.994  56.576 0.0000000000
44681  -7.768  -18.861  57.128 0.0000000000
44683  -9.101  -19.067  57.515 0.0000000000
44685  -8.035  -19.600  55.776 0.0000000000
44689  -7.543  -19.710  55.467 0.0000000000
44690  -7.794  -18.994  55.620 0.0000000000
44695  -7.594  -18.922  55.185 0.0000000000
44696  -7.985  -18.589  55.080 0.0000000000
44697  -10.781  -19.392  55.190 0.0000000000
44734  -14.157  -18.259  49.155 0.0000000000
44755  -6.327  -20.764  47.636 0.0000000000
44782  -6.492  -20.225  45.953 0.0000000000
45715  -8.960  -18.410  58.245 0.0000000000
45720  -7.993  -18.373  58.111 0.0000000000
45723  -12.024  -17.538  57.834 0.0000000000
45725  -11.140  -18.536  57.429 0.0000000000
45728  -7.852  -18.444  55.869 0.0000000000
45729  -8.052  -18.669  55.651 0.0000000000
45732  -7.701  -18.534  55.412 0.0000000000
45733  -8.042  -18.547  55.432 0.0000000000
45774  -8.016  -19.472  48.967 0.0000000000
46866  -9.263  -18.002  58.609 0.0000000000
46870  -12.125  -16.963  57.849 0.0000000000
46875  -11.938  -17.410  57.980 0.0000000000
46890  -7.453  -18.315  55.708 0.0000000000
46906  -7.692  -17.256  52.984 0.0000000000
46915  -14.581  -17.134  50.523 0.0000000000
46979  -8.335  -18.650  43.259 0.0000000000
47991  -10.315  -16.698  58.321 0.0000000000
47996  -6.375  -16.699  55.628 0.0000000000
48001  -15.022  -15.905  56.606 0.0000000000
48004  -6.529  -16.199  56.053 0.0000000000
48012  -14.694  -16.379  54.727 0.0000000000
48024  -6.942  -16.135  52.930 0.0000000000
49005  -13.809  -15.315  57.195 0.0000000000
49007  -7.850  -16.835  57.523 0.0000000000
49017  -6.270  -16.419  55.230 0.0000000000
49019  -6.800  -16.164  57.043 0.0000000000
49040  -17.744  -14.509  55.803 0.0000000000
49045  -16.789  -15.271  55.779 0.0000000000
49049  -5.782  -14.855  53.692 0.0000000000
49056  -6.038  -15.376  53.416 0.0000000000
49076  -7.745  -14.810  50.612 0.0000000000
49094  -11.485  -15.241  46.243 0.0000000000
49097  -10.750  -16.091  45.412 0.0000000000
49103  -10.871  -15.852  44.666 0.0000000000
49106  -9.862  -16.675  43.655 0.0000000000
49120  -10.710  -16.249  42.142 0.0000000000
50075  -11.830  -14.800  55.915 0.0000000000
50085  -8.579  -14.953  55.413 0.0000000000
50093  -5.757  -14.557  53.669 0.0000000000
50105  -6.092  -14.705  52.423 0.0000000000
50123  -18.945  -13.410  49.718 0.0000000000
50135  -11.669  -14.768  46.222 0.0000000000
50186  -10.838  -15.360  37.994 0.0000000000
50193  -9.298  -15.116  36.919 0.0000000000
51126  -7.165  -13.983  54.888 0.0000000000
51151  -5.784  -13.323  53.597 0.0000000000
51157  -12.036  -13.832  53.304 0.0000000000
51194  -11.317  -14.396  47.049 0.0000000000
51254  -12.083  -13.195  39.537 0.0000000000
51272  -10.605  -13.319  37.459 0.0000000000
52202  -7.153  -12.494  54.177 0.0000000000
52215  -10.964  -13.392  52.584 0.0000000000
52226  -11.215  -13.016  52.287 0.0000000000
52229  -21.221  -11.667  51.928 0.0000000000
52243  -21.428  -11.521  50.225 0.0000000000
52251  -7.657  -11.408  48.698 0.0000000000
52269  -33.166  -11.684  45.348 0.0000000000
52277  -9.145  -10.781  46.763 0.0000000000
52293  -10.695  -10.952  45.968 0.0000000000
52299  -32.259  -11.013  44.359 0.0000000000
52369  -12.662  -11.889  38.860 0.0000000000
52387  -12.402  -11.626  38.549 0.0000000000
52404  -11.771  -11.650  37.697 0.0000000000
52418  -10.763  -12.040  36.637 0.0000000000
53432  -5.579  -10.990  51.977 0.0000000000
53443  -33.970  -10.113  51.149 0.0000000000
53447  -5.571  -10.966  51.728 0.0000000000
53467  -32.311  -9.670  50.007 0.0000000000
53480  -22.591  -10.082  48.635 0.0000000000
53510  -21.634  -10.289  46.220 0.0000000000
53530  -9.343  -10.081  46.134 0.0000000000
53553  -12.064  -10.195  42.916 0.0000000000
53583  -12.919  -11.241  39.465 0.0000000000
53608  -12.298  -11.279  38.374 0.0000000000
53622  -11.068  -11.156  37.087 0.0000000000
53638  -10.739  -11.455  36.732 0.0000000000
54651  -5.439  -10.871  53.342 0.0000000000
54683  -30.029  -9.884  52.786 0.0000000000
54686  -32.360  -9.632  52.120 0.0000000000
54691  -5.579  -10.762  51.887 0.0000000000
54706  -32.142  -9.873  51.461 0.0000000000
54732  -31.849  -9.803  51.078 0.0000000000
54734  -33.064  -10.175  51.098 0.0000000000
54760  -22.580  -9.832  48.254 0.0000000000
54777  -23.728  -9.537  48.212 0.0000000000
54803  -22.787  -9.575  46.362 0.0000000000
54804  -28.104  -8.790  44.882 0.0000000000
54831  -38.912  -10.285  43.075 0.0000000000
54852  -12.139  -9.972  41.388 0.0000000000
54885  -12.322  -9.772  39.249 0.0000000000
54906  -12.438  -10.931  38.623 0.0000000000
54927  -11.818  -10.899  37.842 0.0000000000
54942  -9.983  -10.462  36.600 0.0000000000
55972  -5.387  -10.796  53.180 0.0000000000
55997  -30.364  -9.672  52.968 0.0000000000
56036  -31.521  -9.662  51.500 0.0000000000
56125  -41.098  -8.408  43.641 0.0000000000
56130  -10.791  -9.061  42.410 0.0000000000
56137  -40.015  -8.944  42.417 0.0000000000
56146  -11.165  -9.122  41.319 0.0000000000
56154  -39.579  -8.606  42.096 0.0000000000
56169  -38.921  -8.293  42.039 0.0000000000
56190  -10.399  -8.908  38.829 0.0000000000
56202  -9.538  -8.768  37.530 0.0000000000
57310  -41.171  -8.272  43.342 0.0000000000
58470  -9.423  -6.695  44.048 0.0000000000
58478  -9.590  -7.050  43.633 0.0000000000
58479  -9.459  -6.659  43.569 0.0000000000
58487  -9.587  -6.864  42.766 0.0000000000
58489  -41.102  -7.561  42.599 0.0000000000
58499  -41.055  -7.306  42.594 0.0000000000
59550  -6.604  -6.407  46.928 0.0000000000
59551  -6.728  -6.240  46.687 0.0000000000
59584  -9.351  -6.396  44.015 0.0000000000
59593  -9.334  -6.125  44.006 0.0000000000
59594  -9.313  -6.316  43.623 0.0000000000
59606  -8.898  -5.947  42.551 0.0000000000
59608  -9.393  -6.473  43.096 0.0000000000
59613  -7.376  -6.097  40.368 0.0000000000
60647  -9.186  -5.964  44.123 0.0000000000
60657  -9.141  -5.841  43.582 0.0000000000
60675  -9.151  -6.180  42.998 0.0000000000
60692  -7.385  -5.137  39.543 0.0000000000
61704  -6.638  -5.068  46.598 0.0000000000
61720  -7.103  -4.830  46.120 0.0000000000
61768  -9.490  -4.039  41.466 0.0000000000
62864  -8.873  -3.477  41.226 0.0000000000
62865  -9.282  -3.905  41.268 0.0000000000
63926  -7.685  -3.164  46.405 0.0000000000
63927  -7.885  -2.970  46.787 0.0000000000
63939  -7.787  -3.386  45.415 0.0000000000
63958  -8.706  -2.017  44.593 0.0000000000
63971  -8.798  -2.026  44.183 0.0000000000
63972  -8.800  -1.872  44.340 0.0000000000
65070  -7.644  -3.044  45.994 0.0000000000
65073  -8.870  -2.240  46.117 0.0000000000
65101  -8.866  -1.764  44.546 0.0000000000
65115  -8.882  -1.855  44.010 0.0000000000
69355  -38.112  3.147  38.915 0.0000000000
70407  -40.574  4.824  42.827 0.0000000000
70421  -40.489  4.650  42.569 0.0000000000
71478  -40.585  5.064  42.813 0.0000000000
71479  -40.658  5.069  43.074 0.0000000000
71489  -40.503  4.968  42.556 0.0000000000
71510  -45.406  6.265  38.598 0.0000000000
71523  -38.853  5.023  39.740 0.0000000000
72535  -40.492  5.175  42.317 0.0000000000
72551  -45.750  6.874  39.672 0.0000000000
72571  -47.719  7.818  39.282 0.0000000000
72579  -38.518  5.895  38.755 0.0000000000
72596  -38.541  6.508  37.974 0.0000000000
72601  -46.531  7.071  38.035 0.0000000000
73673  -43.128  8.070  39.051 0.0000000000
74721  -44.300  8.064  41.589 0.0000000000
76954  -51.993  10.182  35.720 0.0000000000
76991  -45.534  9.785  32.957 0.0000000000
77000  -45.988  10.346  32.609 0.0000000000
78065  -45.248  10.276  31.134 0.0000000000
81156  -52.926  14.706  27.769 0.0000000000
83317  -51.341  15.988  26.409 0.0000000000
83318  -51.558  16.068  26.512 0.0000000000
85412  -51.441  19.053  22.701 0.0000000000
129258  -6.037  -18.225  54.845 0.0000000000
129259  -5.923  -18.105  54.499 0.0000000000
129260  -6.182  -17.522  54.753 0.0000000000
129261  -6.108  -18.426  54.595 0.0000000000
129262  -6.114  -17.020  55.044 0.0000000000
129263  -6.178  -16.775  55.046 0.0000000000
129266  -6.070  -18.186  54.660 0.0000000000
129267  -6.261  -16.672  55.285 0.0000000000
129268  -6.147  -16.799  54.825 0.0000000000
129270  -6.203  -17.414  55.043 0.0000000000
129567  -8.447  -1.332  41.491 0.0000000000
