#!ascii label  , from subject 3628 vox2ras=TkReg
1166
40432  -10.680  -21.929  49.637 0.0000000000
56233  -33.498  -9.024  35.858 0.0000000000
64117  -34.141  -3.603  34.491 0.0000000000
54857  -27.916  -8.827  41.683 0.0000000000
72732  -40.095  6.424  27.783 0.0000000000
69469  -35.555  4.399  29.810 0.0000000000
53589  -36.012  -9.708  41.174 0.0000000000
52408  -31.288  -11.279  38.216 0.0000000000
78080  -45.309  10.384  30.862 0.0000000000
77053  -49.151  9.851  26.933 0.0000000000
80134  -50.343  13.197  25.439 0.0000000000
68402  -36.426  2.587  37.715 0.0000000000
67483  -32.270  1.110  32.072 0.0000000000
72624  -38.408  6.328  35.736 0.0000000000
70506  -41.922  5.107  34.257 0.0000000000
52336  -19.889  -12.256  41.683 0.0000000000
38319  -7.419  -23.830  52.885 0.0000000000
59690  -37.100  -6.303  34.312 0.0000000000
64052  -36.517  -2.440  39.018 0.0000000000
53625  -22.492  -11.066  37.664 0.0000000000
56244  -26.294  -9.552  34.499 0.0000000000
81218  -46.086  13.880  20.173 0.0000000000
84383  -50.448  17.297  24.655 0.0000000000
69505  -39.009  4.071  28.549 0.0000000000
72673  -42.930  7.017  32.854 0.0000000000
42597  -12.440  -20.916  45.363 0.0000000000
32781  -5.668  -29.712  48.779 0.0000000000
77036  -47.165  11.063  28.122 0.0000000000
70486  -36.571  4.435  36.762 0.0000000000
48099  -19.076  -15.701  40.326 0.0000000000
40415  -8.936  -22.511  51.155 0.0000000000
58570  -34.163  -7.193  32.625 0.0000000000
57389  -35.947  -7.577  35.178 0.0000000000
56180  -25.178  -9.082  40.046 0.0000000000
54945  -24.132  -9.845  35.814 0.0000000000
54911  -26.886  -9.152  38.345 0.0000000000
52425  -32.540  -11.117  36.759 0.0000000000
53657  -29.903  -10.662  35.249 0.0000000000
54979  -31.438  -9.726  34.572 0.0000000000
56121  -26.856  -8.759  43.383 0.0000000000
56148  -22.911  -8.940  41.462 0.0000000000
77095  -45.401  9.740  23.264 0.0000000000
80160  -45.673  12.447  21.348 0.0000000000
83324  -50.572  15.300  25.587 0.0000000000
69467  -33.369  3.318  30.684 0.0000000000
68492  -37.836  3.390  28.496 0.0000000000
70541  -42.433  5.332  33.137 0.0000000000
45833  -16.563  -17.328  43.863 0.0000000000
45818  -16.002  -18.172  45.043 0.0000000000
44757  -14.566  -18.534  47.389 0.0000000000
43735  -13.807  -20.601  43.525 0.0000000000
33908  -7.256  -29.440  47.637 0.0000000000
54914  -35.400  -10.256  38.840 0.0000000000
56223  -37.043  -8.713  37.514 0.0000000000
56195  -38.050  -8.088  40.009 0.0000000000
53558  -30.408  -10.099  42.305 0.0000000000
53586  -29.140  -10.344  39.762 0.0000000000
52357  -32.086  -10.651  40.920 0.0000000000
52376  -33.457  -10.266  39.923 0.0000000000
74859  -41.772  8.916  28.856 0.0000000000
75945  -43.966  10.463  27.592 0.0000000000
75985  -46.243  9.793  25.241 0.0000000000
77089  -47.765  10.415  24.560 0.0000000000
80141  -47.465  12.219  23.640 0.0000000000
78129  -49.815  11.151  25.497 0.0000000000
66332  -34.077  -0.042  36.448 0.0000000000
65247  -32.985  -1.491  33.689 0.0000000000
68423  -34.609  2.096  35.077 0.0000000000
70517  -35.122  4.017  33.895 0.0000000000
71609  -36.932  5.028  32.752 0.0000000000
70538  -39.209  5.207  31.573 0.0000000000
71570  -40.821  6.052  34.894 0.0000000000
50145  -18.707  -13.668  44.022 0.0000000000
46966  -17.567  -15.705  42.308 0.0000000000
84422  -49.896  17.059  18.883 0.0000000000
38316  -6.334  -24.133  53.343 0.0000000000
58599  -35.013  -6.478  31.720 0.0000000000
62992  -35.468  -5.030  34.653 0.0000000000
59651  -36.928  -6.293  37.012 0.0000000000
62948  -36.697  -4.739  37.158 0.0000000000
64093  -34.721  -3.510  36.437 0.0000000000
67359  -36.179  0.137  38.732 0.0000000000
54948  -28.394  -10.269  36.146 0.0000000000
56117  -22.490  -8.836  43.970 0.0000000000
53597  -20.993  -10.852  39.554 0.0000000000
82297  -46.600  14.307  23.230 0.0000000000
83350  -47.503  16.212  22.778 0.0000000000
84404  -49.164  17.153  20.723 0.0000000000
85412  -51.441  19.053  22.701 0.0000000000
39449  -10.129  -24.362  45.480 0.0000000000
38392  -8.649  -24.994  47.333 0.0000000000
70610  -39.980  4.322  27.647 0.0000000000
69452  -40.615  4.500  30.516 0.0000000000
70579  -41.660  4.658  30.339 0.0000000000
72703  -41.732  6.455  29.662 0.0000000000
75906  -43.845  9.467  32.041 0.0000000000
41471  -11.029  -21.672  47.133 0.0000000000
37297  -7.704  -25.559  49.365 0.0000000000
34957  -6.243  -26.593  49.817 0.0000000000
36141  -5.732  -26.127  50.139 0.0000000000
40423  -9.885  -22.208  50.246 0.0000000000
56247  -33.033  -8.651  35.151 0.0000000000
57387  -33.998  -7.910  34.732 0.0000000000
57374  -34.451  -8.068  35.523 0.0000000000
54873  -26.932  -9.200  41.026 0.0000000000
54891  -26.314  -9.206  39.638 0.0000000000
54874  -27.748  -9.279  40.515 0.0000000000
53661  -33.187  -10.414  36.596 0.0000000000
53660  -32.421  -10.501  36.197 0.0000000000
54980  -32.074  -9.539  35.415 0.0000000000
54995  -31.538  -9.202  34.365 0.0000000000
54830  -29.441  -9.270  43.226 0.0000000000
56112  -28.287  -8.799  43.970 0.0000000000
56136  -27.685  -8.899  42.417 0.0000000000
56150  -25.431  -8.722  41.718 0.0000000000
79160  -46.068  11.186  21.942 0.0000000000
63008  -34.035  -4.612  33.038 0.0000000000
63007  -33.521  -4.095  32.627 0.0000000000
69468  -34.349  4.145  30.160 0.0000000000
69501  -33.915  3.185  28.455 0.0000000000
69488  -37.227  3.744  28.756 0.0000000000
45852  -16.056  -17.816  43.121 0.0000000000
45832  -16.221  -18.137  44.120 0.0000000000
44818  -14.793  -19.096  43.352 0.0000000000
44801  -14.769  -19.235  44.466 0.0000000000
42636  -14.074  -21.026  42.447 0.0000000000
53616  -35.448  -10.077  39.800 0.0000000000
54916  -36.908  -9.231  39.080 0.0000000000
54877  -37.263  -8.680  41.414 0.0000000000
52311  -32.280  -10.912  43.662 0.0000000000
52338  -31.629  -10.635  42.018 0.0000000000
52324  -32.801  -11.220  42.486 0.0000000000
52344  -35.591  -10.157  42.080 0.0000000000
52343  -34.718  -10.252  41.778 0.0000000000
52361  -34.836  -9.906  40.972 0.0000000000
52395  -34.599  -10.924  39.288 0.0000000000
75923  -43.283  9.491  29.874 0.0000000000
75934  -42.708  10.006  28.473 0.0000000000
77048  -44.396  10.552  28.580 0.0000000000
77037  -48.203  10.691  28.036 0.0000000000
75947  -46.658  10.197  26.746 0.0000000000
75948  -47.625  10.201  26.630 0.0000000000
75986  -47.402  10.241  25.181 0.0000000000
75987  -48.214  10.148  25.463 0.0000000000
78128  -49.061  10.898  25.384 0.0000000000
77071  -49.467  10.497  25.889 0.0000000000
67399  -35.386  0.693  37.344 0.0000000000
67438  -34.006  0.955  35.836 0.0000000000
67418  -35.485  1.396  36.500 0.0000000000
71556  -37.839  5.663  36.611 0.0000000000
70493  -35.340  4.265  35.882 0.0000000000
70503  -36.075  5.209  34.978 0.0000000000
71594  -36.244  4.757  33.222 0.0000000000
71580  -38.074  6.192  34.399 0.0000000000
71597  -38.932  6.423  33.125 0.0000000000
72632  -38.947  6.564  34.912 0.0000000000
53546  -20.734  -10.914  43.650 0.0000000000
52297  -19.375  -12.397  44.150 0.0000000000
51221  -19.633  -13.177  42.786 0.0000000000
48091  -18.566  -16.027  40.996 0.0000000000
84416  -50.990  18.217  20.067 0.0000000000
85438  -51.306  18.506  19.366 0.0000000000
37239  -6.850  -24.204  53.198 0.0000000000
58572  -35.879  -7.069  33.713 0.0000000000
58583  -34.617  -6.970  32.138 0.0000000000
59705  -35.967  -6.273  33.301 0.0000000000
60788  -35.549  -5.742  32.568 0.0000000000
60774  -36.590  -5.731  34.220 0.0000000000
58527  -37.568  -7.249  38.482 0.0000000000
57378  -36.978  -7.459  36.931 0.0000000000
59643  -37.738  -6.699  38.743 0.0000000000
62908  -36.857  -4.180  39.535 0.0000000000
62928  -36.918  -4.591  38.279 0.0000000000
62927  -35.918  -4.273  38.009 0.0000000000
64085  -35.559  -3.607  37.316 0.0000000000
64068  -35.902  -2.709  38.489 0.0000000000
65195  -35.615  -1.490  38.138 0.0000000000
65180  -35.927  -1.098  38.876 0.0000000000
54946  -25.010  -9.663  35.502 0.0000000000
52390  -30.463  -11.048  39.251 0.0000000000
53598  -29.052  -10.545  38.847 0.0000000000
53627  -29.768  -10.979  37.570 0.0000000000
53656  -28.886  -10.730  34.544 0.0000000000
56107  -23.469  -8.394  44.618 0.0000000000
56177  -22.977  -9.425  39.891 0.0000000000
54871  -21.621  -9.802  40.119 0.0000000000
53609  -22.027  -11.166  38.743 0.0000000000
52389  -21.480  -12.183  38.391 0.0000000000
81186  -48.633  12.756  24.963 0.0000000000
82287  -47.363  13.498  23.972 0.0000000000
82277  -48.486  13.914  24.872 0.0000000000
83331  -49.866  16.012  24.862 0.0000000000
83339  -48.636  16.315  23.858 0.0000000000
84388  -49.062  17.439  22.873 0.0000000000
83351  -48.333  16.993  22.157 0.0000000000
84397  -50.371  18.369  21.730 0.0000000000
85406  -50.622  18.094  23.621 0.0000000000
66393  -31.783  -0.431  33.128 0.0000000000
65297  -32.142  -2.127  31.985 0.0000000000
69541  -39.304  4.307  27.249 0.0000000000
69525  -39.642  4.148  27.946 0.0000000000
70539  -40.368  5.093  31.745 0.0000000000
69427  -39.851  4.687  30.790 0.0000000000
70540  -40.956  4.714  31.919 0.0000000000
71611  -42.842  6.343  32.786 0.0000000000
70564  -42.407  5.346  32.196 0.0000000000
71630  -42.593  5.711  31.683 0.0000000000
71653  -42.042  5.525  30.070 0.0000000000
72682  -42.485  6.246  31.038 0.0000000000
73779  -42.319  7.567  31.637 0.0000000000
73770  -43.054  7.938  32.911 0.0000000000
43710  -13.480  -19.806  46.303 0.0000000000
42573  -12.895  -20.242  46.816 0.0000000000
42560  -12.567  -20.671  47.997 0.0000000000
41487  -12.043  -21.466  45.855 0.0000000000
41486  -11.130  -21.750  46.135 0.0000000000
41518  -11.924  -22.316  44.208 0.0000000000
37323  -8.303  -26.395  46.619 0.0000000000
37306  -8.051  -25.697  48.405 0.0000000000
36194  -7.794  -26.926  46.915 0.0000000000
32792  -6.852  -30.021  48.137 0.0000000000
34986  -6.728  -28.274  48.297 0.0000000000
33884  -6.027  -28.110  49.086 0.0000000000
34956  -6.034  -26.764  49.918 0.0000000000
33882  -5.363  -28.307  49.027 0.0000000000
51217  -34.626  -11.355  43.283 0.0000000000
78067  -46.627  11.204  31.175 0.0000000000
77022  -45.939  11.049  29.549 0.0000000000
78068  -47.740  11.328  30.765 0.0000000000
69390  -36.848  3.798  37.941 0.0000000000
50170  -19.528  -13.388  39.797 0.0000000000
50169  -19.357  -13.608  40.899 0.0000000000
40403  -8.798  -22.186  52.923 0.0000000000
39367  -8.367  -23.481  52.533 0.0000000000
57425  -33.457  -7.244  32.612 0.0000000000
57407  -34.911  -7.455  34.073 0.0000000000
58555  -36.193  -7.163  34.508 0.0000000000
66269  -37.291  -1.079  40.329 0.0000000000
54908  -23.054  -9.991  38.369 0.0000000000
54928  -23.242  -9.973  37.216 0.0000000000
54909  -23.872  -8.983  37.985 0.0000000000
54930  -25.087  -9.392  36.458 0.0000000000
56218  -26.635  -9.030  36.076 0.0000000000
52409  -32.075  -11.202  38.074 0.0000000000
52422  -30.546  -11.347  37.347 0.0000000000
52440  -31.504  -11.343  36.293 0.0000000000
53658  -30.966  -11.285  35.283 0.0000000000
55009  -30.442  -9.539  32.412 0.0000000000
56110  -26.696  -8.535  44.287 0.0000000000
56119  -24.887  -8.233  43.829 0.0000000000
56133  -24.936  -8.341  42.732 0.0000000000
56164  -23.745  -8.758  40.656 0.0000000000
76014  -44.908  9.331  23.261 0.0000000000
81217  -45.656  13.171  20.931 0.0000000000
81163  -51.195  13.718  25.878 0.0000000000
82279  -50.216  14.617  25.319 0.0000000000
69446  -33.064  2.523  31.511 0.0000000000
68504  -37.508  2.958  27.734 0.0000000000
68493  -38.558  3.819  28.931 0.0000000000
70497  -43.131  5.460  35.028 0.0000000000
69401  -42.124  5.073  33.901 0.0000000000
70498  -43.766  5.864  35.081 0.0000000000
46949  -17.666  -15.399  44.228 0.0000000000
46947  -17.320  -16.619  45.216 0.0000000000
46933  -16.192  -16.695  47.058 0.0000000000
45802  -15.464  -18.299  46.422 0.0000000000
43718  -14.265  -19.604  45.856 0.0000000000
42611  -12.981  -21.099  43.890 0.0000000000
41519  -12.547  -22.017  43.698 0.0000000000
41535  -13.019  -22.330  42.740 0.0000000000
54950  -34.301  -9.829  36.916 0.0000000000
56221  -35.575  -9.146  37.131 0.0000000000
56206  -36.019  -9.222  37.741 0.0000000000
56209  -37.744  -8.471  38.659 0.0000000000
54842  -29.654  -9.588  42.407 0.0000000000
54875  -28.523  -9.828  40.118 0.0000000000
53572  -30.086  -9.935  41.165 0.0000000000
53600  -30.361  -10.753  40.094 0.0000000000
52374  -31.984  -10.820  39.999 0.0000000000
52341  -33.449  -10.802  41.768 0.0000000000
52359  -33.382  -10.452  40.873 0.0000000000
52392  -32.010  -10.963  39.060 0.0000000000
52394  -33.712  -10.551  38.864 0.0000000000
53629  -33.947  -10.662  38.066 0.0000000000
53547  -30.136  -9.923  43.440 0.0000000000
73814  -41.175  7.574  28.352 0.0000000000
74886  -40.170  8.480  26.520 0.0000000000
74872  -41.513  9.037  28.263 0.0000000000
75966  -42.217  10.181  26.531 0.0000000000
75983  -44.231  9.518  25.309 0.0000000000
77049  -45.227  10.739  27.964 0.0000000000
75946  -45.533  10.260  26.962 0.0000000000
75984  -45.357  9.036  25.351 0.0000000000
76000  -45.706  9.147  24.387 0.0000000000
76016  -46.203  10.060  23.861 0.0000000000
78143  -46.790  10.862  23.337 0.0000000000
79161  -46.464  11.417  22.859 0.0000000000
78144  -47.887  10.940  24.029 0.0000000000
79142  -48.950  11.792  24.997 0.0000000000
79136  -50.269  11.912  25.555 0.0000000000
78112  -50.978  11.008  26.752 0.0000000000
79138  -51.269  12.607  26.246 0.0000000000
64101  -33.476  -2.042  35.020 0.0000000000
64116  -33.399  -2.600  34.206 0.0000000000
65248  -32.860  -1.313  34.785 0.0000000000
67452  -33.030  0.769  34.419 0.0000000000
68432  -32.982  1.302  33.367 0.0000000000
69388  -35.687  3.042  36.659 0.0000000000
69398  -34.423  2.849  34.578 0.0000000000
69407  -33.908  2.893  33.534 0.0000000000
70558  -34.027  3.848  32.359 0.0000000000
70559  -34.960  4.234  31.948 0.0000000000
70577  -36.313  4.609  30.567 0.0000000000
69448  -37.715  4.398  30.406 0.0000000000
70537  -37.871  5.087  32.249 0.0000000000
70520  -40.084  5.761  32.802 0.0000000000
71583  -41.312  5.490  34.451 0.0000000000
71557  -41.837  5.545  35.855 0.0000000000
71573  -42.548  5.173  35.561 0.0000000000
49105  -18.304  -14.277  44.326 0.0000000000
49121  -18.806  -14.383  41.625 0.0000000000
48078  -18.389  -14.740  43.180 0.0000000000
48071  -18.101  -14.919  43.937 0.0000000000
46965  -17.269  -16.186  42.905 0.0000000000
63009  -34.634  -4.999  33.202 0.0000000000
64118  -34.681  -4.260  34.488 0.0000000000
57376  -36.153  -8.222  35.948 0.0000000000
58541  -37.004  -7.270  35.717 0.0000000000
59665  -37.227  -6.247  35.847 0.0000000000
61849  -37.210  -5.349  37.350 0.0000000000
61875  -36.779  -5.573  35.581 0.0000000000
62962  -36.118  -4.909  36.061 0.0000000000
62961  -35.299  -4.392  35.729 0.0000000000
64102  -33.710  -2.858  35.558 0.0000000000
64083  -34.559  -1.869  37.096 0.0000000000
66319  -34.978  -0.065  37.727 0.0000000000
67377  -36.537  1.275  38.662 0.0000000000
67340  -37.108  0.091  39.631 0.0000000000
68357  -37.198  1.334  39.136 0.0000000000
54893  -28.466  -9.909  39.095 0.0000000000
54932  -27.754  -9.563  37.434 0.0000000000
54962  -27.759  -9.668  35.557 0.0000000000
53641  -28.944  -10.896  35.719 0.0000000000
54963  -28.305  -10.275  35.019 0.0000000000
54816  -21.973  -9.496  44.658 0.0000000000
53556  -20.950  -10.840  42.523 0.0000000000
56131  -22.568  -9.032  42.737 0.0000000000
53570  -21.052  -10.141  41.776 0.0000000000
52337  -19.907  -11.739  41.007 0.0000000000
51255  -20.007  -12.738  39.157 0.0000000000
81196  -46.124  12.641  22.824 0.0000000000
82296  -46.072  13.375  22.776 0.0000000000
82304  -46.224  14.980  21.803 0.0000000000
82289  -48.428  15.191  24.516 0.0000000000
82298  -47.223  15.245  23.533 0.0000000000
83358  -46.948  15.806  21.477 0.0000000000
83369  -47.377  15.820  20.381 0.0000000000
83370  -48.238  15.993  19.677 0.0000000000
83378  -48.917  15.889  18.810 0.0000000000
83372  -49.456  17.028  19.639 0.0000000000
84406  -50.319  18.295  21.102 0.0000000000
40445  -10.231  -23.018  47.166 0.0000000000
39414  -9.707  -23.187  48.522 0.0000000000
39436  -9.733  -24.561  46.386 0.0000000000
64136  -32.546  -2.656  32.536 0.0000000000
71691  -39.908  5.208  27.560 0.0000000000
69449  -38.667  4.201  30.366 0.0000000000
69472  -38.965  3.841  29.861 0.0000000000
69491  -39.824  3.671  29.512 0.0000000000
69430  -41.756  4.606  32.006 0.0000000000
69475  -40.833  4.521  30.189 0.0000000000
69492  -40.363  3.907  29.567 0.0000000000
69508  -40.925  4.677  29.339 0.0000000000
71659  -41.149  5.416  28.547 0.0000000000
72717  -41.279  6.424  28.404 0.0000000000
73799  -41.705  7.775  29.592 0.0000000000
74847  -42.477  8.789  30.743 0.0000000000
77009  -44.730  9.947  31.187 0.0000000000
42538  -11.511  -20.736  49.993 0.0000000000
41457  -11.753  -20.721  48.926 0.0000000000
40446  -10.510  -22.100  47.633 0.0000000000
40456  -10.552  -22.415  46.583 0.0000000000
39463  -10.849  -24.258  44.344 0.0000000000
38361  -8.531  -24.211  49.336 0.0000000000
38360  -7.844  -24.623  49.750 0.0000000000
37279  -7.554  -24.595  50.806 0.0000000000
34987  -7.112  -27.887  47.941 0.0000000000
36158  -7.147  -25.842  49.789 0.0000000000
37277  -6.913  -25.012  50.931 0.0000000000
37262  -6.435  -25.042  51.739 0.0000000000
37261  -5.959  -25.162  51.801 0.0000000000
32789  -5.024  -30.040  48.286 0.0000000000
33881  -5.177  -28.337  48.898 0.0000000000
40424  -10.546  -21.855  50.171 0.0000000000
40431  -10.222  -22.556  49.121 0.0000000000
56248  -33.778  -8.318  35.628 0.0000000000
56234  -34.412  -8.841  36.131 0.0000000000
54965  -33.221  -9.878  36.044 0.0000000000
54981  -32.929  -9.257  35.650 0.0000000000
54841  -28.912  -9.074  42.370 0.0000000000
54840  -28.287  -8.777  42.625 0.0000000000
54856  -27.171  -9.151  41.634 0.0000000000
64138  -33.557  -3.977  33.803 0.0000000000
69486  -34.673  3.894  29.042 0.0000000000
69487  -35.903  3.909  28.823 0.0000000000
44835  -15.030  -18.925  42.485 0.0000000000
44819  -15.439  -18.373  43.235 0.0000000000
43746  -14.659  -19.923  42.139 0.0000000000
53602  -35.589  -9.729  40.449 0.0000000000
54895  -36.410  -9.299  40.276 0.0000000000
54876  -36.497  -9.030  41.162 0.0000000000
52312  -32.790  -11.223  43.361 0.0000000000
52313  -33.596  -11.187  43.186 0.0000000000
52363  -36.125  -9.765  41.554 0.0000000000
52362  -35.525  -9.771  41.108 0.0000000000
52379  -35.331  -10.028  40.206 0.0000000000
52300  -32.670  -11.344  44.188 0.0000000000
77020  -44.203  9.738  30.129 0.0000000000
77033  -44.279  10.154  29.432 0.0000000000
77021  -45.016  10.299  30.132 0.0000000000
77038  -49.095  10.302  27.697 0.0000000000
77052  -48.339  10.117  27.141 0.0000000000
77069  -48.574  9.847  26.569 0.0000000000
75971  -48.082  10.034  26.029 0.0000000000
77070  -49.016  9.782  26.075 0.0000000000
77054  -49.695  10.238  26.563 0.0000000000
68379  -36.031  1.706  38.035 0.0000000000
68401  -35.969  2.120  36.988 0.0000000000
71569  -37.661  5.984  35.593 0.0000000000
71568  -36.791  5.683  35.298 0.0000000000
71579  -36.885  5.658  34.184 0.0000000000
72631  -38.257  6.317  35.148 0.0000000000
52310  -20.363  -11.703  43.040 0.0000000000
52309  -19.845  -12.467  43.399 0.0000000000
52320  -20.034  -12.425  42.444 0.0000000000
85430  -51.528  18.700  20.266 0.0000000000
84424  -50.880  18.104  19.642 0.0000000000
39366  -7.867  -23.740  52.923 0.0000000000
39361  -7.507  -23.515  53.349 0.0000000000
39360  -7.002  -23.581  53.615 0.0000000000
38318  -6.919  -23.959  53.160 0.0000000000
59689  -36.457  -6.331  33.978 0.0000000000
59688  -35.940  -6.510  33.211 0.0000000000
60789  -35.957  -6.017  33.423 0.0000000000
64053  -37.217  -2.803  39.386 0.0000000000
64069  -36.430  -3.775  38.846 0.0000000000
65196  -35.950  -2.001  38.602 0.0000000000
65181  -36.446  -1.754  39.083 0.0000000000
52405  -22.002  -12.295  37.548 0.0000000000
52391  -31.235  -11.003  39.153 0.0000000000
53612  -29.754  -10.909  38.571 0.0000000000
52407  -30.506  -11.106  38.348 0.0000000000
54907  -22.504  -10.344  38.837 0.0000000000
54887  -22.094  -10.256  39.402 0.0000000000
53624  -22.074  -11.718  38.115 0.0000000000
82313  -46.470  15.070  20.165 0.0000000000
81174  -48.950  13.290  25.097 0.0000000000
83340  -49.522  17.019  24.001 0.0000000000
84389  -49.977  17.722  23.331 0.0000000000
67469  -32.000  0.544  32.875 0.0000000000
66392  -31.549  -0.449  32.410 0.0000000000
67482  -31.805  0.432  31.667 0.0000000000
69523  -38.327  3.268  27.426 0.0000000000
69539  -38.314  3.095  26.976 0.0000000000
69524  -38.611  3.913  27.856 0.0000000000
69540  -38.685  3.806  26.809 0.0000000000
70521  -41.136  5.019  32.862 0.0000000000
70522  -41.810  4.844  33.212 0.0000000000
71632  -42.822  6.637  32.734 0.0000000000
70565  -42.719  5.928  32.337 0.0000000000
71631  -42.735  6.361  32.177 0.0000000000
71644  -42.552  5.707  30.955 0.0000000000
72672  -42.708  6.767  32.201 0.0000000000
73769  -42.734  7.306  32.228 0.0000000000
42587  -12.946  -20.367  45.844 0.0000000000
42586  -12.690  -20.965  46.423 0.0000000000
41502  -11.997  -21.525  44.705 0.0000000000
32791  -5.971  -30.216  48.300 0.0000000000
32782  -6.267  -29.562  48.687 0.0000000000
33892  -5.925  -28.976  49.031 0.0000000000
33883  -5.708  -28.296  49.123 0.0000000000
33891  -5.475  -28.998  48.834 0.0000000000
69374  -37.577  3.549  38.307 0.0000000000
50178  -19.505  -14.186  39.954 0.0000000000
40407  -9.472  -21.698  52.369 0.0000000000
40406  -9.072  -22.438  52.022 0.0000000000
39368  -8.807  -22.924  52.356 0.0000000000
39376  -8.752  -23.235  51.840 0.0000000000
57405  -32.781  -7.444  33.149 0.0000000000
57388  -35.000  -7.623  35.008 0.0000000000
57408  -35.615  -7.377  34.486 0.0000000000
54889  -23.673  -9.115  39.079 0.0000000000
54890  -24.773  -8.938  39.075 0.0000000000
54910  -25.463  -9.245  37.869 0.0000000000
56191  -26.515  -9.116  37.578 0.0000000000
56203  -26.087  -9.096  36.820 0.0000000000
56192  -26.977  -8.997  37.713 0.0000000000
52424  -32.096  -11.330  37.075 0.0000000000
52423  -31.373  -11.525  37.212 0.0000000000
53677  -31.796  -10.341  35.560 0.0000000000
53659  -31.717  -10.936  35.693 0.0000000000
53676  -31.249  -10.395  34.703 0.0000000000
53675  -30.276  -10.671  34.229 0.0000000000
53692  -30.383  -10.160  33.304 0.0000000000
54994  -31.074  -9.616  33.660 0.0000000000
56260  -31.393  -8.661  33.421 0.0000000000
54805  -28.784  -8.672  44.739 0.0000000000
56111  -27.545  -8.750  44.055 0.0000000000
56099  -27.520  -8.726  44.929 0.0000000000
56120  -25.885  -8.438  43.554 0.0000000000
56134  -26.147  -8.632  42.606 0.0000000000
56165  -24.782  -8.923  40.807 0.0000000000
56179  -24.243  -8.664  39.903 0.0000000000
56178  -23.436  -9.124  39.876 0.0000000000
69447  -33.468  3.348  31.850 0.0000000000
69466  -32.888  2.325  30.688 0.0000000000
69504  -37.100  3.146  28.016 0.0000000000
68505  -38.200  3.393  28.253 0.0000000000
70490  -43.642  5.892  35.502 0.0000000000
71585  -44.149  6.403  34.614 0.0000000000
46954  -17.235  -15.928  43.870 0.0000000000
46948  -17.686  -15.991  44.873 0.0000000000
46953  -17.066  -16.636  44.399 0.0000000000
45819  -16.676  -17.364  45.100 0.0000000000
45804  -16.584  -17.168  45.932 0.0000000000
44784  -15.311  -18.578  45.406 0.0000000000
43736  -14.120  -20.043  43.491 0.0000000000
43728  -14.203  -19.802  44.794 0.0000000000
43727  -13.554  -20.417  44.131 0.0000000000
43717  -13.510  -19.994  45.275 0.0000000000
41520  -12.990  -21.605  43.170 0.0000000000
42623  -13.525  -21.076  43.184 0.0000000000
54935  -35.325  -9.909  37.971 0.0000000000
54951  -34.973  -9.457  37.249 0.0000000000
54896  -37.216  -8.792  39.950 0.0000000000
56194  -37.777  -8.453  39.400 0.0000000000
54859  -29.826  -9.731  41.790 0.0000000000
52339  -32.204  -10.808  41.821 0.0000000000
52356  -31.495  -10.495  41.152 0.0000000000
52373  -31.113  -10.597  40.057 0.0000000000
51224  -34.665  -11.056  42.871 0.0000000000
51236  -33.781  -10.849  42.493 0.0000000000
52360  -34.117  -10.226  40.881 0.0000000000
52375  -32.701  -10.636  39.957 0.0000000000
52393  -32.789  -10.757  38.964 0.0000000000
53614  -34.920  -10.980  38.809 0.0000000000
53613  -34.339  -10.638  38.705 0.0000000000
53630  -34.618  -10.433  38.244 0.0000000000
53645  -34.220  -10.320  37.619 0.0000000000
53548  -31.038  -10.451  43.257 0.0000000000
74858  -41.358  8.294  28.494 0.0000000000
74871  -41.075  8.801  27.855 0.0000000000
75944  -42.218  9.892  27.697 0.0000000000
75967  -43.460  10.272  26.376 0.0000000000
77023  -46.980  11.196  29.088 0.0000000000
77035  -46.104  11.038  28.495 0.0000000000
75969  -45.958  9.742  26.085 0.0000000000
76002  -47.187  10.308  24.626 0.0000000000
76001  -46.468  10.088  24.468 0.0000000000
77097  -46.743  10.395  23.916 0.0000000000
78142  -46.265  10.533  23.278 0.0000000000
77098  -47.357  10.611  23.939 0.0000000000
78136  -48.637  11.106  24.885 0.0000000000
78137  -49.302  11.478  25.188 0.0000000000
79143  -49.674  11.869  25.190 0.0000000000
65224  -33.525  -1.179  36.277 0.0000000000
65231  -33.378  -1.505  35.801 0.0000000000
66331  -33.550  -0.657  36.175 0.0000000000
67437  -33.387  0.904  35.239 0.0000000000
68422  -33.868  1.553  34.777 0.0000000000
69389  -36.279  3.561  37.186 0.0000000000
69393  -35.714  3.703  36.576 0.0000000000
70502  -35.253  4.458  35.199 0.0000000000
69399  -34.598  3.381  35.103 0.0000000000
69409  -34.496  3.429  34.396 0.0000000000
69408  -34.272  3.186  33.894 0.0000000000
69426  -34.030  3.283  33.402 0.0000000000
70516  -34.597  3.692  33.635 0.0000000000
71608  -36.411  4.820  32.664 0.0000000000
70535  -35.681  4.541  32.611 0.0000000000
70560  -35.943  4.827  31.502 0.0000000000
70536  -36.665  4.913  32.135 0.0000000000
70561  -37.143  4.764  31.172 0.0000000000
71581  -39.391  6.745  33.915 0.0000000000
71598  -39.753  6.296  33.374 0.0000000000
70504  -40.560  5.715  33.408 0.0000000000
71582  -40.473  6.110  33.833 0.0000000000
72615  -42.342  6.069  36.212 0.0000000000
71558  -42.469  5.409  35.878 0.0000000000
71559  -42.956  5.670  35.712 0.0000000000
51208  -18.978  -12.928  44.571 0.0000000000
50142  -18.476  -13.457  44.976 0.0000000000
49127  -19.115  -14.702  40.566 0.0000000000
48092  -18.613  -15.182  41.238 0.0000000000
46983  -17.975  -16.279  41.440 0.0000000000
48083  -18.103  -15.462  41.804 0.0000000000
48077  -18.051  -15.134  42.822 0.0000000000
46955  -17.658  -15.468  43.334 0.0000000000
46982  -17.303  -16.687  41.883 0.0000000000
38326  -5.768  -24.309  52.820 0.0000000000
58598  -34.150  -6.769  30.943 0.0000000000
59720  -35.255  -6.132  31.281 0.0000000000
61899  -35.335  -5.597  33.502 0.0000000000
62991  -35.121  -4.967  34.117 0.0000000000
56222  -36.441  -8.823  37.176 0.0000000000
56236  -36.026  -8.671  36.626 0.0000000000
57367  -36.536  -8.347  36.583 0.0000000000
58533  -36.753  -7.046  37.479 0.0000000000
58542  -36.977  -6.920  36.378 0.0000000000
58557  -37.271  -6.824  35.516 0.0000000000
60749  -36.947  -5.852  36.423 0.0000000000
61864  -36.595  -5.468  36.224 0.0000000000
61874  -36.449  -5.408  35.411 0.0000000000
64094  -35.555  -4.217  36.519 0.0000000000
64103  -34.571  -3.910  35.249 0.0000000000
64092  -34.285  -2.362  36.601 0.0000000000
66285  -36.002  -0.369  38.640 0.0000000000
66302  -35.015  -0.783  37.860 0.0000000000
66303  -35.357  -0.221  38.143 0.0000000000
67376  -35.857  0.563  38.506 0.0000000000
66252  -37.661  -0.704  40.917 0.0000000000
66268  -36.891  -0.644  39.634 0.0000000000
67341  -37.503  0.177  40.351 0.0000000000
68358  -37.839  2.250  39.280 0.0000000000
54944  -23.513  -10.027  36.345 0.0000000000
53639  -23.095  -11.089  36.310 0.0000000000
53640  -23.589  -10.449  35.863 0.0000000000
53571  -29.360  -9.968  40.504 0.0000000000
54933  -28.352  -10.258  37.179 0.0000000000
54913  -28.416  -10.063  38.142 0.0000000000
56205  -27.499  -9.361  36.836 0.0000000000
54947  -27.762  -9.793  36.575 0.0000000000
52439  -30.669  -11.406  36.272 0.0000000000
53642  -29.787  -11.086  36.495 0.0000000000
54815  -21.276  -10.209  44.135 0.0000000000
54827  -21.814  -9.709  43.408 0.0000000000
56132  -23.625  -8.332  42.617 0.0000000000
57317  -23.704  -8.238  43.304 0.0000000000
54854  -21.743  -9.538  41.264 0.0000000000
53585  -20.840  -10.224  40.686 0.0000000000
53569  -20.423  -10.873  41.403 0.0000000000
53584  -20.292  -11.050  40.376 0.0000000000
52355  -20.214  -11.770  40.231 0.0000000000
52370  -20.715  -12.040  39.749 0.0000000000
79149  -47.285  11.518  23.452 0.0000000000
80153  -46.788  12.139  22.978 0.0000000000
81197  -46.816  12.985  23.465 0.0000000000
82303  -45.737  13.943  22.031 0.0000000000
82278  -48.972  14.326  25.042 0.0000000000
83330  -49.163  15.354  24.904 0.0000000000
83338  -47.880  15.514  23.909 0.0000000000
83359  -47.794  16.483  21.146 0.0000000000
83360  -48.762  16.763  20.713 0.0000000000
83371  -49.059  16.550  19.603 0.0000000000
83361  -49.167  17.055  20.209 0.0000000000
85414  -50.397  18.373  22.069 0.0000000000
85415  -50.866  18.577  21.848 0.0000000000
85421  -51.002  18.414  20.816 0.0000000000
85416  -51.502  18.999  22.220 0.0000000000
40455  -10.207  -23.327  46.098 0.0000000000
39437  -9.951  -23.862  46.696 0.0000000000
39448  -9.800  -24.873  45.903 0.0000000000
64115  -33.119  -2.201  33.148 0.0000000000
70624  -39.515  4.581  27.261 0.0000000000
71690  -39.256  5.067  26.794 0.0000000000
70625  -39.982  4.615  27.619 0.0000000000
70562  -38.324  4.617  31.123 0.0000000000
69451  -40.148  4.110  30.330 0.0000000000
69450  -39.493  4.081  30.353 0.0000000000
69473  -39.750  3.744  29.988 0.0000000000
69474  -40.313  3.818  30.051 0.0000000000
70523  -42.476  5.274  33.862 0.0000000000
69411  -41.985  4.662  32.885 0.0000000000
69431  -42.163  4.853  32.541 0.0000000000
70580  -42.365  4.937  31.121 0.0000000000
69476  -41.715  4.600  30.850 0.0000000000
69493  -40.849  4.503  29.689 0.0000000000
69507  -40.456  4.152  28.887 0.0000000000
71661  -41.794  5.664  29.563 0.0000000000
71652  -41.672  5.292  29.579 0.0000000000
71660  -41.525  5.628  28.973 0.0000000000
71674  -41.239  5.729  28.480 0.0000000000
72702  -41.671  6.404  28.913 0.0000000000
73798  -41.518  7.341  28.884 0.0000000000
74838  -42.799  8.607  31.412 0.0000000000
73789  -42.238  8.138  31.208 0.0000000000
75905  -43.423  9.098  31.553 0.0000000000
75915  -43.622  9.430  30.862 0.0000000000
41472  -12.017  -21.268  47.192 0.0000000000
41464  -11.795  -20.790  48.314 0.0000000000
41463  -11.162  -21.399  48.019 0.0000000000
40483  -11.524  -23.198  44.125 0.0000000000
40469  -10.905  -23.090  45.403 0.0000000000
39413  -9.348  -23.892  48.043 0.0000000000
39405  -9.185  -23.696  48.922 0.0000000000
38370  -8.804  -24.372  48.468 0.0000000000
38369  -8.256  -24.952  48.909 0.0000000000
38352  -7.848  -24.309  50.792 0.0000000000
37288  -7.505  -24.846  50.240 0.0000000000
33909  -7.698  -29.287  46.964 0.0000000000
34999  -7.812  -28.172  47.049 0.0000000000
33900  -7.592  -28.821  47.698 0.0000000000
34967  -6.375  -27.149  49.297 0.0000000000
36170  -6.851  -26.865  49.066 0.0000000000
36157  -6.906  -26.341  49.532 0.0000000000
36145  -7.124  -25.374  50.215 0.0000000000
36144  -6.734  -25.672  50.322 0.0000000000
37263  -6.803  -24.802  51.554 0.0000000000
36128  -6.526  -25.305  50.974 0.0000000000
34955  -5.975  -27.103  49.857 0.0000000000
36142  -6.005  -26.217  50.324 0.0000000000
37276  -5.808  -25.626  51.005 0.0000000000
37260  -5.558  -24.986  51.689 0.0000000000
32788  -4.807  -29.513  48.317 0.0000000000
32779  -5.004  -29.368  48.499 0.0000000000
40422  -8.882  -22.676  50.396 0.0000000000
57386  -33.010  -8.029  34.115 0.0000000000
57375  -35.219  -8.150  35.715 0.0000000000
53643  -33.119  -10.988  36.931 0.0000000000
52442  -32.392  -10.941  36.396 0.0000000000
54964  -32.566  -10.000  35.867 0.0000000000
56246  -32.149  -8.630  34.412 0.0000000000
54818  -29.768  -9.465  44.240 0.0000000000
54817  -29.076  -8.730  43.800 0.0000000000
56123  -28.497  -8.775  43.435 0.0000000000
56135  -27.042  -9.096  42.589 0.0000000000
56151  -26.543  -9.039  41.785 0.0000000000
56166  -25.871  -9.051  40.838 0.0000000000
77109  -45.195  9.767  22.649 0.0000000000
80161  -45.720  12.057  21.414 0.0000000000
63030  -34.306  -4.987  32.562 0.0000000000
69485  -33.621  3.435  29.447 0.0000000000
44802  -15.427  -18.600  44.280 0.0000000000
42624  -13.921  -20.726  43.193 0.0000000000
42635  -13.661  -21.494  42.539 0.0000000000
54915  -35.925  -9.895  39.217 0.0000000000
54894  -35.801  -9.699  39.922 0.0000000000
56181  -37.667  -8.380  40.382 0.0000000000
53560  -31.572  -10.624  42.821 0.0000000000
53559  -31.197  -10.525  42.411 0.0000000000
52323  -32.141  -10.816  42.724 0.0000000000
52340  -32.766  -10.920  41.711 0.0000000000
52377  -34.365  -10.167  39.917 0.0000000000
52378  -35.150  -10.400  39.943 0.0000000000
53615  -35.332  -10.597  39.354 0.0000000000
75922  -42.620  9.534  29.228 0.0000000000
75935  -43.529  10.137  28.892 0.0000000000
77051  -47.423  10.588  27.300 0.0000000000
75970  -46.926  10.320  25.967 0.0000000000
78135  -48.175  10.745  24.573 0.0000000000
77080  -48.673  10.383  25.337 0.0000000000
77081  -49.238  10.747  25.588 0.0000000000
78122  -50.248  10.734  26.257 0.0000000000
67398  -35.051  0.353  36.967 0.0000000000
67417  -34.989  0.576  36.461 0.0000000000
68411  -35.049  1.580  35.867 0.0000000000
71555  -36.938  5.178  36.324 0.0000000000
70494  -35.914  4.562  36.126 0.0000000000
71578  -36.106  4.914  34.124 0.0000000000
71595  -36.930  5.212  33.397 0.0000000000
71596  -37.970  5.441  33.254 0.0000000000
72633  -40.079  7.034  34.603 0.0000000000
52283  -20.499  -11.526  45.560 0.0000000000
52298  -20.092  -11.692  44.218 0.0000000000
51214  -19.181  -13.056  43.660 0.0000000000
84415  -50.511  17.943  20.099 0.0000000000
84423  -50.267  17.415  18.993 0.0000000000
84436  -50.747  17.936  18.975 0.0000000000
37238  -6.767  -24.164  52.974 0.0000000000
58571  -34.911  -7.290  33.072 0.0000000000
58584  -35.433  -6.779  32.692 0.0000000000
59704  -35.711  -6.199  32.428 0.0000000000
61900  -35.892  -6.010  34.004 0.0000000000
61888  -35.790  -5.573  34.504 0.0000000000
57360  -37.681  -7.958  38.184 0.0000000000
57369  -37.173  -7.693  37.540 0.0000000000
58526  -37.145  -7.425  38.022 0.0000000000
58534  -36.991  -7.092  38.118 0.0000000000
59652  -37.094  -6.679  38.047 0.0000000000
62929  -37.297  -4.989  39.138 0.0000000000
62947  -36.134  -4.411  36.922 0.0000000000
64084  -35.185  -2.325  37.456 0.0000000000
64067  -35.598  -2.175  37.994 0.0000000000
66286  -36.324  -0.716  39.128 0.0000000000
67342  -38.175  0.960  40.337 0.0000000000
53599  -29.791  -10.891  39.552 0.0000000000
53611  -29.008  -10.681  37.874 0.0000000000
53626  -28.940  -10.894  36.848 0.0000000000
56163  -22.987  -9.201  40.400 0.0000000000
54872  -22.491  -9.614  39.938 0.0000000000
52371  -21.332  -11.787  39.152 0.0000000000
51265  -21.376  -12.912  37.827 0.0000000000
80142  -48.042  12.274  24.148 0.0000000000
81184  -47.589  12.785  23.936 0.0000000000
81185  -48.082  13.079  24.543 0.0000000000
81173  -48.277  13.631  24.773 0.0000000000
82288  -47.916  14.301  24.278 0.0000000000
84395  -49.125  17.323  21.475 0.0000000000
84396  -49.818  18.070  21.968 0.0000000000
85410  -50.463  18.282  22.659 0.0000000000
85411  -51.097  18.689  22.978 0.0000000000
39462  -10.429  -24.941  44.490 0.0000000000
38412  -10.107  -25.268  44.807 0.0000000000
66370  -32.246  -0.399  33.935 0.0000000000
65271  -32.280  -1.331  32.778 0.0000000000
65270  -31.969  -0.984  32.333 0.0000000000
65296  -31.845  -1.275  31.864 0.0000000000
70563  -39.145  4.437  30.877 0.0000000000
69428  -40.543  4.646  31.053 0.0000000000
70542  -42.834  5.967  33.004 0.0000000000
70588  -42.251  4.977  30.395 0.0000000000
70587  -41.583  4.871  29.850 0.0000000000
72693  -42.130  6.281  30.613 0.0000000000
73788  -41.816  7.543  30.671 0.0000000000
73778  -42.144  6.706  31.200 0.0000000000
74829  -43.166  8.336  32.025 0.0000000000
43711  -14.066  -19.230  46.801 0.0000000000
43703  -13.203  -19.505  47.201 0.0000000000
42572  -12.857  -20.844  47.293 0.0000000000
41501  -11.531  -22.164  45.060 0.0000000000
37316  -8.653  -25.281  46.861 0.0000000000
38379  -8.446  -24.997  48.021 0.0000000000
37315  -8.262  -25.787  47.291 0.0000000000
36184  -7.682  -26.415  47.873 0.0000000000
33899  -7.000  -28.971  48.180 0.0000000000
32783  -6.643  -29.346  48.467 0.0000000000
33885  -6.355  -28.023  48.804 0.0000000000
34966  -6.218  -27.532  49.484 0.0000000000
36143  -6.272  -26.038  50.386 0.0000000000
34965  -5.713  -27.694  49.390 0.0000000000
34964  -5.365  -27.659  49.276 0.0000000000
51209  -34.298  -11.396  43.557 0.0000000000
52327  -36.651  -10.483  42.776 0.0000000000
78081  -45.859  10.873  30.538 0.0000000000
78082  -46.841  11.376  30.113 0.0000000000
78083  -47.968  11.041  29.657 0.0000000000
78095  -49.063  10.894  28.468 0.0000000000
77039  -49.652  10.355  27.238 0.0000000000
68381  -37.724  2.807  38.651 0.0000000000
70487  -37.156  4.492  37.403 0.0000000000
71539  -37.843  5.318  37.834 0.0000000000
72625  -39.415  6.751  35.802 0.0000000000
51235  -19.718  -12.483  41.147 0.0000000000
51234  -19.640  -12.960  41.746 0.0000000000
40402  -8.421  -22.995  53.073 0.0000000000
57406  -33.938  -7.558  33.476 0.0000000000
59677  -37.022  -6.656  34.358 0.0000000000
65167  -37.052  -1.494  39.719 0.0000000000
54929  -24.136  -9.353  36.872 0.0000000000
56217  -25.752  -9.127  35.820 0.0000000000
56231  -26.362  -9.167  35.215 0.0000000000
52441  -32.139  -11.117  36.363 0.0000000000
56259  -30.962  -9.202  32.714 0.0000000000
56109  -25.690  -8.333  44.527 0.0000000000
56149  -24.241  -8.518  41.620 0.0000000000
54888  -22.951  -9.755  39.367 0.0000000000
76013  -43.902  9.256  23.285 0.0000000000
81176  -50.553  13.676  25.556 0.0000000000
81175  -49.909  13.603  25.253 0.0000000000
82280  -50.783  14.123  25.631 0.0000000000
82267  -50.647  14.817  25.568 0.0000000000
84384  -51.163  17.617  25.093 0.0000000000
68449  -33.008  1.775  32.373 0.0000000000
68465  -32.460  1.596  31.316 0.0000000000
68506  -38.824  3.928  28.664 0.0000000000
70496  -42.645  5.080  35.183 0.0000000000
69400  -42.077  4.974  33.656 0.0000000000
70507  -42.510  5.103  34.355 0.0000000000
70508  -43.106  5.503  34.428 0.0000000000
70524  -43.000  5.662  33.785 0.0000000000
70525  -43.365  6.177  33.865 0.0000000000
71599  -43.450  6.581  33.889 0.0000000000
72657  -43.339  6.930  33.640 0.0000000000
73760  -43.520  7.524  33.790 0.0000000000
46941  -17.045  -16.639  45.970 0.0000000000
44767  -15.045  -18.895  46.347 0.0000000000
44783  -14.753  -19.254  45.388 0.0000000000
42598  -12.820  -20.441  44.759 0.0000000000
42610  -12.505  -21.141  44.448 0.0000000000
54966  -33.792  -9.328  36.331 0.0000000000
56220  -34.908  -9.182  36.775 0.0000000000
56207  -36.698  -9.157  37.839 0.0000000000
54936  -36.246  -9.387  38.400 0.0000000000
54937  -36.841  -9.256  38.361 0.0000000000
56208  -37.394  -8.886  38.185 0.0000000000
56167  -37.886  -8.424  41.073 0.0000000000
54858  -29.069  -9.396  41.276 0.0000000000
53587  -29.914  -10.365  40.271 0.0000000000
53573  -30.925  -10.360  41.609 0.0000000000
53588  -30.691  -10.315  40.663 0.0000000000
52372  -30.421  -10.944  39.756 0.0000000000
51222  -33.828  -10.907  42.915 0.0000000000
52342  -34.075  -10.554  41.675 0.0000000000
52358  -32.693  -10.579  40.899 0.0000000000
52410  -32.946  -11.266  37.832 0.0000000000
52411  -33.528  -10.952  38.124 0.0000000000
53628  -33.453  -10.935  37.608 0.0000000000
53644  -33.691  -10.496  37.181 0.0000000000
53537  -30.144  -9.950  44.081 0.0000000000
73813  -40.849  7.261  27.879 0.0000000000
73829  -40.166  7.518  27.423 0.0000000000
74870  -40.560  8.178  27.492 0.0000000000
74887  -40.682  8.819  27.210 0.0000000000
77034  -45.094  10.788  29.016 0.0000000000
77050  -46.353  10.686  27.533 0.0000000000
75968  -44.820  9.984  26.138 0.0000000000
75999  -44.643  9.056  24.338 0.0000000000
76015  -45.753  9.689  23.781 0.0000000000
77096  -45.907  10.051  23.170 0.0000000000
78155  -46.295  10.996  22.629 0.0000000000
79150  -47.971  11.643  23.937 0.0000000000
78145  -48.247  11.315  24.296 0.0000000000
79151  -48.394  11.709  24.465 0.0000000000
80143  -48.494  12.293  24.741 0.0000000000
80132  -49.170  12.415  25.093 0.0000000000
80133  -50.031  12.667  25.294 0.0000000000
78111  -50.274  10.655  27.045 0.0000000000
78123  -50.835  11.182  26.000 0.0000000000
79137  -50.888  12.048  26.036 0.0000000000
80125  -50.508  12.352  25.678 0.0000000000
80126  -50.810  12.914  25.849 0.0000000000
80127  -51.726  13.182  26.396 0.0000000000
66350  -33.754  0.023  35.941 0.0000000000
66371  -32.664  -0.246  34.792 0.0000000000
67451  -32.522  0.591  33.696 0.0000000000
68412  -35.391  2.358  36.297 0.0000000000
68424  -35.002  2.567  35.658 0.0000000000
69392  -35.201  3.574  36.054 0.0000000000
68434  -34.273  2.308  34.376 0.0000000000
68433  -33.825  2.057  33.727 0.0000000000
68450  -33.378  2.046  33.101 0.0000000000
69424  -33.225  2.715  32.181 0.0000000000
70575  -34.198  3.995  31.314 0.0000000000
70576  -35.199  4.503  30.868 0.0000000000
69470  -36.855  4.212  29.791 0.0000000000
70578  -37.028  4.455  30.487 0.0000000000
70518  -38.242  5.331  32.681 0.0000000000
70519  -38.699  5.677  32.508 0.0000000000
70505  -40.945  5.435  33.622 0.0000000000
72626  -40.599  6.981  35.353 0.0000000000
72598  -42.067  6.755  36.767 0.0000000000
72627  -41.224  6.140  35.625 0.0000000000
71571  -41.532  5.464  35.178 0.0000000000
71584  -41.725  5.109  34.838 0.0000000000
70495  -42.251  4.887  34.952 0.0000000000
70488  -42.888  5.380  35.507 0.0000000000
71560  -43.738  6.098  35.944 0.0000000000
50160  -19.170  -13.712  42.150 0.0000000000
50149  -18.905  -13.707  43.111 0.0000000000
48084  -18.368  -14.845  42.243 0.0000000000
49109  -18.581  -14.318  43.512 0.0000000000
48072  -18.389  -14.639  43.722 0.0000000000
46964  -16.896  -16.682  43.432 0.0000000000
45877  -16.581  -17.537  41.897 0.0000000000
45853  -16.583  -17.370  42.924 0.0000000000
85431  -52.140  19.193  20.082 0.0000000000
60802  -35.308  -5.801  31.649 0.0000000000
61914  -34.571  -5.517  32.072 0.0000000000
62990  -34.343  -4.425  33.897 0.0000000000
56235  -35.384  -8.723  36.371 0.0000000000
57377  -36.836  -7.720  36.268 0.0000000000
57390  -36.538  -7.533  35.614 0.0000000000
58556  -36.899  -7.176  34.916 0.0000000000
59678  -37.315  -6.372  34.863 0.0000000000
60732  -37.350  -5.999  37.979 0.0000000000
60731  -37.095  -5.841  37.149 0.0000000000
60761  -37.119  -5.621  35.217 0.0000000000
60760  -36.635  -5.483  34.751 0.0000000000
62975  -35.739  -4.992  35.194 0.0000000000
62974  -35.219  -4.527  34.857 0.0000000000
65232  -33.827  -2.033  36.163 0.0000000000
65225  -33.888  -1.282  36.757 0.0000000000
65213  -34.853  -1.394  37.587 0.0000000000
66318  -34.627  -0.163  37.233 0.0000000000
67360  -36.612  0.257  39.066 0.0000000000
68338  -37.260  0.614  39.595 0.0000000000
68380  -37.125  2.300  38.366 0.0000000000
54892  -27.638  -9.451  39.351 0.0000000000
54912  -27.796  -9.460  38.371 0.0000000000
54931  -27.333  -9.130  37.799 0.0000000000
56204  -27.064  -9.028  37.069 0.0000000000
56219  -27.362  -9.224  36.229 0.0000000000
56245  -26.791  -9.297  34.764 0.0000000000
54977  -27.378  -9.578  34.153 0.0000000000
54801  -21.486  -10.195  45.090 0.0000000000
52321  -20.232  -11.637  42.020 0.0000000000
57302  -24.129  -8.239  44.229 0.0000000000
56118  -23.204  -8.371  43.496 0.0000000000
56147  -22.078  -9.083  41.934 0.0000000000
54839  -21.660  -9.662  42.321 0.0000000000
53557  -21.150  -10.120  42.347 0.0000000000
51248  -19.696  -12.510  40.309 0.0000000000
51264  -20.846  -13.193  38.518 0.0000000000
80152  -45.903  11.961  22.442 0.0000000000
81206  -45.592  12.795  21.951 0.0000000000
82312  -45.835  14.319  20.989 0.0000000000
83349  -46.750  15.446  22.650 0.0000000000
82314  -47.491  15.300  19.607 0.0000000000
83377  -48.501  15.487  18.850 0.0000000000
83379  -49.610  16.408  18.612 0.0000000000
84414  -49.878  17.287  19.428 0.0000000000
84405  -49.651  17.567  20.540 0.0000000000
85422  -51.649  18.838  21.296 0.0000000000
86438  -52.252  19.194  21.212 0.0000000000
40438  -10.093  -22.658  48.124 0.0000000000
39425  -9.794  -23.473  47.615 0.0000000000
39424  -9.587  -24.223  47.219 0.0000000000
38393  -9.152  -24.856  46.798 0.0000000000
38411  -9.705  -25.386  45.475 0.0000000000
38403  -9.491  -25.079  46.132 0.0000000000
37324  -8.856  -25.847  46.149 0.0000000000
64137  -32.993  -3.300  33.213 0.0000000000
64159  -32.892  -3.574  32.150 0.0000000000
66445  -31.926  -0.315  30.944 0.0000000000
69471  -38.062  4.196  29.595 0.0000000000
69489  -38.341  3.826  29.174 0.0000000000
69490  -39.170  3.738  29.490 0.0000000000
68494  -39.277  3.721  29.156 0.0000000000
68507  -39.404  3.744  28.950 0.0000000000
69410  -41.530  4.724  32.398 0.0000000000
69429  -41.166  4.612  31.477 0.0000000000
69454  -42.068  4.672  31.625 0.0000000000
69453  -41.388  4.563  31.080 0.0000000000
69506  -39.630  3.824  28.808 0.0000000000
69526  -40.341  4.307  28.201 0.0000000000
70598  -41.272  5.056  29.355 0.0000000000
70597  -40.882  4.860  28.665 0.0000000000
70611  -40.377  4.725  27.947 0.0000000000
71673  -40.893  5.560  28.038 0.0000000000
72716  -40.929  6.352  27.920 0.0000000000
74846  -41.911  8.900  29.972 0.0000000000
77008  -44.410  9.859  30.557 0.0000000000
41456  -11.342  -21.253  49.169 0.0000000000
40439  -10.611  -21.927  48.627 0.0000000000
39450  -10.597  -23.818  45.187 0.0000000000
40484  -12.084  -22.826  43.554 0.0000000000
39406  -9.558  -22.946  49.403 0.0000000000
39397  -9.210  -22.648  49.880 0.0000000000
39396  -8.746  -23.319  49.802 0.0000000000
39388  -8.431  -23.521  50.954 0.0000000000
39387  -8.116  -24.034  51.334 0.0000000000
38342  -7.976  -24.223  51.505 0.0000000000
38341  -7.748  -24.413  51.681 0.0000000000
36193  -7.482  -27.249  47.603 0.0000000000
36183  -7.310  -26.868  48.273 0.0000000000
34975  -6.677  -27.501  48.676 0.0000000000
34976  -7.061  -27.155  48.479 0.0000000000
37296  -7.397  -25.841  49.583 0.0000000000
37287  -7.315  -25.342  49.976 0.0000000000
37278  -7.224  -24.816  50.874 0.0000000000
37264  -7.309  -24.461  51.942 0.0000000000
37249  -7.010  -24.303  52.543 0.0000000000
37248  -6.655  -24.541  52.340 0.0000000000
37237  -6.538  -24.297  52.764 0.0000000000
36127  -6.119  -25.634  51.088 0.0000000000
37247  -6.249  -24.640  52.378 0.0000000000
38340  -5.599  -24.568  52.242 0.0000000000
31674  -5.671  -30.784  47.715 0.0000000000
31673  -5.197  -30.824  47.858 0.0000000000
32790  -5.387  -30.248  48.355 0.0000000000
33890  -5.120  -28.809  48.749 0.0000000000
34954  -5.512  -26.801  49.460 0.0000000000
32780  -5.259  -29.641  48.670 0.0000000000
33893  -6.398  -28.633  48.669 0.0000000000
34958  -6.521  -26.429  49.751 0.0000000000
36129  -6.753  -25.198  50.883 0.0000000000
36171  -7.239  -26.500  49.100 0.0000000000
36172  -7.681  -26.258  48.665 0.0000000000
36201  -8.468  -27.131  46.162 0.0000000000
37246  -5.826  -24.750  52.225 0.0000000000
37250  -7.275  -24.186  52.389 0.0000000000
38313  -6.782  -23.861  53.622 0.0000000000
38317  -6.715  -24.022  53.381 0.0000000000
38327  -6.094  -24.354  52.872 0.0000000000
38328  -7.213  -24.029  52.679 0.0000000000
38329  -7.705  -24.084  52.400 0.0000000000
38330  -8.094  -24.101  52.004 0.0000000000
38351  -7.700  -24.492  51.182 0.0000000000
38353  -8.140  -23.974  50.121 0.0000000000
38380  -8.996  -24.487  47.640 0.0000000000
39362  -8.088  -23.319  53.216 0.0000000000
39375  -8.318  -23.856  51.747 0.0000000000
40404  -9.389  -21.590  52.907 0.0000000000
40468  -10.471  -23.632  45.519 0.0000000000
42548  -11.735  -20.623  49.348 0.0000000000
43747  -15.153  -19.248  41.870 0.0000000000
44768  -15.475  -18.406  46.105 0.0000000000
45876  -16.196  -17.738  42.490 0.0000000000
46942  -17.654  -16.167  45.758 0.0000000000
46981  -16.881  -16.855  42.604 0.0000000000
49113  -18.672  -14.317  42.659 0.0000000000
51210  -34.516  -11.522  43.615 0.0000000000
51215  -33.895  -10.981  43.144 0.0000000000
51216  -34.159  -11.160  43.320 0.0000000000
51223  -34.216  -10.903  42.926 0.0000000000
51237  -34.124  -10.727  42.389 0.0000000000
51247  -19.572  -12.906  41.026 0.0000000000
52314  -33.940  -11.204  43.434 0.0000000000
52322  -31.652  -10.663  42.479 0.0000000000
52325  -33.370  -11.071  42.399 0.0000000000
52388  -21.024  -12.484  39.099 0.0000000000
52396  -35.109  -11.050  39.368 0.0000000000
53524  -21.588  -10.212  45.671 0.0000000000
53549  -31.775  -10.647  43.290 0.0000000000
53590  -36.559  -9.378  41.722 0.0000000000
53596  -20.513  -11.436  39.902 0.0000000000
53601  -35.427  -10.365  39.965 0.0000000000
53603  -36.170  -9.430  40.993 0.0000000000
53610  -22.480  -10.615  38.380 0.0000000000
53631  -35.114  -10.467  38.682 0.0000000000
54826  -21.169  -10.321  43.288 0.0000000000
54828  -28.379  -8.789  43.085 0.0000000000
54829  -28.841  -8.795  43.078 0.0000000000
54838  -21.293  -10.087  42.769 0.0000000000
54855  -22.340  -9.375  40.620 0.0000000000
54917  -37.412  -8.900  39.321 0.0000000000
54934  -34.610  -10.145  37.688 0.0000000000
54949  -33.584  -10.162  36.677 0.0000000000
56100  -28.040  -8.835  44.527 0.0000000000
56108  -24.623  -8.286  44.670 0.0000000000
56122  -27.823  -8.863  43.200 0.0000000000
56152  -27.282  -9.104  42.036 0.0000000000
56193  -37.523  -8.862  38.895 0.0000000000
56232  -27.109  -9.145  35.292 0.0000000000
57303  -24.487  -8.220  44.147 0.0000000000
57308  -23.821  -8.231  43.810 0.0000000000
57309  -24.303  -8.210  43.868 0.0000000000
57318  -24.211  -8.188  43.343 0.0000000000
57359  -37.320  -8.283  37.657 0.0000000000
57368  -37.090  -8.192  36.991 0.0000000000
58573  -36.564  -6.885  34.250 0.0000000000
60775  -37.182  -5.928  34.357 0.0000000000
61863  -36.397  -5.336  35.909 0.0000000000
61887  -35.310  -5.498  34.091 0.0000000000
62963  -36.451  -4.893  36.584 0.0000000000
65182  -37.124  -1.976  39.503 0.0000000000
65194  -35.166  -1.216  37.886 0.0000000000
65214  -35.241  -1.759  37.725 0.0000000000
66349  -33.238  -0.118  35.454 0.0000000000
67468  -31.423  0.271  32.425 0.0000000000
68495  -39.596  3.676  29.135 0.0000000000
68525  -38.372  3.589  28.075 0.0000000000
69373  -36.806  3.197  38.011 0.0000000000
69412  -42.160  4.976  33.348 0.0000000000
69425  -33.705  2.959  32.873 0.0000000000
70489  -43.102  5.639  35.484 0.0000000000
70533  -34.034  3.588  32.821 0.0000000000
70534  -34.499  3.749  33.054 0.0000000000
70543  -43.069  6.378  33.370 0.0000000000
71572  -42.096  4.966  35.309 0.0000000000
71610  -37.437  5.173  32.925 0.0000000000
71612  -42.995  6.700  33.238 0.0000000000
71645  -42.710  6.034  31.555 0.0000000000
72614  -41.661  6.383  36.185 0.0000000000
72683  -42.553  6.508  31.620 0.0000000000
75916  -43.866  9.546  31.403 0.0000000000
75949  -48.163  9.976  26.604 0.0000000000
75972  -48.549  9.969  25.694 0.0000000000
77079  -48.082  10.237  25.109 0.0000000000
77088  -47.071  10.321  24.393 0.0000000000
77090  -48.323  10.618  24.831 0.0000000000
79131  -51.526  12.428  26.563 0.0000000000
80169  -45.691  12.495  21.090 0.0000000000
81205  -45.640  12.519  21.545 0.0000000000
81216  -45.637  12.659  21.361 0.0000000000
85429  -51.005  18.290  20.306 0.0000000000
