#!ascii label  , from subject 3628 vox2ras=TkReg
869
113571  40.260  50.687  15.696 0.0000000000
117831  40.648  56.903  16.966 0.0000000000
111129  40.483  47.616  17.470 0.0000000000
111967  36.801  48.321  14.166 0.0000000000
111997  39.325  47.683  11.703 0.0000000000
116524  41.073  54.917  13.914 0.0000000000
118508  35.231  57.597  17.670 0.0000000000
119741  37.026  59.073  13.135 0.0000000000
109746  44.575  46.141  19.843 0.0000000000
109073  43.673  43.901  14.183 0.0000000000
115790  43.608  53.951  15.631 0.0000000000
112804  44.967  49.611  13.377 0.0000000000
115053  42.989  52.473  18.687 0.0000000000
114304  42.708  51.510  21.647 0.0000000000
120979  38.859  61.589  7.652 0.0000000000
119737  41.353  59.739  13.897 0.0000000000
131844  41.162  46.438  9.611 0.0000000000
112771  38.234  49.628  14.478 0.0000000000
111978  38.167  47.949  13.222 0.0000000000
112809  39.433  49.219  12.647 0.0000000000
115793  40.889  53.275  15.731 0.0000000000
115070  37.964  51.781  16.013 0.0000000000
118552  34.148  57.209  14.917 0.0000000000
109714  46.255  45.396  21.959 0.0000000000
131827  46.481  44.372  18.215 0.0000000000
108249  47.912  43.343  20.115 0.0000000000
121486  42.944  62.565  7.312 0.0000000000
117177  42.597  56.130  16.092 0.0000000000
115780  44.542  53.309  17.755 0.0000000000
117147  41.161  55.219  17.765 0.0000000000
117112  38.230  55.373  23.123 0.0000000000
116444  41.228  54.560  22.344 0.0000000000
114994  40.865  53.022  23.159 0.0000000000
112695  43.622  49.750  22.958 0.0000000000
119128  39.379  59.210  15.528 0.0000000000
120329  39.389  60.410  13.511 0.0000000000
119711  41.263  59.270  16.340 0.0000000000
117861  42.548  56.723  14.867 0.0000000000
111948  42.988  48.187  15.385 0.0000000000
111977  42.324  48.364  12.309 0.0000000000
110465  40.756  46.236  13.336 0.0000000000
109114  37.796  44.639  11.921 0.0000000000
109145  38.344  44.150  10.613 0.0000000000
118567  40.804  57.563  11.699 0.0000000000
117200  39.620  55.515  12.543 0.0000000000
119111  38.393  58.597  17.958 0.0000000000
116491  38.301  54.769  17.893 0.0000000000
120372  33.256  60.887  10.532 0.0000000000
120369  35.688  59.848  10.150 0.0000000000
118550  36.447  57.521  15.363 0.0000000000
109749  41.982  46.220  19.090 0.0000000000
109049  40.649  44.824  16.515 0.0000000000
108265  44.023  43.958  18.144 0.0000000000
109071  46.330  44.351  14.800 0.0000000000
115075  42.511  52.702  15.926 0.0000000000
112766  42.744  50.148  14.636 0.0000000000
114345  44.787  51.128  15.702 0.0000000000
112741  45.249  50.174  17.013 0.0000000000
113562  41.510  50.205  17.903 0.0000000000
116464  40.763  54.683  19.468 0.0000000000
115043  40.739  52.344  19.674 0.0000000000
112720  40.556  49.222  19.495 0.0000000000
111898  43.233  48.876  20.741 0.0000000000
111083  44.961  47.684  22.609 0.0000000000
122073  40.617  64.054  6.409 0.0000000000
120382  41.042  61.045  9.165 0.0000000000
120352  40.022  60.597  11.472 0.0000000000
119769  41.342  59.932  11.708 0.0000000000
118561  41.140  57.544  13.462 0.0000000000
116513  42.655  54.521  14.484 0.0000000000
112819  41.258  49.254  11.761 0.0000000000
131849  40.090  46.384  9.247 0.0000000000
108356  39.807  43.852  9.192 0.0000000000
109803  41.806  44.625  12.025 0.0000000000
113584  39.399  50.205  15.346 0.0000000000
112792  38.691  49.371  13.655 0.0000000000
112769  39.977  49.818  14.689 0.0000000000
115067  40.676  52.336  16.010 0.0000000000
115077  39.718  52.854  15.891 0.0000000000
114337  39.058  51.001  15.911 0.0000000000
114350  38.173  50.648  15.607 0.0000000000
108951  46.721  44.410  23.279 0.0000000000
108989  47.379  44.262  20.902 0.0000000000
107443  47.881  42.829  22.923 0.0000000000
107564  38.248  42.607  11.367 0.0000000000
117830  41.297  56.701  16.614 0.0000000000
117159  42.369  55.502  16.710 0.0000000000
117161  40.382  55.753  17.304 0.0000000000
116446  37.946  54.094  22.093 0.0000000000
115709  39.979  53.737  23.094 0.0000000000
119109  40.250  58.578  17.343 0.0000000000
119713  40.617  59.415  16.365 0.0000000000
119108  41.035  58.589  17.141 0.0000000000
117858  42.276  57.122  16.073 0.0000000000
111138  41.735  47.912  16.168 0.0000000000
111163  41.558  47.359  14.478 0.0000000000
110443  40.785  46.530  15.967 0.0000000000
111167  36.282  47.614  14.677 0.0000000000
131859  36.552  46.648  14.333 0.0000000000
111182  38.647  47.429  12.823 0.0000000000
109795  38.192  45.572  13.559 0.0000000000
110479  38.943  46.017  12.181 0.0000000000
109130  37.687  44.326  11.271 0.0000000000
131833  39.395  45.677  11.300 0.0000000000
117870  40.646  56.406  12.177 0.0000000000
117211  40.421  55.880  11.560 0.0000000000
117194  40.388  55.579  13.074 0.0000000000
113609  36.147  50.062  14.480 0.0000000000
111968  35.982  48.506  14.563 0.0000000000
119113  36.990  58.074  18.186 0.0000000000
118492  37.580  57.972  18.929 0.0000000000
118494  36.369  57.752  18.551 0.0000000000
118537  34.510  57.079  15.954 0.0000000000
118551  35.313  57.227  15.073 0.0000000000
118535  36.652  57.490  16.426 0.0000000000
118534  37.680  57.860  16.552 0.0000000000
109747  43.752  46.065  19.451 0.0000000000
109023  42.621  44.785  18.321 0.0000000000
108257  44.592  44.430  19.032 0.0000000000
108272  48.436  44.123  16.939 0.0000000000
109043  46.803  44.359  16.460 0.0000000000
109051  47.775  44.244  15.271 0.0000000000
115073  43.436  53.331  15.777 0.0000000000
114333  43.697  51.486  16.030 0.0000000000
115064  43.862  52.657  16.170 0.0000000000
115765  43.630  53.286  18.659 0.0000000000
114327  45.246  51.530  17.646 0.0000000000
114322  43.657  51.457  18.388 0.0000000000
112743  43.319  49.753  17.401 0.0000000000
113555  42.225  50.898  18.264 0.0000000000
131998  38.072  55.386  19.779 0.0000000000
117141  39.403  55.091  19.277 0.0000000000
131993  39.068  55.433  20.667 0.0000000000
115007  41.819  52.948  22.112 0.0000000000
115027  41.049  52.737  20.947 0.0000000000
114306  41.030  51.507  20.264 0.0000000000
113535  40.801  50.371  19.827 0.0000000000
113534  41.776  50.680  20.544 0.0000000000
111899  42.248  48.803  20.243 0.0000000000
113533  42.931  50.860  21.303 0.0000000000
112687  42.992  49.236  23.370 0.0000000000
112694  44.307  49.190  22.663 0.0000000000
121506  39.579  63.121  7.000 0.0000000000
121488  41.104  62.816  7.765 0.0000000000
120960  39.649  61.410  8.110 0.0000000000
119771  36.170  59.739  11.716 0.0000000000
119793  36.546  59.696  10.168 0.0000000000
119770  37.222  59.638  12.100 0.0000000000
120315  40.964  60.325  14.115 0.0000000000
120338  39.714  60.704  12.449 0.0000000000
120920  41.209  61.240  12.596 0.0000000000
120351  41.095  60.914  11.225 0.0000000000
120336  41.531  60.750  12.590 0.0000000000
119167  41.334  59.319  12.791 0.0000000000
119153  41.306  58.771  13.415 0.0000000000
117184  43.365  55.267  15.232 0.0000000000
117189  43.023  55.583  14.658 0.0000000000
115800  43.396  54.393  15.031 0.0000000000
115791  43.047  53.540  15.346 0.0000000000
113622  44.371  50.083  13.339 0.0000000000
112806  42.746  49.868  13.233 0.0000000000
113629  43.388  49.715  12.504 0.0000000000
131837  41.185  46.932  10.422 0.0000000000
111996  41.520  48.155  10.710 0.0000000000
110496  40.401  45.828  8.847 0.0000000000
109162  39.770  45.016  9.199 0.0000000000
109189  40.557  44.514  7.413 0.0000000000
109056  42.736  43.967  15.152 0.0000000000
109076  40.880  44.513  14.155 0.0000000000
109111  42.608  44.387  12.319 0.0000000000
112812  36.888  49.091  13.742 0.0000000000
111979  37.478  48.419  13.668 0.0000000000
112811  37.246  49.041  13.538 0.0000000000
112810  38.410  48.803  12.969 0.0000000000
112821  39.443  48.730  11.882 0.0000000000
116515  40.664  54.285  14.512 0.0000000000
113608  36.859  49.814  14.498 0.0000000000
109732  45.697  45.859  21.125 0.0000000000
108253  45.595  45.109  19.549 0.0000000000
109005  46.474  45.190  20.526 0.0000000000
109032  47.865  43.654  18.555 0.0000000000
117176  43.287  55.354  15.858 0.0000000000
115785  44.187  53.321  16.860 0.0000000000
116501  42.966  55.205  16.442 0.0000000000
116472  43.214  54.080  18.378 0.0000000000
116473  41.989  54.802  18.672 0.0000000000
117784  38.601  56.252  22.988 0.0000000000
117798  39.754  56.269  22.558 0.0000000000
117094  40.176  55.578  23.392 0.0000000000
115694  41.394  54.007  23.612 0.0000000000
114992  42.221  52.741  22.758 0.0000000000
114287  43.119  51.468  22.675 0.0000000000
114277  41.539  51.977  23.207 0.0000000000
113511  41.139  50.784  22.705 0.0000000000
111883  40.905  48.583  22.580 0.0000000000
120980  37.733  61.419  7.750 0.0000000000
119732  38.418  59.171  14.277 0.0000000000
119755  38.332  59.775  13.212 0.0000000000
119731  39.015  59.554  14.472 0.0000000000
119729  40.566  59.895  14.932 0.0000000000
119728  41.279  59.618  15.031 0.0000000000
119136  41.534  58.764  14.552 0.0000000000
119127  41.617  58.733  15.547 0.0000000000
117857  42.552  56.945  15.757 0.0000000000
111964  44.270  48.401  14.519 0.0000000000
111985  43.975  48.953  12.577 0.0000000000
111172  42.447  47.961  13.906 0.0000000000
111173  41.908  47.771  13.124 0.0000000000
110472  40.856  46.187  11.772 0.0000000000
109109  44.633  44.060  12.647 0.0000000000
109126  43.360  44.407  11.328 0.0000000000
109098  35.774  44.244  12.904 0.0000000000
110467  37.605  46.369  13.702 0.0000000000
109077  37.445  44.760  13.574 0.0000000000
109116  36.513  44.076  11.998 0.0000000000
109131  37.122  44.073  11.429 0.0000000000
108344  37.611  43.337  11.136 0.0000000000
108343  38.289  43.395  10.786 0.0000000000
118574  41.213  57.508  10.777 0.0000000000
117224  40.667  55.807  10.691 0.0000000000
118503  39.517  57.656  17.750 0.0000000000
117832  39.617  56.464  17.552 0.0000000000
118491  38.373  57.353  18.610 0.0000000000
132004  37.732  56.296  19.190 0.0000000000
132003  37.601  56.355  20.009 0.0000000000
132009  37.578  56.081  21.252 0.0000000000
117130  37.252  55.875  22.683 0.0000000000
120371  33.870  60.362  10.313 0.0000000000
119772  35.058  59.852  11.591 0.0000000000
119742  36.010  59.124  12.993 0.0000000000
119155  37.294  58.797  13.744 0.0000000000
119130  37.861  57.959  15.716 0.0000000000
119121  38.553  58.468  17.256 0.0000000000
110424  40.939  46.622  18.725 0.0000000000
109770  40.459  45.710  16.698 0.0000000000
109024  41.142  45.063  18.171 0.0000000000
109038  42.548  43.971  17.327 0.0000000000
108285  43.784  43.662  15.225 0.0000000000
131819  45.405  44.333  18.257 0.0000000000
109045  45.170  44.038  16.536 0.0000000000
108302  45.223  43.731  14.470 0.0000000000
114335  41.413  51.264  15.774 0.0000000000
113582  41.718  50.325  15.201 0.0000000000
113570  42.337  50.772  15.701 0.0000000000
113580  44.003  50.766  15.338 0.0000000000
113602  45.173  50.211  14.644 0.0000000000
115063  44.932  52.165  16.799 0.0000000000
113567  45.471  50.539  16.442 0.0000000000
111962  45.318  49.305  15.361 0.0000000000
112752  44.019  49.220  16.809 0.0000000000
112754  42.295  48.921  16.858 0.0000000000
111924  41.048  48.674  17.173 0.0000000000
117148  40.247  55.256  18.161 0.0000000000
116474  40.849  54.893  18.587 0.0000000000
115750  41.423  53.957  19.378 0.0000000000
116455  40.613  54.965  20.600 0.0000000000
115751  40.915  53.739  19.838 0.0000000000
115767  41.009  52.894  19.067 0.0000000000
114325  41.037  51.234  18.768 0.0000000000
112737  40.466  49.491  18.076 0.0000000000
111919  40.308  48.468  18.092 0.0000000000
111121  41.472  47.575  19.607 0.0000000000
111120  42.302  47.421  19.798 0.0000000000
110401  43.660  47.320  20.263 0.0000000000
112706  44.138  49.655  22.024 0.0000000000
111094  44.507  48.122  21.315 0.0000000000
110390  45.194  47.104  21.482 0.0000000000
110380  45.329  46.550  22.330 0.0000000000
122051  41.389  63.581  7.035 0.0000000000
121470  41.847  62.452  8.296 0.0000000000
120381  41.975  60.924  9.270 0.0000000000
120353  38.903  60.153  11.707 0.0000000000
120384  39.024  60.088  9.405 0.0000000000
120383  40.043  60.748  9.395 0.0000000000
120365  40.871  60.479  10.101 0.0000000000
119781  41.491  59.706  10.592 0.0000000000
119174  40.906  58.750  11.200 0.0000000000
118563  40.758  57.480  12.656 0.0000000000
117867  41.018  56.532  13.149 0.0000000000
117862  42.150  57.260  14.457 0.0000000000
117192  42.384  55.668  14.135 0.0000000000
116523  42.068  55.030  14.164 0.0000000000
115803  41.373  53.857  15.097 0.0000000000
115787  41.452  52.806  15.904 0.0000000000
112790  40.751  49.682  14.263 0.0000000000
112820  40.152  49.150  11.577 0.0000000000
112831  39.822  48.594  10.853 0.0000000000
111995  42.233  48.852  11.410 0.0000000000
112830  40.781  48.655  10.541 0.0000000000
131839  39.631  46.369  10.623 0.0000000000
111193  39.670  45.715  10.195 0.0000000000
108342  39.249  43.580  10.264 0.0000000000
109785  40.457  45.415  14.338 0.0000000000
109794  40.780  45.292  13.057 0.0000000000
131842  41.410  45.493  10.084 0.0000000000
109142  42.901  44.551  10.117 0.0000000000
109172  41.579  44.525  8.418 0.0000000000
131808  47.282  42.334  20.335 0.0000000000
131815  47.784  42.767  18.347 0.0000000000
113572  39.908  50.618  15.743 0.0000000000
113583  40.554  50.328  15.227 0.0000000000
114336  40.298  51.089  15.994 0.0000000000
115068  39.484  51.987  16.226 0.0000000000
114349  38.769  50.444  15.565 0.0000000000
108213  47.759  43.928  22.874 0.0000000000
117848  41.235  57.051  16.604 0.0000000000
117160  41.451  55.956  16.802 0.0000000000
118502  40.804  58.004  17.260 0.0000000000
118516  41.162  57.459  16.742 0.0000000000
111139  41.207  47.633  16.442 0.0000000000
110438  40.457  46.668  16.989 0.0000000000
111166  36.835  47.302  14.230 0.0000000000
111188  39.107  47.636  12.279 0.0000000000
110473  38.991  46.581  12.406 0.0000000000
131836  39.351  46.846  11.992 0.0000000000
109809  39.095  45.149  12.075 0.0000000000
112794  36.659  49.212  14.075 0.0000000000
111168  35.503  47.603  14.941 0.0000000000
118507  36.272  58.030  18.015 0.0000000000
119101  36.397  57.898  18.337 0.0000000000
118521  34.826  57.396  16.891 0.0000000000
118536  35.599  57.270  16.195 0.0000000000
118520  35.881  57.577  17.184 0.0000000000
118519  36.940  57.788  17.366 0.0000000000
110415  44.020  46.704  20.013 0.0000000000
109013  44.520  45.448  19.425 0.0000000000
109042  47.816  44.357  16.277 0.0000000000
115052  44.182  52.468  18.490 0.0000000000
114329  42.961  51.070  18.269 0.0000000000
114323  42.380  51.393  18.376 0.0000000000
131996  38.535  55.738  20.641 0.0000000000
116456  38.753  55.191  20.238 0.0000000000
114289  42.155  52.359  21.744 0.0000000000
115026  41.736  52.468  21.525 0.0000000000
114305  42.037  51.805  21.234 0.0000000000
112718  42.536  49.787  20.693 0.0000000000
111872  42.545  48.420  23.233 0.0000000000
121491  38.132  62.426  7.304 0.0000000000
121507  39.089  63.260  6.805 0.0000000000
121490  39.144  62.531  7.106 0.0000000000
120978  39.795  61.955  7.652 0.0000000000
119757  36.587  59.431  12.473 0.0000000000
120328  40.618  60.931  13.188 0.0000000000
120327  41.301  60.656  13.190 0.0000000000
120929  41.501  61.137  12.401 0.0000000000
119753  41.546  59.941  12.964 0.0000000000
116506  43.476  54.782  15.630 0.0000000000
117188  43.306  55.060  14.892 0.0000000000
113628  43.952  49.920  12.617 0.0000000000
112816  44.359  49.547  12.764 0.0000000000
131843  41.106  46.841  9.729 0.0000000000
109833  40.355  44.921  8.114 0.0000000000
109827  41.163  45.673  8.802 0.0000000000
109074  42.771  44.108  14.129 0.0000000000
109092  43.156  44.210  13.288 0.0000000000
112793  37.606  49.394  13.992 0.0000000000
112791  39.709  49.496  13.726 0.0000000000
112822  39.148  48.426  12.076 0.0000000000
115804  40.351  53.817  15.190 0.0000000000
115078  38.727  52.728  15.963 0.0000000000
113585  38.503  50.009  15.182 0.0000000000
113586  37.533  50.049  15.014 0.0000000000
109731  46.377  45.383  21.292 0.0000000000
108990  46.927  44.967  21.530 0.0000000000
131812  48.394  43.017  19.030 0.0000000000
122071  42.259  63.720  6.096 0.0000000000
121520  42.234  63.029  5.551 0.0000000000
116500  43.530  54.494  16.462 0.0000000000
116489  41.987  55.124  17.411 0.0000000000
116488  42.899  54.705  17.379 0.0000000000
117096  38.760  55.866  23.300 0.0000000000
117770  39.084  56.135  23.391 0.0000000000
117095  39.238  55.452  23.311 0.0000000000
115696  40.493  54.164  23.634 0.0000000000
114980  41.020  53.539  23.611 0.0000000000
114993  41.758  53.083  23.067 0.0000000000
114276  42.501  52.099  23.040 0.0000000000
112697  41.674  49.592  22.972 0.0000000000
112698  40.417  49.586  22.280 0.0000000000
119138  38.810  58.902  14.922 0.0000000000
119712  41.107  59.427  16.413 0.0000000000
119722  40.203  59.511  15.699 0.0000000000
119721  40.924  59.755  15.838 0.0000000000
119720  41.293  59.355  16.001 0.0000000000
117846  42.401  56.826  16.104 0.0000000000
111965  43.290  48.191  14.139 0.0000000000
111162  42.490  47.811  14.815 0.0000000000
110456  41.118  47.040  14.285 0.0000000000
110464  41.220  46.996  13.734 0.0000000000
110471  41.334  46.993  12.567 0.0000000000
109080  35.798  44.522  13.248 0.0000000000
109079  36.096  44.577  13.142 0.0000000000
111175  37.404  47.416  13.814 0.0000000000
111174  38.135  47.031  13.353 0.0000000000
109095  38.077  44.678  12.821 0.0000000000
109096  37.193  44.671  12.526 0.0000000000
109115  37.041  44.450  11.822 0.0000000000
109132  36.889  43.764  11.553 0.0000000000
109129  38.733  44.634  11.439 0.0000000000
109146  37.616  43.854  10.972 0.0000000000
119181  41.320  58.616  10.720 0.0000000000
117199  40.133  55.712  12.159 0.0000000000
117212  39.633  55.588  11.631 0.0000000000
118504  38.751  58.220  18.190 0.0000000000
118490  38.981  57.403  18.199 0.0000000000
119098  38.040  58.358  18.524 0.0000000000
118480  37.574  57.440  19.202 0.0000000000
131994  37.544  56.577  19.631 0.0000000000
131999  36.601  55.692  20.788 0.0000000000
132012  37.422  56.084  22.260 0.0000000000
120388  34.165  60.699  9.771 0.0000000000
120389  33.695  60.814  10.083 0.0000000000
119773  34.106  59.872  11.452 0.0000000000
119759  34.559  59.627  12.239 0.0000000000
119758  35.547  59.622  12.370 0.0000000000
119140  36.068  57.952  14.351 0.0000000000
119156  36.591  58.576  13.659 0.0000000000
119139  37.585  58.331  14.680 0.0000000000
118549  37.312  57.643  15.706 0.0000000000
118518  37.791  58.317  17.492 0.0000000000
118533  38.195  58.261  16.958 0.0000000000
119110  39.215  58.444  17.543 0.0000000000
109756  40.760  45.810  18.270 0.0000000000
109755  41.742  45.785  18.696 0.0000000000
108266  43.052  43.933  18.047 0.0000000000
108275  43.269  43.868  17.702 0.0000000000
109046  43.121  43.729  16.639 0.0000000000
108274  43.424  43.808  17.154 0.0000000000
131818  46.095  44.435  18.719 0.0000000000
131811  45.676  44.471  19.004 0.0000000000
131825  45.975  44.465  17.923 0.0000000000
109053  46.199  44.200  15.699 0.0000000000
109044  45.855  44.089  16.456 0.0000000000
108284  44.889  43.673  15.254 0.0000000000
108301  45.834  44.053  14.595 0.0000000000
108317  45.752  44.007  14.162 0.0000000000
109089  46.331  44.280  13.759 0.0000000000
115066  41.914  52.356  16.024 0.0000000000
114334  42.565  51.451  16.154 0.0000000000
114346  44.317  51.272  15.809 0.0000000000
113568  43.688  51.009  15.799 0.0000000000
113579  44.907  50.680  15.177 0.0000000000
114344  45.144  50.915  15.660 0.0000000000
115784  44.861  52.790  17.441 0.0000000000
113559  45.017  50.869  17.694 0.0000000000
114326  45.499  51.340  17.068 0.0000000000
113558  45.474  50.504  16.999 0.0000000000
112764  45.461  49.644  15.932 0.0000000000
112751  45.092  49.405  16.521 0.0000000000
111930  45.004  49.097  16.231 0.0000000000
113561  42.581  50.519  18.049 0.0000000000
112753  42.851  49.087  16.793 0.0000000000
112744  42.017  49.322  17.284 0.0000000000
111923  41.663  48.803  16.970 0.0000000000
112745  41.017  49.818  17.636 0.0000000000
117833  38.914  56.100  17.976 0.0000000000
117162  39.310  55.322  17.700 0.0000000000
117140  40.120  55.251  19.088 0.0000000000
116463  41.453  54.208  19.339 0.0000000000
117110  40.581  55.766  22.649 0.0000000000
116445  40.908  55.050  21.719 0.0000000000
115739  40.778  53.965  21.113 0.0000000000
115055  40.911  51.935  18.884 0.0000000000
114317  40.895  51.127  19.213 0.0000000000
113549  40.313  50.066  18.917 0.0000000000
112735  40.253  49.128  18.713 0.0000000000
111916  40.334  48.317  19.025 0.0000000000
111901  40.678  48.531  19.482 0.0000000000
111107  42.012  48.026  20.024 0.0000000000
111106  42.944  47.917  20.183 0.0000000000
111105  43.882  47.938  20.879 0.0000000000
113509  43.135  51.099  23.163 0.0000000000
113521  43.348  50.864  22.249 0.0000000000
111879  44.664  48.420  22.698 0.0000000000
112705  44.510  48.965  22.341 0.0000000000
111888  44.710  48.478  21.901 0.0000000000
111093  45.000  47.675  21.443 0.0000000000
111092  45.195  47.415  21.752 0.0000000000
110389  45.294  46.880  21.839 0.0000000000
122632  39.784  64.742  6.111 0.0000000000
123224  39.040  65.886  6.040 0.0000000000
120958  41.203  61.854  8.502 0.0000000000
120947  41.684  61.362  8.955 0.0000000000
120330  38.761  60.059  13.283 0.0000000000
120339  38.590  60.061  12.647 0.0000000000
120366  40.102  60.339  10.396 0.0000000000
119791  41.567  60.554  9.888 0.0000000000
119154  40.986  58.139  12.984 0.0000000000
119168  41.097  58.715  12.344 0.0000000000
118548  42.010  57.758  15.028 0.0000000000
116522  42.779  55.062  14.302 0.0000000000
116514  41.747  54.441  14.506 0.0000000000
115792  42.072  53.170  15.661 0.0000000000
112767  42.442  50.070  14.693 0.0000000000
113606  41.148  50.010  14.766 0.0000000000
112789  41.950  49.711  14.268 0.0000000000
112807  41.659  49.508  13.036 0.0000000000
111986  42.870  48.920  12.171 0.0000000000
111987  42.035  48.424  11.544 0.0000000000
112005  40.695  46.785  9.581 0.0000000000
112838  40.126  47.839  10.226 0.0000000000
112006  39.818  46.759  9.970 0.0000000000
131846  39.759  45.903  9.613 0.0000000000
108370  39.739  43.969  8.179 0.0000000000
108341  40.304  43.521  9.896 0.0000000000
109774  40.511  45.601  15.596 0.0000000000
109058  40.748  44.665  15.368 0.0000000000
109094  41.480  44.663  13.033 0.0000000000
131831  41.250  45.154  11.831 0.0000000000
131832  41.660  44.836  11.085 0.0000000000
109141  44.120  44.491  10.337 0.0000000000
112770  39.067  49.690  14.534 0.0000000000
115076  40.307  52.966  15.814 0.0000000000
115069  38.475  51.859  16.078 0.0000000000
114338  38.088  51.345  15.924 0.0000000000
108972  46.843  44.701  22.389 0.0000000000
108971  47.468  44.304  22.051 0.0000000000
108235  47.969  43.520  21.740 0.0000000000
117178  42.080  56.128  16.415 0.0000000000
116426  38.495  54.434  22.618 0.0000000000
116425  39.276  54.561  23.041 0.0000000000
115710  39.163  53.923  22.581 0.0000000000
114995  39.933  52.616  22.604 0.0000000000
119120  39.741  58.970  16.653 0.0000000000
119119  40.792  59.212  16.955 0.0000000000
119118  41.377  58.885  16.477 0.0000000000
118515  41.302  58.033  16.748 0.0000000000
117847  41.809  56.934  16.383 0.0000000000
111949  42.375  48.048  15.846 0.0000000000
111148  42.501  47.880  15.284 0.0000000000
111149  42.027  47.746  15.609 0.0000000000
111150  41.184  47.184  15.331 0.0000000000
110457  40.795  46.650  14.649 0.0000000000
110474  38.597  46.431  12.859 0.0000000000
109804  38.690  45.353  12.688 0.0000000000
109113  38.495  44.806  12.188 0.0000000000
109128  39.316  44.858  11.196 0.0000000000
112795  35.620  49.450  14.528 0.0000000000
119112  37.652  58.504  18.062 0.0000000000
119099  37.327  58.188  18.484 0.0000000000
118493  36.977  57.905  18.766 0.0000000000
109748  42.677  45.989  19.059 0.0000000000
109754  42.455  45.504  18.692 0.0000000000
109015  42.828  45.366  18.768 0.0000000000
109014  43.489  45.152  19.051 0.0000000000
109022  43.632  44.455  18.763 0.0000000000
109033  47.558  44.318  17.507 0.0000000000
109052  47.079  44.430  15.502 0.0000000000
115074  43.056  52.937  15.761 0.0000000000
115065  42.965  52.299  16.172 0.0000000000
114332  44.555  51.679  16.129 0.0000000000
115764  44.622  53.098  18.312 0.0000000000
115779  45.070  52.932  17.967 0.0000000000
115051  44.907  52.609  18.153 0.0000000000
113553  44.848  51.217  18.055 0.0000000000
113554  44.521  51.119  18.198 0.0000000000
112742  44.503  49.939  17.316 0.0000000000
113560  43.880  50.600  17.994 0.0000000000
113556  41.793  50.809  18.274 0.0000000000
131995  38.235  54.826  18.922 0.0000000000
116475  38.935  54.909  18.932 0.0000000000
116465  38.727  54.915  19.592 0.0000000000
117136  39.626  55.116  20.097 0.0000000000
115726  41.105  53.947  21.944 0.0000000000
115008  41.122  53.399  21.532 0.0000000000
112719  41.428  49.556  20.204 0.0000000000
112717  43.492  49.788  21.252 0.0000000000
112696  42.694  50.007  23.174 0.0000000000
111880  44.200  48.913  23.129 0.0000000000
122075  38.709  63.857  6.887 0.0000000000
122074  39.619  63.818  6.714 0.0000000000
122053  39.943  63.285  7.052 0.0000000000
122052  40.473  63.408  7.083 0.0000000000
121489  40.085  62.755  7.364 0.0000000000
120977  40.541  62.174  7.868 0.0000000000
120404  40.707  61.419  8.644 0.0000000000
120355  35.470  59.741  10.965 0.0000000000
119783  36.320  59.650  10.870 0.0000000000
119782  37.107  59.600  11.413 0.0000000000
120316  40.152  60.284  14.097 0.0000000000
120337  40.678  61.341  12.144 0.0000000000
120930  41.350  61.307  12.053 0.0000000000
120350  41.678  60.902  11.956 0.0000000000
119768  41.534  60.280  12.274 0.0000000000
119754  41.403  59.692  12.421 0.0000000000
117185  43.006  56.024  15.409 0.0000000000
116512  43.207  54.748  14.690 0.0000000000
115802  42.412  53.932  14.938 0.0000000000
115801  43.189  54.142  14.894 0.0000000000
113604  43.550  50.212  14.134 0.0000000000
112788  42.886  50.077  14.217 0.0000000000
113623  43.510  50.056  13.060 0.0000000000
113624  43.143  49.773  12.615 0.0000000000
112818  42.627  49.360  12.247 0.0000000000
111187  41.563  47.788  11.157 0.0000000000
131850  40.302  46.395  9.269 0.0000000000
131851  39.848  45.982  9.321 0.0000000000
131834  39.973  45.630  8.850 0.0000000000
109174  39.804  44.575  8.012 0.0000000000
107590  39.729  43.532  7.557 0.0000000000
109057  41.642  44.209  15.239 0.0000000000
109075  41.864  44.244  14.161 0.0000000000
109093  42.242  44.320  13.270 0.0000000000
109112  41.964  44.451  12.664 0.0000000000
111980  36.926  48.874  13.662 0.0000000000
111988  38.811  48.172  12.550 0.0000000000
112833  39.268  48.328  11.753 0.0000000000
116525  39.968  54.787  13.897 0.0000000000
116516  39.451  54.116  14.800 0.0000000000
115795  39.195  53.621  15.552 0.0000000000
114351  37.219  51.138  15.776 0.0000000000
113587  36.571  50.451  15.025 0.0000000000
118538  33.415  57.016  15.767 0.0000000000
109733  45.163  46.148  20.377 0.0000000000
109007  45.128  45.730  19.842 0.0000000000
109006  45.617  45.599  20.307 0.0000000000
109004  46.701  44.117  19.379 0.0000000000
109021  47.262  44.150  18.415 0.0000000000
108271  48.452  43.894  17.666 0.0000000000
116487  43.826  53.945  17.542 0.0000000000
116471  44.022  53.534  18.145 0.0000000000
115766  42.134  53.609  19.151 0.0000000000
132002  38.388  56.306  22.169 0.0000000000
117129  39.464  55.863  21.460 0.0000000000
117799  39.120  56.449  22.443 0.0000000000
117782  39.986  56.162  23.136 0.0000000000
117109  41.141  55.287  22.900 0.0000000000
116412  39.987  54.717  23.427 0.0000000000
116411  40.715  54.735  23.698 0.0000000000
116423  41.387  54.689  22.963 0.0000000000
115725  41.445  53.869  22.630 0.0000000000
115006  42.408  52.493  22.576 0.0000000000
113522  43.021  51.360  21.839 0.0000000000
114275  42.993  51.768  22.896 0.0000000000
113510  42.161  50.950  23.072 0.0000000000
112689  41.975  49.022  23.180 0.0000000000
111882  41.772  48.452  22.981 0.0000000000
120426  38.477  61.137  7.927 0.0000000000
119740  37.856  59.271  13.662 0.0000000000
119756  37.648  59.617  12.787 0.0000000000
119739  38.738  59.765  13.779 0.0000000000
119738  39.270  60.008  14.143 0.0000000000
119730  39.687  59.778  14.738 0.0000000000
118547  42.358  57.306  15.497 0.0000000000
118532  41.961  57.677  15.934 0.0000000000
118531  42.350  57.318  15.764 0.0000000000
111974  45.057  48.953  13.901 0.0000000000
111984  44.800  49.033  12.951 0.0000000000
111975  44.209  48.560  13.404 0.0000000000
111976  43.053  48.451  13.037 0.0000000000
111180  41.711  47.830  11.990 0.0000000000
110478  41.332  47.174  11.528 0.0000000000
109091  44.109  44.048  13.344 0.0000000000
109110  43.721  44.271  12.423 0.0000000000
109125  44.651  44.239  11.584 0.0000000000
111165  37.147  47.545  14.039 0.0000000000
110468  36.942  46.808  13.981 0.0000000000
109786  37.422  45.654  13.810 0.0000000000
110466  38.175  46.368  13.413 0.0000000000
109796  37.770  45.853  13.711 0.0000000000
109078  36.644  44.742  13.182 0.0000000000
109097  36.504  44.466  12.517 0.0000000000
108328  36.157  43.653  12.442 0.0000000000
108335  36.572  43.544  11.889 0.0000000000
117874  40.786  56.570  11.254 0.0000000000
117882  41.093  56.486  10.790 0.0000000000
117195  39.381  55.242  13.267 0.0000000000
117821  39.025  56.979  18.098 0.0000000000
117834  38.252  56.050  18.318 0.0000000000
132006  37.765  55.530  18.543 0.0000000000
132000  37.578  55.247  19.008 0.0000000000
131997  38.066  56.087  20.418 0.0000000000
132008  37.789  56.221  22.125 0.0000000000
117785  37.798  56.026  22.723 0.0000000000
117113  37.092  55.375  23.031 0.0000000000
120370  34.722  60.016  10.342 0.0000000000
119785  34.147  60.014  10.773 0.0000000000
119784  34.580  59.847  11.038 0.0000000000
120356  34.951  59.769  10.992 0.0000000000
119141  34.888  57.779  14.116 0.0000000000
119129  38.580  58.384  16.028 0.0000000000
110430  40.441  46.649  17.932 0.0000000000
109764  40.452  45.831  17.574 0.0000000000
109040  40.525  45.035  17.475 0.0000000000
109039  41.410  44.544  17.424 0.0000000000
109048  41.518  44.264  16.365 0.0000000000
109047  42.580  43.790  16.220 0.0000000000
108286  43.262  43.700  15.611 0.0000000000
131820  44.687  44.176  18.523 0.0000000000
131828  45.032  44.170  17.547 0.0000000000
109034  46.004  44.263  17.354 0.0000000000
109036  45.235  44.130  17.045 0.0000000000
108273  44.465  43.872  16.982 0.0000000000
108278  44.571  43.788  16.038 0.0000000000
108303  44.405  43.688  14.628 0.0000000000
109072  44.495  43.803  14.015 0.0000000000
109090  45.180  43.901  13.530 0.0000000000
114348  40.834  50.881  15.606 0.0000000000
114347  41.116  50.741  15.444 0.0000000000
113581  42.896  50.332  14.960 0.0000000000
113569  43.217  50.809  15.876 0.0000000000
113605  43.117  50.215  14.443 0.0000000000
113603  44.556  50.383  14.368 0.0000000000
113621  45.036  50.109  13.861 0.0000000000
115059  45.178  52.150  17.541 0.0000000000
115062  45.339  51.688  16.799 0.0000000000
114331  45.276  51.287  16.235 0.0000000000
113578  45.321  50.449  15.575 0.0000000000
112786  45.370  49.753  15.032 0.0000000000
111973  45.277  49.294  14.653 0.0000000000
111963  45.002  48.870  14.958 0.0000000000
111947  44.323  48.604  15.549 0.0000000000
111932  43.502  48.666  16.241 0.0000000000
111933  42.056  48.433  16.440 0.0000000000
111934  41.375  48.240  16.677 0.0000000000
117149  39.472  55.205  18.588 0.0000000000
115054  41.712  52.329  18.733 0.0000000000
114324  41.396  51.376  18.571 0.0000000000
113563  41.040  50.258  17.855 0.0000000000
113557  40.912  50.537  18.290 0.0000000000
111125  40.410  47.501  18.417 0.0000000000
111122  40.807  47.476  19.125 0.0000000000
110418  41.346  46.957  19.204 0.0000000000
111900  41.255  48.530  19.846 0.0000000000
110417  42.036  46.754  19.407 0.0000000000
110416  43.078  46.900  19.680 0.0000000000
110400  44.336  47.170  20.570 0.0000000000
113532  43.512  50.326  21.712 0.0000000000
111889  44.039  48.831  21.352 0.0000000000
111104  44.602  47.574  21.021 0.0000000000
110399  45.072  46.870  20.926 0.0000000000
110398  45.374  46.581  21.456 0.0000000000
109715  45.638  46.169  21.901 0.0000000000
109701  46.308  44.926  22.738 0.0000000000
122050  42.240  63.428  6.799 0.0000000000
121487  42.093  63.042  7.697 0.0000000000
120957  42.190  61.635  8.755 0.0000000000
119790  42.338  60.083  9.990 0.0000000000
120407  37.790  60.573  8.438 0.0000000000
120427  38.262  60.902  8.060 0.0000000000
120340  37.867  59.789  12.343 0.0000000000
120354  37.942  59.862  11.885 0.0000000000
120406  39.075  60.828  8.387 0.0000000000
120405  40.131  61.222  8.699 0.0000000000
117193  41.533  55.677  13.621 0.0000000000
118560  41.600  57.763  14.208 0.0000000000
117865  42.576  56.152  14.332 0.0000000000
117866  42.003  56.679  13.906 0.0000000000
113607  40.814  50.001  14.781 0.0000000000
112808  40.479  49.397  12.755 0.0000000000
112832  39.395  48.170  11.382 0.0000000000
112817  43.636  49.479  12.306 0.0000000000
112829  41.770  49.011  11.112 0.0000000000
112839  39.689  47.817  10.693 0.0000000000
112007  39.553  47.207  11.061 0.0000000000
109144  39.396  44.599  10.493 0.0000000000
109127  42.324  44.509  11.200 0.0000000000
109143  41.975  44.698  10.374 0.0000000000
131838  42.005  45.031  9.038 0.0000000000
131845  41.656  45.331  8.957 0.0000000000
109181  41.215  44.312  7.420 0.0000000000
108383  40.646  43.679  6.893 0.0000000000
107461  47.643  42.455  21.290 0.0000000000
131813  47.730  42.624  19.764 0.0000000000
107495  48.754  43.897  17.257 0.0000000000
107589  40.070  43.424  7.035 0.0000000000
107591  39.627  43.790  7.809 0.0000000000
107604  40.073  43.909  6.905 0.0000000000
107605  39.737  43.690  7.165 0.0000000000
107606  39.691  43.906  7.597 0.0000000000
107613  40.094  44.457  7.464 0.0000000000
107614  39.820  44.068  7.368 0.0000000000
108279  43.545  43.658  16.234 0.0000000000
108280  43.012  43.700  15.809 0.0000000000
108283  45.681  43.963  15.123 0.0000000000
108316  46.078  44.172  14.357 0.0000000000
108371  39.703  44.048  7.866 0.0000000000
108388  41.224  44.023  6.688 0.0000000000
108389  40.624  44.260  6.843 0.0000000000
108950  47.254  44.317  22.682 0.0000000000
109025  40.620  45.363  17.936 0.0000000000
109035  45.542  44.126  16.839 0.0000000000
109037  42.917  43.790  16.861 0.0000000000
109054  45.396  43.972  15.867 0.0000000000
109055  43.217  43.933  14.681 0.0000000000
109173  41.094  44.688  8.148 0.0000000000
109182  40.818  44.711  7.817 0.0000000000
109187  41.044  44.467  6.936 0.0000000000
109188  40.808  44.571  7.034 0.0000000000
109797  35.627  44.482  13.377 0.0000000000
109828  40.064  45.279  8.416 0.0000000000
109832  40.738  45.425  8.550 0.0000000000
110414  44.674  46.628  20.305 0.0000000000
110423  41.587  46.445  19.054 0.0000000000
110495  40.871  46.019  8.952 0.0000000000
111164  41.090  47.106  14.818 0.0000000000
111176  37.054  47.191  13.997 0.0000000000
111181  39.014  47.013  12.538 0.0000000000
111873  42.166  48.791  23.199 0.0000000000
111878  45.082  48.035  22.276 0.0000000000
111887  45.174  47.864  21.887 0.0000000000
111915  40.826  48.060  19.479 0.0000000000
111931  44.587  48.939  16.235 0.0000000000
111945  45.348  49.334  15.712 0.0000000000
111946  45.194  49.048  15.873 0.0000000000
111966  37.224  47.857  14.087 0.0000000000
111998  39.190  48.175  11.927 0.0000000000
112688  42.354  49.198  23.246 0.0000000000
112740  45.443  50.266  16.872 0.0000000000
112750  45.421  50.084  16.663 0.0000000000
112765  45.307  49.332  16.125 0.0000000000
112768  40.433  49.914  14.770 0.0000000000
112787  43.223  50.119  13.965 0.0000000000
112803  45.233  49.666  14.190 0.0000000000
112805  43.203  50.085  13.675 0.0000000000
112840  39.471  47.822  10.968 0.0000000000
113630  43.132  49.596  12.450 0.0000000000
114288  42.686  51.918  22.227 0.0000000000
114321  44.788  51.684  18.086 0.0000000000
114328  43.274  50.901  18.212 0.0000000000
114979  41.298  53.602  23.465 0.0000000000
115058  45.366  51.861  17.043 0.0000000000
115695  41.078  53.995  23.938 0.0000000000
115707  41.521  53.971  23.251 0.0000000000
115708  40.705  53.683  23.530 0.0000000000
115763  44.958  52.931  18.195 0.0000000000
115786  41.808  52.798  15.907 0.0000000000
115794  40.016  53.377  15.574 0.0000000000
116410  41.300  54.477  23.563 0.0000000000
116424  41.141  55.141  22.509 0.0000000000
116490  38.865  54.809  18.249 0.0000000000
116502  38.879  54.767  17.657 0.0000000000
116503  38.691  54.748  17.292 0.0000000000
116511  43.408  54.690  15.133 0.0000000000
117093  41.056  55.239  23.364 0.0000000000
117111  38.781  54.973  23.114 0.0000000000
117163  38.519  55.346  17.559 0.0000000000
117164  37.899  55.285  17.969 0.0000000000
117179  39.085  54.831  17.354 0.0000000000
117180  38.936  55.149  17.134 0.0000000000
117768  39.934  55.967  23.325 0.0000000000
117769  39.641  56.035  23.364 0.0000000000
117783  39.380  56.443  23.064 0.0000000000
117822  38.655  56.639  18.293 0.0000000000
118501  41.073  58.292  17.080 0.0000000000
118505  37.547  58.409  17.860 0.0000000000
118506  37.219  58.185  17.902 0.0000000000
118517  38.175  58.419  17.269 0.0000000000
119100  36.770  57.949  18.399 0.0000000000
119114  36.584  57.956  18.215 0.0000000000
119122  38.089  58.596  17.741 0.0000000000
119137  39.231  59.394  14.924 0.0000000000
120317  39.610  60.175  14.131 0.0000000000
120907  41.371  60.909  13.032 0.0000000000
120908  41.231  61.047  12.968 0.0000000000
120919  41.409  61.036  12.788 0.0000000000
120946  41.958  61.319  9.014 0.0000000000
120959  40.354  61.644  8.235 0.0000000000
122086  42.292  63.420  5.829 0.0000000000
131829  39.945  44.576  7.753 0.0000000000
131830  39.978  44.773  7.948 0.0000000000
131835  40.051  46.144  9.167 0.0000000000
131840  40.151  45.781  8.893 0.0000000000
131841  40.215  45.988  9.064 0.0000000000
131847  40.270  46.242  9.215 0.0000000000
131848  41.005  46.219  9.091 0.0000000000
131992  38.264  54.861  19.504 0.0000000000
132001  37.696  54.960  18.384 0.0000000000
132005  37.782  57.059  19.226 0.0000000000
