#!ascii label  , from subject 3406 vox2ras=TkReg
1727
105071  -47.532  6.975  32.015 0.0000000000
97087  -56.391  -0.378  18.902 0.0000000000
108020  -58.843  11.881  34.839 0.0000000000
145784  -56.639  5.151  25.778 0.0000000000
99037  -56.689  2.151  33.568 0.0000000000
106201  -56.268  8.258  20.369 0.0000000000
109883  -54.551  12.267  24.217 0.0000000000
114910  -48.081  18.727  19.272 0.0000000000
92492  -51.975  -4.440  35.114 0.0000000000
101117  -50.101  3.904  27.197 0.0000000000
102218  -55.068  3.810  20.892 0.0000000000
106148  -51.228  8.305  25.523 0.0000000000
113203  -59.905  16.393  30.533 0.0000000000
110818  -59.669  12.980  27.843 0.0000000000
112444  -54.758  15.448  29.885 0.0000000000
111737  -47.914  14.477  24.744 0.0000000000
114060  -53.128  17.490  23.062 0.0000000000
100188  -57.753  2.832  15.504 0.0000000000
107057  -48.912  8.936  37.446 0.0000000000
108037  -52.224  9.985  32.456 0.0000000000
105083  -60.913  7.101  30.530 0.0000000000
103149  -55.561  5.664  30.151 0.0000000000
101084  -52.269  3.979  31.747 0.0000000000
95915  -52.532  -1.274  31.098 0.0000000000
104247  -60.344  5.767  17.653 0.0000000000
107251  -59.120  9.373  16.502 0.0000000000
145849  -56.371  9.920  27.240 0.0000000000
109919  -59.367  12.002  22.412 0.0000000000
110977  -55.899  12.424  16.376 0.0000000000
110937  -50.519  12.739  17.072 0.0000000000
111780  -45.589  14.174  17.720 0.0000000000
103161  -48.034  5.098  28.663 0.0000000000
104153  -49.804  6.029  25.802 0.0000000000
105088  -48.767  7.581  28.564 0.0000000000
113242  -59.165  16.809  26.926 0.0000000000
112447  -57.819  15.453  30.338 0.0000000000
112468  -56.568  16.168  27.420 0.0000000000
113236  -53.018  16.513  26.518 0.0000000000
97122  -58.418  0.509  16.013 0.0000000000
108954  -47.519  11.340  35.872 0.0000000000
108922  -50.592  10.985  37.275 0.0000000000
101089  -56.572  3.974  31.646 0.0000000000
102091  -53.819  4.557  30.967 0.0000000000
100064  -54.328  2.668  30.772 0.0000000000
93659  -52.555  -3.456  32.924 0.0000000000
99015  -48.115  1.334  35.598 0.0000000000
102037  -46.943  4.373  37.760 0.0000000000
101028  -45.281  3.410  37.456 0.0000000000
104188  -59.432  6.046  23.126 0.0000000000
104220  -54.881  6.115  19.126 0.0000000000
103271  -58.568  5.388  18.660 0.0000000000
105194  -58.338  7.156  18.031 0.0000000000
106231  -59.472  7.941  16.802 0.0000000000
106213  -58.210  9.000  18.322 0.0000000000
108016  -55.876  10.367  34.003 0.0000000000
108080  -54.352  10.410  29.504 0.0000000000
108069  -57.719  10.552  30.506 0.0000000000
109851  -56.528  12.799  26.084 0.0000000000
109872  -59.183  12.193  25.592 0.0000000000
109902  -56.921  13.118  23.244 0.0000000000
110908  -57.756  13.217  19.831 0.0000000000
109942  -54.778  12.537  20.477 0.0000000000
110959  -53.134  13.058  16.520 0.0000000000
109939  -52.061  12.457  20.485 0.0000000000
113283  -47.376  16.921  23.143 0.0000000000
112542  -46.871  15.079  21.576 0.0000000000
113315  -45.396  16.731  19.633 0.0000000000
113352  -44.285  15.790  16.483 0.0000000000
115748  -45.487  18.279  16.785 0.0000000000
102169  -53.889  4.040  26.003 0.0000000000
145801  -55.755  4.329  23.281 0.0000000000
101170  -52.611  3.824  23.931 0.0000000000
103216  -51.832  5.977  22.522 0.0000000000
145828  -53.829  7.684  22.294 0.0000000000
111659  -59.906  14.587  33.582 0.0000000000
108971  -60.526  11.592  30.897 0.0000000000
111695  -59.385  14.153  30.840 0.0000000000
110802  -56.802  13.415  29.084 0.0000000000
109835  -54.098  12.632  27.140 0.0000000000
109880  -51.419  12.386  24.672 0.0000000000
111714  -51.015  14.305  28.026 0.0000000000
114019  -50.614  17.124  25.082 0.0000000000
114885  -50.280  19.075  21.545 0.0000000000
103301  -57.205  5.394  15.474 0.0000000000
105045  -48.667  7.344  34.703 0.0000000000
106097  -49.447  8.899  31.888 0.0000000000
107087  -50.947  8.945  35.642 0.0000000000
107074  -53.157  10.348  35.883 0.0000000000
108917  -55.698  12.792  36.568 0.0000000000
111657  -55.065  14.801  34.763 0.0000000000
111632  -58.427  15.081  36.461 0.0000000000
145853  -59.473  8.057  27.838 0.0000000000
105074  -58.249  7.614  30.690 0.0000000000
104120  -56.251  5.815  28.588 0.0000000000
102117  -53.105  4.759  28.698 0.0000000000
102114  -51.187  4.227  29.496 0.0000000000
98011  -56.178  0.181  35.909 0.0000000000
94763  -54.239  -3.074  35.651 0.0000000000
95888  -54.782  -1.793  34.492 0.0000000000
96971  -55.011  -0.164  31.683 0.0000000000
99049  -52.148  1.641  31.483 0.0000000000
102069  -47.623  4.674  34.141 0.0000000000
98147  -60.550  0.177  20.092 0.0000000000
103235  -58.777  5.205  21.191 0.0000000000
103262  -61.439  4.403  19.423 0.0000000000
99167  -61.093  1.523  16.703 0.0000000000
102283  -60.269  4.353  15.727 0.0000000000
105235  -60.018  6.623  14.010 0.0000000000
106255  -58.337  8.479  14.927 0.0000000000
107129  -51.633  9.841  29.412 0.0000000000
145848  -54.417  9.687  26.800 0.0000000000
106171  -55.931  8.727  23.664 0.0000000000
108976  -59.197  10.644  27.804 0.0000000000
107184  -58.699  9.818  24.341 0.0000000000
107206  -58.184  9.473  21.454 0.0000000000
109040  -59.083  11.169  18.912 0.0000000000
110018  -57.688  11.557  16.425 0.0000000000
108220  -56.455  10.653  14.972 0.0000000000
110876  -49.524  13.097  21.670 0.0000000000
110917  -47.620  13.205  18.190 0.0000000000
109994  -46.155  12.302  15.637 0.0000000000
110951  -43.652  13.233  16.063 0.0000000000
111778  -42.488  14.295  17.595 0.0000000000
104107  -47.322  6.098  30.691 0.0000000000
105092  -48.438  6.832  28.189 0.0000000000
105080  -47.884  7.460  30.327 0.0000000000
112482  -58.489  16.330  26.841 0.0000000000
113274  -56.243  15.984  24.937 0.0000000000
96041  -57.389  -0.213  17.213 0.0000000000
99045  -56.683  2.565  32.874 0.0000000000
100065  -55.562  2.835  30.956 0.0000000000
99053  -55.965  1.869  31.425 0.0000000000
98019  -47.591  0.764  35.070 0.0000000000
100034  -47.313  2.325  36.812 0.0000000000
105147  -58.608  6.696  25.282 0.0000000000
104164  -57.900  5.944  24.665 0.0000000000
105174  -55.305  7.626  20.124 0.0000000000
105192  -56.790  7.066  18.198 0.0000000000
106210  -56.646  8.175  19.355 0.0000000000
106221  -58.291  8.103  17.980 0.0000000000
106203  -57.670  9.012  19.765 0.0000000000
108018  -57.172  10.952  34.388 0.0000000000
108043  -56.865  10.542  32.776 0.0000000000
108045  -58.734  10.857  33.097 0.0000000000
109867  -55.088  12.519  25.217 0.0000000000
109869  -57.059  12.657  25.149 0.0000000000
109901  -55.950  12.938  23.256 0.0000000000
110865  -55.758  12.887  21.535 0.0000000000
109017  -54.561  12.218  22.148 0.0000000000
109941  -53.951  12.163  20.450 0.0000000000
109912  -53.116  12.027  22.329 0.0000000000
114882  -47.536  18.437  21.110 0.0000000000
114069  -46.502  17.863  21.099 0.0000000000
114894  -46.545  18.394  20.056 0.0000000000
114091  -45.211  17.317  18.493 0.0000000000
114921  -46.194  18.737  18.192 0.0000000000
101134  -51.647  3.662  26.375 0.0000000000
101159  -53.138  3.801  24.598 0.0000000000
101147  -51.363  3.744  25.283 0.0000000000
105116  -50.281  7.393  25.957 0.0000000000
103215  -51.113  5.912  23.672 0.0000000000
104173  -51.484  6.928  23.709 0.0000000000
145805  -52.525  7.065  22.291 0.0000000000
105137  -52.519  8.301  24.478 0.0000000000
113201  -59.909  15.864  32.011 0.0000000000
111687  -60.019  13.956  31.701 0.0000000000
112439  -59.522  15.455  30.696 0.0000000000
112435  -56.135  15.421  30.551 0.0000000000
111702  -57.645  14.144  30.955 0.0000000000
110779  -55.717  14.226  30.567 0.0000000000
110801  -55.653  13.246  28.995 0.0000000000
110787  -54.032  13.769  29.765 0.0000000000
110810  -51.902  13.126  28.033 0.0000000000
111710  -52.210  14.421  29.066 0.0000000000
113271  -53.616  16.832  24.524 0.0000000000
113254  -51.656  16.782  25.385 0.0000000000
114045  -52.353  17.325  23.806 0.0000000000
114043  -50.512  17.927  23.708 0.0000000000
114072  -52.530  18.642  21.850 0.0000000000
102280  -57.909  4.521  15.364 0.0000000000
105035  -49.553  7.673  36.559 0.0000000000
106079  -49.865  8.208  35.051 0.0000000000
106063  -50.172  8.132  36.781 0.0000000000
109764  -51.738  11.852  37.113 0.0000000000
107974  -52.163  10.727  36.971 0.0000000000
108925  -53.473  11.770  36.999 0.0000000000
107976  -54.142  11.378  36.676 0.0000000000
109767  -54.679  12.759  36.443 0.0000000000
113174  -54.554  16.508  33.725 0.0000000000
112386  -56.565  15.207  35.539 0.0000000000
113164  -57.487  16.668  35.140 0.0000000000
113156  -59.391  16.315  35.102 0.0000000000
114781  -58.915  17.861  33.964 0.0000000000
106128  -61.103  7.343  28.138 0.0000000000
106099  -59.265  7.943  29.953 0.0000000000
105064  -57.004  6.949  31.984 0.0000000000
104109  -56.701  6.585  30.333 0.0000000000
104115  -56.962  6.589  29.012 0.0000000000
103157  -55.423  5.650  29.284 0.0000000000
103163  -54.474  4.775  27.879 0.0000000000
103148  -54.705  5.560  29.984 0.0000000000
102090  -52.697  4.263  31.171 0.0000000000
102104  -51.886  4.487  30.431 0.0000000000
102089  -51.639  4.214  31.460 0.0000000000
93643  -53.081  -3.676  34.925 0.0000000000
94783  -53.458  -2.683  32.613 0.0000000000
95905  -53.962  -1.852  32.025 0.0000000000
95906  -54.740  -1.117  32.201 0.0000000000
95916  -53.703  -1.104  31.225 0.0000000000
96988  -53.804  0.499  30.654 0.0000000000
96979  -52.726  0.002  30.795 0.0000000000
103117  -47.780  5.365  35.558 0.0000000000
102055  -48.057  4.410  36.159 0.0000000000
145487  -57.136  -0.595  21.933 0.0000000000
102207  -55.465  3.998  22.378 0.0000000000
103233  -57.586  4.891  21.868 0.0000000000
102220  -57.198  4.307  20.897 0.0000000000
104236  -59.422  5.805  18.075 0.0000000000
104223  -59.552  4.708  19.424 0.0000000000
103272  -61.002  4.997  18.643 0.0000000000
101208  -62.207  2.924  18.379 0.0000000000
102253  -61.463  4.146  17.504 0.0000000000
100183  -60.606  2.623  15.988 0.0000000000
103293  -61.183  5.077  16.462 0.0000000000
107252  -59.392  8.649  16.617 0.0000000000
105219  -60.035  6.909  15.699 0.0000000000
106248  -59.466  8.025  15.386 0.0000000000
106256  -59.059  8.231  15.004 0.0000000000
107269  -58.773  9.226  15.270 0.0000000000
107114  -51.413  9.719  32.392 0.0000000000
107124  -50.677  9.507  30.230 0.0000000000
108061  -52.000  10.142  30.941 0.0000000000
145857  -55.531  10.288  28.857 0.0000000000
107144  -53.787  10.041  28.219 0.0000000000
145839  -55.514  8.983  24.706 0.0000000000
107182  -56.323  9.112  24.799 0.0000000000
109825  -60.496  12.360  29.211 0.0000000000
108974  -60.314  11.463  29.664 0.0000000000
109824  -60.330  12.072  28.336 0.0000000000
109003  -59.436  11.888  24.056 0.0000000000
107173  -59.596  10.977  25.033 0.0000000000
108120  -59.548  10.957  23.698 0.0000000000
107196  -59.026  10.158  23.389 0.0000000000
108135  -59.208  10.525  21.500 0.0000000000
108145  -58.919  10.483  20.355 0.0000000000
109027  -59.343  11.281  20.980 0.0000000000
110943  -56.186  12.557  17.980 0.0000000000
110945  -57.856  12.606  18.119 0.0000000000
110978  -56.488  11.985  16.327 0.0000000000
109082  -57.025  11.383  15.613 0.0000000000
110033  -56.177  11.967  15.116 0.0000000000
109098  -54.832  11.687  14.762 0.0000000000
110014  -54.670  12.578  15.376 0.0000000000
110938  -51.438  12.876  17.082 0.0000000000
110973  -51.841  13.261  15.401 0.0000000000
109878  -49.819  12.920  24.853 0.0000000000
110864  -50.178  12.777  23.228 0.0000000000
110852  -48.695  13.691  23.284 0.0000000000
111765  -46.591  14.386  19.708 0.0000000000
111766  -47.382  13.840  20.079 0.0000000000
111782  -46.875  13.652  18.476 0.0000000000
110933  -46.680  13.021  17.063 0.0000000000
110932  -45.926  13.384  16.960 0.0000000000
110952  -44.569  12.833  16.044 0.0000000000
111796  -44.774  13.600  16.359 0.0000000000
114129  -43.817  16.575  16.191 0.0000000000
112591  -43.101  14.803  16.054 0.0000000000
113362  -42.512  15.768  16.511 0.0000000000
112575  -42.384  15.220  17.721 0.0000000000
102139  -48.918  4.588  27.518 0.0000000000
102154  -49.636  4.641  26.233 0.0000000000
103186  -48.753  5.297  27.081 0.0000000000
104133  -49.106  6.694  27.058 0.0000000000
106126  -50.260  8.414  27.315 0.0000000000
113206  -59.225  16.071  29.719 0.0000000000
113213  -58.825  16.243  28.887 0.0000000000
112458  -56.675  16.069  28.800 0.0000000000
112457  -55.462  16.150  28.541 0.0000000000
113211  -53.758  16.331  28.196 0.0000000000
113238  -54.923  16.413  26.532 0.0000000000
113272  -54.567  16.550  24.640 0.0000000000
98176  -58.389  1.623  15.658 0.0000000000
107987  -48.453  10.248  36.705 0.0000000000
107058  -49.736  9.515  37.365 0.0000000000
109778  -48.885  11.820  36.553 0.0000000000
102093  -56.132  4.744  31.171 0.0000000000
102107  -54.702  5.323  30.504 0.0000000000
101088  -55.731  3.909  31.053 0.0000000000
101087  -54.657  3.760  30.934 0.0000000000
100063  -53.260  2.560  31.059 0.0000000000
93650  -52.172  -4.176  34.146 0.0000000000
94789  -50.112  -2.432  31.588 0.0000000000
100036  -49.109  2.583  36.398 0.0000000000
101032  -48.284  3.411  37.093 0.0000000000
100025  -47.642  2.963  37.269 0.0000000000
101029  -46.342  3.468  37.568 0.0000000000
103256  -54.507  5.088  19.480 0.0000000000
102231  -56.763  4.018  19.802 0.0000000000
103268  -56.097  5.247  18.530 0.0000000000
104234  -58.281  6.141  18.276 0.0000000000
105195  -58.836  7.078  17.819 0.0000000000
105202  -59.662  6.857  17.104 0.0000000000
105196  -59.271  7.023  17.499 0.0000000000
106222  -58.833  8.282  17.591 0.0000000000
107243  -59.013  9.180  17.256 0.0000000000
108026  -54.207  10.316  33.365 0.0000000000
108063  -53.430  10.503  31.013 0.0000000000
108065  -54.900  10.598  31.446 0.0000000000
145856  -55.959  10.501  29.781 0.0000000000
145830  -57.382  10.304  29.240 0.0000000000
110832  -58.552  13.220  27.219 0.0000000000
109837  -59.383  12.558  26.957 0.0000000000
109870  -58.021  12.863  25.178 0.0000000000
109887  -58.373  12.984  24.139 0.0000000000
109917  -58.339  13.217  22.226 0.0000000000
110882  -58.571  13.144  21.012 0.0000000000
109930  -57.334  13.099  21.095 0.0000000000
110906  -56.009  12.972  19.663 0.0000000000
110942  -55.316  12.661  17.919 0.0000000000
110960  -54.095  12.831  16.817 0.0000000000
109971  -53.986  12.548  18.790 0.0000000000
109969  -52.413  12.653  18.808 0.0000000000
109951  -51.050  12.570  19.363 0.0000000000
112501  -47.481  16.196  24.153 0.0000000000
111742  -47.397  14.859  23.073 0.0000000000
112513  -47.030  16.383  22.570 0.0000000000
112541  -46.199  15.561  21.094 0.0000000000
112554  -45.407  15.624  19.534 0.0000000000
112576  -44.659  15.176  17.036 0.0000000000
113326  -44.944  16.532  17.862 0.0000000000
114115  -44.791  17.176  16.699 0.0000000000
114946  -44.339  17.693  16.270 0.0000000000
145772  -55.122  4.582  26.133 0.0000000000
145803  -56.509  4.873  24.328 0.0000000000
145778  -54.927  4.214  24.382 0.0000000000
145780  -54.550  3.985  23.157 0.0000000000
145789  -54.135  3.914  22.165 0.0000000000
101156  -50.685  4.562  24.526 0.0000000000
102189  -51.858  4.607  22.970 0.0000000000
145798  -53.343  4.503  21.130 0.0000000000
104208  -53.537  6.374  20.627 0.0000000000
105172  -53.631  7.034  21.118 0.0000000000
106189  -55.310  8.062  21.798 0.0000000000
109801  -59.546  13.308  34.568 0.0000000000
108963  -60.299  11.885  33.703 0.0000000000
109813  -60.563  12.693  32.585 0.0000000000
110776  -60.434  13.103  31.215 0.0000000000
110793  -59.560  13.456  29.422 0.0000000000
111704  -58.800  14.434  30.341 0.0000000000
110791  -58.364  13.909  29.831 0.0000000000
110804  -58.688  13.666  28.768 0.0000000000
110815  -57.318  13.498  27.993 0.0000000000
110828  -55.336  12.758  26.765 0.0000000000
109866  -54.092  12.361  25.302 0.0000000000
109881  -52.428  12.358  24.475 0.0000000000
109847  -52.673  12.559  26.354 0.0000000000
109845  -50.823  12.999  26.603 0.0000000000
110825  -49.605  13.948  26.490 0.0000000000
112466  -51.866  15.768  28.121 0.0000000000
112463  -50.196  15.632  26.961 0.0000000000
112491  -48.667  15.961  25.618 0.0000000000
113267  -48.785  17.152  24.613 0.0000000000
114872  -49.437  18.675  22.134 0.0000000000
114897  -49.302  19.170  20.253 0.0000000000
105062  -47.715  6.963  33.069 0.0000000000
106096  -48.650  8.290  31.526 0.0000000000
106084  -49.098  8.130  33.705 0.0000000000
107106  -50.247  9.019  33.253 0.0000000000
107097  -51.877  9.767  34.645 0.0000000000
107071  -50.901  9.380  36.757 0.0000000000
107073  -52.152  10.057  36.088 0.0000000000
107098  -53.051  10.208  34.328 0.0000000000
107091  -54.544  10.470  35.025 0.0000000000
107994  -55.866  11.317  35.653 0.0000000000
108940  -57.430  12.564  35.946 0.0000000000
110757  -53.796  13.971  34.780 0.0000000000
110720  -55.265  13.640  35.790 0.0000000000
110707  -56.833  13.865  36.064 0.0000000000
109771  -58.345  13.500  35.795 0.0000000000
111644  -59.565  14.695  35.055 0.0000000000
113167  -59.924  16.276  34.050 0.0000000000
113993  -60.396  17.456  31.906 0.0000000000
106161  -59.811  7.888  26.545 0.0000000000
145833  -57.312  5.891  26.957 0.0000000000
105066  -59.004  7.883  31.935 0.0000000000
106092  -59.453  8.226  31.019 0.0000000000
106098  -58.505  7.688  29.495 0.0000000000
145812  -57.506  6.713  28.215 0.0000000000
104134  -56.342  5.441  27.397 0.0000000000
103176  -54.693  4.595  26.818 0.0000000000
102143  -53.401  4.338  27.452 0.0000000000
101107  -51.903  4.177  28.105 0.0000000000
102105  -52.983  4.963  30.179 0.0000000000
102124  -51.549  4.300  28.970 0.0000000000
101105  -50.447  3.861  28.134 0.0000000000
102112  -48.853  4.120  29.792 0.0000000000
94757  -55.248  -2.447  36.887 0.0000000000
93651  -53.102  -3.490  33.954 0.0000000000
94769  -54.267  -2.604  34.620 0.0000000000
95880  -55.336  -1.271  35.386 0.0000000000
95889  -55.333  -0.978  34.334 0.0000000000
96956  -55.814  -0.117  34.141 0.0000000000
98038  -56.131  1.058  32.885 0.0000000000
98052  -54.815  1.049  30.916 0.0000000000
99051  -53.233  1.767  30.911 0.0000000000
100057  -52.087  2.756  32.110 0.0000000000
103131  -47.379  5.426  33.473 0.0000000000
104075  -47.766  6.363  34.913 0.0000000000
104060  -48.505  6.641  36.196 0.0000000000
104051  -48.545  6.741  36.809 0.0000000000
106049  -48.043  8.301  37.293 0.0000000000
95953  -54.455  -1.456  23.066 0.0000000000
97055  -55.699  -0.647  21.486 0.0000000000
145519  -58.256  -0.407  19.477 0.0000000000
104174  -58.076  5.842  23.469 0.0000000000
104187  -58.555  5.742  22.554 0.0000000000
103258  -58.426  4.646  19.859 0.0000000000
104210  -59.755  4.893  20.807 0.0000000000
102234  -62.564  3.327  20.383 0.0000000000
100151  -62.523  1.971  18.865 0.0000000000
99153  -61.544  1.089  18.465 0.0000000000
145518  -58.864  -0.039  17.398 0.0000000000
98159  -59.638  0.739  16.666 0.0000000000
99187  -59.523  2.062  16.015 0.0000000000
101244  -59.012  3.934  15.329 0.0000000000
105220  -60.336  6.326  15.968 0.0000000000
103310  -59.758  5.394  15.146 0.0000000000
103318  -59.110  5.472  15.111 0.0000000000
103309  -58.396  5.433  15.258 0.0000000000
104277  -57.674  7.133  15.204 0.0000000000
105223  -57.332  7.761  15.208 0.0000000000
106104  -49.462  8.789  30.611 0.0000000000
106117  -49.990  8.741  28.576 0.0000000000
107142  -51.382  9.308  27.311 0.0000000000
107131  -53.216  10.303  29.662 0.0000000000
107143  -52.416  9.659  27.740 0.0000000000
106150  -52.492  8.994  25.510 0.0000000000
145819  -53.375  8.692  24.516 0.0000000000
106178  -55.257  8.312  22.746 0.0000000000
106179  -56.111  8.556  22.521 0.0000000000
108070  -59.100  10.716  30.990 0.0000000000
145854  -58.793  10.497  29.634 0.0000000000
145835  -57.721  10.081  27.349 0.0000000000
108085  -59.740  11.313  26.564 0.0000000000
108102  -59.324  10.708  25.812 0.0000000000
145851  -57.519  9.764  26.174 0.0000000000
107183  -57.520  9.178  24.251 0.0000000000
107194  -57.440  8.995  23.133 0.0000000000
106181  -57.637  9.106  21.692 0.0000000000
107217  -58.075  9.436  20.346 0.0000000000
108178  -58.800  10.224  17.212 0.0000000000
109958  -58.833  12.571  19.193 0.0000000000
109986  -58.745  11.780  17.858 0.0000000000
108191  -58.648  10.199  16.322 0.0000000000
108207  -58.025  10.401  15.544 0.0000000000
108221  -57.260  10.339  15.201 0.0000000000
110013  -53.844  12.689  15.276 0.0000000000
109911  -52.060  12.227  22.522 0.0000000000
110891  -50.321  12.673  21.048 0.0000000000
110903  -49.603  12.799  19.593 0.0000000000
110861  -47.984  13.807  21.727 0.0000000000
110889  -48.820  13.150  20.237 0.0000000000
110918  -48.661  12.852  18.208 0.0000000000
109980  -48.192  12.619  16.335 0.0000000000
110008  -46.818  11.733  15.013 0.0000000000
108196  -45.806  10.730  15.824 0.0000000000
112592  -43.596  14.618  16.136 0.0000000000
110931  -42.627  13.309  16.637 0.0000000000
114924  -49.429  19.012  17.713 0.0000000000
115763  -47.598  18.995  16.773 0.0000000000
115776  -46.089  18.991  15.542 0.0000000000
115788  -44.558  18.732  15.052 0.0000000000
114957  -43.470  18.725  15.670 0.0000000000
105086  -47.502  6.820  30.151 0.0000000000
105079  -47.408  6.932  31.008 0.0000000000
96014  -57.157  -0.635  17.994 0.0000000000
100053  -56.959  3.109  33.222 0.0000000000
99044  -56.396  1.989  32.456 0.0000000000
98026  -47.205  0.260  34.560 0.0000000000
145824  -57.888  6.350  26.172 0.0000000000
105175  -55.984  7.785  19.533 0.0000000000
106211  -57.330  8.478  18.872 0.0000000000
106202  -57.106  8.670  20.053 0.0000000000
108019  -58.055  11.265  34.710 0.0000000000
108031  -58.008  10.829  33.854 0.0000000000
108032  -58.916  11.123  34.142 0.0000000000
109884  -55.528  12.579  24.188 0.0000000000
109900  -54.989  12.539  23.138 0.0000000000
109010  -54.604  12.237  22.654 0.0000000000
109913  -54.018  11.857  22.127 0.0000000000
109899  -54.020  11.915  23.112 0.0000000000
114895  -47.457  18.617  20.118 0.0000000000
114881  -46.993  18.396  20.640 0.0000000000
114909  -47.228  18.653  19.330 0.0000000000
114908  -46.469  18.598  19.110 0.0000000000
114922  -47.044  18.808  18.519 0.0000000000
101133  -50.469  3.906  26.174 0.0000000000
105125  -50.738  7.512  25.219 0.0000000000
104162  -50.844  6.883  24.536 0.0000000000
105135  -51.147  7.476  24.676 0.0000000000
105136  -51.734  7.808  24.453 0.0000000000
106159  -51.600  8.110  25.006 0.0000000000
113997  -60.157  16.343  31.569 0.0000000000
113204  -59.928  15.843  31.315 0.0000000000
112434  -55.514  15.433  30.301 0.0000000000
111691  -56.310  14.808  31.097 0.0000000000
111701  -54.731  14.419  30.297 0.0000000000
110788  -55.103  13.617  29.921 0.0000000000
110786  -53.042  14.018  29.514 0.0000000000
111700  -53.753  14.674  29.957 0.0000000000
113285  -53.487  17.005  23.455 0.0000000000
113270  -52.572  16.961  24.423 0.0000000000
114059  -52.431  18.021  22.972 0.0000000000
99176  -57.496  1.859  15.677 0.0000000000
100182  -57.220  2.706  15.659 0.0000000000
101228  -56.966  3.572  15.684 0.0000000000
101229  -57.569  3.642  15.496 0.0000000000
105022  -49.635  7.848  37.046 0.0000000000
106051  -49.662  8.433  37.320 0.0000000000
109781  -51.896  12.367  36.684 0.0000000000
109765  -52.684  12.077  36.899 0.0000000000
109782  -52.905  12.500  36.417 0.0000000000
109766  -53.714  12.336  36.630 0.0000000000
110718  -53.176  12.866  35.863 0.0000000000
113953  -57.066  17.166  34.469 0.0000000000
113954  -58.285  17.347  34.571 0.0000000000
106114  -61.107  7.078  29.833 0.0000000000
106118  -61.035  7.220  29.056 0.0000000000
106108  -60.677  7.472  30.132 0.0000000000
104114  -56.189  6.026  29.681 0.0000000000
102088  -50.602  4.168  31.516 0.0000000000
102078  -51.177  4.124  32.136 0.0000000000
93642  -52.641  -4.058  35.333 0.0000000000
94792  -53.246  -1.961  31.653 0.0000000000
96978  -51.646  -0.273  31.050 0.0000000000
101047  -48.616  3.653  35.835 0.0000000000
101046  -48.095  4.116  35.628 0.0000000000
102056  -48.411  3.821  36.426 0.0000000000
99136  -62.365  1.738  21.098 0.0000000000
102219  -56.186  3.880  20.947 0.0000000000
104237  -60.216  4.869  18.809 0.0000000000
103283  -61.420  4.303  17.868 0.0000000000
103282  -61.245  4.916  17.548 0.0000000000
102264  -61.373  4.077  16.804 0.0000000000
104256  -61.023  5.956  16.869 0.0000000000
107260  -59.401  8.687  16.060 0.0000000000
106247  -59.108  8.713  15.302 0.0000000000
107259  -59.044  9.212  15.714 0.0000000000
107119  -51.199  9.768  31.374 0.0000000000
108049  -51.969  10.048  31.507 0.0000000000
145862  -56.373  10.209  28.549 0.0000000000
145861  -55.233  10.093  28.052 0.0000000000
145837  -55.544  9.352  25.669 0.0000000000
110806  -60.034  12.991  28.484 0.0000000000
109828  -60.034  12.412  27.580 0.0000000000
109905  -59.151  12.270  23.129 0.0000000000
109011  -59.477  11.534  22.967 0.0000000000
108127  -59.347  10.675  22.613 0.0000000000
109019  -59.484  11.333  22.011 0.0000000000
109933  -59.309  12.082  21.605 0.0000000000
110962  -55.836  12.511  17.234 0.0000000000
110963  -56.608  12.006  17.082 0.0000000000
110016  -56.418  11.956  15.755 0.0000000000
110015  -55.618  12.434  15.515 0.0000000000
110976  -54.908  12.689  16.108 0.0000000000
110920  -50.813  12.668  17.892 0.0000000000
110957  -51.211  12.995  16.184 0.0000000000
110936  -49.496  12.681  16.982 0.0000000000
110846  -49.170  13.296  24.950 0.0000000000
110853  -49.496  13.113  23.937 0.0000000000
110845  -48.544  13.711  24.343 0.0000000000
111772  -45.902  14.400  18.553 0.0000000000
111773  -46.471  14.163  18.895 0.0000000000
111781  -46.310  13.857  18.213 0.0000000000
110915  -46.252  13.530  17.590 0.0000000000
111788  -45.242  13.861  16.816 0.0000000000
114128  -42.919  16.765  16.470 0.0000000000
113363  -43.001  15.721  16.104 0.0000000000
103175  -48.444  5.204  27.858 0.0000000000
105103  -48.926  6.906  27.476 0.0000000000
105093  -49.078  7.439  27.834 0.0000000000
105104  -49.529  7.305  27.085 0.0000000000
106125  -49.575  7.802  27.609 0.0000000000
113224  -58.838  16.430  28.274 0.0000000000
112481  -57.689  15.935  26.583 0.0000000000
112469  -57.589  16.029  27.814 0.0000000000
112467  -55.800  16.249  27.634 0.0000000000
113222  -55.243  16.308  27.417 0.0000000000
113239  -55.712  16.262  26.541 0.0000000000
112502  -56.181  15.971  23.975 0.0000000000
113273  -55.424  16.232  24.775 0.0000000000
113286  -54.499  16.646  23.619 0.0000000000
96040  -56.986  0.036  17.106 0.0000000000
97121  -57.638  0.387  16.129 0.0000000000
98169  -58.477  0.825  15.890 0.0000000000
108936  -48.145  10.887  36.273 0.0000000000
108937  -48.773  11.030  36.639 0.0000000000
109777  -48.280  11.493  36.257 0.0000000000
102094  -56.868  4.852  31.881 0.0000000000
101086  -53.577  3.587  31.167 0.0000000000
98028  -48.847  0.671  34.180 0.0000000000
99016  -48.990  1.406  35.302 0.0000000000
99008  -49.390  1.986  35.950 0.0000000000
99007  -48.666  1.900  36.171 0.0000000000
100035  -48.245  2.668  36.810 0.0000000000
99006  -47.777  1.810  36.291 0.0000000000
100024  -46.805  2.772  37.278 0.0000000000
103257  -55.316  5.188  18.856 0.0000000000
104231  -55.681  6.105  18.619 0.0000000000
105193  -57.629  7.520  18.135 0.0000000000
104233  -57.442  6.144  18.103 0.0000000000
104235  -58.781  6.141  18.212 0.0000000000
107234  -58.495  9.571  18.257 0.0000000000
108027  -54.983  10.341  33.394 0.0000000000
108040  -54.654  10.407  32.704 0.0000000000
108041  -55.380  10.439  32.749 0.0000000000
108056  -57.292  10.611  31.863 0.0000000000
108068  -56.481  10.609  31.100 0.0000000000
110831  -57.876  13.361  27.051 0.0000000000
109853  -58.548  12.770  26.357 0.0000000000
109852  -57.514  12.930  26.137 0.0000000000
109885  -56.507  12.820  24.194 0.0000000000
109886  -57.477  13.079  24.203 0.0000000000
109903  -57.901  13.427  23.200 0.0000000000
109904  -58.630  12.895  23.158 0.0000000000
109916  -57.295  13.153  22.118 0.0000000000
109929  -55.205  12.681  21.376 0.0000000000
110878  -55.757  12.827  21.007 0.0000000000
110892  -55.504  12.822  20.434 0.0000000000
110925  -55.682  12.819  18.781 0.0000000000
110905  -55.179  12.795  19.614 0.0000000000
110924  -54.800  12.691  18.755 0.0000000000
109955  -54.374  12.501  19.601 0.0000000000
109940  -53.009  12.300  20.482 0.0000000000
109953  -52.665  12.526  19.588 0.0000000000
109952  -51.827  12.580  19.542 0.0000000000
112514  -47.194  15.834  23.271 0.0000000000
113282  -47.115  16.896  22.574 0.0000000000
113305  -45.806  17.187  20.532 0.0000000000
113306  -46.102  16.664  21.303 0.0000000000
112540  -45.674  16.132  20.454 0.0000000000
113327  -45.046  16.168  18.708 0.0000000000
114920  -45.471  18.151  17.687 0.0000000000
114102  -45.150  17.368  17.409 0.0000000000
114934  -45.118  17.766  16.764 0.0000000000
114130  -44.347  17.000  16.398 0.0000000000
102170  -54.380  4.233  25.867 0.0000000000
145773  -55.076  4.424  25.450 0.0000000000
102179  -54.361  4.098  25.038 0.0000000000
145774  -53.941  3.972  23.891 0.0000000000
145779  -53.221  3.864  23.687 0.0000000000
145781  -54.263  3.951  22.812 0.0000000000
145787  -52.675  4.023  23.215 0.0000000000
102167  -49.941  5.053  25.607 0.0000000000
102155  -50.171  4.535  25.589 0.0000000000
102168  -50.286  4.957  24.900 0.0000000000
102188  -51.396  5.246  23.371 0.0000000000
145804  -52.187  4.880  21.996 0.0000000000
145806  -52.634  5.353  21.423 0.0000000000
145817  -53.077  5.598  20.856 0.0000000000
145820  -53.102  7.631  22.643 0.0000000000
145822  -53.437  7.276  21.715 0.0000000000
105166  -54.276  7.597  21.517 0.0000000000
106188  -54.623  7.907  22.375 0.0000000000
110741  -59.743  13.971  34.065 0.0000000000
109808  -60.045  12.739  33.914 0.0000000000
110759  -60.132  13.836  33.464 0.0000000000
111696  -59.928  13.635  31.004 0.0000000000
110782  -60.014  13.373  30.263 0.0000000000
111706  -59.559  13.735  30.171 0.0000000000
112461  -58.877  15.791  29.694 0.0000000000
112449  -59.116  15.476  30.140 0.0000000000
112448  -58.633  15.391  30.243 0.0000000000
110790  -57.405  13.823  30.256 0.0000000000
111703  -58.174  14.530  30.757 0.0000000000
110792  -59.013  13.798  29.556 0.0000000000
110803  -57.819  13.681  28.986 0.0000000000
110813  -55.050  12.872  27.673 0.0000000000
109849  -54.707  12.593  26.358 0.0000000000
109848  -53.645  12.509  26.294 0.0000000000
109834  -53.225  12.659  27.225 0.0000000000
109832  -51.477  12.988  27.234 0.0000000000
109831  -51.038  13.188  27.202 0.0000000000
109844  -50.282  13.218  26.352 0.0000000000
110808  -50.559  13.944  27.454 0.0000000000
113220  -53.365  16.435  27.430 0.0000000000
113210  -52.891  16.109  28.195 0.0000000000
113219  -52.271  16.153  27.658 0.0000000000
114020  -51.106  16.978  25.189 0.0000000000
113234  -50.801  16.334  26.578 0.0000000000
113233  -50.208  16.429  26.063 0.0000000000
112478  -49.763  15.838  26.444 0.0000000000
113252  -49.662  16.721  25.488 0.0000000000
113251  -48.758  16.720  25.090 0.0000000000
113268  -49.196  17.036  24.960 0.0000000000
114874  -50.771  18.687  22.568 0.0000000000
114056  -49.506  18.315  22.887 0.0000000000
114884  -49.394  19.017  21.276 0.0000000000
114898  -50.276  19.260  20.501 0.0000000000
102272  -56.714  4.492  15.718 0.0000000000
103300  -56.438  5.502  15.723 0.0000000000
105054  -47.904  6.949  34.113 0.0000000000
105055  -48.371  7.555  33.415 0.0000000000
106080  -50.543  8.613  35.459 0.0000000000
106085  -49.963  8.598  33.969 0.0000000000
106086  -50.486  8.786  34.654 0.0000000000
107107  -51.036  9.372  33.673 0.0000000000
107096  -51.024  9.182  35.015 0.0000000000
108921  -50.062  10.696  37.318 0.0000000000
107059  -50.605  9.547  37.096 0.0000000000
107973  -51.196  10.296  37.005 0.0000000000
107991  -52.713  10.457  36.520 0.0000000000
107089  -52.520  10.118  35.329 0.0000000000
107090  -53.606  10.358  35.155 0.0000000000
107075  -54.146  10.546  35.689 0.0000000000
107977  -55.172  11.657  36.457 0.0000000000
107978  -56.065  12.015  36.342 0.0000000000
107995  -56.915  12.149  35.800 0.0000000000
107979  -56.517  12.400  36.257 0.0000000000
112412  -54.494  15.893  34.045 0.0000000000
111655  -53.383  14.389  34.406 0.0000000000
111640  -54.695  14.311  34.880 0.0000000000
110738  -54.534  13.803  35.260 0.0000000000
111641  -55.229  14.292  35.191 0.0000000000
112387  -57.481  15.571  35.985 0.0000000000
111631  -57.025  14.404  35.899 0.0000000000
112372  -57.734  14.808  36.353 0.0000000000
109770  -57.794  13.481  36.007 0.0000000000
111622  -58.667  14.362  36.196 0.0000000000
110711  -59.078  14.020  35.652 0.0000000000
112380  -59.114  15.248  35.978 0.0000000000
113956  -59.828  17.505  34.152 0.0000000000
113166  -59.883  16.760  34.538 0.0000000000
113957  -60.081  17.057  33.958 0.0000000000
113980  -60.211  16.784  32.607 0.0000000000
113979  -60.263  17.622  32.710 0.0000000000
105095  -61.834  6.442  27.619 0.0000000000
145832  -59.845  8.100  27.156 0.0000000000
145841  -59.640  8.093  27.557 0.0000000000
105138  -59.034  7.492  26.874 0.0000000000
145846  -57.789  6.692  27.532 0.0000000000
105073  -57.199  7.070  31.153 0.0000000000
105065  -57.795  7.165  32.235 0.0000000000
105082  -58.027  7.468  29.685 0.0000000000
104121  -57.094  6.005  27.801 0.0000000000
103177  -55.590  4.924  26.839 0.0000000000
103164  -55.445  5.296  28.190 0.0000000000
103155  -53.692  4.884  28.777 0.0000000000
102128  -53.811  4.538  27.786 0.0000000000
102127  -53.313  4.579  28.147 0.0000000000
102142  -52.744  4.271  27.689 0.0000000000
102141  -52.264  4.280  28.053 0.0000000000
102106  -54.110  5.256  30.482 0.0000000000
102115  -52.050  4.556  29.497 0.0000000000
101101  -51.204  4.163  28.897 0.0000000000
101100  -50.819  4.025  28.819 0.0000000000
102113  -50.002  3.925  29.247 0.0000000000
98021  -56.259  0.634  35.028 0.0000000000
93637  -54.195  -3.440  36.272 0.0000000000
94756  -54.696  -3.061  36.680 0.0000000000
95871  -54.837  -2.455  36.244 0.0000000000
94776  -54.305  -2.329  33.600 0.0000000000
94775  -53.696  -2.949  33.793 0.0000000000
95879  -54.766  -2.122  35.489 0.0000000000
95898  -55.396  -0.714  33.270 0.0000000000
95907  -55.383  -0.333  32.446 0.0000000000
96964  -55.809  0.140  33.107 0.0000000000
96972  -55.690  0.431  32.069 0.0000000000
96982  -55.128  0.511  31.369 0.0000000000
98050  -52.668  1.040  31.020 0.0000000000
98058  -53.343  1.059  30.785 0.0000000000
98051  -52.982  1.440  30.996 0.0000000000
100062  -52.517  2.701  31.609 0.0000000000
99043  -52.183  2.235  31.685 0.0000000000
102070  -48.198  4.130  33.896 0.0000000000
102075  -48.418  4.163  32.968 0.0000000000
102074  -47.702  4.664  33.171 0.0000000000
104086  -47.420  6.267  33.828 0.0000000000
103124  -47.497  5.444  34.533 0.0000000000
103110  -48.025  5.321  36.440 0.0000000000
104066  -48.103  6.078  35.907 0.0000000000
102039  -48.097  3.808  37.205 0.0000000000
102049  -48.303  3.991  36.899 0.0000000000
102038  -47.820  4.320  37.368 0.0000000000
105020  -47.781  7.381  37.380 0.0000000000
106062  -47.264  8.156  36.914 0.0000000000
107068  -48.068  9.166  36.917 0.0000000000
94842  -54.359  -1.744  24.400 0.0000000000
95954  -55.607  -0.925  23.092 0.0000000000
145513  -58.274  -0.293  21.528 0.0000000000
145793  -56.013  4.517  23.959 0.0000000000
103225  -57.184  5.203  23.417 0.0000000000
103234  -58.394  5.209  21.600 0.0000000000
103226  -57.920  5.415  22.440 0.0000000000
102244  -57.273  4.364  18.957 0.0000000000
102232  -57.755  4.278  19.814 0.0000000000
103259  -58.751  4.953  19.421 0.0000000000
103261  -60.834  4.794  19.702 0.0000000000
104224  -60.279  4.744  20.086 0.0000000000
103247  -60.753  4.911  20.414 0.0000000000
102233  -62.141  3.717  20.079 0.0000000000
100152  -62.813  2.111  19.799 0.0000000000
101202  -62.627  2.949  19.392 0.0000000000
99168  -61.547  1.549  17.438 0.0000000000
100157  -62.075  2.071  17.841 0.0000000000
99152  -61.073  0.984  17.420 0.0000000000
98146  -60.108  0.413  18.004 0.0000000000
98160  -60.506  0.927  16.967 0.0000000000
98172  -60.341  1.293  16.551 0.0000000000
101238  -60.443  3.468  15.873 0.0000000000
99188  -60.111  2.208  16.208 0.0000000000
101237  -59.797  3.618  15.775 0.0000000000
100198  -59.106  2.977  15.520 0.0000000000
101245  -59.343  3.762  15.504 0.0000000000
105203  -60.233  6.373  16.885 0.0000000000
105211  -59.829  7.054  16.478 0.0000000000
105227  -60.004  6.977  14.660 0.0000000000
104281  -60.188  6.106  15.187 0.0000000000
104293  -59.934  6.151  14.585 0.0000000000
103319  -59.409  5.566  15.077 0.0000000000
104292  -59.580  6.210  14.576 0.0000000000
103317  -58.827  5.397  15.165 0.0000000000
104279  -59.140  6.312  14.925 0.0000000000
105225  -58.786  7.399  14.924 0.0000000000
105224  -58.010  7.670  15.033 0.0000000000
106254  -57.603  8.641  15.053 0.0000000000
106113  -49.995  8.945  29.678 0.0000000000
107128  -50.686  9.434  29.004 0.0000000000
107133  -50.709  9.189  27.957 0.0000000000
107134  -51.544  9.624  28.344 0.0000000000
108075  -54.169  10.581  30.493 0.0000000000
108074  -53.324  10.401  30.110 0.0000000000
108079  -53.562  10.357  29.610 0.0000000000
107155  -53.136  9.564  27.125 0.0000000000
107162  -52.209  9.238  26.238 0.0000000000
107163  -52.902  9.285  26.086 0.0000000000
107172  -52.989  8.943  25.169 0.0000000000
145826  -53.897  9.203  25.373 0.0000000000
145850  -55.766  8.862  24.328 0.0000000000
145840  -55.237  8.746  24.137 0.0000000000
108968  -60.674  11.805  32.034 0.0000000000
108058  -59.416  10.959  32.272 0.0000000000
108970  -60.053  11.162  31.493 0.0000000000
108977  -60.337  11.667  28.930 0.0000000000
108973  -59.820  10.865  30.076 0.0000000000
145860  -58.299  10.289  28.878 0.0000000000
109854  -59.161  12.254  25.993 0.0000000000
108982  -59.933  11.966  26.767 0.0000000000
108104  -59.621  11.763  25.727 0.0000000000
107185  -59.309  10.602  24.673 0.0000000000
145845  -59.053  10.226  25.145 0.0000000000
145858  -58.632  9.974  25.735 0.0000000000
107207  -58.857  9.916  22.124 0.0000000000
107195  -58.143  9.337  22.837 0.0000000000
107218  -58.638  9.899  20.908 0.0000000000
109033  -59.103  11.236  19.942 0.0000000000
108154  -58.794  10.434  19.209 0.0000000000
110895  -58.232  13.261  20.446 0.0000000000
110896  -58.723  12.969  20.558 0.0000000000
110909  -58.486  13.022  19.819 0.0000000000
110001  -57.882  11.832  16.887 0.0000000000
109985  -58.246  12.030  17.466 0.0000000000
109056  -58.232  11.652  16.971 0.0000000000
109057  -58.534  11.184  17.079 0.0000000000
109066  -58.295  10.863  16.344 0.0000000000
109084  -58.310  10.521  15.991 0.0000000000
109083  -57.864  10.957  15.860 0.0000000000
109100  -56.717  11.226  15.172 0.0000000000
107266  -56.890  9.654  15.119 0.0000000000
108219  -55.609  10.763  14.820 0.0000000000
110975  -53.936  12.807  15.875 0.0000000000
110984  -51.398  13.123  14.763 0.0000000000
110985  -52.335  13.191  14.712 0.0000000000
109898  -52.793  12.165  23.397 0.0000000000
109897  -51.734  12.343  23.627 0.0000000000
110877  -50.252  12.660  22.169 0.0000000000
110904  -50.331  12.693  20.002 0.0000000000
110890  -49.549  12.951  20.633 0.0000000000
111749  -47.404  14.567  22.125 0.0000000000
111750  -47.947  14.057  22.711 0.0000000000
111757  -47.357  14.218  21.169 0.0000000000
110901  -47.930  13.268  19.143 0.0000000000
110888  -48.154  13.271  19.917 0.0000000000
110902  -48.813  12.950  19.254 0.0000000000
110935  -48.407  12.736  17.235 0.0000000000
110954  -46.406  12.722  16.298 0.0000000000
109074  -46.591  11.159  14.797 0.0000000000
110007  -45.952  11.760  15.288 0.0000000000
110006  -45.257  11.828  15.576 0.0000000000
109992  -43.898  12.406  16.279 0.0000000000
109977  -43.114  12.721  16.471 0.0000000000
112585  -44.132  14.890  16.388 0.0000000000
112590  -42.705  14.947  16.411 0.0000000000
111793  -42.829  14.096  16.289 0.0000000000
111786  -42.533  14.179  16.830 0.0000000000
110914  -42.460  13.362  17.459 0.0000000000
115777  -47.193  19.152  15.649 0.0000000000
115762  -46.540  18.984  16.484 0.0000000000
114958  -43.782  18.451  15.579 0.0000000000
104112  -47.502  6.107  29.616 0.0000000000
104119  -48.133  5.908  28.253 0.0000000000
104113  -47.886  6.390  28.808 0.0000000000
105087  -48.072  7.209  29.319 0.0000000000
106111  -48.357  7.743  29.873 0.0000000000
113241  -58.708  16.448  27.541 0.0000000000
113259  -56.308  16.081  25.855 0.0000000000
112493  -57.046  15.836  25.167 0.0000000000
112503  -57.028  15.757  24.182 0.0000000000
112516  -56.997  15.787  23.201 0.0000000000
97112  -58.070  0.017  16.705 0.0000000000
109797  -47.077  12.190  35.469 0.0000000000
109798  -48.071  12.169  35.958 0.0000000000
100059  -56.661  3.060  32.247 0.0000000000
100066  -56.258  3.255  31.406 0.0000000000
100058  -56.292  2.562  31.609 0.0000000000
99052  -55.155  1.845  30.852 0.0000000000
99014  -47.271  1.211  35.671 0.0000000000
105139  -59.891  7.566  25.718 0.0000000000
105148  -59.355  6.969  24.886 0.0000000000
104176  -59.343  6.561  23.980 0.0000000000
104175  -58.806  6.315  23.963 0.0000000000
105181  -54.772  6.864  19.685 0.0000000000
105182  -55.506  7.056  19.115 0.0000000000
105183  -56.308  7.524  18.835 0.0000000000
106219  -56.978  7.919  18.529 0.0000000000
106220  -57.394  8.036  18.463 0.0000000000
105185  -57.966  8.049  18.170 0.0000000000
105184  -57.705  8.280  18.459 0.0000000000
106212  -57.889  8.831  18.814 0.0000000000
107225  -57.962  9.285  19.613 0.0000000000
108017  -56.356  10.623  34.175 0.0000000000
108042  -56.088  10.483  32.765 0.0000000000
108030  -57.119  10.633  33.627 0.0000000000
108044  -57.767  10.649  32.870 0.0000000000
108057  -58.378  10.682  31.936 0.0000000000
109868  -56.058  12.623  25.153 0.0000000000
109915  -56.412  13.064  22.449 0.0000000000
109914  -55.532  12.858  22.238 0.0000000000
109026  -55.103  12.691  21.961 0.0000000000
109928  -54.443  12.205  21.393 0.0000000000
109927  -53.482  12.011  21.354 0.0000000000
109926  -52.488  12.225  21.447 0.0000000000
114054  -47.558  17.901  22.237 0.0000000000
113295  -47.193  17.203  22.523 0.0000000000
114070  -47.116  18.009  21.595 0.0000000000
114080  -45.765  17.826  19.806 0.0000000000
114907  -45.783  18.258  18.840 0.0000000000
115749  -45.973  18.733  17.176 0.0000000000
101135  -52.742  3.827  26.547 0.0000000000
101149  -53.320  3.840  25.654 0.0000000000
101148  -52.380  3.693  25.493 0.0000000000
101158  -52.098  3.779  24.525 0.0000000000
104154  -50.194  6.571  25.486 0.0000000000
103206  -50.540  5.916  24.542 0.0000000000
104172  -50.947  6.406  24.082 0.0000000000
145813  -52.068  7.117  22.903 0.0000000000
145814  -52.523  7.451  22.816 0.0000000000
112413  -59.978  15.257  33.108 0.0000000000
111685  -60.157  14.227  32.370 0.0000000000
112432  -59.728  14.957  31.987 0.0000000000
112440  -59.581  14.670  31.360 0.0000000000
111694  -59.132  14.721  30.669 0.0000000000
112446  -56.863  15.812  29.994 0.0000000000
111693  -57.893  15.039  31.042 0.0000000000
112436  -57.002  15.344  30.857 0.0000000000
110780  -56.693  14.112  30.819 0.0000000000
110789  -56.217  13.596  30.060 0.0000000000
110800  -54.495  13.155  28.993 0.0000000000
110812  -53.841  12.833  28.073 0.0000000000
110811  -52.818  12.898  28.141 0.0000000000
110799  -53.391  13.214  29.029 0.0000000000
110798  -52.435  13.509  28.822 0.0000000000
111709  -51.556  14.779  28.505 0.0000000000
113255  -52.759  16.666  25.471 0.0000000000
113269  -51.927  16.931  24.664 0.0000000000
114032  -51.472  17.142  24.567 0.0000000000
114031  -50.643  17.447  24.424 0.0000000000
114044  -51.477  17.756  23.752 0.0000000000
114058  -51.382  18.486  22.812 0.0000000000
114886  -51.179  19.001  21.942 0.0000000000
102273  -57.392  4.494  15.495 0.0000000000
105041  -48.764  7.088  35.690 0.0000000000
105046  -49.315  7.773  34.975 0.0000000000
105042  -49.339  7.589  35.647 0.0000000000
106074  -50.100  8.067  35.991 0.0000000000
106075  -50.702  8.709  36.171 0.0000000000
109763  -51.013  11.607  37.221 0.0000000000
108923  -51.534  11.150  37.200 0.0000000000
108924  -52.458  11.439  37.122 0.0000000000
107975  -53.131  11.034  36.896 0.0000000000
107992  -53.700  10.701  36.381 0.0000000000
108926  -54.671  12.263  36.779 0.0000000000
109756  -55.082  12.776  36.562 0.0000000000
113162  -55.314  16.360  34.353 0.0000000000
112399  -55.784  15.382  35.015 0.0000000000
112400  -56.312  15.712  35.309 0.0000000000
113153  -57.055  16.008  35.562 0.0000000000
113154  -57.994  16.253  35.807 0.0000000000
113155  -58.749  16.219  35.613 0.0000000000
113945  -58.452  16.726  35.287 0.0000000000
113955  -59.243  17.469  34.440 0.0000000000
105094  -61.570  6.657  28.358 0.0000000000
106107  -60.257  8.068  28.433 0.0000000000
106106  -59.067  7.875  28.523 0.0000000000
104103  -56.611  6.326  31.495 0.0000000000
105081  -57.500  7.111  29.932 0.0000000000
103156  -54.580  5.257  28.993 0.0000000000
102103  -50.844  4.213  30.492 0.0000000000
93666  -52.384  -3.099  32.227 0.0000000000
93660  -53.232  -3.186  33.306 0.0000000000
94784  -54.360  -1.997  32.734 0.0000000000
95897  -54.861  -1.528  33.435 0.0000000000
95917  -54.403  -0.514  31.284 0.0000000000
96981  -54.498  0.266  30.926 0.0000000000
96980  -53.769  -0.143  30.748 0.0000000000
96986  -52.912  0.549  30.827 0.0000000000
98049  -51.698  0.904  31.493 0.0000000000
101057  -49.719  3.411  34.454 0.0000000000
101056  -48.757  3.722  34.761 0.0000000000
102063  -48.001  4.127  34.633 0.0000000000
102062  -47.794  4.569  35.149 0.0000000000
145493  -57.670  -0.450  22.427 0.0000000000
145512  -59.522  -0.114  21.296 0.0000000000
102197  -56.260  4.568  23.124 0.0000000000
102208  -56.644  4.481  22.090 0.0000000000
103244  -58.041  4.707  20.790 0.0000000000
104221  -58.739  5.521  18.562 0.0000000000
104222  -58.952  5.039  18.929 0.0000000000
102245  -61.985  3.741  18.926 0.0000000000
103273  -61.422  4.362  18.408 0.0000000000
101220  -61.811  2.957  17.535 0.0000000000
101219  -61.468  3.103  16.840 0.0000000000
100172  -61.173  2.415  16.371 0.0000000000
102274  -61.001  4.224  15.962 0.0000000000
106239  -59.652  7.935  16.160 0.0000000000
106257  -59.511  7.488  14.858 0.0000000000
105226  -59.569  7.023  14.465 0.0000000000
107268  -58.468  9.250  15.094 0.0000000000
107113  -50.414  9.316  32.392 0.0000000000
107118  -50.172  9.311  31.170 0.0000000000
145863  -55.181  10.379  29.209 0.0000000000
109819  -60.774  12.267  30.568 0.0000000000
108979  -60.017  11.632  27.394 0.0000000000
108997  -59.548  11.820  25.106 0.0000000000
110927  -57.415  13.031  18.893 0.0000000000
110944  -57.026  12.380  18.122 0.0000000000
110964  -57.495  12.040  17.433 0.0000000000
110000  -57.353  11.751  16.814 0.0000000000
110017  -57.074  11.652  16.235 0.0000000000
109081  -56.564  11.640  15.403 0.0000000000
109099  -55.888  11.482  14.815 0.0000000000
110032  -55.293  12.216  14.914 0.0000000000
110939  -52.309  12.941  17.249 0.0000000000
110958  -52.156  13.177  16.282 0.0000000000
109879  -50.527  12.592  24.855 0.0000000000
109896  -50.711  12.505  23.896 0.0000000000
110854  -50.126  12.783  23.829 0.0000000000
110863  -49.510  13.218  22.747 0.0000000000
110862  -48.780  13.637  22.219 0.0000000000
111756  -46.694  14.669  20.658 0.0000000000
111774  -47.152  13.772  19.091 0.0000000000
110934  -47.498  12.861  17.191 0.0000000000
110916  -46.857  13.318  17.829 0.0000000000
110970  -45.358  12.337  15.686 0.0000000000
110953  -45.472  13.009  16.230 0.0000000000
111795  -44.049  13.930  16.236 0.0000000000
113364  -43.629  15.406  16.115 0.0000000000
112584  -42.412  15.054  16.947 0.0000000000
113351  -42.202  15.833  17.033 0.0000000000
113339  -42.076  16.086  17.830 0.0000000000
101132  -49.892  4.142  26.651 0.0000000000
102140  -49.472  4.277  27.037 0.0000000000
103187  -49.157  5.390  26.491 0.0000000000
104132  -48.690  6.144  27.346 0.0000000000
104144  -49.436  6.353  26.424 0.0000000000
105115  -49.856  7.109  26.430 0.0000000000
106137  -50.566  8.156  26.233 0.0000000000
113207  -59.445  16.376  29.804 0.0000000000
112460  -58.535  15.953  29.225 0.0000000000
112470  -58.331  16.161  28.129 0.0000000000
112459  -57.654  15.958  29.081 0.0000000000
112445  -55.878  15.770  29.738 0.0000000000
112443  -53.630  15.420  29.421 0.0000000000
113212  -54.595  16.333  28.123 0.0000000000
113221  -54.320  16.512  27.391 0.0000000000
113237  -54.026  16.679  26.521 0.0000000000
113258  -55.555  16.256  25.704 0.0000000000
113257  -54.716  16.498  25.617 0.0000000000
113256  -53.786  16.738  25.551 0.0000000000
113296  -53.895  17.187  22.275 0.0000000000
99184  -58.061  2.130  15.545 0.0000000000
107069  -48.941  9.723  37.217 0.0000000000
107988  -49.148  10.431  37.067 0.0000000000
108938  -49.641  11.179  37.079 0.0000000000
109799  -48.950  12.539  36.248 0.0000000000
109779  -49.791  12.164  36.749 0.0000000000
103141  -56.446  5.484  31.441 0.0000000000
103140  -55.837  5.383  30.792 0.0000000000
103139  -55.127  5.380  30.479 0.0000000000
102092  -54.991  4.825  30.824 0.0000000000
101085  -52.645  3.440  31.601 0.0000000000
93649  -51.586  -4.398  33.697 0.0000000000
93658  -51.296  -4.245  32.966 0.0000000000
93664  -50.708  -3.355  31.949 0.0000000000
93665  -51.781  -3.288  32.104 0.0000000000
94790  -51.141  -2.462  31.516 0.0000000000
101040  -48.712  3.348  36.616 0.0000000000
100026  -48.061  3.133  37.200 0.0000000000
101031  -47.899  3.528  37.333 0.0000000000
102229  -54.596  4.315  20.121 0.0000000000
102230  -55.538  4.231  19.617 0.0000000000
102243  -56.407  4.456  18.876 0.0000000000
103269  -56.989  5.117  18.337 0.0000000000
104232  -56.500  6.085  18.270 0.0000000000
104246  -59.709  6.366  17.532 0.0000000000
106223  -59.299  7.735  17.197 0.0000000000
106230  -59.245  8.385  17.117 0.0000000000
107244  -59.331  8.572  16.947 0.0000000000
108025  -53.246  10.198  33.407 0.0000000000
108050  -52.797  10.277  31.673 0.0000000000
108051  -53.616  10.457  31.840 0.0000000000
108064  -54.207  10.602  31.264 0.0000000000
108076  -54.751  10.625  30.876 0.0000000000
108054  -55.732  10.553  32.116 0.0000000000
145844  -55.494  10.617  30.941 0.0000000000
145855  -54.952  10.597  30.302 0.0000000000
145847  -57.605  10.203  28.172 0.0000000000
110817  -59.033  13.247  27.751 0.0000000000
109836  -58.932  13.013  27.045 0.0000000000
109871  -58.950  12.366  25.104 0.0000000000
109888  -58.924  12.529  23.920 0.0000000000
109918  -58.978  12.604  22.313 0.0000000000
109931  -58.129  13.386  21.219 0.0000000000
109943  -57.305  13.022  20.425 0.0000000000
110866  -56.203  12.980  21.821 0.0000000000
110894  -56.804  12.844  20.765 0.0000000000
110907  -56.954  12.847  19.871 0.0000000000
110926  -56.565  12.859  18.856 0.0000000000
110961  -55.087  12.774  17.016 0.0000000000
110941  -54.237  12.683  17.907 0.0000000000
109983  -53.609  12.730  18.138 0.0000000000
109954  -53.521  12.423  19.583 0.0000000000
109970  -53.236  12.666  18.651 0.0000000000
110923  -52.790  12.758  18.306 0.0000000000
110922  -52.328  12.789  18.107 0.0000000000
110921  -51.593  12.752  17.922 0.0000000000
109967  -50.999  12.593  18.559 0.0000000000
111743  -47.850  14.224  23.730 0.0000000000
111736  -47.386  15.142  24.060 0.0000000000
112527  -47.099  15.475  22.417 0.0000000000
113294  -46.801  17.111  22.066 0.0000000000
112526  -46.608  16.035  21.895 0.0000000000
112555  -45.952  15.103  20.193 0.0000000000
111764  -45.892  14.752  19.276 0.0000000000
112567  -45.289  15.056  18.539 0.0000000000
112577  -44.968  14.874  17.719 0.0000000000
112566  -44.848  15.658  17.866 0.0000000000
113340  -44.725  16.096  17.147 0.0000000000
114101  -44.970  16.779  17.196 0.0000000000
114114  -44.529  16.566  16.607 0.0000000000
114945  -43.727  17.734  16.193 0.0000000000
145786  -56.007  4.705  25.244 0.0000000000
145785  -55.444  4.443  24.770 0.0000000000
145782  -55.267  4.206  23.705 0.0000000000
145775  -54.615  4.100  24.030 0.0000000000
145791  -54.480  3.886  22.435 0.0000000000
102206  -54.617  3.792  21.700 0.0000000000
101146  -50.604  4.203  25.064 0.0000000000
101157  -51.253  4.217  24.254 0.0000000000
102177  -50.814  5.031  24.028 0.0000000000
102178  -51.382  4.697  23.651 0.0000000000
145795  -52.804  4.253  22.309 0.0000000000
145810  -53.560  4.202  21.556 0.0000000000
102217  -53.970  4.184  20.867 0.0000000000
103243  -54.021  4.714  20.081 0.0000000000
103255  -53.841  5.315  19.910 0.0000000000
104219  -54.085  6.142  19.812 0.0000000000
145818  -52.897  6.492  21.511 0.0000000000
105173  -54.315  7.119  20.502 0.0000000000
105167  -54.943  7.741  20.961 0.0000000000
106200  -55.596  8.078  20.938 0.0000000000
108959  -59.241  12.303  34.869 0.0000000000
108033  -59.591  11.660  34.313 0.0000000000
108964  -60.741  11.990  32.935 0.0000000000
109816  -60.775  12.468  31.562 0.0000000000
110773  -60.434  13.344  32.038 0.0000000000
110783  -60.409  12.906  30.431 0.0000000000
110794  -60.173  13.028  29.359 0.0000000000
110805  -59.382  13.360  28.630 0.0000000000
112450  -59.429  15.683  30.271 0.0000000000
112438  -59.334  15.378  30.471 0.0000000000
111705  -59.000  14.032  30.340 0.0000000000
110816  -58.246  13.586  27.928 0.0000000000
110830  -56.910  13.194  27.006 0.0000000000
110814  -56.280  13.205  27.956 0.0000000000
110829  -55.947  12.962  26.921 0.0000000000
109850  -55.614  12.686  26.086 0.0000000000
109882  -53.483  12.199  24.319 0.0000000000
109865  -53.066  12.433  25.369 0.0000000000
109864  -52.070  12.469  25.499 0.0000000000
109833  -52.296  12.767  27.260 0.0000000000
109846  -51.733  12.665  26.450 0.0000000000
109863  -51.090  12.525  25.668 0.0000000000
109862  -50.153  12.977  25.730 0.0000000000
110839  -49.392  13.530  25.762 0.0000000000
110838  -48.622  13.953  25.300 0.0000000000
112442  -53.025  15.455  29.117 0.0000000000
112454  -52.333  15.560  28.645 0.0000000000
111708  -50.961  15.102  28.078 0.0000000000
113235  -51.966  16.422  26.473 0.0000000000
113218  -51.330  16.128  27.200 0.0000000000
111713  -50.457  14.746  27.615 0.0000000000
111722  -49.467  14.800  26.647 0.0000000000
111731  -49.002  14.350  26.044 0.0000000000
111730  -48.367  14.880  25.573 0.0000000000
111729  -47.769  15.516  24.974 0.0000000000
112490  -48.070  16.439  24.871 0.0000000000
114028  -48.429  17.545  23.731 0.0000000000
114042  -49.613  17.895  23.587 0.0000000000
114041  -48.839  17.866  23.380 0.0000000000
114055  -48.640  18.201  22.669 0.0000000000
114871  -48.578  18.578  21.887 0.0000000000
114883  -48.521  18.809  21.079 0.0000000000
114896  -48.317  18.885  20.161 0.0000000000
105072  -47.923  7.637  31.268 0.0000000000
105063  -48.137  7.635  32.312 0.0000000000
106090  -48.838  8.262  32.638 0.0000000000
106078  -49.360  8.027  34.489 0.0000000000
106091  -49.628  8.756  32.979 0.0000000000
107115  -51.747  9.751  33.024 0.0000000000
106052  -50.222  9.039  37.314 0.0000000000
106064  -50.603  8.874  36.882 0.0000000000
106076  -50.992  9.144  36.347 0.0000000000
107989  -51.367  9.940  36.711 0.0000000000
107072  -51.327  9.627  36.446 0.0000000000
107088  -51.434  9.441  35.743 0.0000000000
107109  -52.873  10.145  33.789 0.0000000000
108013  -53.856  10.340  33.952 0.0000000000
107099  -54.123  10.385  34.520 0.0000000000
107100  -54.934  10.429  34.461 0.0000000000
107993  -54.712  10.960  36.133 0.0000000000
107076  -55.035  10.746  35.394 0.0000000000
107093  -55.811  10.650  34.519 0.0000000000
108007  -56.287  11.016  34.756 0.0000000000
108008  -57.034  11.507  35.048 0.0000000000
108009  -57.929  12.050  35.318 0.0000000000
110719  -54.192  13.200  35.759 0.0000000000
109784  -54.684  13.102  36.134 0.0000000000
110699  -55.759  13.195  36.472 0.0000000000
111643  -56.262  14.630  35.516 0.0000000000
110706  -56.032  13.600  36.137 0.0000000000
110700  -56.308  13.437  36.281 0.0000000000
109769  -57.077  13.308  36.158 0.0000000000
108931  -57.934  13.014  35.885 0.0000000000
108942  -58.433  12.935  35.552 0.0000000000
109786  -59.048  13.400  35.286 0.0000000000
110722  -59.327  13.985  35.219 0.0000000000
111645  -59.673  14.699  34.298 0.0000000000
112390  -59.450  15.445  35.337 0.0000000000
112391  -59.675  15.441  34.571 0.0000000000
112401  -59.809  15.404  33.791 0.0000000000
113191  -60.014  15.973  32.578 0.0000000000
113994  -60.248  16.579  31.939 0.0000000000
113996  -60.309  17.021  31.018 0.0000000000
114828  -60.316  18.259  31.125 0.0000000000
106140  -61.026  7.540  27.319 0.0000000000
106162  -60.456  7.727  26.606 0.0000000000
105089  -57.980  7.245  28.592 0.0000000000
145823  -57.758  6.900  28.121 0.0000000000
145783  -56.068  4.893  26.272 0.0000000000
102158  -54.271  4.314  26.450 0.0000000000
102144  -54.041  4.411  27.203 0.0000000000
102157  -53.535  4.113  26.726 0.0000000000
101120  -52.618  4.024  27.205 0.0000000000
101119  -52.022  3.961  27.448 0.0000000000
101118  -50.991  3.736  27.281 0.0000000000
103147  -53.830  5.312  29.658 0.0000000000
103146  -53.253  5.039  29.368 0.0000000000
102116  -52.734  4.782  29.126 0.0000000000
102125  -52.059  4.394  28.640 0.0000000000
101106  -51.364  4.024  28.298 0.0000000000
102123  -49.532  3.988  27.933 0.0000000000
102122  -48.741  4.363  28.574 0.0000000000
102121  -48.170  4.556  29.289 0.0000000000
103153  -47.486  5.219  30.382 0.0000000000
104101  -47.316  6.157  31.706 0.0000000000
98031  -56.512  1.449  34.359 0.0000000000
95855  -56.059  -2.519  38.247 0.0000000000
95862  -55.976  -2.032  37.440 0.0000000000
95872  -55.455  -1.734  36.402 0.0000000000
94768  -53.683  -3.229  34.706 0.0000000000
96939  -55.978  -0.642  36.291 0.0000000000
96948  -55.806  -0.373  35.199 0.0000000000
98030  -56.153  0.740  33.855 0.0000000000
98045  -56.059  1.226  31.993 0.0000000000
98053  -55.507  1.117  31.394 0.0000000000
98059  -54.101  1.009  30.636 0.0000000000
100070  -53.810  2.129  30.721 0.0000000000
101077  -52.279  3.149  31.914 0.0000000000
98048  -51.114  0.342  31.470 0.0000000000
99042  -51.683  1.979  32.152 0.0000000000
99035  -51.328  2.208  32.992 0.0000000000
100056  -51.766  2.778  32.791 0.0000000000
101076  -51.884  3.582  32.271 0.0000000000
103138  -47.401  5.366  32.436 0.0000000000
104094  -47.371  6.207  32.747 0.0000000000
105044  -48.066  6.896  34.674 0.0000000000
104067  -48.301  6.741  35.415 0.0000000000
105034  -48.936  7.202  36.383 0.0000000000
105021  -48.867  7.477  37.067 0.0000000000
102048  -48.119  4.681  36.867 0.0000000000
104050  -48.104  6.334  37.326 0.0000000000
106050  -48.640  8.178  37.348 0.0000000000
107986  -47.528  10.252  36.191 0.0000000000
107067  -46.741  9.236  36.227 0.0000000000
108006  -46.880  10.756  35.780 0.0000000000
108953  -46.505  11.437  35.566 0.0000000000
95962  -54.703  -1.183  22.423 0.0000000000
95972  -55.058  -0.928  21.962 0.0000000000
97075  -56.307  -0.423  20.291 0.0000000000
103245  -58.667  4.933  20.594 0.0000000000
103260  -58.896  4.868  19.785 0.0000000000
104211  -60.546  5.203  21.112 0.0000000000
103248  -61.364  4.666  20.761 0.0000000000
99145  -62.582  1.868  20.334 0.0000000000
99144  -61.983  1.392  20.004 0.0000000000
145517  -57.973  -0.423  17.674 0.0000000000
97113  -58.822  0.317  16.453 0.0000000000
145524  -58.959  0.813  16.106 0.0000000000
99178  -60.492  1.858  16.265 0.0000000000
98179  -59.504  1.540  16.237 0.0000000000
98178  -59.069  1.420  15.930 0.0000000000
99194  -58.980  2.102  15.625 0.0000000000
100197  -58.715  3.083  15.450 0.0000000000
100196  -58.344  3.167  15.427 0.0000000000
104268  -60.835  5.926  16.025 0.0000000000
103302  -60.761  5.096  15.760 0.0000000000
104282  -60.460  5.727  15.633 0.0000000000
102282  -59.703  4.513  15.500 0.0000000000
102291  -59.311  4.684  15.270 0.0000000000
102290  -58.987  4.772  15.199 0.0000000000
101236  -58.248  3.903  15.367 0.0000000000
102281  -58.321  4.609  15.298 0.0000000000
103308  -57.806  5.370  15.360 0.0000000000
104278  -58.117  6.489  15.223 0.0000000000
104266  -57.599  5.954  15.376 0.0000000000
104265  -57.116  6.572  15.369 0.0000000000
106103  -48.509  8.059  30.486 0.0000000000
106112  -49.029  8.190  29.394 0.0000000000
106105  -50.054  9.108  30.267 0.0000000000
106127  -50.845  9.034  27.081 0.0000000000
106138  -51.243  8.990  26.521 0.0000000000
108062  -52.548  10.280  30.766 0.0000000000
107126  -52.427  10.209  30.289 0.0000000000
107135  -52.556  9.954  28.769 0.0000000000
107154  -52.094  9.316  26.767 0.0000000000
106139  -51.868  9.186  26.324 0.0000000000
106149  -51.981  9.011  25.845 0.0000000000
145825  -52.760  8.611  24.807 0.0000000000
145838  -54.291  8.273  23.393 0.0000000000
145827  -54.646  8.923  24.607 0.0000000000
106190  -56.221  8.473  21.497 0.0000000000
108046  -59.611  11.249  33.393 0.0000000000
145843  -58.102  10.387  29.560 0.0000000000
108103  -59.694  11.300  25.535 0.0000000000
145831  -58.516  10.070  26.572 0.0000000000
106172  -56.833  8.857  23.166 0.0000000000
106180  -57.063  8.895  22.277 0.0000000000
106191  -57.014  8.746  21.115 0.0000000000
106192  -57.634  9.098  20.751 0.0000000000
107226  -58.295  9.693  19.495 0.0000000000
108165  -58.748  10.321  18.132 0.0000000000
109945  -58.973  12.683  20.720 0.0000000000
109946  -59.172  12.189  20.569 0.0000000000
109959  -59.160  11.968  19.546 0.0000000000
110928  -58.259  13.041  18.953 0.0000000000
109972  -58.553  12.388  18.333 0.0000000000
109973  -59.048  11.899  18.601 0.0000000000
109049  -58.923  11.127  17.967 0.0000000000
108223  -58.440  9.675  15.259 0.0000000000
108222  -58.015  10.087  15.302 0.0000000000
109101  -57.474  10.780  15.417 0.0000000000
107267  -57.819  9.449  15.041 0.0000000000
106253  -56.915  8.680  15.247 0.0000000000
110974  -53.009  13.217  15.385 0.0000000000
110986  -52.944  13.090  14.747 0.0000000000
109910  -51.010  12.392  22.824 0.0000000000
109925  -51.304  12.371  21.532 0.0000000000
109938  -51.137  12.548  20.323 0.0000000000
109950  -50.371  12.598  19.053 0.0000000000
109966  -50.497  12.600  18.454 0.0000000000
110875  -48.789  13.392  21.210 0.0000000000
110874  -48.025  13.519  20.757 0.0000000000
110919  -49.831  12.653  18.319 0.0000000000
109981  -49.029  12.645  16.354 0.0000000000
109996  -48.026  12.349  15.436 0.0000000000
109979  -47.304  12.630  16.296 0.0000000000
110009  -47.869  11.795  14.545 0.0000000000
109075  -47.283  11.326  14.458 0.0000000000
109993  -44.663  12.020  15.858 0.0000000000
109063  -44.634  11.444  16.329 0.0000000000
111787  -44.629  14.338  16.646 0.0000000000
111794  -43.319  14.006  16.058 0.0000000000
110950  -43.034  13.349  16.118 0.0000000000
111771  -42.552  14.451  18.509 0.0000000000
113307  -54.109  17.320  21.179 0.0000000000
114899  -51.184  19.257  20.808 0.0000000000
114913  -51.187  19.151  19.661 0.0000000000
114912  -50.251  19.178  19.352 0.0000000000
114911  -49.086  19.073  19.002 0.0000000000
115742  -48.498  18.800  18.801 0.0000000000
115778  -48.606  19.117  15.819 0.0000000000
115764  -48.590  18.982  17.186 0.0000000000
115751  -47.800  18.785  17.959 0.0000000000
115750  -46.846  18.949  17.544 0.0000000000
115761  -45.702  18.636  16.246 0.0000000000
115789  -45.593  19.129  14.914 0.0000000000
115775  -45.209  18.622  15.500 0.0000000000
115760  -45.043  18.210  16.148 0.0000000000
114959  -44.148  18.166  15.624 0.0000000000
92502  -51.681  -4.525  34.551 0.0000000000
94782  -52.717  -2.968  32.337 0.0000000000
96987  -53.264  0.439  30.748 0.0000000000
97111  -57.272  0.157  16.735 0.0000000000
97120  -56.998  0.418  16.401 0.0000000000
97127  -58.692  0.781  15.973 0.0000000000
97128  -58.961  0.936  16.052 0.0000000000
98039  -56.381  1.385  33.563 0.0000000000
98057  -53.045  0.759  30.846 0.0000000000
98168  -58.010  1.059  15.781 0.0000000000
98170  -59.391  1.152  16.233 0.0000000000
98171  -59.862  1.413  16.438 0.0000000000
98177  -58.633  1.182  15.842 0.0000000000
98182  -58.611  1.988  15.551 0.0000000000
98183  -58.666  1.712  15.680 0.0000000000
98184  -58.837  1.504  15.791 0.0000000000
99036  -56.402  1.627  33.121 0.0000000000
99050  -52.689  1.925  31.230 0.0000000000
99057  -53.707  1.609  30.697 0.0000000000
99058  -54.330  1.712  30.673 0.0000000000
99177  -59.891  1.812  16.346 0.0000000000
99185  -58.223  2.637  15.474 0.0000000000
99186  -59.178  1.925  15.794 0.0000000000
99192  -58.328  2.030  15.565 0.0000000000
99193  -58.477  2.329  15.535 0.0000000000
99195  -59.228  2.333  15.706 0.0000000000
100069  -53.494  2.019  30.818 0.0000000000
100144  -62.889  2.277  20.511 0.0000000000
100173  -61.581  2.257  17.064 0.0000000000
100189  -58.017  3.042  15.427 0.0000000000
100190  -59.466  2.872  15.721 0.0000000000
100191  -59.964  2.780  15.996 0.0000000000
101030  -47.284  3.550  37.554 0.0000000000
101136  -53.376  3.916  26.238 0.0000000000
101168  -51.625  4.394  23.654 0.0000000000
101169  -51.966  4.031  23.708 0.0000000000
101195  -62.688  3.154  20.082 0.0000000000
101203  -62.903  2.697  20.048 0.0000000000
101230  -61.094  3.316  16.204 0.0000000000
101235  -57.974  3.746  15.383 0.0000000000
101243  -58.598  3.963  15.337 0.0000000000
102126  -52.685  4.539  28.393 0.0000000000
102153  -49.085  4.782  26.819 0.0000000000
102156  -53.006  4.091  27.133 0.0000000000
102159  -54.635  4.401  26.111 0.0000000000
102242  -55.799  4.688  18.847 0.0000000000
102254  -61.706  3.740  17.984 0.0000000000
102265  -61.556  3.608  17.324 0.0000000000
102289  -58.631  4.707  15.261 0.0000000000
103154  -53.178  4.896  29.005 0.0000000000
103160  -47.681  5.141  29.453 0.0000000000
103162  -53.825  4.662  28.173 0.0000000000
103188  -54.678  4.488  26.379 0.0000000000
103197  -49.621  5.518  25.960 0.0000000000
103198  -50.065  5.666  25.386 0.0000000000
103224  -56.496  4.802  23.696 0.0000000000
103270  -58.105  4.973  18.698 0.0000000000
103311  -60.170  5.209  15.482 0.0000000000
104076  -48.158  6.853  34.939 0.0000000000
104118  -47.764  5.727  28.918 0.0000000000
104135  -62.022  5.946  27.211 0.0000000000
104143  -48.945  5.804  26.799 0.0000000000
104145  -49.950  6.845  26.083 0.0000000000
104163  -51.288  7.270  24.329 0.0000000000
104186  -57.914  5.646  22.930 0.0000000000
104218  -53.524  5.695  20.254 0.0000000000
104267  -60.325  6.196  15.729 0.0000000000
104280  -59.548  6.544  14.347 0.0000000000
104291  -59.267  5.863  14.989 0.0000000000
105075  -58.995  8.002  30.921 0.0000000000
105105  -50.116  7.662  26.612 0.0000000000
105106  -61.471  6.958  27.530 0.0000000000
105126  -51.281  7.841  24.968 0.0000000000
105146  -52.575  7.874  23.556 0.0000000000
105191  -56.140  6.793  18.567 0.0000000000
105212  -60.331  6.374  16.327 0.0000000000
105234  -59.661  6.613  14.063 0.0000000000
106065  -50.915  9.226  36.564 0.0000000000
106109  -61.012  7.148  30.211 0.0000000000
106116  -49.421  8.058  28.198 0.0000000000
106147  -50.659  7.869  25.704 0.0000000000
106151  -61.039  7.388  26.519 0.0000000000
106160  -52.150  8.529  25.077 0.0000000000
107056  -48.425  8.634  37.335 0.0000000000
107060  -51.088  9.736  36.803 0.0000000000
107070  -49.383  10.003  37.288 0.0000000000
107077  -55.634  10.855  34.999 0.0000000000
107086  -46.297  9.830  35.823 0.0000000000
107092  -55.257  10.596  34.777 0.0000000000
107101  -55.541  10.459  34.341 0.0000000000
107102  -55.889  10.488  34.266 0.0000000000
107108  -52.333  9.965  33.559 0.0000000000
107120  -51.733  10.023  31.063 0.0000000000
107123  -50.081  9.193  30.564 0.0000000000
107125  -51.836  10.032  30.466 0.0000000000
107130  -52.629  10.174  29.756 0.0000000000
107136  -53.353  10.220  29.238 0.0000000000
107141  -50.743  9.065  27.386 0.0000000000
107153  -51.564  9.243  26.843 0.0000000000
107164  -59.531  10.874  25.267 0.0000000000
107258  -56.564  9.257  15.261 0.0000000000
107971  -49.710  10.347  37.289 0.0000000000
107972  -50.317  10.225  37.227 0.0000000000
107985  -46.724  10.120  35.871 0.0000000000
107990  -51.839  10.155  36.640 0.0000000000
107996  -57.581  12.361  35.698 0.0000000000
108010  -58.493  12.231  35.196 0.0000000000
108014  -54.598  10.361  33.982 0.0000000000
108015  -55.302  10.328  33.980 0.0000000000
108021  -59.456  11.996  34.754 0.0000000000
108024  -52.716  10.078  32.986 0.0000000000
108028  -55.680  10.366  33.429 0.0000000000
108029  -56.354  10.454  33.494 0.0000000000
108036  -51.791  9.889  32.032 0.0000000000
108038  -53.071  10.225  32.498 0.0000000000
108039  -53.864  10.338  32.633 0.0000000000
108048  -51.585  9.851  31.816 0.0000000000
108052  -54.387  10.532  31.990 0.0000000000
108053  -55.088  10.542  32.090 0.0000000000
108055  -56.411  10.593  32.018 0.0000000000
108066  -55.437  10.584  31.611 0.0000000000
108067  -55.921  10.594  31.544 0.0000000000
108073  -52.726  10.283  30.217 0.0000000000
108094  -59.757  11.681  26.151 0.0000000000
108112  -59.615  11.244  24.669 0.0000000000
108208  -58.398  10.039  15.591 0.0000000000
108915  -54.993  12.579  36.658 0.0000000000
108916  -55.253  12.636  36.602 0.0000000000
108927  -55.537  12.259  36.576 0.0000000000
108928  -56.183  12.635  36.466 0.0000000000
108929  -56.912  12.729  36.224 0.0000000000
108930  -57.579  12.966  36.066 0.0000000000
108939  -50.362  11.674  37.141 0.0000000000
108941  -57.945  12.623  35.741 0.0000000000
108943  -58.822  13.001  35.278 0.0000000000
108955  -58.338  12.472  35.412 0.0000000000
108956  -58.786  12.521  35.165 0.0000000000
108957  -59.200  12.802  34.940 0.0000000000
108960  -59.772  12.351  34.551 0.0000000000
108967  -60.197  11.460  32.651 0.0000000000
108990  -59.592  12.022  26.201 0.0000000000
108998  -59.393  12.069  25.628 0.0000000000
109009  -54.344  11.997  22.518 0.0000000000
109018  -54.917  12.559  22.332 0.0000000000
109025  -54.853  12.497  21.859 0.0000000000
109065  -58.129  11.403  16.544 0.0000000000
109072  -45.097  11.494  15.787 0.0000000000
109073  -45.754  11.203  15.451 0.0000000000
109102  -57.833  10.555  15.505 0.0000000000
109757  -55.506  12.962  36.551 0.0000000000
109758  -56.082  13.068  36.524 0.0000000000
109759  -56.523  13.303  36.313 0.0000000000
109768  -56.546  12.976  36.404 0.0000000000
109772  -58.728  13.612  35.642 0.0000000000
109780  -50.878  12.203  36.914 0.0000000000
109783  -53.909  12.722  36.187 0.0000000000
109785  -58.681  13.289  35.526 0.0000000000
109802  -59.866  13.368  33.853 0.0000000000
109809  -60.176  13.103  33.316 0.0000000000
109812  -60.422  12.497  33.329 0.0000000000
109821  -60.634  12.220  29.746 0.0000000000
109861  -49.618  13.152  25.333 0.0000000000
109895  -50.133  12.771  24.272 0.0000000000
109932  -58.827  12.845  21.299 0.0000000000
109944  -57.715  13.283  20.534 0.0000000000
109956  -57.400  13.046  20.078 0.0000000000
109957  -57.549  13.164  20.213 0.0000000000
109968  -51.695  12.630  18.708 0.0000000000
109984  -53.761  12.673  18.357 0.0000000000
109991  -43.358  12.907  16.141 0.0000000000
110029  -52.855  12.748  14.482 0.0000000000
110698  -55.268  13.003  36.485 0.0000000000
110701  -56.755  13.650  36.063 0.0000000000
110705  -55.298  13.212  36.317 0.0000000000
110708  -57.462  13.950  36.050 0.0000000000
110709  -58.199  13.983  36.141 0.0000000000
110710  -58.617  13.949  35.899 0.0000000000
110717  -52.144  12.736  36.104 0.0000000000
110721  -55.942  13.766  35.880 0.0000000000
110739  -55.150  13.910  35.477 0.0000000000
110740  -59.561  14.114  34.669 0.0000000000
110758  -54.323  14.156  34.824 0.0000000000
110771  -60.377  13.605  32.808 0.0000000000
110781  -57.279  14.074  30.951 0.0000000000
110795  -60.384  12.781  29.799 0.0000000000
110797  -51.652  13.894  28.445 0.0000000000
110809  -51.164  13.509  27.700 0.0000000000
110826  -50.250  13.573  26.800 0.0000000000
110827  -50.746  13.410  27.177 0.0000000000
110840  -49.916  13.417  26.245 0.0000000000
110867  -56.661  13.001  21.984 0.0000000000
110879  -56.227  12.883  21.191 0.0000000000
110880  -56.754  12.932  21.505 0.0000000000
110881  -58.414  13.216  20.808 0.0000000000
110893  -56.195  12.893  20.483 0.0000000000
110897  -58.979  12.628  20.458 0.0000000000
110910  -58.926  12.594  20.019 0.0000000000
110940  -53.216  12.836  17.694 0.0000000000
110969  -44.933  12.246  15.737 0.0000000000
111618  -56.294  13.889  35.874 0.0000000000
111619  -56.746  13.962  35.954 0.0000000000
111620  -57.381  14.404  36.074 0.0000000000
111621  -58.117  14.617  36.406 0.0000000000
111623  -58.852  14.204  35.924 0.0000000000
111628  -55.542  14.070  35.500 0.0000000000
111629  -56.003  14.103  35.656 0.0000000000
111630  -56.641  14.479  35.748 0.0000000000
111633  -58.790  14.904  36.375 0.0000000000
111634  -59.158  14.581  35.812 0.0000000000
111642  -55.908  14.679  35.340 0.0000000000
111658  -55.548  14.753  35.046 0.0000000000
111675  -60.269  14.445  32.997 0.0000000000
111690  -55.413  14.998  30.700 0.0000000000
111692  -57.342  14.649  31.182 0.0000000000
111699  -52.934  14.935  29.407 0.0000000000
111712  -50.021  15.179  27.104 0.0000000000
111721  -48.999  15.258  26.135 0.0000000000
111723  -50.016  14.338  27.065 0.0000000000
111779  -45.010  14.498  17.179 0.0000000000
112371  -57.543  14.705  36.211 0.0000000000
112376  -56.836  14.892  35.722 0.0000000000
112377  -57.278  14.854  36.014 0.0000000000
112378  -57.985  15.267  36.366 0.0000000000
112379  -58.617  15.512  36.125 0.0000000000
112385  -56.110  15.082  35.296 0.0000000000
112388  -57.935  15.730  36.150 0.0000000000
112389  -59.098  15.742  35.664 0.0000000000
112398  -54.723  15.500  34.363 0.0000000000
112427  -59.906  15.105  32.571 0.0000000000
112437  -57.549  15.209  31.007 0.0000000000
112452  -51.136  15.508  27.899 0.0000000000
112453  -51.528  15.422  28.207 0.0000000000
112455  -53.282  15.869  28.808 0.0000000000
112456  -54.221  16.032  28.921 0.0000000000
112464  -50.702  15.684  27.389 0.0000000000
112465  -51.443  15.811  27.790 0.0000000000
112477  -49.153  15.779  26.059 0.0000000000
112479  -50.342  15.883  26.868 0.0000000000
112492  -49.283  16.089  25.936 0.0000000000
113147  -58.205  15.762  36.147 0.0000000000
113148  -58.427  15.976  36.002 0.0000000000
113152  -56.552  15.830  35.400 0.0000000000
113157  -59.667  16.070  34.733 0.0000000000
113161  -54.745  16.092  34.139 0.0000000000
113163  -56.415  16.298  34.998 0.0000000000
113165  -58.072  16.789  35.245 0.0000000000
113176  -60.021  16.111  33.239 0.0000000000
113209  -52.470  15.981  28.206 0.0000000000
113214  -59.055  16.298  29.175 0.0000000000
113217  -50.918  16.085  27.096 0.0000000000
113223  -55.926  16.239  27.129 0.0000000000
113240  -56.303  16.157  26.626 0.0000000000
113250  -48.386  16.852  24.699 0.0000000000
113253  -50.667  16.788  25.672 0.0000000000
113266  -48.064  17.114  24.147 0.0000000000
113284  -52.831  17.139  23.803 0.0000000000
113946  -59.011  16.904  35.020 0.0000000000
113947  -59.549  17.029  34.697 0.0000000000
113968  -60.133  16.928  33.345 0.0000000000
114018  -50.131  17.235  24.908 0.0000000000
114029  -48.869  17.533  24.027 0.0000000000
114030  -49.662  17.403  24.490 0.0000000000
114033  -52.060  17.030  24.340 0.0000000000
114040  -48.080  17.640  23.269 0.0000000000
114046  -52.945  17.253  23.550 0.0000000000
114053  -46.972  17.725  21.781 0.0000000000
114057  -50.325  18.382  23.023 0.0000000000
114068  -45.984  17.771  20.525 0.0000000000
114071  -51.755  18.848  22.157 0.0000000000
114081  -46.146  18.039  20.422 0.0000000000
114090  -45.065  17.020  17.735 0.0000000000
114780  -58.491  17.819  33.925 0.0000000000
114870  -48.018  18.502  21.630 0.0000000000
114873  -50.240  18.710  22.370 0.0000000000
114887  -51.894  19.009  21.816 0.0000000000
114893  -46.091  18.346  19.500 0.0000000000
114923  -47.679  18.668  18.757 0.0000000000
115741  -48.156  18.688  18.621 0.0000000000
115752  -48.605  18.856  18.233 0.0000000000
115774  -44.534  18.367  15.683 0.0000000000
145535  -60.177  0.055  20.907 0.0000000000
145771  -54.719  4.349  25.720 0.0000000000
145776  -55.853  4.791  26.135 0.0000000000
145777  -55.710  4.651  25.591 0.0000000000
145788  -53.734  3.970  22.855 0.0000000000
145790  -54.337  3.846  21.962 0.0000000000
145792  -54.550  3.806  22.030 0.0000000000
145794  -56.148  4.705  24.818 0.0000000000
145796  -52.872  4.626  21.514 0.0000000000
145797  -53.540  4.058  22.085 0.0000000000
145799  -53.905  3.986  21.871 0.0000000000
145800  -54.148  3.918  21.666 0.0000000000
145802  -56.946  5.608  27.066 0.0000000000
145807  -53.408  4.628  20.824 0.0000000000
145808  -52.979  4.966  20.997 0.0000000000
145809  -52.881  5.306  21.072 0.0000000000
145811  -53.430  4.955  20.422 0.0000000000
145815  -52.936  7.322  22.236 0.0000000000
145816  -52.968  7.140  21.937 0.0000000000
145821  -53.250  7.408  22.155 0.0000000000
145829  -57.155  5.800  27.294 0.0000000000
145834  -54.382  3.848  22.209 0.0000000000
145836  -53.418  8.982  24.999 0.0000000000
145842  -52.761  4.963  21.263 0.0000000000
145852  -53.177  4.258  21.845 0.0000000000
145859  -54.135  3.899  21.915 0.0000000000
145864  -54.829  10.252  28.754 0.0000000000
