#!ascii label  , from subject 3406 vox2ras=TkReg
2022
4961  -32.329  -84.666  -3.844 0.1000000015
4959  -31.278  -85.342  -4.068 0.1000000015
4941  -30.407  -85.892  -3.462 0.1000000015
5643  -30.961  -84.963  -4.647 0.1000000015
4958  -30.072  -85.606  -4.014 0.1000000015
5659  -30.580  -84.427  -5.318 0.1000000015
4250  -28.052  -85.935  -4.727 0.1000000015
5657  -28.590  -84.732  -6.065 0.1000000015
5672  -28.556  -84.601  -6.751 0.1000000015
4977  -27.713  -85.879  -6.214 0.1000000015
4997  -27.976  -85.218  -6.762 0.1000000015
5681  -28.525  -84.634  -7.549 0.1000000015
5012  -27.985  -85.280  -7.881 0.1000000015
4996  -27.700  -85.998  -6.954 0.1000000015
5023  -27.900  -85.322  -8.679 0.1000000015
5046  -27.222  -85.496  -9.798 0.1000000015
4285  -27.615  -86.374  -7.478 0.1000000015
5031  -27.536  -85.847  -9.104 0.1000000015
4302  -27.340  -86.684  -8.145 0.1000000015
6323  -33.316  -83.365  -5.380 0.1000000015
5644  -31.853  -84.713  -4.460 0.1000000015
5662  -33.087  -84.033  -4.644 0.1000000015
6334  -32.609  -83.126  -6.222 0.1000000015
6322  -32.161  -83.660  -5.637 0.1000000015
5660  -31.564  -84.304  -5.124 0.1000000015
6333  -31.662  -83.184  -6.450 0.1000000015
6320  -30.114  -83.960  -6.096 0.1000000015
6332  -30.532  -83.253  -7.012 0.1000000015
6342  -29.096  -84.119  -7.572 0.1000000015
5688  -28.433  -84.756  -8.490 0.1000000015
7045  -25.878  -82.297  -7.964 0.1000000015
7077  -25.251  -82.848  -9.785 0.1000000015
7078  -26.423  -82.909  -10.577 0.1000000015
7092  -26.795  -83.392  -11.108 0.1000000015
6387  -27.082  -83.889  -11.091 0.1000000015
5719  -27.456  -84.728  -10.370 0.1000000015
5720  -28.469  -84.111  -10.332 0.1000000015
5700  -28.101  -84.789  -9.410 0.1000000015
5699  -27.589  -85.225  -9.670 0.1000000015
5032  -27.818  -85.310  -9.054 0.1000000015
7780  -34.776  -81.897  -5.183 0.1000000015
7812  -35.111  -80.847  -6.958 0.2000000030
7794  -34.663  -81.771  -6.210 0.2000000030
6324  -33.889  -82.769  -5.151 0.1000000015
7811  -34.081  -81.152  -7.718 0.1000000015
7793  -34.004  -81.899  -6.840 0.1000000015
7034  -34.176  -82.332  -5.816 0.1000000015
7032  -32.956  -82.611  -6.714 0.1000000015
13243  -26.955  -75.528  -5.249 0.1000000015
11303  -26.294  -77.396  -5.349 0.1000000015
7810  -32.921  -81.511  -8.040 0.1000000015
7049  -32.521  -82.160  -7.508 0.1000000015
7030  -31.345  -82.787  -7.194 0.1000000015
11302  -25.893  -77.542  -5.817 0.1000000015
10315  -26.413  -78.073  -5.318 0.1000000015
10298  -27.052  -77.765  -4.928 0.1000000015
8564  -27.213  -79.938  -6.054 0.1000000015
9409  -28.277  -79.639  -6.604 0.1000000015
8575  -28.065  -80.316  -6.931 0.1000000015
7048  -31.574  -82.331  -7.920 0.1000000015
7064  -30.789  -82.706  -8.783 0.1000000015
6343  -29.651  -83.633  -8.121 0.1000000015
9392  -26.852  -79.173  -5.553 0.1000000015
8574  -26.808  -80.719  -6.328 0.1000000015
7807  -27.801  -81.428  -8.250 0.1000000015
7841  -29.370  -81.135  -10.000 0.1000000015
7080  -28.478  -82.030  -10.740 0.1000000015
6355  -30.210  -83.275  -8.786 0.1000000015
5689  -29.097  -84.140  -9.090 0.1000000015
7791  -26.172  -81.534  -6.760 0.1000000015
7046  -26.772  -82.146  -8.455 0.1000000015
7824  -28.128  -81.769  -9.723 0.1000000015
7094  -28.676  -82.593  -10.984 0.1000000015
7063  -27.211  -82.244  -9.458 0.1000000015
7079  -27.809  -82.323  -10.524 0.1000000015
6388  -28.102  -83.698  -10.927 0.1000000015
5721  -28.895  -83.918  -10.395 0.1000000015
8593  -35.502  -80.249  -7.041 0.1000000015
7795  -35.482  -80.844  -6.197 0.2000000030
7775  -35.045  -81.268  -4.933 0.1000000015
8552  -35.614  -80.576  -4.971 0.2000000030
9376  -35.461  -80.074  -4.562 0.2000000030
8592  -34.944  -80.250  -7.788 0.1000000015
8591  -34.376  -80.531  -8.136 0.1000000015
15266  -27.572  -73.482  -5.946 0.1000000015
13262  -26.968  -75.029  -5.612 0.1000000015
7829  -33.769  -80.846  -8.369 0.1000000015
7827  -32.357  -81.458  -9.010 0.1000000015
11289  -26.829  -77.170  -4.939 0.1000000015
10316  -27.535  -78.315  -5.379 0.1000000015
9393  -27.941  -79.249  -6.173 0.1000000015
7065  -31.502  -82.002  -9.123 0.1000000015
9394  -28.484  -78.888  -6.284 0.1000000015
8576  -28.739  -79.944  -7.183 0.1000000015
7808  -28.614  -80.867  -8.315 0.1000000015
8616  -29.711  -80.693  -9.757 0.1000000015
7859  -29.571  -81.635  -10.767 0.1000000015
7096  -30.370  -82.534  -10.621 0.1000000015
6389  -29.163  -83.568  -10.677 0.1000000015
6370  -29.669  -83.735  -9.926 0.1000000015
11340  -36.403  -77.644  -7.258 0.1000000015
10337  -36.822  -77.769  -6.361 0.1000000015
10353  -35.914  -78.586  -7.857 0.1000000015
10354  -36.394  -78.395  -7.251 0.1000000015
9414  -36.471  -79.411  -6.253 0.1000000015
9395  -36.541  -79.450  -5.648 0.2000000030
9378  -36.499  -79.515  -5.118 0.2000000030
8577  -36.027  -80.077  -6.429 0.2000000030
9377  -36.055  -79.849  -4.728 0.2000000030
9445  -34.806  -79.672  -8.495 0.1000000015
10368  -35.376  -78.735  -8.337 0.1000000015
8620  -33.844  -80.115  -9.253 0.1000000015
14254  -26.880  -74.220  -5.146 0.1000000015
12257  -27.680  -76.267  -4.701 0.1000000015
13245  -28.436  -75.443  -4.293 0.1000000015
12258  -28.820  -76.382  -4.633 0.1000000015
8606  -33.982  -80.546  -8.607 0.1000000015
8619  -33.184  -80.360  -9.670 0.1000000015
15267  -28.103  -73.157  -6.279 0.1000000015
15247  -27.656  -73.097  -5.633 0.1000000015
12256  -26.858  -76.107  -5.041 0.1000000015
10317  -28.403  -78.414  -5.850 0.1000000015
10333  -29.470  -78.281  -6.598 0.1000000015
9427  -29.447  -79.472  -7.587 0.1000000015
9442  -30.634  -79.258  -8.761 0.1000000015
9457  -31.425  -79.708  -9.998 0.1000000015
9472  -32.067  -80.004  -10.329 0.1000000015
7843  -31.756  -81.527  -9.878 0.1000000015
15268  -28.877  -72.893  -6.759 0.1000000015
8588  -28.992  -80.261  -7.848 0.1000000015
8604  -30.187  -79.730  -8.997 0.1000000015
8617  -30.368  -80.235  -9.850 0.1000000015
8618  -30.972  -80.287  -10.340 0.1000000015
7842  -31.128  -81.810  -10.189 0.1000000015
16292  -29.611  -72.353  -6.852 0.1000000015
16308  -30.499  -72.423  -7.284 0.1000000015
15284  -30.154  -73.166  -7.687 0.1000000015
17315  -31.162  -71.758  -7.192 0.1000000015
13280  -35.935  -76.114  -6.764 0.1000000015
13268  -35.518  -75.802  -6.429 0.1000000015
12289  -35.314  -76.675  -7.092 0.1000000015
11324  -36.964  -77.333  -6.344 0.1000000015
10320  -37.024  -77.822  -5.816 0.1000000015
10319  -36.731  -78.802  -5.544 0.2000000030
12288  -34.424  -77.001  -7.134 0.1000000015
11339  -35.474  -77.705  -7.922 0.1000000015
10299  -36.686  -78.821  -4.727 0.2000000030
13278  -34.190  -76.513  -6.609 0.1000000015
11338  -34.524  -77.595  -7.829 0.1000000015
18385  -29.424  -70.478  -5.598 0.1000000015
17281  -28.801  -71.426  -5.571 0.1000000015
16275  -27.989  -72.305  -5.336 0.1000000015
16255  -27.602  -72.710  -4.542 0.1000000015
14234  -26.916  -73.907  -4.686 0.1000000015
14235  -27.323  -73.993  -4.248 0.1000000015
12276  -33.177  -76.519  -6.237 0.1000000015
11321  -33.556  -77.405  -7.315 0.1000000015
11355  -34.703  -78.079  -8.413 0.1000000015
10380  -34.194  -78.864  -9.152 0.1000000015
15246  -27.215  -73.556  -5.456 0.1000000015
11291  -29.215  -77.068  -5.166 0.1000000015
12272  -30.090  -76.840  -5.392 0.1000000015
11306  -29.884  -77.420  -5.880 0.1000000015
10364  -31.915  -78.729  -9.062 0.1000000015
10365  -32.730  -78.702  -9.231 0.1000000015
9459  -33.466  -79.626  -9.608 0.1000000015
18386  -30.076  -70.176  -5.950 0.1000000015
11305  -28.796  -77.736  -5.519 0.1000000015
10318  -29.070  -78.088  -6.027 0.1000000015
11318  -30.635  -77.657  -6.651 0.1000000015
10349  -30.676  -78.371  -7.636 0.1000000015
10350  -31.681  -78.258  -8.180 0.1000000015
9444  -31.976  -79.079  -9.574 0.1000000015
9458  -32.560  -79.623  -9.973 0.1000000015
17299  -29.040  -71.617  -6.032 0.1000000015
18401  -30.485  -70.673  -6.472 0.1000000015
16293  -30.163  -72.000  -6.874 0.1000000015
18418  -30.868  -71.242  -6.946 0.1000000015
17316  -31.998  -71.613  -7.540 0.1000000015
16310  -32.587  -72.299  -8.111 0.1000000015
12290  -36.752  -76.499  -6.618 0.1000000015
13267  -35.049  -75.649  -6.172 0.1000000015
14258  -36.057  -75.188  -6.101 0.1000000015
14276  -36.946  -75.432  -6.287 0.1000000015
11309  -37.323  -77.156  -5.930 0.1000000015
13266  -33.844  -75.957  -6.055 0.1000000015
14257  -34.778  -75.007  -5.663 0.1000000015
12292  -37.690  -76.111  -5.966 0.1000000015
11293  -37.577  -77.329  -5.243 0.1000000015
13265  -32.552  -75.572  -5.517 0.1000000015
10300  -37.179  -78.110  -4.774 0.2000000030
18384  -28.794  -70.848  -5.123 0.1000000015
14217  -27.581  -73.637  -3.911 0.1000000015
14218  -27.905  -73.754  -3.697 0.1000000015
12274  -31.813  -76.508  -5.974 0.1000000015
11320  -32.733  -77.382  -7.039 0.1000000015
11278  -37.729  -77.363  -4.289 0.1000000015
16256  -27.906  -71.980  -4.272 0.1000000015
12259  -29.979  -76.408  -4.944 0.1000000015
12273  -30.708  -76.527  -5.501 0.1000000015
11307  -31.057  -77.097  -6.194 0.1000000015
11319  -31.696  -77.413  -6.900 0.1000000015
19535  -31.118  -69.642  -6.245 0.1000000015
18402  -31.518  -70.205  -6.882 0.1000000015
19552  -32.259  -69.906  -7.184 0.1000000015
18420  -32.280  -70.551  -7.368 0.1000000015
17317  -32.974  -71.483  -7.842 0.1000000015
15249  -34.444  -74.156  -5.227 0.1000000015
15232  -34.976  -73.479  -5.082 0.1000000015
15250  -35.645  -74.110  -5.383 0.1000000015
15248  -33.697  -74.090  -5.000 0.1000000015
15251  -36.680  -74.108  -5.685 0.1000000015
13282  -37.366  -75.807  -6.221 0.1000000015
14256  -33.500  -74.833  -5.286 0.1000000015
14259  -37.217  -74.643  -5.991 0.1000000015
12277  -37.693  -76.654  -5.678 0.1000000015
13248  -31.873  -75.115  -5.112 0.1000000015
14255  -32.775  -75.004  -5.187 0.1000000015
14278  -38.306  -74.901  -5.673 0.1000000015
18365  -29.185  -69.947  -5.045 0.1000000015
18364  -28.732  -70.237  -4.523 0.1000000015
17245  -28.110  -71.059  -3.826 0.1000000015
16239  -27.777  -72.486  -3.985 0.1000000015
14219  -28.759  -73.936  -3.465 0.1000000015
14237  -29.174  -74.694  -3.795 0.1000000015
14238  -30.474  -74.398  -3.982 0.1000000015
13247  -30.780  -75.460  -4.842 0.1000000015
13249  -32.445  -75.049  -5.173 0.1000000015
13269  -38.477  -75.269  -5.233 0.1000000015
12261  -38.048  -76.656  -4.890 0.1000000015
19516  -29.996  -69.709  -5.633 0.1000000015
13246  -29.630  -75.520  -4.306 0.1000000015
13264  -31.413  -75.827  -5.404 0.1000000015
12247  -38.262  -76.498  -3.981 0.1000000015
19517  -30.555  -69.362  -5.735 0.1000000015
20597  -31.728  -68.153  -5.722 0.1000000015
20606  -31.630  -69.141  -6.213 0.1000000015
19537  -32.526  -69.115  -6.846 0.1000000015
21705  -34.508  -67.727  -6.762 0.1000000015
20620  -33.461  -69.357  -7.312 0.1000000015
20610  -35.242  -68.542  -7.196 0.1000000015
16259  -34.730  -72.777  -4.731 0.1000000015
16260  -36.029  -72.986  -4.981 0.1000000015
16258  -33.575  -72.781  -4.421 0.1000000015
16276  -36.360  -73.627  -5.379 0.1000000015
15230  -33.207  -73.724  -4.660 0.1000000015
16257  -32.888  -73.198  -4.339 0.1000000015
16277  -36.998  -73.288  -5.462 0.1000000015
14277  -37.694  -75.095  -6.025 0.1000000015
14239  -31.561  -74.470  -4.567 0.1000000015
15229  -32.299  -73.667  -4.344 0.1000000015
15252  -37.618  -73.780  -5.710 0.1000000015
20594  -29.504  -69.200  -4.943 0.1000000015
15207  -28.445  -73.136  -3.324 0.1000000015
15210  -31.438  -73.210  -3.697 0.1000000015
14260  -38.110  -74.352  -5.757 0.1000000015
12262  -38.416  -75.853  -4.651 0.1000000015
21682  -30.645  -68.238  -5.113 0.1000000015
19497  -29.023  -69.463  -4.298 0.1000000015
19474  -28.736  -69.525  -3.773 0.1000000015
16240  -28.129  -72.101  -3.337 0.1000000015
16241  -29.065  -72.468  -2.837 0.1000000015
14220  -29.672  -73.979  -3.477 0.1000000015
13250  -38.909  -75.027  -4.518 0.1000000015
21683  -31.253  -67.665  -5.130 0.1000000015
21685  -32.947  -67.077  -5.952 0.1000000015
21684  -32.321  -67.608  -5.820 0.1000000015
22788  -33.599  -66.569  -6.074 0.1000000015
21703  -32.779  -68.168  -6.350 0.1000000015
22809  -34.034  -67.203  -6.496 0.1000000015
21706  -35.493  -67.582  -6.859 0.1000000015
22810  -34.643  -66.910  -6.533 0.1000000015
17247  -32.259  -71.512  -3.109 0.1000000015
16244  -32.502  -72.659  -3.891 0.1000000015
17248  -33.600  -71.668  -3.731 0.1000000015
17264  -35.493  -72.005  -4.425 0.1000000015
17246  -31.583  -71.747  -2.890 0.1000000015
17265  -36.622  -71.950  -4.659 0.1000000015
16224  -28.884  -71.642  -2.681 0.1000000015
16242  -30.133  -72.586  -2.805 0.1000000015
16226  -30.720  -71.832  -2.661 0.1000000015
16261  -37.283  -72.491  -5.103 0.1000000015
21672  -30.184  -67.789  -4.445 0.1000000015
21671  -29.553  -68.341  -4.241 0.1000000015
18343  -28.423  -70.184  -3.432 0.1000000015
15208  -29.416  -73.291  -3.126 0.1000000015
15209  -30.493  -73.385  -3.385 0.1000000015
15253  -38.537  -73.508  -5.421 0.1000000015
14261  -38.964  -74.282  -5.189 0.1000000015
22786  -31.842  -67.074  -5.201 0.1000000015
22787  -32.474  -66.504  -5.390 0.1000000015
23940  -33.749  -65.441  -5.536 0.1000000015
23941  -34.803  -65.221  -5.923 0.1000000015
22789  -34.580  -66.007  -6.268 0.1000000015
25230  -35.230  -64.361  -5.518 0.1000000015
26519  -36.341  -63.338  -5.310 0.1000000015
22811  -35.681  -66.465  -6.530 0.1000000015
17263  -34.333  -72.135  -4.239 0.1000000015
17250  -35.650  -71.368  -4.140 0.1000000015
21658  -29.793  -67.443  -3.758 0.1000000015
18322  -28.564  -70.087  -2.855 0.1000000015
17228  -29.386  -70.918  -2.379 0.1000000015
22775  -32.075  -65.938  -4.820 0.1000000015
22774  -31.304  -66.532  -4.493 0.1000000015
22773  -30.670  -67.112  -4.275 0.1000000015
20569  -29.236  -68.629  -3.960 0.1000000015
19449  -28.596  -69.456  -2.968 0.1000000015
17227  -28.477  -70.838  -2.847 0.1000000015
16278  -37.977  -72.937  -5.410 0.1000000015
23925  -32.739  -65.435  -4.979 0.1000000015
25228  -33.627  -64.765  -5.052 0.1000000015
25217  -33.762  -64.158  -4.705 0.1000000015
25229  -34.272  -64.629  -5.291 0.1000000015
27739  -35.366  -62.408  -4.538 0.1000000015
26504  -35.200  -63.287  -4.865 0.1000000015
26505  -35.755  -62.843  -4.854 0.1000000015
26518  -35.760  -63.841  -5.366 0.1000000015
27756  -36.896  -62.394  -5.258 0.1000000015
17231  -32.063  -71.021  -2.745 0.1000000015
18346  -34.581  -70.592  -3.445 0.1000000015
17249  -34.958  -71.436  -3.908 0.1000000015
18325  -31.042  -70.418  -2.200 0.1000000015
17229  -30.389  -71.086  -2.334 0.1000000015
25215  -32.396  -64.805  -4.326 0.1000000015
23924  -31.882  -65.379  -4.288 0.1000000015
25216  -33.066  -64.599  -4.630 0.1000000015
29036  -34.992  -61.941  -4.196 0.1000000015
29038  -36.576  -61.207  -4.661 0.1000000015
29039  -37.179  -60.698  -4.993 0.1000000015
18344  -32.414  -70.884  -2.807 0.1000000015
19476  -34.253  -69.766  -2.878 0.1000000015
23910  -31.091  -65.543  -3.741 0.1000000015
22761  -30.256  -66.797  -3.732 0.1000000015
21656  -29.004  -68.380  -3.048 0.1000000015
21636  -29.018  -68.430  -2.729 0.1000000015
18324  -30.014  -70.197  -1.919 0.1000000015
26502  -33.094  -63.805  -4.142 0.1000000015
26503  -33.953  -63.182  -4.291 0.1000000015
29037  -35.514  -61.681  -4.294 0.1000000015
30349  -36.271  -60.137  -4.293 0.1000000015
30367  -36.888  -60.172  -4.718 0.1000000015
32785  -37.640  -58.680  -5.091 0.1000000015
19452  -31.524  -69.766  -1.997 0.1000000015
20521  -29.800  -68.346  -1.624 0.1000000015
19432  -30.163  -69.254  -1.684 0.1000000015
19433  -31.148  -69.198  -1.688 0.1000000015
25200  -31.591  -64.648  -3.597 0.1000000015
25199  -30.895  -64.964  -3.216 0.1000000015
23908  -29.702  -66.503  -2.945 0.1000000015
21637  -29.164  -67.921  -2.645 0.1000000015
20520  -29.248  -68.304  -2.032 0.1000000015
26501  -32.565  -64.243  -4.085 0.1000000015
29023  -36.036  -60.608  -4.165 0.1000000015
31554  -36.582  -59.340  -4.487 0.1000000015
33974  -36.834  -57.701  -4.408 0.1000000015
32784  -37.024  -58.549  -4.677 0.1000000015
22726  -29.650  -66.768  -1.693 0.1000000015
23909  -30.251  -65.681  -3.079 0.1000000015
23894  -29.670  -66.086  -2.152 0.1000000015
26491  -33.126  -63.116  -3.627 0.1000000015
29021  -34.539  -61.401  -3.536 0.1000000015
29022  -35.586  -60.895  -3.946 0.1000000015
32767  -36.357  -58.464  -4.256 0.1000000015
35117  -36.677  -57.164  -4.141 0.1000000015
27727  -32.685  -62.917  -3.163 0.1000000015
27729  -33.959  -62.323  -3.701 0.1000000015
30347  -35.040  -60.257  -3.396 0.1000000015
31553  -35.840  -59.275  -4.018 0.1000000015
33960  -36.300  -57.621  -3.960 0.1000000015
35102  -36.432  -56.622  -3.759 0.1000000015
33959  -35.753  -57.459  -3.435 0.1000000015
29010  -33.958  -60.887  -2.841 0.1000000015
31543  -34.686  -59.146  -2.877 0.1000000015
31544  -35.330  -58.908  -3.505 0.1000000015
33952  -35.204  -57.388  -2.823 0.1000000015
4942  -30.831  -85.645  -3.619 0.1000000015
5642  -30.115  -84.907  -4.767 0.1000000015
4979  -29.433  -85.162  -4.713 0.1000000015
6321  -31.113  -83.752  -5.880 0.1000000015
5658  -29.456  -84.579  -5.530 0.1000000015
4978  -28.416  -85.401  -5.229 0.1000000015
6331  -29.500  -83.856  -6.889 0.1000000015
6335  -33.181  -82.928  -6.121 0.1000000015
5661  -32.489  -84.131  -4.897 0.1000000015
7031  -32.110  -82.647  -6.951 0.1000000015
7047  -30.890  -82.761  -7.792 0.1000000015
6344  -30.385  -83.078  -8.110 0.1000000015
7062  -26.113  -82.516  -9.161 0.1000000015
6369  -25.769  -83.346  -11.102 0.1000000015
7093  -27.490  -83.085  -11.064 0.1000000015
7033  -33.717  -82.466  -6.207 0.1000000015
7781  -35.322  -81.196  -5.466 0.2000000030
7050  -33.398  -82.019  -7.191 0.1000000015
13244  -27.340  -75.148  -4.717 0.1000000015
8587  -28.377  -80.740  -7.809 0.1000000015
7792  -27.180  -81.283  -7.070 0.1000000015
7825  -28.863  -81.149  -9.188 0.1000000015
8603  -29.542  -80.422  -8.999 0.1000000015
6371  -30.311  -83.226  -9.581 0.1000000015
7095  -29.787  -82.574  -10.870 0.1000000015
6390  -30.127  -83.110  -10.448 0.1000000015
9431  -35.724  -79.576  -7.416 0.1000000015
8565  -35.879  -80.478  -5.619 0.2000000030
8553  -36.175  -80.129  -5.188 0.2000000030
7828  -33.305  -80.921  -8.806 0.1000000015
7082  -31.284  -81.933  -9.838 0.1000000015
11304  -28.172  -77.957  -5.412 0.1000000015
9410  -28.804  -79.305  -6.805 0.1000000015
8589  -29.787  -79.710  -8.323 0.1000000015
9456  -30.767  -79.560  -9.378 0.1000000015
7860  -30.531  -81.895  -10.596 0.1000000015
7081  -30.787  -82.431  -9.981 0.1000000015
10367  -34.802  -78.822  -8.743 0.1000000015
11290  -28.003  -77.363  -4.973 0.1000000015
8639  -32.377  -80.372  -10.230 0.1000000015
16291  -28.789  -72.174  -6.205 0.1000000015
9412  -30.223  -78.552  -7.527 0.1000000015
9428  -30.351  -78.942  -8.052 0.1000000015
9443  -31.329  -79.047  -9.093 0.1000000015
7861  -31.281  -81.288  -10.401 0.1000000015
14289  -29.384  -73.958  -7.897 0.1000000015
13293  -36.364  -76.466  -6.890 0.1000000015
12301  -35.961  -76.819  -7.399 0.1000000015
11322  -34.058  -77.450  -7.556 0.1000000015
10283  -37.203  -77.852  -4.123 0.2000000030
10352  -33.700  -78.014  -8.401 0.1000000015
12275  -32.789  -76.310  -5.991 0.1000000015
11335  -32.231  -77.675  -7.483 0.1000000015
10351  -33.086  -78.101  -8.420 0.1000000015
10379  -33.654  -78.969  -9.434 0.1000000015
13263  -30.857  -75.956  -5.243 0.1000000015
10335  -30.969  -77.965  -7.298 0.1000000015
12285  -31.903  -76.933  -6.419 0.1000000015
20608  -33.160  -68.749  -6.915 0.1000000015
19554  -33.829  -69.897  -7.547 0.1000000015
14240  -32.611  -74.522  -4.893 0.1000000015
20607  -32.170  -68.644  -6.277 0.1000000015
20621  -34.031  -69.217  -7.326 0.1000000015
15227  -30.952  -73.689  -3.792 0.1000000015
16243  -31.314  -72.367  -3.113 0.1000000015
22790  -35.223  -65.739  -6.314 0.1000000015
18303  -29.272  -69.529  -2.056 0.1000000015
16091  -36.331  -72.249  6.366 0.5000000000
9250  -32.071  -79.315  5.366 0.5000000000
9251  -33.090  -79.610  5.378 0.5000000000
17091  -35.804  -71.764  6.749 0.5000000000
16109  -35.947  -72.868  6.279 0.5000000000
15069  -35.489  -73.663  6.167 0.5000000000
10130  -32.595  -78.362  5.735 0.5000000000
18173  -36.631  -70.987  7.807 0.5000000000
17072  -36.196  -71.315  7.209 0.5000000000
16090  -35.556  -72.269  6.489 0.5000000000
10118  -32.626  -77.658  5.849 0.5000000000
18172  -35.666  -70.767  7.779 0.5000000000
17090  -34.761  -71.871  6.660 0.5000000000
18190  -35.227  -71.240  7.217 0.4000000060
17110  -34.108  -72.079  6.486 0.4000000060
12138  -32.232  -77.008  4.022 0.5000000000
12139  -32.719  -76.467  3.820 0.5000000000
13129  -33.969  -75.712  2.824 0.5000000000
13128  -33.224  -75.530  3.304 0.5000000000
14122  -34.007  -74.210  1.766 0.4000000060
15126  -33.622  -73.832  1.123 0.4000000060
8481  -34.955  -80.889  2.016 0.1000000015
9266  -33.971  -80.006  4.845 0.5000000000
17092  -36.690  -71.765  6.677 0.5000000000
15070  -36.417  -73.533  5.783 0.5000000000
14064  -35.115  -74.597  6.025 0.4000000060
10131  -33.762  -78.200  5.836 0.5000000000
18150  -37.164  -70.731  8.436 0.5000000000
17073  -37.085  -71.421  7.164 0.5000000000
18131  -36.764  -70.270  9.021 0.5000000000
19277  -38.126  -69.808  9.732 0.5000000000
19276  -37.149  -69.796  9.569 0.5000000000
18130  -36.317  -70.225  8.997 0.5000000000
20358  -37.768  -68.926  10.643 0.4000000060
19275  -36.076  -69.866  9.315 0.3000000119
18149  -36.112  -70.373  8.588 0.5000000000
18171  -34.619  -70.497  7.770 0.4000000060
18189  -34.256  -71.108  7.105 0.4000000060
19297  -35.844  -70.115  8.931 0.3000000119
15067  -33.193  -73.486  6.224 0.6999999881
15055  -33.449  -74.290  6.322 0.5000000000
19254  -36.598  -69.223  10.087 0.3000000119
19253  -35.675  -69.039  9.911 0.3000000119
18148  -35.107  -70.247  8.262 0.3000000119
16089  -33.764  -72.078  6.451 0.5000000000
15066  -32.402  -73.535  5.773 0.6000000238
14048  -32.578  -74.958  6.086 0.6000000238
12102  -32.905  -76.261  6.176 0.6000000238
11128  -32.364  -77.398  5.488 0.5000000000
11140  -31.868  -77.429  4.233 0.3000000119
19274  -35.015  -69.145  9.241 0.3000000119
18147  -34.643  -70.140  8.157 0.3000000119
17088  -32.761  -71.473  6.430 0.4000000060
14062  -32.285  -74.542  5.623 0.6000000238
13102  -32.288  -75.449  4.813 0.6000000238
12127  -32.336  -76.437  4.476 0.5000000000
19295  -34.205  -69.607  8.388 0.4000000060
19322  -32.786  -70.350  6.966 0.4000000060
16106  -32.714  -72.492  6.103 0.5000000000
15065  -31.831  -73.761  5.162 0.5000000000
14079  -32.326  -74.953  4.598 0.5000000000
13103  -32.494  -75.433  4.444 0.5000000000
12128  -32.617  -75.931  4.238 0.5000000000
19294  -32.833  -69.115  8.046 0.4000000060
19321  -32.201  -70.017  6.909 0.4000000060
18198  -31.982  -70.981  6.256 0.5000000000
16125  -31.317  -72.704  4.484 0.5000000000
15092  -31.752  -73.561  3.924 0.4000000060
14095  -32.299  -74.522  4.143 0.5000000000
13115  -32.792  -75.374  3.980 0.5000000000
18186  -31.748  -70.384  6.443 0.4000000060
17108  -31.269  -71.687  5.136 0.5000000000
14107  -32.845  -74.556  3.374 0.4000000060
17122  -30.406  -71.307  3.755 0.5000000000
16138  -31.298  -72.634  3.350 0.4000000060
15106  -32.681  -73.637  2.580 0.4000000060
15107  -33.458  -73.875  1.983 0.4000000060
16137  -30.809  -71.949  3.119 0.3000000119
16171  -31.110  -72.265  1.894 0.4000000060
16155  -32.207  -73.137  1.784 0.3000000119
16173  -32.239  -73.058  0.939 0.3000000119
15145  -33.474  -73.240  -0.057 0.3000000119
8493  -36.208  -80.902  0.238 0.1000000015
7707  -35.093  -81.360  1.344 0.1000000015
9308  -36.953  -79.656  0.839 0.1000000015
8482  -35.889  -80.523  1.457 0.1000000015
9282  -36.180  -79.390  2.596 0.4000000060
9268  -35.421  -79.424  3.560 0.4000000060
8452  -34.834  -80.111  3.550 0.4000000060
9267  -34.774  -79.553  4.411 0.5000000000
9252  -34.192  -79.213  5.214 0.5000000000
17093  -37.537  -71.826  6.588 0.5000000000
16092  -37.166  -72.234  6.154 0.5000000000
16110  -36.783  -72.794  5.870 0.5000000000
14065  -36.097  -74.459  5.619 0.4000000060
10132  -35.076  -78.376  4.985 0.5000000000
18132  -37.701  -70.350  9.060 0.5000000000
18174  -37.544  -71.194  7.737 0.5000000000
17074  -37.910  -71.523  7.092 0.5000000000
19278  -39.187  -69.816  9.904 0.5000000000
11130  -34.626  -77.297  5.826 0.6000000238
19256  -38.449  -69.213  10.518 0.4000000060
20338  -37.980  -68.408  11.192 0.2000000030
21401  -38.484  -67.455  11.761 0.2000000030
20357  -37.105  -68.757  10.685 0.3000000119
20376  -34.510  -68.626  9.419 0.4000000060
21400  -37.278  -67.334  11.691 0.3000000119
21424  -35.853  -67.840  11.016 0.3000000119
21423  -35.256  -67.678  10.817 0.4000000060
20375  -33.864  -68.217  9.404 0.4000000060
20354  -34.138  -67.827  9.930 0.3000000119
20387  -33.272  -68.699  8.716 0.4000000060
19309  -32.025  -69.228  7.433 0.4000000060
19320  -31.047  -69.536  6.524 0.4000000060
21444  -33.825  -67.599  9.846 0.3000000119
20373  -32.190  -67.807  8.787 0.3000000119
19319  -30.305  -69.034  6.187 0.3000000119
18206  -30.737  -70.943  4.938 0.4000000060
20416  -29.972  -68.543  5.908 0.3000000119
18215  -30.297  -70.797  3.138 0.3000000119
17167  -30.779  -71.627  1.973 0.4000000060
16172  -31.558  -72.539  1.329 0.3000000119
21483  -29.776  -68.321  4.782 0.2000000030
20420  -30.060  -68.895  4.189 0.2000000030
18232  -30.766  -70.746  2.076 0.3000000119
17182  -31.539  -71.647  0.766 0.3000000119
21494  -30.323  -67.904  4.203 0.1000000015
19364  -31.275  -69.783  2.136 0.2000000030
18248  -31.463  -70.768  1.253 0.4000000060
23734  -32.489  -65.092  5.098 0.1000000015
9297  -36.913  -79.154  1.744 0.1000000015
9296  -36.402  -79.767  1.789 0.1000000015
9283  -36.738  -78.803  2.516 0.2000000030
10161  -36.511  -78.676  2.970 0.5000000000
10146  -35.359  -78.936  4.218 0.4000000060
16093  -38.053  -72.293  5.984 0.5000000000
15071  -37.241  -73.433  5.226 0.4000000060
14081  -37.423  -74.381  4.805 0.4000000060
12118  -36.632  -75.746  4.810 0.4000000060
11131  -35.546  -77.261  5.169 0.5000000000
10133  -35.746  -77.827  4.647 0.5000000000
18151  -38.254  -70.931  8.329 0.5000000000
18175  -38.276  -71.336  7.586 0.5000000000
17094  -38.363  -71.954  6.563 0.4000000060
19257  -39.685  -69.068  10.633 0.4000000060
18133  -38.740  -70.377  9.138 0.5000000000
20360  -40.465  -68.479  10.916 0.4000000060
19244  -39.399  -68.672  11.070 0.4000000060
20340  -40.066  -68.001  11.357 0.3000000119
20339  -39.173  -68.184  11.335 0.3000000119
21402  -39.559  -67.411  11.745 0.3000000119
22504  -39.004  -66.678  12.168 0.2000000030
22481  -39.518  -65.932  12.467 0.1000000015
22503  -37.898  -66.535  12.145 0.3000000119
23634  -38.991  -65.103  12.627 0.1000000015
22479  -37.551  -65.649  12.325 0.3000000119
22501  -35.463  -66.124  11.567 0.3000000119
22478  -36.970  -65.434  12.298 0.2000000030
22500  -34.595  -66.061  11.222 0.2000000030
21421  -33.414  -66.760  10.015 0.2000000030
21458  -31.222  -67.390  8.270 0.2000000030
23670  -34.132  -65.296  11.102 0.2000000030
22539  -31.500  -66.369  9.137 0.2000000030
21467  -30.542  -67.388  7.319 0.2000000030
23669  -33.375  -65.280  10.661 0.2000000030
23681  -31.603  -65.596  9.418 0.1000000015
21484  -29.840  -67.909  5.303 0.2000000030
21493  -29.916  -68.478  4.476 0.2000000030
26257  -32.083  -63.697  9.449 0.1000000015
24965  -30.615  -65.428  7.915 0.1000000015
22573  -30.327  -66.757  5.310 0.1000000015
21495  -31.338  -67.280  4.041 0.1000000015
26272  -31.396  -63.754  8.215 0.1000000015
24986  -30.853  -64.542  6.887 0.1000000015
22574  -30.877  -66.096  5.149 0.1000000015
26308  -31.309  -64.213  6.523 0.1000000015
23733  -31.280  -65.347  5.239 0.1000000015
25007  -32.377  -64.193  5.958 0.1000000015
26311  -33.854  -63.760  6.136 0.1000000015
10178  -37.646  -78.323  1.921 0.3000000119
10162  -37.068  -78.191  2.926 0.3000000119
14111  -39.600  -74.705  2.344 0.3000000119
12141  -38.431  -76.336  2.803 0.3000000119
11155  -37.135  -77.653  3.357 0.3000000119
10148  -36.799  -77.862  3.508 0.3000000119
10147  -36.115  -78.325  3.792 0.4000000060
15094  -38.867  -73.787  3.752 0.3000000119
13117  -38.500  -75.466  3.342 0.3000000119
11142  -36.889  -77.247  3.870 0.5000000000
11141  -36.164  -77.281  4.493 0.5000000000
16094  -38.991  -72.374  5.949 0.4000000060
16112  -38.694  -72.791  5.084 0.5000000000
13104  -37.054  -75.286  4.818 0.4000000060
12129  -36.536  -76.731  4.413 0.5000000000
19280  -41.371  -69.598  9.722 0.4000000060
18134  -39.827  -70.333  9.215 0.4000000060
17060  -39.046  -71.366  7.748 0.5000000000
17075  -38.711  -71.684  7.108 0.5000000000
20362  -42.519  -68.341  10.431 0.4000000060
20361  -41.496  -68.273  10.756 0.4000000060
19279  -40.316  -69.730  9.887 0.4000000060
21425  -42.250  -67.774  10.877 0.4000000060
20341  -40.839  -67.925  11.231 0.4000000060
21426  -43.073  -67.742  10.740 0.4000000060
21406  -43.535  -67.201  11.238 0.3000000119
21404  -41.558  -67.397  11.338 0.3000000119
22507  -42.073  -66.588  11.731 0.3000000119
21403  -40.535  -67.367  11.641 0.3000000119
22506  -41.069  -66.679  11.953 0.2000000030
23636  -40.988  -65.237  12.777 0.1000000015
23635  -39.989  -65.156  12.656 0.1000000015
24893  -39.420  -64.317  12.707 0.1000000015
24892  -38.480  -64.276  12.539 0.1000000015
23631  -36.476  -65.045  12.255 0.2000000030
26198  -38.837  -63.489  12.591 0.1000000015
26197  -37.943  -63.472  12.420 0.1000000015
23655  -35.765  -65.177  11.998 0.2000000030
24890  -36.817  -64.242  12.326 0.2000000030
24915  -34.964  -64.319  11.692 0.2000000030
24934  -33.695  -64.328  10.952 0.1000000015
26214  -34.551  -63.390  11.453 0.1000000015
26236  -32.640  -63.265  9.998 0.1000000015
27492  -33.912  -62.348  10.673 0.1000000015
26256  -31.651  -63.745  8.884 0.1000000015
26292  -31.288  -63.924  7.221 0.1000000015
27525  -33.439  -62.277  8.298 0.1000000015
27524  -32.657  -62.662  7.994 0.1000000015
26294  -33.158  -63.131  6.858 0.1000000015
27550  -34.950  -62.680  7.811 0.1000000015
26295  -34.095  -63.263  7.020 0.1000000015
26297  -36.184  -63.577  7.512 0.1000000015
25009  -36.730  -63.916  7.384 0.1000000015
26313  -36.155  -63.853  6.873 0.1000000015
25011  -38.265  -64.562  6.832 0.1000000015
13132  -39.695  -75.877  1.709 0.3000000119
15096  -40.343  -73.254  2.894 0.3000000119
16127  -39.556  -72.919  4.340 0.4000000060
16128  -40.657  -72.684  3.873 0.3000000119
18136  -41.837  -70.020  9.064 0.3000000119
18135  -40.886  -70.231  9.193 0.3000000119
18153  -40.451  -70.767  8.529 0.4000000060
16080  -40.421  -72.121  6.663 0.4000000060
16114  -41.115  -72.278  5.243 0.3000000119
20363  -43.501  -68.418  10.218 0.3000000119
19281  -42.342  -69.486  9.542 0.3000000119
17077  -40.866  -71.751  7.109 0.4000000060
17096  -41.125  -72.022  6.521 0.4000000060
17113  -42.004  -72.022  5.758 0.3000000119
21428  -44.947  -67.822  10.967 0.3000000119
21427  -44.029  -67.737  10.712 0.3000000119
21407  -44.462  -67.281  11.375 0.3000000119
22509  -43.956  -66.749  11.789 0.3000000119
22508  -43.055  -66.621  11.712 0.3000000119
22484  -42.586  -65.980  12.256 0.3000000119
23637  -42.079  -65.181  12.912 0.1000000015
23619  -42.280  -64.645  13.270 0.1000000015
24873  -42.327  -64.003  13.501 0.1000000015
24894  -40.442  -64.373  12.964 0.1000000015
26176  -41.562  -63.281  13.425 0.1000000015
26175  -40.734  -63.512  13.171 0.1000000015
26199  -39.776  -63.490  12.831 0.1000000015
27450  -39.148  -62.650  12.576 0.1000000015
27447  -36.767  -62.973  12.162 0.2000000030
28686  -37.918  -62.227  12.167 0.2000000030
27467  -36.979  -61.984  11.785 0.2000000030
28710  -35.121  -62.001  11.276 0.1000000015
30010  -37.198  -60.971  11.375 0.1000000015
28744  -34.781  -61.564  10.656 0.1000000015
28743  -34.141  -61.686  9.922 0.1000000015
30039  -36.228  -60.632  9.892 0.1000000015
27526  -34.392  -61.958  8.411 0.1000000015
28763  -34.636  -61.405  9.256 0.1000000015
27527  -35.436  -62.355  8.105 0.1000000015
26296  -35.136  -63.329  7.328 0.1000000015
24987  -36.711  -63.828  7.603 0.1000000015
24968  -37.911  -64.001  7.930 0.1000000015
25010  -37.322  -64.208  7.166 0.1000000015
24989  -38.355  -64.513  7.393 0.1000000015
23717  -39.388  -65.112  6.406 0.1000000015
23698  -38.801  -64.990  6.954 0.1000000015
23736  -39.591  -65.169  5.837 0.1000000015
13147  -40.747  -75.911  1.415 0.2000000030
13146  -40.193  -76.226  1.333 0.2000000030
15111  -41.956  -74.263  2.256 0.2000000030
15109  -40.533  -73.986  2.225 0.3000000119
14099  -43.504  -73.489  4.025 0.2000000030
15097  -41.258  -73.281  2.463 0.3000000119
16139  -40.993  -72.911  3.005 0.3000000119
18154  -41.450  -70.558  8.428 0.3000000119
17062  -41.071  -71.094  7.872 0.3000000119
20377  -44.003  -68.990  9.884 0.3000000119
19260  -42.856  -68.919  9.901 0.3000000119
18137  -42.653  -69.938  9.022 0.3000000119
18176  -41.989  -70.652  7.954 0.3000000119
17078  -41.895  -71.034  7.235 0.3000000119
17097  -41.646  -71.755  6.512 0.3000000119
20364  -44.552  -68.479  10.328 0.3000000119
18177  -42.717  -70.780  7.870 0.3000000119
17079  -43.061  -71.257  7.068 0.3000000119
17098  -42.499  -71.594  6.343 0.2000000030
16115  -42.330  -72.197  4.936 0.2000000030
21409  -46.709  -67.728  11.895 0.2000000030
21429  -45.452  -67.862  11.143 0.2000000030
21408  -45.513  -67.384  11.715 0.3000000119
22511  -45.152  -66.936  12.006 0.3000000119
22486  -44.353  -66.395  12.313 0.3000000119
22485  -43.533  -66.182  12.271 0.3000000119
23639  -44.075  -65.806  12.771 0.2000000030
23638  -43.166  -65.479  12.791 0.1000000015
23622  -44.899  -65.696  13.284 0.2000000030
23621  -43.825  -65.021  13.401 0.1000000015
24874  -43.356  -64.101  13.866 0.1000000015
26154  -43.936  -63.122  14.788 0.1000000015
26119  -44.904  -63.148  15.884 0.1000000015
27381  -45.987  -62.565  16.664 0.1000000015
26152  -42.719  -62.512  14.127 0.1000000015
27397  -43.735  -62.051  14.807 0.1000000015
28621  -43.799  -61.683  14.784 0.1000000015
28623  -45.378  -61.257  15.555 0.1000000015
28608  -47.456  -61.826  16.309 0.1000000015
27400  -49.130  -62.305  15.666 0.1000000015
27435  -41.576  -62.461  13.481 0.1000000015
27436  -42.126  -62.162  13.786 0.1000000015
29936  -43.390  -60.713  14.089 0.1000000015
29910  -45.109  -60.626  14.967 0.1000000015
29912  -47.124  -61.080  15.041 0.1000000015
29913  -47.862  -61.120  14.845 0.1000000015
27451  -40.102  -62.605  12.853 0.1000000015
28689  -40.599  -61.751  12.801 0.1000000015
28714  -38.552  -61.239  11.867 0.2000000030
28713  -37.601  -61.614  11.818 0.1000000015
30011  -37.825  -60.735  11.388 0.1000000015
28745  -35.967  -60.973  10.681 0.1000000015
30065  -36.845  -60.475  9.382 0.1000000015
30064  -36.173  -60.845  9.094 0.1000000015
30087  -36.299  -61.247  8.681 0.1000000015
27528  -36.311  -62.485  8.206 0.1000000015
27530  -37.981  -62.614  8.286 0.1000000015
26276  -36.893  -63.406  8.099 0.1000000015
24969  -38.624  -64.151  7.794 0.1000000015
24990  -39.397  -64.564  7.561 0.1000000015
23699  -39.359  -65.116  7.052 0.1000000015
15058  -45.317  -73.021  6.665 0.2000000030
15099  -43.207  -73.141  3.764 0.2000000030
16140  -41.670  -72.764  3.139 0.3000000119
16129  -41.909  -72.394  4.114 0.3000000119
15045  -45.610  -72.969  7.399 0.2000000030
15057  -44.977  -73.069  5.959 0.2000000030
16131  -43.790  -72.512  4.419 0.2000000030
16142  -43.178  -72.626  3.970 0.3000000119
19283  -44.539  -69.504  9.482 0.3000000119
19298  -44.123  -69.976  8.957 0.3000000119
18157  -44.387  -70.485  8.411 0.3000000119
18178  -43.712  -70.949  7.808 0.3000000119
19262  -45.155  -69.123  10.030 0.3000000119
19299  -44.920  -70.090  8.914 0.3000000119
18179  -44.679  -71.031  7.716 0.3000000119
17080  -44.059  -71.389  6.975 0.3000000119
20344  -47.636  -68.406  11.589 0.2000000030
20366  -46.700  -68.715  10.805 0.3000000119
17099  -43.472  -71.652  6.176 0.2000000030
17114  -42.916  -71.949  5.424 0.2000000030
21410  -47.220  -67.856  11.973 0.2000000030
21387  -47.282  -67.495  12.484 0.2000000030
21385  -45.691  -66.994  12.321 0.3000000119
22489  -46.518  -66.884  12.847 0.3000000119
22470  -45.551  -66.216  12.997 0.3000000119
22471  -46.129  -66.314  13.337 0.2000000030
23608  -45.705  -65.647  13.956 0.2000000030
23607  -45.051  -65.166  14.093 0.2000000030
24837  -45.021  -64.102  15.315 0.1000000015
29959  -42.612  -60.649  13.451 0.1000000015
29961  -44.387  -59.937  13.627 0.1000000015
29962  -45.248  -59.920  13.610 0.1000000015
29963  -46.165  -60.035  13.428 0.1000000015
29986  -41.421  -60.538  12.538 0.1000000015
29987  -42.297  -60.052  12.616 0.1000000015
31182  -43.007  -59.774  12.890 0.1000000015
31212  -44.330  -59.429  12.164 0.1000000015
30014  -40.498  -60.435  11.934 0.1000000015
30015  -40.916  -60.185  11.822 0.1000000015
31238  -41.235  -59.777  11.478 0.1000000015
31240  -42.921  -59.272  11.304 0.1000000015
31241  -43.849  -59.267  11.316 0.1000000015
30013  -39.723  -60.768  11.970 0.1000000015
31259  -39.854  -59.696  10.875 0.1000000015
31261  -41.404  -59.252  10.468 0.1000000015
31284  -40.611  -59.199  9.584 0.1000000015
30042  -38.778  -59.963  10.742 0.1000000015
30041  -38.062  -60.139  10.682 0.1000000015
31302  -39.174  -59.704  9.569 0.1000000015
30090  -38.677  -60.246  8.756 0.1000000015
30089  -37.589  -60.744  8.728 0.1000000015
26278  -38.382  -63.503  8.063 0.1000000015
15023  -45.952  -73.470  9.473 0.3000000119
16083  -46.304  -72.445  7.863 0.3000000119
16082  -45.863  -72.539  7.216 0.3000000119
16098  -45.508  -72.529  6.571 0.2000000030
17116  -44.581  -72.111  5.706 0.2000000030
17115  -43.815  -71.998  5.250 0.2000000030
17083  -46.098  -71.863  7.512 0.3000000119
17102  -45.753  -72.017  6.869 0.3000000119
17101  -45.203  -71.934  6.322 0.3000000119
17124  -43.246  -72.101  4.865 0.2000000030
19285  -46.636  -69.850  9.653 0.3000000119
18140  -47.155  -70.394  9.245 0.3000000119
18181  -46.041  -71.263  7.903 0.3000000119
17081  -44.938  -71.408  6.927 0.3000000119
17100  -44.374  -71.761  6.193 0.2000000030
19245  -48.696  -69.104  11.099 0.2000000030
19286  -47.607  -69.854  9.859 0.3000000119
20345  -49.049  -68.744  11.715 0.2000000030
20329  -49.630  -68.725  12.609 0.2000000030
21388  -48.263  -67.688  12.786 0.2000000030
21376  -47.833  -67.229  13.412 0.2000000030
22457  -47.525  -66.758  14.311 0.2000000030
22456  -46.578  -66.161  14.161 0.2000000030
31304  -40.735  -59.490  8.270 0.1000000015
30091  -39.783  -60.444  8.176 0.1000000015
28785  -39.242  -61.442  8.181 0.1000000015
28784  -38.317  -61.559  8.340 0.1000000015
13990  -46.012  -74.117  11.616 0.1000000015
13991  -46.409  -74.149  12.369 0.2000000030
15007  -46.358  -73.622  10.564 0.3000000119
15024  -46.987  -73.041  9.767 0.3000000119
16064  -47.322  -72.618  9.503 0.3000000119
18160  -47.483  -70.964  8.850 0.3000000119
17065  -47.691  -71.546  8.872 0.3000000119
18125  -49.544  -70.132  10.743 0.3000000119
18124  -49.173  -70.674  10.498 0.3000000119
18141  -48.263  -70.559  9.598 0.3000000119
17066  -48.253  -71.364  9.275 0.3000000119
18110  -49.592  -70.274  12.342 0.2000000030
20346  -49.678  -69.045  11.794 0.2000000030
21377  -48.619  -67.591  13.524 0.2000000030
19225  -50.232  -69.672  14.252 0.1000000015
21378  -49.384  -68.090  13.653 0.2000000030
21363  -48.806  -67.544  14.442 0.2000000030
21364  -49.561  -68.150  14.642 0.2000000030
15008  -47.051  -73.374  10.868 0.3000000119
15025  -47.413  -72.866  10.477 0.3000000119
16049  -47.787  -72.441  10.717 0.3000000119
16066  -48.293  -71.985  9.761 0.3000000119
18118  -49.152  -70.861  11.414 0.3000000119
17048  -48.735  -71.422  10.766 0.3000000119
17054  -48.588  -71.402  9.906 0.3000000119
18109  -48.584  -70.750  12.186 0.2000000030
19224  -48.437  -70.062  13.744 0.1000000015
18097  -49.754  -70.100  13.631 0.1000000015
18082  -49.703  -69.987  14.862 0.1000000015
19226  -50.156  -69.554  14.845 0.1000000015
20307  -49.991  -68.711  14.946 0.1000000015
16031  -47.385  -72.775  11.903 0.3000000119
16017  -46.869  -72.585  12.396 0.2000000030
16032  -47.648  -72.437  11.410 0.3000000119
16033  -48.191  -71.953  11.047 0.3000000119
16019  -47.956  -71.874  11.545 0.3000000119
17031  -47.926  -71.458  11.957 0.3000000119
18095  -48.115  -70.353  12.936 0.2000000030
19236  -47.239  -70.291  12.828 0.2000000030
19204  -46.076  -69.558  14.202 0.1000000015
19205  -47.079  -69.663  14.227 0.1000000015
19191  -45.608  -69.455  15.129 0.1000000015
19192  -46.589  -69.606  15.074 0.1000000015
19194  -48.177  -70.023  14.933 0.1000000015
18071  -48.688  -70.133  15.314 0.1000000015
19193  -47.519  -69.844  15.123 0.1000000015
18070  -48.041  -70.052  15.384 0.1000000015
18059  -48.493  -70.165  16.580 0.1000000015
16016  -46.046  -72.384  12.693 0.2000000030
17029  -46.346  -71.676  12.349 0.2000000030
16018  -47.486  -72.116  11.862 0.2000000030
18107  -46.661  -70.727  12.433 0.2000000030
17030  -47.146  -71.553  12.126 0.2000000030
19221  -45.532  -69.890  13.451 0.1000000015
19235  -46.748  -70.281  12.792 0.2000000030
19203  -45.030  -69.548  14.281 0.1000000015
19174  -46.205  -69.638  16.015 0.1000000015
18057  -46.849  -69.854  16.255 0.1000000015
18058  -47.624  -70.045  16.119 0.1000000015
19172  -44.196  -69.365  16.182 0.1000000015
19173  -45.175  -69.465  16.025 0.1000000015
19151  -45.626  -69.752  16.659 0.1000000015
18038  -46.485  -70.028  17.027 0.1000000015
19171  -43.183  -69.309  16.443 0.1000000015
19149  -43.941  -69.559  17.102 0.1000000015
19150  -44.823  -69.709  16.820 0.1000000015
15056  -33.919  -74.436  6.330 0.4000000060
16108  -34.899  -72.739  6.401 0.5000000000
14063  -34.307  -74.793  6.251 0.4000000060
16107  -33.830  -72.607  6.358 0.5000000000
15068  -34.274  -73.807  6.332 0.6000000238
12104  -34.420  -76.327  6.101 0.5000000000
13092  -35.629  -75.410  5.575 0.4000000060
10129  -31.767  -78.419  5.193 0.5000000000
14049  -33.033  -74.906  6.360 0.5000000000
13079  -34.034  -75.567  6.261 0.6000000238
11127  -32.031  -77.377  4.839 0.3000000119
11115  -33.411  -77.152  6.197 0.5000000000
8433  -31.665  -79.820  5.064 0.5000000000
11114  -32.732  -77.127  5.984 0.5000000000
17089  -33.756  -71.641  6.642 0.4000000060
14108  -33.668  -74.657  2.512 0.4000000060
14109  -34.224  -75.228  2.331 0.4000000060
15144  -32.920  -73.337  0.697 0.3000000119
15125  -32.875  -73.495  1.554 0.4000000060
8470  -35.259  -80.179  2.677 0.2000000030
14066  -36.768  -74.068  5.286 0.5000000000
13091  -34.795  -75.502  5.997 0.4000000060
18188  -33.304  -70.794  6.910 0.3000000119
15054  -32.749  -74.276  6.134 0.6000000238
20356  -36.002  -68.412  10.661 0.3000000119
19311  -33.951  -70.178  7.786 0.4000000060
13089  -32.207  -75.136  5.234 0.6000000238
13090  -32.463  -75.594  5.765 0.6000000238
13078  -33.322  -75.574  6.335 0.6000000238
12103  -33.676  -76.303  6.267 0.6000000238
12115  -32.547  -76.531  5.711 0.5000000000
18187  -32.466  -70.653  6.632 0.4000000060
17109  -31.944  -71.648  5.838 0.4000000060
16105  -31.836  -72.649  5.451 0.5000000000
14061  -32.067  -74.491  5.198 0.6000000238
12114  -32.302  -76.274  5.194 0.5000000000
19310  -33.146  -69.980  7.483 0.4000000060
20388  -33.929  -68.839  8.885 0.4000000060
15080  -31.753  -73.718  4.553 0.5000000000
14078  -32.073  -74.506  4.776 0.5000000000
19293  -32.247  -68.826  7.882 0.3000000119
18197  -31.186  -70.671  5.770 0.5000000000
15093  -32.287  -73.887  3.454 0.4000000060
17123  -30.724  -71.547  4.396 0.5000000000
15105  -31.953  -73.271  3.167 0.4000000060
18205  -30.265  -70.616  4.241 0.4000000060
16124  -30.849  -71.909  3.734 0.4000000060
16154  -31.672  -72.830  2.395 0.4000000060
16111  -37.642  -72.743  5.530 0.5000000000
14080  -36.768  -74.698  5.178 0.4000000060
12116  -35.223  -76.354  5.659 0.5000000000
20337  -36.742  -68.068  11.185 0.3000000119
20355  -34.790  -68.306  10.018 0.4000000060
21399  -36.033  -67.249  11.346 0.3000000119
22502  -36.613  -66.037  12.061 0.3000000119
21398  -34.925  -66.860  11.143 0.3000000119
21422  -34.063  -67.154  10.404 0.3000000119
20374  -32.758  -67.945  9.045 0.3000000119
20408  -31.004  -68.782  6.982 0.3000000119
20397  -31.965  -68.718  7.796 0.3000000119
19332  -30.610  -69.963  5.797 0.3000000119
20385  -31.436  -68.061  7.992 0.3000000119
21442  -32.033  -67.235  9.077 0.2000000030
20395  -30.707  -68.193  7.122 0.3000000119
19331  -30.075  -69.333  5.571 0.3000000119
19340  -30.015  -69.562  4.659 0.3000000119
21477  -30.115  -67.732  6.343 0.2000000030
19347  -30.259  -69.747  3.600 0.3000000119
18247  -30.964  -71.202  1.615 0.4000000060
20428  -30.535  -68.864  3.535 0.2000000030
19348  -30.708  -69.448  2.934 0.3000000119
19386  -31.477  -70.231  1.615 0.2000000030
20429  -31.390  -68.937  3.009 0.2000000030
22589  -32.274  -66.292  4.382 0.1000000015
25006  -31.676  -64.353  6.029 0.1000000015
15081  -37.876  -73.696  4.673 0.5000000000
12130  -37.021  -76.145  4.342 0.4000000060
12117  -36.154  -76.284  4.977 0.5000000000
18152  -39.389  -70.873  8.481 0.5000000000
19258  -40.885  -69.039  10.369 0.4000000060
22505  -40.049  -66.702  12.115 0.2000000030
22482  -40.541  -65.967  12.429 0.1000000015
23656  -36.280  -65.433  12.133 0.2000000030
23632  -37.250  -64.945  12.374 0.2000000030
22527  -33.928  -66.111  10.808 0.2000000030
23654  -34.860  -65.288  11.534 0.2000000030
22540  -32.396  -66.282  9.721 0.2000000030
22526  -33.196  -66.171  10.250 0.2000000030
22553  -31.021  -66.475  8.553 0.2000000030
24914  -34.268  -64.011  11.362 0.2000000030
23682  -32.151  -65.194  9.897 0.1000000015
21457  -30.655  -66.987  7.733 0.2000000030
24933  -32.660  -64.351  10.314 0.1000000015
24949  -32.065  -64.438  9.721 0.1000000015
23689  -30.975  -65.562  8.693 0.1000000015
23688  -30.700  -65.984  8.148 0.2000000030
22562  -30.249  -66.823  6.510 0.2000000030
24966  -30.821  -64.617  7.943 0.1000000015
24985  -30.572  -65.191  7.168 0.1000000015
23714  -30.447  -65.806  6.294 0.1000000015
23732  -30.666  -65.956  5.466 0.1000000015
26273  -32.010  -63.203  8.528 0.1000000015
22588  -31.313  -66.399  4.609 0.1000000015
26293  -32.164  -63.256  7.342 0.1000000015
26310  -32.733  -63.646  6.386 0.1000000015
11170  -38.332  -77.440  1.942 0.3000000119
11169  -37.858  -77.751  2.390 0.3000000119
12151  -38.829  -76.490  2.005 0.3000000119
14097  -39.454  -74.154  2.815 0.3000000119
14096  -38.939  -74.473  3.249 0.3000000119
11157  -38.378  -76.899  2.461 0.3000000119
11143  -37.493  -76.608  3.766 0.3000000119
13106  -38.458  -74.887  3.782 0.3000000119
15082  -38.537  -73.399  4.390 0.3000000119
15084  -39.839  -73.113  3.614 0.3000000119
16126  -39.011  -73.106  4.448 0.3000000119
13105  -37.919  -75.326  4.255 0.3000000119
17095  -39.119  -72.087  6.603 0.4000000060
16095  -39.982  -72.226  6.118 0.4000000060
16113  -39.824  -72.501  5.079 0.4000000060
19259  -41.923  -68.973  10.159 0.4000000060
17061  -40.082  -71.375  7.867 0.4000000060
17076  -39.714  -71.960  7.118 0.4000000060
21405  -42.596  -67.203  11.246 0.3000000119
22483  -41.565  -65.939  12.330 0.2000000030
24895  -41.299  -64.621  13.127 0.1000000015
24889  -36.180  -64.264  12.212 0.2000000030
27449  -38.271  -62.731  12.390 0.2000000030
26216  -35.874  -62.915  11.879 0.1000000015
26215  -35.410  -63.386  11.799 0.1000000015
26237  -33.250  -63.347  10.602 0.1000000015
27493  -34.410  -62.072  10.932 0.1000000015
27510  -32.636  -62.632  9.149 0.1000000015
27511  -33.641  -61.971  9.400 0.1000000015
27547  -32.807  -62.837  7.364 0.1000000015
27549  -34.230  -62.683  7.685 0.1000000015
26275  -36.140  -63.198  7.974 0.1000000015
26298  -36.632  -63.669  7.780 0.1000000015
13133  -40.346  -75.733  1.423 0.2000000030
14112  -40.690  -75.026  1.640 0.2000000030
12166  -39.602  -76.813  1.244 0.2000000030
18155  -42.328  -70.355  8.481 0.3000000119
23620  -42.843  -64.751  13.287 0.1000000015
26153  -43.289  -63.240  14.316 0.1000000015
26178  -42.830  -63.604  13.856 0.1000000015
24872  -41.466  -64.024  13.303 0.1000000015
28670  -41.130  -62.092  13.213 0.1000000015
28687  -38.479  -61.997  12.243 0.1000000015
27465  -35.512  -62.475  11.572 0.1000000015
28711  -35.694  -61.739  11.284 0.1000000015
30040  -36.916  -60.507  10.652 0.1000000015
28781  -35.701  -61.479  8.621 0.1000000015
14113  -41.492  -74.829  2.105 0.2000000030
14098  -43.002  -74.152  3.746 0.2000000030
15098  -42.324  -73.552  2.742 0.2000000030
15110  -41.438  -74.106  2.089 0.3000000119
16141  -42.596  -72.717  3.582 0.2000000030
20378  -44.554  -69.056  9.975 0.3000000119
19282  -43.416  -69.508  9.404 0.3000000119
18156  -43.336  -70.317  8.593 0.3000000119
20343  -46.321  -68.077  11.315 0.3000000119
20365  -45.626  -68.383  10.725 0.3000000119
23606  -44.451  -64.822  13.956 0.1000000015
24875  -43.957  -64.463  13.916 0.1000000015
24852  -44.154  -63.939  14.523 0.1000000015
26133  -44.510  -63.347  15.285 0.1000000015
27398  -44.092  -62.334  15.074 0.1000000015
27380  -45.193  -62.618  16.151 0.1000000015
28605  -44.826  -61.970  15.756 0.1000000015
28607  -46.574  -61.835  16.304 0.1000000015
28606  -45.680  -61.883  16.110 0.1000000015
27416  -42.608  -61.927  14.098 0.1000000015
28622  -44.427  -61.298  15.193 0.1000000015
28624  -46.319  -61.387  15.652 0.1000000015
29911  -46.040  -60.898  14.945 0.1000000015
28609  -48.004  -61.890  16.261 0.1000000015
28626  -48.099  -61.554  15.567 0.1000000015
28671  -41.475  -61.568  13.238 0.1000000015
28648  -42.824  -61.392  14.085 0.1000000015
29938  -44.819  -60.272  14.263 0.1000000015
29939  -45.678  -60.350  14.265 0.1000000015
29940  -46.646  -60.554  14.206 0.1000000015
28651  -48.400  -61.318  14.538 0.1000000015
29984  -40.085  -61.282  12.396 0.1000000015
29958  -41.917  -61.030  13.262 0.1000000015
28688  -39.470  -61.649  12.357 0.1000000015
30012  -38.836  -60.484  11.436 0.1000000015
30066  -37.703  -60.092  9.634 0.1000000015
28782  -36.591  -61.747  8.424 0.1000000015
15034  -45.106  -73.450  7.756 0.2000000030
16097  -45.130  -72.607  6.018 0.2000000030
15086  -44.232  -73.023  4.567 0.2000000030
15046  -45.978  -72.919  8.079 0.3000000119
16118  -44.719  -72.532  5.617 0.2000000030
19264  -47.076  -69.345  10.330 0.3000000119
19284  -45.584  -69.899  9.287 0.3000000119
18158  -45.507  -70.549  8.513 0.3000000119
18138  -45.777  -70.257  8.940 0.3000000119
18180  -45.374  -71.200  7.633 0.3000000119
20367  -47.362  -68.948  10.824 0.3000000119
20328  -48.632  -68.234  12.299 0.2000000030
19265  -47.977  -69.369  10.628 0.3000000119
22472  -46.998  -66.770  13.404 0.3000000119
23623  -45.584  -65.949  13.376 0.2000000030
24853  -44.826  -64.597  14.515 0.1000000015
23600  -45.402  -64.991  14.721 0.2000000030
24836  -44.595  -63.778  15.018 0.1000000015
31184  -44.785  -59.603  12.942 0.1000000015
29964  -47.100  -60.345  13.322 0.1000000015
31209  -41.888  -59.807  12.051 0.1000000015
31211  -43.419  -59.398  12.152 0.1000000015
31237  -40.482  -59.932  11.390 0.1000000015
31260  -40.552  -59.491  10.644 0.1000000015
31283  -39.820  -59.456  9.989 0.1000000015
31303  -39.705  -59.540  8.939 0.1000000015
15036  -46.355  -72.937  8.737 0.3000000119
15035  -45.575  -73.325  8.388 0.3000000119
16073  -47.210  -72.350  8.961 0.3000000119
17082  -45.617  -71.590  7.141 0.3000000119
17064  -46.836  -71.596  8.295 0.3000000119
18159  -46.587  -70.818  8.575 0.3000000119
19266  -49.019  -69.793  10.498 0.3000000119
19267  -49.767  -69.793  11.008 0.3000000119
19247  -49.976  -69.586  11.841 0.2000000030
19287  -48.284  -69.847  10.068 0.3000000119
21389  -49.012  -67.961  12.912 0.2000000030
22458  -48.194  -67.102  14.644 0.2000000030
22452  -46.874  -66.185  15.164 0.2000000030
13989  -44.861  -74.391  11.212 0.1000000015
14995  -47.021  -73.555  11.962 0.2000000030
14994  -46.632  -73.683  11.268 0.3000000119
16065  -47.708  -72.438  9.829 0.3000000119
18119  -49.679  -70.259  11.264 0.3000000119
19237  -50.155  -69.601  13.055 0.2000000030
20319  -50.157  -68.814  13.932 0.1000000015
15009  -47.419  -72.962  11.190 0.3000000119
17041  -48.471  -71.406  11.485 0.3000000119
18096  -49.002  -70.315  13.154 0.2000000030
18081  -49.096  -70.190  14.197 0.1000000015
19206  -47.937  -69.849  14.330 0.1000000015
19223  -47.596  -69.944  13.515 0.1000000015
18083  -49.682  -69.823  15.413 0.1000000015
18108  -47.629  -70.840  12.372 0.2000000030
19222  -46.597  -69.941  13.272 0.1000000015
18105  -45.389  -71.251  12.728 0.2000000030
18106  -45.800  -71.032  12.505 0.2000000030
10160  -31.302  -77.967  4.044 0.3000000119
10176  -30.383  -78.275  2.941 0.3000000119
11152  -31.061  -77.908  2.961 0.3000000119
11181  -28.671  -77.452  0.936 0.2000000030
11179  -26.871  -77.834  0.669 0.2000000030
11164  -29.832  -77.733  1.873 0.3000000119
11153  -31.949  -77.542  3.474 0.4000000060
11165  -30.623  -77.792  2.289 0.3000000119
10191  -29.039  -77.954  1.725 0.3000000119
11182  -29.611  -77.510  1.064 0.3000000119
11198  -28.285  -77.365  0.029 0.2000000030
11166  -31.786  -77.743  2.455 0.4000000060
11183  -30.517  -77.645  1.288 0.4000000060
11154  -32.806  -77.077  3.355 0.4000000060
11222  -28.878  -77.815  -0.751 0.3000000119
11185  -32.572  -77.845  1.736 0.4000000060
11184  -31.501  -77.754  1.533 0.4000000060
11200  -30.287  -77.581  0.330 0.3000000119
11199  -29.310  -77.415  0.113 0.4000000060
12148  -33.387  -76.545  3.190 0.4000000060
11224  -30.943  -77.826  -0.310 0.3000000119
11201  -31.237  -77.784  0.590 0.4000000060
12149  -34.060  -76.697  2.470 0.4000000060
11202  -32.227  -77.993  0.791 0.4000000060
11225  -31.840  -78.122  -0.114 0.3000000119
11186  -33.441  -77.543  1.828 0.4000000060
11203  -33.334  -77.887  0.900 0.4000000060
12162  -33.963  -77.163  1.939 0.4000000060
12178  -33.997  -77.307  1.325 0.4000000060
11226  -32.836  -78.425  0.017 0.4000000060
10223  -32.302  -78.484  -0.899 0.3000000119
12150  -34.537  -76.292  2.060 0.4000000060
11204  -34.256  -77.522  0.599 0.4000000060
10239  -31.698  -78.367  -1.845 0.2000000030
13130  -34.471  -75.774  2.227 0.3000000119
12163  -34.448  -76.703  1.679 0.4000000060
13144  -34.882  -75.920  1.643 0.4000000060
12179  -34.555  -76.945  0.971 0.4000000060
11227  -33.975  -78.206  -0.143 0.4000000060
10240  -32.761  -78.596  -1.851 0.2000000030
10257  -32.153  -78.692  -3.019 0.3000000119
14123  -34.555  -74.905  1.500 0.3000000119
13145  -35.357  -75.939  1.018 0.3000000119
10225  -34.163  -78.517  -1.083 0.3000000119
10241  -33.777  -78.660  -1.846 0.2000000030
10224  -33.320  -78.678  -0.907 0.2000000030
9350  -31.361  -79.310  -3.338 0.2000000030
14124  -35.076  -75.440  1.195 0.3000000119
11228  -34.936  -77.492  -0.080 0.4000000060
15146  -34.426  -74.091  0.421 0.3000000119
14143  -35.334  -75.105  0.428 0.3000000119
12194  -35.657  -76.637  -0.404 0.2000000030
11243  -35.464  -77.497  -1.336 0.2000000030
10258  -33.264  -78.662  -2.785 0.1000000015
9360  -32.185  -79.699  -3.758 0.2000000030
13178  -35.847  -75.707  -0.367 0.2000000030
12195  -35.955  -76.131  -1.039 0.2000000030
10242  -34.834  -78.345  -1.921 0.1000000015
10279  -33.770  -78.995  -3.657 0.1000000015
10278  -32.833  -79.022  -3.586 0.1000000015
15147  -34.970  -74.521  0.251 0.3000000119
16189  -32.578  -72.529  0.025 0.2000000030
14162  -35.829  -74.924  -0.702 0.2000000030
12213  -35.922  -76.691  -1.303 0.1000000015
10260  -34.967  -78.557  -2.947 0.1000000015
10280  -34.655  -78.945  -3.662 0.1000000015
9361  -33.278  -79.852  -4.050 0.1000000015
16190  -33.172  -72.452  -0.469 0.2000000030
15160  -35.274  -74.137  -0.675 0.2000000030
13179  -36.246  -75.521  -1.163 0.1000000015
11244  -36.198  -77.056  -1.868 0.1000000015
10262  -36.298  -77.842  -2.887 0.1000000015
9362  -34.308  -79.865  -4.226 0.1000000015
7767  -33.455  -81.883  -4.231 0.1000000015
15173  -35.275  -73.021  -1.738 0.1000000015
15161  -35.894  -74.406  -1.204 0.2000000030
13199  -36.994  -75.392  -1.689 0.1000000015
12232  -37.334  -76.396  -2.298 0.1000000015
10281  -35.473  -78.790  -3.614 0.1000000015
9363  -35.134  -79.514  -4.201 0.1000000015
8542  -33.766  -80.809  -4.288 0.1000000015
12215  -37.396  -75.909  -2.104 0.1000000015
11277  -37.260  -77.558  -3.668 0.1000000015
10282  -36.515  -78.305  -3.792 0.1000000015
8551  -35.013  -80.821  -4.642 0.1000000015
7774  -34.346  -81.739  -4.577 0.1000000015
9365  -36.333  -79.176  -4.526 0.1000000015
21359  -48.888  -67.658  15.651 0.2000000030
17183  -32.219  -71.415  0.185 0.2000000030
16200  -32.919  -71.912  -0.447 0.1000000015
15159  -34.344  -73.068  -1.033 0.1000000015
15172  -34.851  -72.544  -1.599 0.1000000015
15174  -36.256  -73.727  -1.990 0.1000000015
14180  -37.160  -74.570  -2.137 0.1000000015
8550  -34.461  -80.844  -4.448 0.1000000015
9375  -34.918  -80.254  -4.459 0.1000000015
9364  -35.838  -79.279  -4.275 0.1000000015
11262  -37.735  -76.982  -3.469 0.1000000015
11167  -33.039  -77.467  2.688 0.4000000060
11168  -33.658  -77.276  2.261 0.4000000060
12180  -35.156  -76.682  0.554 0.3000000119
11242  -34.711  -78.090  -0.869 0.2000000030
10277  -32.346  -79.051  -3.533 0.2000000030
14142  -34.845  -74.657  0.694 0.3000000119
13157  -35.676  -76.024  0.357 0.3000000119
10259  -34.219  -78.665  -2.780 0.1000000015
10243  -35.491  -77.941  -2.066 0.1000000015
12214  -36.693  -76.323  -1.686 0.1000000015
10261  -35.652  -78.204  -2.782 0.1000000015
16202  -34.131  -71.878  -1.183 0.1000000015
11261  -36.955  -77.171  -2.718 0.1000000015
7773  -34.062  -81.354  -4.412 0.1000000015
7007  -33.450  -82.758  -4.167 0.1000000015
13216  -38.059  -75.091  -2.638 0.1000000015
7691  -32.232  -81.578  3.444 0.3000000119
7676  -31.870  -81.099  4.026 0.2000000030
7690  -31.216  -81.334  3.371 0.3000000119
8467  -30.893  -80.733  3.770 0.2000000030
8451  -34.169  -80.404  4.011 0.4000000060
7677  -32.631  -81.188  4.010 0.2000000030
8450  -33.237  -80.661  4.517 0.4000000060
7689  -30.627  -81.102  3.243 0.2000000030
8435  -32.677  -80.329  4.980 0.4000000060
8448  -31.172  -80.313  4.449 0.2000000030
8466  -30.383  -80.454  3.503 0.2000000030
8480  -30.103  -80.813  3.081 0.1000000015
8465  -29.930  -80.209  3.192 0.2000000030
8479  -29.632  -80.477  2.983 0.1000000015
9264  -30.552  -79.475  4.150 0.3000000119
7702  -30.313  -81.455  2.975 0.1000000015
9280  -29.830  -79.650  3.157 0.2000000030
8478  -28.642  -80.684  2.749 0.1000000015
9294  -28.991  -79.664  2.512 0.1000000015
10174  -28.541  -78.744  2.157 0.1000000015
9279  -27.475  -79.948  3.026 0.1000000015
9293  -28.017  -79.674  2.479 0.1000000015
9292  -27.085  -79.214  2.583 0.1000000015
9265  -31.060  -79.044  4.753 0.3000000119
9281  -30.199  -79.353  3.587 0.2000000030
10175  -29.560  -78.612  2.616 0.2000000030
9295  -29.455  -79.602  2.821 0.2000000030
10173  -27.600  -78.691  2.033 0.1000000015
9278  -26.714  -79.699  3.303 0.1000000015
10144  -30.920  -78.573  4.271 0.2000000030
10158  -30.109  -78.841  3.186 0.2000000030
9291  -25.940  -78.946  2.483 0.1000000015
10172  -26.696  -78.583  1.963 0.1000000015
10159  -30.700  -78.404  3.622 0.3000000119
10145  -31.476  -78.153  4.545 0.2000000030
10190  -28.108  -77.983  1.579 0.1000000015
10171  -26.151  -78.592  1.844 0.1000000015
10189  -27.187  -78.068  1.431 0.1000000015
11180  -27.712  -77.549  0.826 0.1000000015
10203  -25.581  -78.887  0.841 0.1000000015
11196  -26.757  -77.906  0.046 0.1000000015
11197  -27.369  -77.622  0.041 0.1000000015
10216  -25.932  -79.011  0.112 0.1000000015
10204  -26.308  -78.359  0.316 0.1000000015
11221  -27.849  -77.909  -0.653 0.1000000015
11220  -27.021  -78.111  -0.447 0.1000000015
8505  -25.136  -80.411  0.428 0.1000000015
10217  -26.517  -78.788  -0.391 0.1000000015
10218  -27.392  -78.823  -0.991 0.1000000015
11223  -30.007  -77.732  -0.769 0.3000000119
9330  -26.813  -79.705  -0.752 0.1000000015
9249  -31.479  -79.405  5.048 0.3000000119
8449  -32.263  -80.702  4.599 0.3000000119
10188  -26.288  -78.293  1.264 0.1000000015
8447  -30.610  -80.131  4.102 0.2000000030
9318  -24.889  -79.748  0.902 0.1000000015
9328  -25.537  -79.670  0.325 0.1000000015
9337  -28.339  -79.861  -1.698 0.1000000015
8530  -28.520  -80.733  -2.019 0.1000000015
9347  -28.831  -80.096  -2.149 0.2000000030
6990  -28.642  -82.303  -2.194 0.1000000015
10237  -29.394  -78.562  -1.913 0.2000000030
9338  -28.877  -79.414  -2.019 0.2000000030
7756  -28.869  -81.561  -2.282 0.2000000030
9348  -29.447  -79.734  -2.505 0.1000000015
6292  -28.997  -82.736  -2.212 0.1000000015
8531  -29.138  -80.797  -2.430 0.2000000030
8532  -29.846  -80.911  -2.953 0.1000000015
11240  -29.400  -78.031  -1.258 0.2000000030
7757  -29.553  -81.788  -2.552 0.1000000015
11241  -29.823  -77.990  -1.470 0.2000000030
10255  -30.087  -78.845  -2.509 0.1000000015
9349  -30.436  -79.760  -3.150 0.1000000015
10221  -30.742  -77.907  -0.938 0.2000000030
10238  -30.528  -78.138  -1.689 0.2000000030
9359  -31.268  -80.176  -3.556 0.1000000015
10256  -30.999  -78.688  -2.689 0.1000000015
10222  -31.373  -78.120  -0.952 0.2000000030
8539  -30.795  -81.161  -3.335 0.1000000015
10220  -28.922  -78.347  -1.330 0.1000000015
10236  -28.620  -78.947  -1.617 0.1000000015
8468  -33.627  -81.002  3.577 0.2000000030
12165  -38.915  -76.943  1.429 0.2000000030
10206  -38.442  -78.801  0.550 0.1000000015
15044  -44.883  -73.422  6.916 0.1000000015
13135  -41.936  -75.294  2.968 0.1000000015
12168  -41.081  -76.343  1.689 0.1000000015
14084  -43.889  -73.649  4.540 0.1000000015
13134  -41.429  -75.686  2.400 0.1000000015
14028  -44.365  -73.839  7.878 0.2000000030
14039  -44.175  -73.828  6.845 0.1000000015
13107  -41.987  -75.647  4.303 0.1000000015
14029  -45.010  -73.632  8.263 0.2000000030
14053  -44.339  -73.630  6.097 0.1000000015
14068  -43.906  -74.041  5.421 0.1000000015
14083  -43.243  -74.460  4.887 0.1000000015
13119  -42.306  -75.109  3.546 0.1000000015
8469  -34.377  -80.778  2.903 0.2000000030
10192  -37.637  -78.696  1.216 0.1000000015
14069  -44.347  -73.427  5.302 0.1000000015
14019  -44.988  -73.896  9.037 0.2000000030
11187  -38.824  -77.759  0.909 0.1000000015
12142  -41.458  -76.610  3.118 0.1000000015
13118  -41.736  -75.769  3.407 0.1000000015
14038  -43.539  -74.191  7.142 0.1000000015
7693  -33.720  -81.380  2.777 0.1000000015
7692  -33.043  -81.476  3.271 0.1000000015
16002  -46.312  -72.975  12.966 0.1000000015
14973  -46.154  -73.409  13.434 0.1000000015
13967  -46.225  -73.937  13.722 0.1000000015
13977  -45.854  -74.564  12.853 0.1000000015
14985  -46.589  -73.463  12.944 0.1000000015
14959  -44.905  -73.318  14.437 0.1000000015
14945  -45.288  -73.818  14.811 0.1000000015
12949  -45.548  -74.765  15.682 0.1000000015
15986  -45.208  -72.975  13.858 0.1000000015
15987  -45.604  -73.214  13.775 0.1000000015
13953  -45.718  -74.259  14.608 0.1000000015
13966  -45.971  -74.590  13.818 0.1000000015
12992  -45.359  -75.228  13.758 0.1000000015
16000  -44.860  -72.291  13.315 0.1000000015
13922  -44.515  -74.468  16.514 0.1000000015
14958  -44.040  -73.230  14.544 0.1000000015
14944  -44.691  -73.750  15.098 0.1000000015
13937  -44.578  -74.147  15.816 0.1000000015
15985  -44.369  -72.713  13.925 0.1000000015
13938  -45.222  -74.261  15.523 0.1000000015
12933  -45.140  -74.941  16.731 0.1000000015
17027  -45.112  -71.596  12.914 0.1000000015
17020  -44.373  -71.408  13.151 0.1000000015
14941  -42.124  -73.637  15.554 0.1000000015
14942  -43.070  -73.716  15.476 0.1000000015
13936  -43.823  -74.188  16.013 0.1000000015
15983  -42.105  -72.619  14.466 0.1000000015
15984  -43.245  -72.419  13.949 0.1000000015
22453  -47.896  -66.818  15.429 0.1000000015
22449  -47.028  -66.241  16.183 0.1000000015
17019  -43.547  -71.332  13.357 0.1000000015
18092  -45.070  -70.716  13.044 0.1000000015
18093  -46.004  -70.378  12.846 0.1000000015
21360  -49.581  -68.282  15.277 0.1000000015
23601  -46.064  -65.576  14.927 0.1000000015
21358  -48.233  -67.040  16.051 0.1000000015
24790  -46.749  -64.671  17.680 0.1000000015
23594  -46.257  -65.463  15.995 0.1000000015
23585  -46.691  -65.563  17.053 0.1000000015
14957  -43.125  -73.212  14.749 0.1000000015
13935  -42.960  -74.232  16.178 0.1000000015
23593  -45.730  -64.865  15.531 0.1000000015
13978  -46.482  -74.121  12.983 0.1000000015
16015  -45.453  -72.201  12.916 0.1000000015
13954  -45.942  -73.877  14.112 0.1000000015
13008  -45.309  -74.973  12.977 0.1000000015
12971  -45.595  -75.091  14.812 0.1000000015
15999  -43.924  -72.056  13.426 0.1000000015
15998  -43.362  -71.850  13.505 0.1000000015
24824  -45.902  -64.820  16.129 0.1000000015
18267  -32.235  -70.514  0.701 0.1000000015
18268  -33.290  -69.931  0.549 0.1000000015
19387  -32.000  -70.015  1.414 0.1000000015
6254  -33.376  -83.729  2.030 0.1000000015
6253  -32.296  -83.734  2.486 0.1000000015
6947  -32.603  -82.667  2.426 0.1000000015
5560  -33.579  -84.344  2.235 0.1000000015
6255  -34.206  -84.126  1.982 0.1000000015
6264  -34.124  -83.542  1.544 0.1000000015
6948  -33.928  -82.746  1.642 0.1000000015
5548  -33.744  -84.642  2.757 0.1000000015
6239  -34.606  -84.234  2.851 0.1000000015
6226  -34.844  -83.922  3.698 0.1000000015
6256  -35.156  -83.776  1.975 0.1000000015
13031  -37.354  -74.941  10.163 0.1000000015
13048  -36.962  -75.535  9.532 0.1000000015
11091  -35.241  -77.847  9.184 0.1000000015
8413  -34.858  -80.018  9.064 0.1000000015
7643  -34.830  -81.582  8.428 0.1000000015
7705  -33.318  -81.945  2.374 0.1000000015
7638  -34.296  -81.486  8.877 0.1000000015
6890  -35.030  -82.206  8.064 0.1000000015
5534  -33.975  -84.567  3.959 0.1000000015
7703  -31.091  -82.114  2.785 0.1000000015
6889  -34.296  -82.499  8.515 0.1000000015
6196  -34.313  -83.614  7.572 0.1000000015
5515  -34.212  -83.835  6.469 0.1000000015
5522  -33.290  -84.902  4.946 0.1000000015
6219  -34.752  -83.704  4.661 0.1000000015
6227  -35.441  -83.365  4.087 0.1000000015
6240  -35.365  -83.579  2.994 0.1000000015
6888  -33.739  -83.055  8.769 0.1000000015
5503  -33.767  -84.194  7.341 0.1000000015
6211  -34.777  -83.397  5.806 0.1000000015
6220  -35.467  -83.012  5.149 0.1000000015
12079  -36.204  -76.392  9.332 0.1000000015
10106  -35.343  -78.576  8.735 0.1000000015
6961  -34.961  -82.683  1.010 0.1000000015
6949  -34.479  -82.284  1.304 0.1000000015
8418  -35.266  -80.592  8.406 0.1000000015
9231  -35.584  -79.511  8.279 0.1000000015
6934  -32.065  -81.972  2.957 0.1000000015
6197  -34.890  -83.217  7.047 0.1000000015
6198  -35.423  -82.660  6.787 0.1000000015
6212  -35.414  -82.829  6.173 0.1000000015
6916  -35.901  -82.516  5.643 0.1000000015
6228  -35.986  -82.810  4.506 0.1000000015
13049  -37.960  -75.394  9.330 0.1000000015
13050  -38.905  -75.571  9.366 0.1000000015
13019  -39.551  -75.947  11.056 0.1000000015
7718  -34.826  -81.945  1.091 0.1000000015
12080  -37.182  -75.923  8.893 0.1000000015
12088  -36.842  -76.654  8.170 0.1000000015
6265  -34.747  -83.540  1.354 0.1000000015
11092  -35.861  -77.523  8.625 0.1000000015
7706  -34.291  -81.658  1.853 0.1000000015
10107  -35.951  -78.588  7.964 0.1000000015
8419  -35.821  -80.132  7.957 0.1000000015
8422  -35.731  -81.176  7.745 0.1000000015
6893  -35.421  -82.372  7.367 0.1000000015
7644  -35.413  -81.625  7.891 0.1000000015
7647  -36.014  -81.665  7.176 0.1000000015
6221  -35.914  -82.638  5.097 0.1000000015
7655  -36.146  -81.870  6.720 0.1000000015
6904  -35.917  -82.229  6.527 0.1000000015
13033  -39.400  -76.059  9.970 0.1000000015
12059  -39.687  -77.014  10.510 0.1000000015
11052  -39.559  -77.577  10.869 0.1000000015
6257  -36.109  -83.060  2.058 0.1000000015
6267  -36.226  -82.934  1.069 0.1000000015
7719  -35.522  -81.635  0.528 0.1000000015
12089  -38.087  -75.964  8.183 0.1000000015
13056  -38.523  -75.629  8.830 0.1000000015
11102  -36.515  -77.656  7.672 0.1000000015
7679  -36.678  -81.997  4.628 0.1000000015
6241  -36.040  -83.006  3.455 0.1000000015
6905  -36.262  -82.067  5.778 0.1000000015
8423  -36.134  -80.710  7.427 0.1000000015
7648  -36.325  -81.282  6.954 0.1000000015
13051  -39.361  -76.161  9.089 0.1000000015
13057  -39.005  -75.859  8.473 0.1000000015
6950  -36.823  -82.369  2.141 0.1000000015
7665  -36.760  -81.591  5.207 0.1000000015
6925  -36.536  -82.383  4.058 0.1000000015
9243  -36.673  -79.945  6.519 0.1000000015
9237  -36.142  -79.612  7.547 0.1000000015
6936  -36.950  -82.156  2.748 0.1000000015
7721  -37.813  -81.755  1.285 0.1000000015
7694  -37.218  -81.853  3.206 0.1000000015
7666  -37.229  -81.321  4.710 0.1000000015
7681  -37.736  -81.282  4.058 0.1000000015
12097  -37.637  -76.756  7.366 0.1000000015
8427  -36.500  -80.930  6.666 0.1000000015
8436  -36.756  -80.853  5.889 0.1000000015
12096  -36.984  -77.091  7.478 0.1000000015
10120  -37.003  -78.966  6.198 0.1000000015
9244  -37.203  -79.470  5.795 0.1000000015
10112  -36.589  -78.648  6.984 0.1000000015
7710  -38.123  -81.255  2.177 0.1000000015
7722  -38.502  -81.080  1.193 0.1000000015
8454  -38.222  -80.656  4.174 0.1000000015
13066  -39.165  -76.277  7.893 0.1000000015
9254  -37.803  -79.737  5.288 0.1000000015
8438  -38.039  -80.253  4.835 0.1000000015
9253  -37.102  -80.153  5.636 0.1000000015
8437  -37.436  -80.743  5.019 0.1000000015
11103  -37.204  -77.586  6.932 0.1000000015
8485  -39.250  -79.983  1.779 0.1000000015
8471  -38.490  -80.711  3.023 0.1000000015
9255  -38.519  -79.685  4.737 0.1000000015
12081  -39.718  -77.114  9.232 0.1000000015
9284  -39.618  -79.493  2.485 0.1000000015
12090  -38.816  -76.071  7.865 0.1000000015
8379  -39.689  -80.115  12.675 0.1000000015
10061  -39.591  -79.205  11.081 0.1000000015
11051  -39.525  -78.074  11.008 0.1000000015
6184  -34.560  -83.222  7.936 0.1000000015
6892  -34.948  -82.783  7.876 0.1000000015
5504  -34.311  -83.722  7.130 0.1000000015
5514  -33.511  -84.496  6.099 0.1000000015
5523  -34.035  -84.084  5.308 0.1000000015
4823  -32.894  -85.257  4.908 0.1000000015
7656  -36.367  -81.605  6.390 0.1000000015
7708  -37.066  -82.229  1.672 0.1000000015
6926  -36.890  -82.146  3.457 0.1000000015
7695  -37.794  -81.381  3.318 0.1000000015
10050  -39.413  -78.956  11.887 0.1000000015
2004  -25.111  -89.830  4.867 0.1000000015
1998  -24.792  -89.977  5.586 0.1000000015
2024  -22.415  -90.223  1.455 0.1000000015
2015  -23.299  -90.247  2.406 0.1000000015
2421  -24.266  -89.741  1.880 0.1000000015
2016  -24.445  -90.124  2.849 0.1000000015
2002  -23.732  -90.553  4.429 0.1000000015
2035  -22.755  -89.802  0.533 0.1000000015
2046  -22.293  -89.893  -0.392 0.1000000015
2060  -22.311  -90.156  -1.729 0.1000000015
1999  -25.133  -89.608  5.121 0.1000000015
2395  -25.082  -89.288  5.345 0.1000000015
2882  -24.864  -88.779  5.557 0.1000000015
2010  -25.255  -89.872  4.164 0.1000000015
2009  -24.582  -90.277  3.823 0.1000000015
2003  -24.665  -90.240  4.717 0.1000000015
2394  -24.719  -89.305  6.082 0.1000000015
2025  -23.369  -89.754  1.209 0.1000000015
2001  -23.266  -90.578  3.911 0.1000000015
2008  -23.716  -90.441  3.473 0.1000000015
2036  -23.220  -89.682  0.675 0.1000000015
2464  -23.024  -89.624  -0.895 0.1000000015
2478  -22.911  -89.822  -1.515 0.1000000015
2479  -23.425  -89.743  -1.834 0.1000000015
6235  -21.782  -83.332  3.527 0.1000000015
4848  -22.490  -85.415  4.113 0.1000000015
6248  -22.437  -83.366  3.115 0.1000000015
2903  -24.956  -88.111  4.350 0.1000000015
2890  -24.571  -88.116  5.149 0.1000000015
3425  -24.068  -87.477  5.067 0.1000000015
4100  -23.420  -86.417  4.416 0.1000000015
4099  -22.794  -85.987  4.465 0.1000000015
2904  -25.519  -88.549  3.836 0.1000000015
3424  -23.411  -87.121  5.251 0.1000000015
2402  -25.403  -89.318  4.585 0.1000000015
2889  -23.893  -87.818  5.585 0.1000000015
2017  -25.294  -89.823  3.228 0.1000000015
2449  -23.524  -89.570  0.257 0.1000000015
6942  -22.669  -82.597  2.843 0.1000000015
5542  -22.211  -84.232  3.509 0.1000000015
6930  -22.134  -82.602  3.376 0.1000000015
3439  -23.859  -87.072  4.804 0.1000000015
4101  -24.476  -86.624  3.445 0.1000000015
4849  -23.674  -85.552  3.317 0.1000000015
3440  -24.402  -87.346  4.413 0.1000000015
3441  -25.150  -87.625  3.527 0.1000000015
2422  -25.203  -89.691  2.252 0.1000000015
2436  -25.015  -89.588  1.267 0.1000000015
2450  -24.628  -89.490  0.315 0.1000000015
2409  -25.877  -89.282  3.548 0.1000000015
5543  -22.976  -84.735  3.289 0.1000000015
2423  -26.045  -89.357  2.591 0.1000000015
4847  -21.656  -84.682  4.006 0.1000000015
5529  -21.011  -84.488  4.141 0.1000000015
2918  -26.620  -88.437  2.104 0.1000000015
3456  -26.883  -87.943  1.746 0.1000000015
3468  -27.194  -87.563  1.268 0.1000000015
4102  -25.147  -87.013  2.884 0.1000000015
3442  -25.804  -88.023  3.028 0.1000000015
4119  -25.611  -86.707  2.158 0.1000000015
3455  -26.397  -87.718  2.104 0.1000000015
4118  -24.911  -86.420  2.662 0.1000000015
4850  -24.405  -85.953  2.779 0.1000000015
4863  -25.529  -85.982  1.716 0.1000000015
3454  -25.623  -87.473  2.724 0.1000000015
2934  -27.034  -88.295  1.603 0.1000000015
1666  -23.260  -90.635  4.654 0.1000000015
2386  -24.180  -89.565  6.621 0.1000000015
2435  -24.181  -89.535  1.009 0.1000000015
2873  -24.356  -89.068  6.453 0.1000000015
2881  -24.318  -88.549  6.029 0.1000000015
2891  -25.129  -88.702  4.843 0.1000000015
2919  -26.759  -88.118  1.903 0.1000000015
4086  -22.431  -86.182  4.793 0.1000000015
4267  -27.533  -86.501  -6.670 0.1000000015
4315  -27.124  -86.519  -8.787 0.1000000015
4838  -32.823  -85.364  4.383 0.1000000015
5011  -27.774  -85.810  -7.478 0.1000000015
5022  -27.763  -85.959  -8.152 0.1000000015
5541  -21.369  -83.980  3.764 0.1000000015
5645  -32.642  -84.458  -4.204 0.1000000015
5673  -29.059  -84.328  -6.383 0.1000000015
5682  -28.968  -84.276  -8.193 0.1000000015
5701  -28.960  -84.111  -10.048 0.1000000015
6180  -33.323  -83.574  8.943 0.1000000015
6266  -35.574  -83.182  1.196 0.1000000015
6319  -29.528  -84.160  -6.201 0.1000000015
6330  -28.907  -84.267  -7.029 0.1000000015
6354  -29.811  -83.626  -9.151 0.1000000015
6386  -26.142  -83.767  -11.330 0.1000000015
6917  -36.279  -82.282  5.009 0.1000000015
6935  -36.594  -82.575  2.995 0.1000000015
6951  -36.991  -82.116  2.374 0.1000000015
6960  -34.453  -83.191  1.325 0.1000000015
6964  -37.384  -82.129  1.052 0.1000000015
6997  -29.255  -82.350  -2.322 0.1000000015
7019  -33.879  -82.646  -5.545 0.1000000015
7020  -34.307  -82.340  -5.425 0.1000000015
7678  -33.154  -81.149  3.887 0.2000000030
7680  -37.167  -81.701  4.147 0.1000000015
7709  -37.292  -81.865  2.241 0.1000000015
7720  -37.288  -82.108  1.409 0.1000000015
7751  -28.181  -81.494  -1.949 0.1000000015
7768  -33.765  -82.257  -4.411 0.1000000015
7806  -26.680  -81.854  -7.585 0.1000000015
7809  -32.145  -81.845  -8.305 0.1000000015
7813  -35.555  -80.495  -6.638 0.1000000015
7826  -29.384  -80.866  -9.484 0.1000000015
7839  -28.300  -81.918  -10.394 0.1000000015
7840  -28.791  -81.622  -10.304 0.1000000015
7844  -32.558  -81.001  -9.755 0.1000000015
7858  -28.877  -81.927  -10.839 0.1000000015
7862  -32.008  -81.020  -10.382 0.1000000015
8434  -32.118  -80.095  5.100 0.3000000119
8453  -37.578  -81.176  4.444 0.1000000015
8483  -36.569  -79.906  1.300 0.1000000015
8484  -38.708  -80.578  2.023 0.1000000015
8494  -36.590  -80.300  0.670 0.1000000015
8566  -36.377  -79.907  -5.752 0.2000000030
8578  -36.363  -79.840  -6.139 0.2000000030
8590  -30.221  -79.398  -8.534 0.1000000015
8602  -29.015  -80.694  -8.569 0.1000000015
8605  -33.596  -80.508  -9.125 0.1000000015
8607  -34.499  -80.207  -8.400 0.1000000015
8621  -34.318  -80.024  -8.851 0.1000000015
8636  -29.910  -80.876  -10.291 0.1000000015
8637  -30.608  -80.942  -10.494 0.1000000015
8638  -31.548  -80.510  -10.403 0.1000000015
9230  -35.073  -79.466  8.936 0.1000000015
9298  -37.374  -78.814  1.461 0.1000000015
9317  -24.537  -80.183  1.107 0.1000000015
9411  -29.730  -78.775  -7.286 0.1000000015
9413  -36.196  -79.538  -6.810 0.1000000015
9426  -29.014  -79.769  -7.320 0.1000000015
9429  -30.986  -78.866  -8.528 0.1000000015
9430  -35.226  -79.667  -7.992 0.1000000015
9432  -36.348  -79.013  -7.096 0.1000000015
9446  -35.369  -79.191  -8.212 0.1000000015
9460  -34.206  -79.451  -9.159 0.1000000015
9473  -32.373  -79.990  -10.287 0.1000000015
10119  -32.966  -77.737  6.099 0.5000000000
10163  -37.595  -77.897  2.587 0.3000000119
10177  -37.084  -78.620  2.290 0.2000000030
10179  -38.211  -77.968  1.415 0.3000000119
10193  -38.080  -78.388  1.069 0.1000000015
10297  -26.720  -77.678  -5.001 0.1000000015
10332  -28.836  -78.594  -6.310 0.1000000015
10334  -30.219  -78.178  -7.102 0.1000000015
10336  -36.669  -78.326  -6.567 0.1000000015
10366  -33.896  -78.344  -8.869 0.1000000015
10378  -33.121  -79.193  -9.659 0.1000000015
11063  -39.604  -77.587  10.623 0.1000000015
11116  -34.035  -76.912  6.190 0.6000000238
11129  -33.967  -77.414  6.095 0.5000000000
11156  -37.773  -77.268  3.015 0.3000000119
11205  -34.732  -77.167  0.529 0.4000000060
11219  -26.587  -78.224  -0.165 0.1000000015
11260  -35.994  -77.609  -2.288 0.1000000015
11292  -29.787  -76.941  -5.332 0.1000000015
11308  -31.612  -76.988  -6.363 0.1000000015
11317  -30.021  -77.844  -6.584 0.1000000015
11323  -36.728  -77.621  -6.680 0.1000000015
11336  -32.836  -77.786  -7.717 0.1000000015
11337  -33.701  -77.781  -7.926 0.1000000015
11341  -36.769  -77.102  -6.729 0.1000000015
11354  -34.104  -77.945  -8.303 0.1000000015
11356  -35.290  -78.368  -8.321 0.1000000015
12044  -39.614  -77.355  10.960 0.1000000015
12060  -39.609  -77.358  10.724 0.1000000015
12131  -37.728  -76.052  3.981 0.3000000119
12140  -38.027  -76.270  3.484 0.3000000119
12152  -39.264  -76.525  1.566 0.2000000030
12164  -34.894  -76.435  1.191 0.3000000119
12260  -30.574  -76.088  -5.120 0.1000000015
12271  -26.316  -76.817  -5.673 0.1000000015
12278  -38.069  -76.007  -5.392 0.1000000015
12286  -32.518  -76.859  -6.434 0.1000000015
12287  -33.508  -76.837  -6.651 0.1000000015
12291  -37.073  -76.612  -6.392 0.1000000015
12300  -35.166  -77.168  -7.485 0.1000000015
12302  -36.593  -76.717  -6.826 0.1000000015
12303  -36.792  -76.811  -6.636 0.1000000015
13058  -39.479  -76.487  8.416 0.1000000015
13077  -32.793  -75.465  6.203 0.6000000238
13093  -36.390  -75.312  5.173 0.4000000060
13094  -42.172  -75.498  4.938 0.1000000015
13116  -38.099  -75.804  3.823 0.3000000119
13131  -38.974  -75.619  2.454 0.3000000119
13148  -41.142  -75.747  1.678 0.2000000030
13200  -37.610  -75.297  -2.262 0.1000000015
13279  -34.921  -76.250  -6.611 0.1000000015
13281  -36.685  -76.198  -6.605 0.1000000015
13283  -38.003  -75.530  -5.836 0.1000000015
13294  -36.523  -76.455  -6.742 0.1000000015
13921  -43.762  -74.503  16.774 0.1000000015
14050  -33.668  -74.919  6.355 0.4000000060
14052  -43.724  -74.140  6.260 0.1000000015
14082  -38.305  -74.270  4.147 0.3000000119
14085  -44.307  -73.272  4.843 0.1000000015
14094  -31.934  -74.075  4.365 0.4000000060
14110  -38.957  -75.025  2.793 0.3000000119
14114  -42.170  -74.695  2.706 0.2000000030
14125  -41.006  -75.480  1.506 0.2000000030
14126  -41.189  -75.337  1.792 0.2000000030
14163  -36.390  -74.752  -1.456 0.2000000030
14236  -28.084  -74.553  -3.903 0.1000000015
14241  -33.259  -74.301  -4.927 0.1000000015
14253  -26.788  -73.911  -4.937 0.1000000015
14273  -27.499  -74.194  -6.327 0.1000000015
14274  -28.183  -73.800  -6.805 0.1000000015
14275  -36.441  -75.736  -6.469 0.1000000015
14943  -43.905  -73.711  15.297 0.1000000015
14960  -45.607  -73.565  14.174 0.1000000015
14961  -45.987  -73.661  13.842 0.1000000015
14972  -45.831  -73.372  13.715 0.1000000015
14996  -47.403  -72.959  11.631 0.3000000119
15072  -37.982  -73.171  4.955 0.5000000000
15073  -44.537  -72.990  5.153 0.2000000030
15083  -39.218  -73.317  3.951 0.3000000119
15085  -43.814  -73.142  4.164 0.2000000030
15095  -39.473  -73.662  3.218 0.3000000119
15108  -39.849  -73.889  2.606 0.3000000119
15127  -34.134  -74.294  1.242 0.3000000119
15158  -33.656  -72.538  -0.786 0.2000000030
15206  -27.667  -73.152  -3.915 0.1000000015
15211  -31.911  -73.323  -4.012 0.1000000015
15225  -26.920  -73.731  -4.823 0.1000000015
15226  -27.195  -73.446  -4.716 0.1000000015
15228  -31.435  -73.790  -4.068 0.1000000015
15231  -34.077  -73.461  -4.931 0.1000000015
15245  -26.894  -73.718  -5.070 0.1000000015
15282  -28.612  -73.504  -6.977 0.1000000015
15283  -29.373  -73.352  -7.372 0.1000000015
15300  -29.839  -73.723  -7.955 0.1000000015
16001  -45.700  -72.871  13.331 0.1000000015
16050  -48.312  -72.004  10.326 0.3000000119
16074  -48.023  -71.962  9.261 0.3000000119
16075  -48.348  -71.684  9.508 0.3000000119
16081  -40.810  -72.077  6.644 0.4000000060
16088  -33.349  -72.055  6.415 0.5000000000
16096  -40.798  -72.166  6.194 0.4000000060
16099  -45.914  -72.267  7.177 0.3000000119
16116  -42.897  -72.114  4.860 0.2000000030
16117  -44.298  -72.316  5.127 0.2000000030
16119  -45.139  -72.356  6.053 0.2000000030
16130  -42.963  -72.297  4.366 0.2000000030
16132  -44.344  -72.654  4.936 0.2000000030
16153  -30.983  -72.172  2.561 0.3000000119
16188  -31.887  -72.321  0.519 0.3000000119
16201  -33.454  -71.779  -0.757 0.1000000015
16212  -34.670  -72.067  -1.505 0.1000000015
16225  -29.742  -71.783  -2.526 0.1000000015
16227  -31.273  -71.812  -2.800 0.1000000015
16245  -33.347  -72.338  -4.030 0.1000000015
16274  -27.490  -73.005  -5.137 0.1000000015
16307  -29.898  -72.811  -7.312 0.1000000015
17018  -42.871  -71.489  13.571 0.1000000015
17028  -45.662  -71.704  12.606 0.2000000030
17063  -41.598  -70.811  7.865 0.3000000119
17111  -34.402  -72.302  6.470 0.4000000060
17112  -41.365  -72.105  6.054 0.4000000060
17117  -44.923  -72.229  5.922 0.2000000030
17125  -43.478  -72.207  4.685 0.2000000030
17134  -30.528  -71.496  3.275 0.3000000119
17150  -30.586  -71.487  2.660 0.4000000060
17168  -31.083  -71.705  1.357 0.4000000060
17200  -32.624  -71.717  -0.230 0.1000000015
17230  -31.438  -71.242  -2.633 0.1000000015
17261  -28.322  -71.289  -4.780 0.1000000015
17262  -33.708  -72.226  -4.110 0.1000000015
17282  -29.263  -71.257  -5.951 0.1000000015
17300  -29.393  -71.678  -6.310 0.1000000015
17301  -29.977  -71.568  -6.600 0.1000000015
17314  -30.533  -71.615  -6.873 0.1000000015
18094  -46.494  -70.300  12.797 0.2000000030
18139  -46.219  -70.302  9.028 0.3000000119
18161  -47.989  -71.043  9.023 0.3000000119
18170  -33.858  -70.518  7.408 0.4000000060
18196  -30.388  -70.213  5.188 0.3000000119
18233  -31.210  -70.372  1.737 0.2000000030
18249  -31.982  -70.382  1.101 0.1000000015
18266  -31.821  -71.070  0.672 0.4000000060
18304  -29.525  -69.606  -1.928 0.1000000015
18323  -29.061  -69.881  -2.332 0.1000000015
18326  -32.114  -70.416  -2.461 0.1000000015
18366  -36.152  -71.402  -4.329 0.1000000015
18367  -37.014  -71.119  -4.418 0.1000000015
18400  -29.702  -71.122  -6.196 0.1000000015
18403  -31.983  -70.010  -7.113 0.1000000015
18419  -31.358  -70.982  -7.125 0.1000000015
18421  -33.390  -70.630  -7.693 0.1000000015
19175  -46.983  -69.765  15.737 0.1000000015
19207  -48.520  -70.072  14.502 0.1000000015
19208  -50.075  -69.762  14.817 0.1000000015
19209  -49.859  -69.677  15.314 0.1000000015
19243  -38.933  -68.805  11.059 0.4000000060
19246  -49.478  -69.310  11.260 0.2000000030
19255  -37.541  -69.278  10.193 0.4000000060
19261  -43.448  -68.963  9.860 0.3000000119
19263  -46.124  -69.245  10.165 0.3000000119
19273  -34.320  -68.872  9.057 0.4000000060
19296  -35.391  -69.906  8.794 0.3000000119
19300  -45.340  -70.189  8.907 0.3000000119
19308  -31.380  -69.016  7.128 0.3000000119
19330  -29.757  -69.007  5.196 0.3000000119
19339  -29.833  -69.202  5.060 0.3000000119
19363  -30.529  -70.081  2.701 0.3000000119
19406  -32.204  -70.236  1.058 0.1000000015
19407  -32.523  -69.998  0.995 0.1000000015
19431  -29.275  -69.093  -1.952 0.1000000015
19450  -28.914  -69.163  -2.474 0.1000000015
19451  -30.776  -69.782  -1.858 0.1000000015
19498  -29.222  -69.558  -4.752 0.1000000015
19515  -29.541  -69.606  -5.207 0.1000000015
19534  -30.455  -69.914  -5.995 0.1000000015
19536  -31.995  -69.518  -6.774 0.1000000015
19553  -32.844  -69.679  -7.275 0.1000000015
20320  -50.265  -69.222  14.652 0.1000000015
20327  -47.971  -67.940  12.278 0.2000000030
20336  -36.148  -67.918  11.091 0.3000000119
20342  -45.729  -67.909  11.210 0.2000000030
20359  -39.769  -68.502  11.088 0.4000000060
20386  -32.097  -68.319  8.323 0.3000000119
20396  -31.447  -68.540  7.574 0.3000000119
20407  -30.481  -68.638  6.534 0.3000000119
20415  -29.734  -68.652  5.277 0.2000000030
20419  -29.779  -68.871  4.797 0.2000000030
20543  -28.847  -68.793  -2.830 0.1000000015
20544  -29.036  -68.611  -2.421 0.1000000015
20568  -28.929  -68.826  -3.453 0.1000000015
20585  -29.033  -69.061  -4.000 0.1000000015
20586  -29.379  -68.916  -4.518 0.1000000015
20587  -29.759  -68.448  -4.609 0.1000000015
20595  -30.019  -68.830  -5.174 0.1000000015
20596  -31.143  -68.705  -5.697 0.1000000015
20609  -34.183  -68.478  -7.026 0.1000000015
21362  -48.203  -67.237  14.056 0.2000000030
21386  -46.250  -67.234  12.362 0.3000000119
21397  -34.360  -66.570  10.929 0.3000000119
21441  -31.396  -66.897  8.821 0.2000000030
21443  -33.210  -67.198  9.637 0.2000000030
21459  -31.869  -67.707  8.647 0.3000000119
21468  -31.042  -67.930  7.687 0.3000000119
21510  -30.871  -68.418  3.547 0.2000000030
21511  -31.389  -68.083  3.575 0.1000000015
21612  -29.431  -67.597  -1.841 0.1000000015
21657  -29.365  -68.041  -3.607 0.1000000015
21673  -30.866  -67.281  -4.562 0.1000000015
21704  -33.446  -67.695  -6.416 0.1000000015
22454  -48.489  -67.227  15.031 0.3000000119
22480  -38.503  -65.836  12.410 0.1000000015
22487  -45.171  -66.567  12.414 0.3000000119
22488  -45.888  -66.696  12.708 0.3000000119
22510  -44.775  -66.865  11.912 0.3000000119
22525  -32.606  -65.763  10.078 0.2000000030
22541  -33.078  -66.583  9.877 0.2000000030
22552  -30.684  -66.560  7.944 0.2000000030
22557  -30.384  -66.571  7.246 0.2000000030
22587  -30.762  -67.024  4.482 0.1000000015
22746  -29.414  -66.987  -2.399 0.1000000015
22760  -29.542  -67.248  -3.196 0.1000000015
22762  -30.707  -66.125  -3.761 0.1000000015
23630  -36.012  -64.706  12.169 0.2000000030
23633  -38.068  -65.013  12.445 0.1000000015
23640  -44.628  -66.112  12.683 0.3000000119
23668  -32.757  -65.365  10.308 0.2000000030
23697  -30.466  -65.906  7.475 0.1000000015
23715  -30.742  -65.151  5.959 0.1000000015
23716  -38.823  -64.928  6.719 0.1000000015
23746  -31.795  -65.883  4.660 0.1000000015
23926  -33.291  -65.047  -5.063 0.1000000015
23939  -33.119  -65.959  -5.537 0.1000000015
23942  -35.873  -65.374  -6.293 0.1000000015
24851  -43.596  -63.766  14.234 0.1000000015
24871  -40.975  -64.157  13.194 0.1000000015
24891  -37.615  -64.245  12.408 0.2000000030
24896  -41.888  -64.520  13.251 0.1000000015
24916  -35.682  -64.288  12.031 0.2000000030
24935  -34.372  -64.656  11.350 0.2000000030
24948  -31.433  -64.527  9.145 0.1000000015
24967  -37.391  -63.796  8.029 0.1000000015
24988  -37.228  -63.985  7.695 0.1000000015
25004  -30.665  -65.032  6.465 0.1000000015
25005  -31.053  -64.669  6.055 0.1000000015
25012  -38.829  -64.780  6.512 0.1000000015
25021  -31.483  -64.712  5.679 0.1000000015
25022  -32.017  -64.662  5.524 0.1000000015
25201  -32.146  -64.427  -3.881 0.1000000015
25214  -31.999  -64.805  -4.032 0.1000000015
25218  -34.485  -63.916  -4.936 0.1000000015
26177  -42.351  -63.042  13.772 0.1000000015
26194  -35.872  -63.843  12.086 0.2000000030
26195  -36.283  -63.433  12.140 0.2000000030
26196  -37.124  -63.493  12.306 0.2000000030
26213  -33.900  -63.356  11.153 0.1000000015
26274  -35.557  -63.100  7.768 0.1000000015
26277  -37.603  -63.400  8.183 0.1000000015
26309  -31.881  -63.840  6.522 0.1000000015
26490  -32.174  -63.662  -3.358 0.1000000015
26492  -33.562  -62.737  -3.706 0.1000000015
27379  -44.675  -62.683  15.673 0.1000000015
27417  -43.310  -62.132  14.539 0.1000000015
27418  -43.661  -62.711  14.680 0.1000000015
27434  -40.933  -62.615  13.202 0.1000000015
27448  -37.358  -62.601  12.151 0.2000000030
27463  -34.199  -62.847  11.239 0.1000000015
27464  -34.688  -62.465  11.280 0.1000000015
27466  -36.374  -62.420  11.810 0.2000000030
27491  -33.131  -62.632  10.031 0.1000000015
27512  -34.153  -61.684  9.110 0.1000000015
27529  -37.121  -62.605  8.311 0.1000000015
27548  -33.390  -62.713  7.476 0.1000000015
27728  -33.203  -62.348  -3.199 0.1000000015
27738  -34.657  -62.406  -4.212 0.1000000015
27740  -36.080  -62.318  -4.794 0.1000000015
28625  -47.124  -61.488  15.808 0.1000000015
28649  -43.354  -61.305  14.395 0.1000000015
28650  -43.894  -60.996  14.594 0.1000000015
28672  -42.251  -61.450  13.669 0.1000000015
28690  -41.015  -61.211  12.749 0.1000000015
28712  -36.614  -61.329  11.349 0.1000000015
28715  -39.141  -61.028  11.912 0.2000000030
28746  -36.478  -60.895  10.905 0.1000000015
28762  -34.129  -61.671  9.432 0.1000000015
28764  -35.466  -60.919  9.678 0.1000000015
28780  -35.006  -61.699  8.498 0.1000000015
28783  -37.393  -61.709  8.412 0.1000000015
29020  -33.789  -61.865  -3.311 0.1000000015
29909  -44.444  -60.685  14.684 0.1000000015
29935  -43.012  -60.984  14.059 0.1000000015
29937  -44.069  -60.430  14.170 0.1000000015
29960  -43.531  -60.110  13.595 0.1000000015
29985  -40.550  -60.982  12.422 0.1000000015
30067  -38.570  -59.854  9.948 0.1000000015
30088  -36.792  -61.052  8.696 0.1000000015
30348  -35.689  -60.139  -3.863 0.1000000015
30368  -37.483  -60.192  -5.131 0.1000000015
31183  -43.897  -59.584  12.956 0.1000000015
31210  -42.577  -59.556  12.090 0.1000000015
31213  -45.222  -59.574  12.187 0.1000000015
31235  -39.435  -60.353  11.499 0.1000000015
31236  -39.880  -60.181  11.475 0.1000000015
31239  -42.053  -59.428  11.317 0.1000000015
31258  -39.311  -59.987  11.118 0.1000000015
31282  -39.237  -59.732  10.373 0.1000000015
31552  -35.313  -59.560  -3.523 0.1000000015
31572  -37.236  -59.405  -4.882 0.1000000015
32757  -35.245  -58.217  -3.190 0.1000000015
32766  -35.770  -58.320  -3.759 0.1000000015
