#!ascii label  , from subject 3406 vox2ras=TkReg
517
79211  -30.465  -16.948  -11.390 0.0000000000
82521  -29.924  -14.627  -16.152 0.0000000000
99528  -29.146  1.197  -14.890 0.0000000000
93058  -31.774  -4.318  -12.911 0.0000000000
85572  -36.104  -11.613  -13.502 0.0000000000
79267  -37.901  -17.822  -14.853 0.0000000000
101620  -28.389  3.421  -16.134 0.0000000000
89709  -34.272  -7.377  -12.456 0.0000000000
86627  -32.152  -10.396  -13.599 0.0000000000
79260  -30.345  -17.861  -14.723 0.0000000000
80423  -33.931  -16.695  -16.868 0.0000000000
80385  -33.860  -17.430  -13.450 0.0000000000
74643  -24.556  -22.062  -9.677 0.0000000000
79235  -27.488  -17.531  -12.547 0.0000000000
108519  -24.679  10.542  -16.003 0.0000000000
107550  -27.715  9.082  -16.139 0.0000000000
104624  -29.767  6.770  -14.759 0.0000000000
102627  -31.576  4.296  -14.395 0.0000000000
100549  -33.313  2.065  -13.461 0.0000000000
96384  -30.526  -1.098  -13.635 0.0000000000
97460  -34.802  -1.173  -13.091 0.0000000000
91915  -36.023  -5.050  -14.507 0.0000000000
88737  -36.761  -9.156  -15.491 0.0000000000
84584  -38.825  -12.394  -16.734 0.0000000000
82510  -33.610  -13.907  -15.254 0.0000000000
82540  -36.713  -14.680  -15.915 0.0000000000
88696  -31.122  -8.211  -13.958 0.0000000000
87689  -29.782  -9.470  -14.406 0.0000000000
79248  -30.758  -17.331  -13.538 0.0000000000
79249  -32.103  -17.559  -13.955 0.0000000000
80383  -31.895  -16.998  -13.071 0.0000000000
72235  -23.059  -23.846  -5.864 0.0000000000
73400  -23.736  -22.979  -6.089 0.0000000000
74597  -23.801  -21.925  -7.471 0.0000000000
80359  -27.740  -16.914  -12.726 0.0000000000
79233  -25.678  -17.669  -12.465 0.0000000000
105614  -28.486  7.684  -15.691 0.0000000000
100578  -29.273  2.492  -15.369 0.0000000000
102625  -29.916  4.081  -14.684 0.0000000000
100564  -30.655  2.365  -14.338 0.0000000000
101579  -32.344  2.771  -13.901 0.0000000000
99514  -31.020  1.362  -13.647 0.0000000000
95307  -31.051  -2.966  -12.791 0.0000000000
96360  -32.661  -1.569  -12.223 0.0000000000
95283  -33.940  -2.717  -12.298 0.0000000000
95308  -35.211  -2.903  -13.244 0.0000000000
93048  -34.096  -4.605  -12.402 0.0000000000
86613  -35.515  -9.715  -12.770 0.0000000000
88699  -36.138  -8.465  -13.233 0.0000000000
87691  -36.479  -9.759  -13.650 0.0000000000
86677  -37.303  -10.706  -16.056 0.0000000000
84570  -37.245  -12.159  -15.103 0.0000000000
83543  -30.190  -13.217  -15.393 0.0000000000
84565  -31.486  -12.560  -14.713 0.0000000000
82523  -32.045  -14.254  -16.083 0.0000000000
79286  -36.221  -17.776  -15.826 0.0000000000
81454  -35.486  -15.724  -16.562 0.0000000000
79310  -37.415  -16.560  -16.317 0.0000000000
81458  -38.915  -15.112  -16.019 0.0000000000
80396  -39.207  -16.615  -14.366 0.0000000000
75871  -25.709  -21.135  -9.140 0.0000000000
75883  -25.391  -21.034  -10.305 0.0000000000
75872  -26.157  -20.429  -9.579 0.0000000000
77005  -27.172  -19.259  -10.619 0.0000000000
91900  -31.340  -5.728  -13.516 0.0000000000
91889  -32.846  -5.683  -12.467 0.0000000000
89727  -32.132  -7.334  -13.217 0.0000000000
87653  -32.781  -8.983  -13.001 0.0000000000
86629  -33.875  -10.708  -13.022 0.0000000000
80403  -30.298  -16.479  -15.504 0.0000000000
80421  -31.907  -16.409  -16.527 0.0000000000
79282  -32.131  -17.822  -15.558 0.0000000000
78128  -34.002  -18.423  -15.197 0.0000000000
79253  -36.020  -18.510  -13.689 0.0000000000
75859  -24.685  -21.165  -7.851 0.0000000000
81418  -29.074  -15.645  -14.237 0.0000000000
80381  -28.758  -16.529  -13.874 0.0000000000
79236  -28.469  -17.072  -12.726 0.0000000000
79209  -28.844  -17.391  -11.940 0.0000000000
110287  -24.666  12.490  -16.620 0.0000000000
107578  -25.729  8.733  -16.333 0.0000000000
108521  -27.064  10.134  -16.582 0.0000000000
107552  -29.339  9.425  -15.619 0.0000000000
106585  -29.948  8.680  -15.366 0.0000000000
104626  -31.918  6.881  -14.767 0.0000000000
103649  -29.320  5.349  -14.960 0.0000000000
103650  -30.384  5.889  -14.461 0.0000000000
104616  -33.048  5.727  -14.903 0.0000000000
102629  -33.527  3.905  -15.020 0.0000000000
101598  -34.611  2.675  -14.953 0.0000000000
99540  -35.013  1.136  -15.328 0.0000000000
97473  -29.765  -0.269  -14.434 0.0000000000
98490  -31.648  0.541  -12.613 0.0000000000
98491  -34.392  0.607  -13.218 0.0000000000
98506  -35.311  -0.546  -15.052 0.0000000000
95364  -35.274  -2.937  -15.594 0.0000000000
90830  -36.089  -6.364  -16.086 0.0000000000
90796  -35.273  -6.486  -12.881 0.0000000000
90809  -36.389  -6.477  -14.155 0.0000000000
86652  -30.604  -10.527  -14.295 0.0000000000
84547  -32.737  -12.390  -14.145 0.0000000000
83528  -34.661  -13.337  -13.954 0.0000000000
81434  -33.864  -15.182  -16.201 0.0000000000
82526  -35.327  -14.578  -15.049 0.0000000000
83566  -36.798  -13.691  -15.207 0.0000000000
83579  -37.866  -13.508  -16.110 0.0000000000
83568  -39.518  -13.399  -15.676 0.0000000000
77034  -26.331  -19.046  -12.094 0.0000000000
78093  -27.774  -18.592  -11.282 0.0000000000
78078  -29.462  -17.745  -10.537 0.0000000000
79238  -30.420  -16.909  -12.338 0.0000000000
80382  -31.184  -16.916  -12.617 0.0000000000
80360  -31.108  -16.792  -11.813 0.0000000000
80361  -31.846  -16.717  -12.158 0.0000000000
80332  -31.094  -16.879  -11.035 0.0000000000
71070  -23.825  -24.390  -4.953 0.0000000000
72236  -24.188  -23.813  -5.124 0.0000000000
99539  -29.339  1.841  -14.984 0.0000000000
100563  -29.810  2.473  -14.790 0.0000000000
99530  -30.498  1.361  -14.085 0.0000000000
94214  -30.879  -3.572  -13.344 0.0000000000
94215  -31.539  -3.401  -12.669 0.0000000000
95282  -32.972  -2.636  -12.051 0.0000000000
94192  -32.439  -3.730  -12.354 0.0000000000
94194  -34.398  -3.648  -12.442 0.0000000000
93047  -33.176  -4.706  -12.279 0.0000000000
86631  -35.764  -10.456  -13.017 0.0000000000
87672  -35.877  -9.376  -12.903 0.0000000000
86653  -36.468  -10.852  -13.622 0.0000000000
86654  -36.921  -10.722  -14.245 0.0000000000
85593  -36.759  -11.659  -13.995 0.0000000000
83559  -29.615  -13.704  -15.980 0.0000000000
83560  -30.461  -13.716  -16.325 0.0000000000
82536  -30.733  -14.548  -16.393 0.0000000000
79309  -36.694  -16.979  -16.583 0.0000000000
79287  -37.359  -17.350  -15.702 0.0000000000
80407  -38.872  -16.243  -15.309 0.0000000000
79268  -38.619  -17.218  -14.657 0.0000000000
80388  -39.292  -16.513  -13.535 0.0000000000
79255  -38.348  -17.937  -14.121 0.0000000000
90805  -30.985  -6.433  -13.686 0.0000000000
90806  -31.732  -6.491  -13.334 0.0000000000
89726  -31.438  -7.310  -13.595 0.0000000000
87669  -31.179  -9.071  -13.978 0.0000000000
87652  -32.318  -8.584  -13.303 0.0000000000
87671  -32.640  -9.825  -13.242 0.0000000000
86610  -33.349  -9.881  -12.908 0.0000000000
86628  -33.001  -10.703  -13.276 0.0000000000
79259  -29.703  -17.365  -14.952 0.0000000000
79281  -31.158  -17.540  -15.510 0.0000000000
79250  -33.178  -17.748  -14.118 0.0000000000
79262  -32.573  -18.044  -14.822 0.0000000000
79251  -34.093  -18.033  -14.100 0.0000000000
79264  -34.409  -18.432  -14.744 0.0000000000
79252  -34.951  -18.320  -14.027 0.0000000000
80387  -35.318  -18.069  -13.347 0.0000000000
80386  -34.683  -17.746  -13.482 0.0000000000
71068  -22.380  -24.500  -5.911 0.0000000000
69979  -21.758  -25.408  -5.784 0.0000000000
74619  -24.206  -21.497  -7.716 0.0000000000
75843  -25.077  -20.812  -7.270 0.0000000000
79208  -27.969  -17.809  -12.008 0.0000000000
109353  -24.084  11.609  -16.021 0.0000000000
110286  -23.555  12.688  -16.197 0.0000000000
109354  -25.154  11.356  -16.510 0.0000000000
107567  -27.218  9.092  -16.704 0.0000000000
107566  -26.256  9.145  -16.563 0.0000000000
108507  -27.444  9.523  -16.366 0.0000000000
108508  -27.842  9.796  -16.032 0.0000000000
108509  -28.697  10.055  -15.831 0.0000000000
107551  -28.397  9.238  -15.724 0.0000000000
105615  -29.400  7.686  -15.303 0.0000000000
105616  -30.439  7.807  -14.982 0.0000000000
105617  -31.549  7.812  -14.956 0.0000000000
104625  -30.908  6.923  -14.607 0.0000000000
102644  -28.914  4.363  -15.801 0.0000000000
102626  -30.658  4.192  -14.459 0.0000000000
103635  -30.124  4.890  -14.506 0.0000000000
103636  -31.062  5.143  -14.400 0.0000000000
103637  -32.234  5.426  -14.540 0.0000000000
103638  -33.079  4.996  -14.892 0.0000000000
102628  -32.541  4.234  -14.527 0.0000000000
101580  -33.036  2.684  -13.805 0.0000000000
101597  -33.719  2.835  -14.388 0.0000000000
100566  -33.763  2.236  -13.930 0.0000000000
100579  -34.952  1.773  -15.130 0.0000000000
100567  -34.347  1.913  -14.341 0.0000000000
95305  -30.159  -1.924  -14.075 0.0000000000
96403  -29.628  -1.313  -14.632 0.0000000000
96404  -30.158  -0.835  -14.266 0.0000000000
97458  -30.629  -0.092  -13.422 0.0000000000
97459  -31.093  -0.418  -12.759 0.0000000000
97439  -34.107  -1.010  -12.698 0.0000000000
97438  -33.320  -0.812  -12.407 0.0000000000
98477  -34.580  -0.541  -12.965 0.0000000000
98492  -35.069  -0.115  -13.704 0.0000000000
98493  -35.365  -1.009  -14.405 0.0000000000
97475  -35.292  -1.909  -15.100 0.0000000000
97461  -35.264  -1.564  -13.873 0.0000000000
93060  -35.725  -4.421  -14.033 0.0000000000
94217  -35.537  -3.676  -14.316 0.0000000000
93072  -35.742  -4.406  -15.035 0.0000000000
93089  -35.579  -5.013  -15.980 0.0000000000
91916  -36.060  -5.456  -15.337 0.0000000000
90794  -33.620  -6.532  -12.465 0.0000000000
90795  -34.472  -6.473  -12.611 0.0000000000
89710  -35.102  -7.317  -12.598 0.0000000000
88718  -36.669  -8.661  -14.339 0.0000000000
89729  -36.393  -7.470  -13.734 0.0000000000
89748  -36.563  -7.495  -14.772 0.0000000000
89771  -36.463  -7.402  -15.855 0.0000000000
88749  -36.442  -8.299  -16.480 0.0000000000
86678  -37.779  -10.972  -16.602 0.0000000000
85605  -39.539  -11.507  -16.507 0.0000000000
86651  -29.511  -10.592  -14.316 0.0000000000
83545  -32.009  -13.127  -15.270 0.0000000000
84566  -32.367  -12.519  -14.488 0.0000000000
84567  -32.892  -12.652  -14.399 0.0000000000
84548  -33.245  -12.588  -13.975 0.0000000000
83527  -33.777  -13.167  -14.097 0.0000000000
80422  -32.813  -16.751  -16.617 0.0000000000
82539  -33.042  -15.166  -16.529 0.0000000000
81452  -33.431  -15.879  -16.774 0.0000000000
81455  -36.576  -15.298  -16.389 0.0000000000
81437  -36.378  -14.933  -15.881 0.0000000000
82512  -35.752  -14.238  -14.857 0.0000000000
82528  -36.907  -14.192  -15.665 0.0000000000
83567  -37.314  -13.639  -15.640 0.0000000000
82541  -37.323  -14.419  -16.114 0.0000000000
82529  -39.347  -14.415  -15.248 0.0000000000
82543  -39.029  -14.310  -16.110 0.0000000000
83550  -39.515  -13.617  -14.663 0.0000000000
78076  -27.961  -18.789  -10.147 0.0000000000
78077  -28.753  -18.246  -10.589 0.0000000000
88695  -30.570  -7.756  -14.221 0.0000000000
88717  -30.810  -8.740  -14.184 0.0000000000
86626  -31.344  -9.923  -13.936 0.0000000000
79261  -31.471  -17.809  -14.703 0.0000000000
80384  -32.889  -17.236  -13.302 0.0000000000
80363  -33.651  -16.925  -12.671 0.0000000000
80362  -32.705  -16.762  -12.464 0.0000000000
80334  -32.543  -16.613  -11.556 0.0000000000
71069  -23.312  -24.675  -5.118 0.0000000000
73442  -23.392  -22.417  -7.802 0.0000000000
73422  -23.575  -22.472  -6.931 0.0000000000
73423  -24.101  -22.344  -6.390 0.0000000000
80379  -27.520  -16.466  -12.741 0.0000000000
80357  -26.141  -16.878  -12.504 0.0000000000
79234  -26.612  -17.723  -12.601 0.0000000000
107564  -24.431  10.116  -15.630 0.0000000000
106582  -27.499  8.375  -16.359 0.0000000000
106583  -28.074  8.456  -15.805 0.0000000000
105613  -27.819  7.816  -16.034 0.0000000000
104623  -28.878  6.590  -15.680 0.0000000000
101610  -29.107  3.380  -15.639 0.0000000000
101611  -29.665  3.325  -15.081 0.0000000000
101593  -30.297  3.309  -14.644 0.0000000000
101594  -31.052  3.395  -14.360 0.0000000000
101595  -31.882  3.318  -14.201 0.0000000000
100565  -31.287  2.832  -14.213 0.0000000000
100547  -31.534  2.261  -13.863 0.0000000000
100548  -32.432  2.166  -13.467 0.0000000000
95306  -30.511  -2.349  -13.331 0.0000000000
96359  -31.831  -1.165  -12.426 0.0000000000
95281  -31.870  -2.437  -12.366 0.0000000000
96361  -33.574  -1.747  -12.296 0.0000000000
96362  -34.403  -1.886  -12.612 0.0000000000
96386  -35.038  -2.077  -13.110 0.0000000000
95284  -34.730  -2.791  -12.674 0.0000000000
94195  -35.085  -3.643  -12.884 0.0000000000
91903  -35.290  -5.135  -13.072 0.0000000000
88678  -34.941  -8.270  -12.472 0.0000000000
88698  -35.570  -8.010  -12.740 0.0000000000
88679  -35.603  -8.657  -12.733 0.0000000000
87692  -36.908  -9.776  -14.656 0.0000000000
87706  -36.909  -9.707  -15.600 0.0000000000
86668  -37.220  -10.670  -15.112 0.0000000000
85604  -37.398  -11.585  -15.479 0.0000000000
85609  -37.755  -11.671  -16.202 0.0000000000
84564  -30.672  -12.601  -14.679 0.0000000000
83544  -31.026  -13.198  -15.442 0.0000000000
83562  -32.465  -13.738  -15.620 0.0000000000
79307  -34.473  -17.494  -16.693 0.0000000000
80424  -35.016  -16.570  -17.040 0.0000000000
79308  -35.585  -17.359  -16.656 0.0000000000
80426  -37.081  -16.044  -16.694 0.0000000000
80427  -37.857  -15.918  -16.338 0.0000000000
81457  -38.430  -15.211  -16.207 0.0000000000
80428  -38.413  -15.898  -15.949 0.0000000000
80408  -39.321  -15.697  -15.137 0.0000000000
81420  -39.583  -15.369  -14.073 0.0000000000
82478  -39.344  -14.753  -13.389 0.0000000000
81419  -39.487  -15.897  -13.712 0.0000000000
74644  -25.173  -21.690  -9.443 0.0000000000
74653  -24.958  -21.713  -9.993 0.0000000000
75884  -26.064  -20.260  -10.372 0.0000000000
77004  -26.405  -19.767  -10.897 0.0000000000
76992  -26.608  -19.743  -10.028 0.0000000000
76993  -27.328  -19.216  -9.609 0.0000000000
93057  -31.252  -4.785  -13.521 0.0000000000
91901  -32.126  -5.543  -13.021 0.0000000000
93046  -32.480  -4.885  -12.625 0.0000000000
91902  -32.530  -6.117  -12.698 0.0000000000
90793  -32.876  -6.636  -12.526 0.0000000000
89708  -33.437  -7.409  -12.496 0.0000000000
88697  -31.944  -8.110  -13.497 0.0000000000
88675  -32.528  -8.105  -13.089 0.0000000000
88677  -34.004  -8.250  -12.425 0.0000000000
87654  -33.668  -9.068  -12.626 0.0000000000
86630  -34.761  -10.660  -12.931 0.0000000000
85571  -35.197  -11.584  -13.225 0.0000000000
81428  -30.136  -15.534  -15.469 0.0000000000
81450  -31.465  -15.570  -16.485 0.0000000000
80404  -31.064  -16.542  -16.072 0.0000000000
80405  -31.904  -17.210  -16.192 0.0000000000
79305  -32.674  -17.580  -16.204 0.0000000000
79283  -33.223  -18.130  -15.722 0.0000000000
79284  -33.918  -17.982  -16.260 0.0000000000
78149  -34.806  -18.232  -15.819 0.0000000000
79265  -35.404  -18.401  -15.050 0.0000000000
79266  -36.868  -18.451  -14.755 0.0000000000
78130  -37.256  -18.590  -13.915 0.0000000000
79254  -36.765  -18.649  -13.889 0.0000000000
80364  -34.618  -17.254  -12.787 0.0000000000
69962  -22.097  -25.629  -5.272 0.0000000000
73459  -23.938  -22.209  -9.246 0.0000000000
74618  -23.843  -21.951  -8.169 0.0000000000
74632  -24.514  -21.766  -8.662 0.0000000000
75860  -25.298  -20.937  -8.242 0.0000000000
81427  -29.732  -15.594  -14.834 0.0000000000
80395  -29.956  -16.246  -15.055 0.0000000000
80394  -29.476  -16.588  -14.575 0.0000000000
79247  -29.342  -17.334  -13.870 0.0000000000
80380  -28.163  -16.465  -13.092 0.0000000000
79246  -28.679  -16.896  -13.408 0.0000000000
79237  -29.547  -17.030  -12.721 0.0000000000
79210  -29.674  -17.114  -11.734 0.0000000000
110275  -22.957  12.873  -15.695 0.0000000000
107565  -25.180  9.311  -15.999 0.0000000000
108520  -25.758  10.270  -16.425 0.0000000000
109355  -26.298  11.244  -16.677 0.0000000000
109356  -27.393  11.393  -16.549 0.0000000000
106584  -28.926  8.534  -15.523 0.0000000000
106586  -31.053  8.715  -15.341 0.0000000000
105618  -32.593  7.488  -15.488 0.0000000000
105619  -32.996  6.725  -15.498 0.0000000000
103648  -28.620  5.381  -16.067 0.0000000000
103634  -29.652  4.642  -14.737 0.0000000000
103651  -31.439  6.107  -14.486 0.0000000000
104627  -32.713  6.434  -14.934 0.0000000000
104628  -33.416  6.035  -15.532 0.0000000000
104617  -33.324  5.483  -15.155 0.0000000000
102646  -34.044  4.240  -15.865 0.0000000000
101596  -32.859  3.340  -14.252 0.0000000000
102630  -34.118  3.235  -14.953 0.0000000000
97472  -29.130  -0.345  -14.925 0.0000000000
98502  -29.363  0.527  -14.601 0.0000000000
98504  -30.534  0.615  -13.710 0.0000000000
99515  -31.747  1.410  -13.129 0.0000000000
99516  -32.712  1.550  -12.918 0.0000000000
97436  -32.019  -0.191  -12.381 0.0000000000
99502  -33.433  0.578  -12.562 0.0000000000
99517  -33.722  1.169  -12.977 0.0000000000
99518  -34.393  1.058  -13.762 0.0000000000
99532  -35.154  0.253  -15.013 0.0000000000
95327  -35.396  -3.081  -14.563 0.0000000000
95346  -35.406  -3.184  -15.074 0.0000000000
91939  -34.465  -5.302  -17.040 0.0000000000
91941  -35.315  -5.732  -16.544 0.0000000000
91890  -33.825  -5.588  -12.462 0.0000000000
91891  -34.747  -5.511  -12.750 0.0000000000
91892  -35.413  -5.809  -13.158 0.0000000000
89728  -35.833  -7.353  -12.992 0.0000000000
90808  -35.931  -6.484  -13.377 0.0000000000
91905  -36.268  -5.732  -14.545 0.0000000000
90819  -36.394  -6.466  -15.131 0.0000000000
87715  -37.049  -9.753  -16.412 0.0000000000
85567  -31.558  -11.042  -14.002 0.0000000000
85591  -31.054  -11.717  -14.378 0.0000000000
85592  -31.786  -11.925  -14.247 0.0000000000
85568  -32.505  -11.696  -13.790 0.0000000000
85569  -33.538  -11.623  -13.375 0.0000000000
84549  -34.333  -12.441  -13.471 0.0000000000
84550  -35.677  -12.742  -13.774 0.0000000000
82538  -32.266  -14.881  -16.476 0.0000000000
82524  -33.111  -14.309  -15.886 0.0000000000
81453  -34.441  -15.876  -16.641 0.0000000000
81435  -34.861  -15.308  -15.852 0.0000000000
82525  -34.249  -14.536  -15.341 0.0000000000
83548  -35.344  -13.871  -14.574 0.0000000000
84568  -36.045  -13.331  -14.362 0.0000000000
84551  -36.416  -12.242  -13.862 0.0000000000
84569  -36.760  -12.741  -14.616 0.0000000000
84578  -37.468  -12.641  -15.627 0.0000000000
84583  -38.151  -12.539  -16.404 0.0000000000
82542  -38.175  -14.359  -16.213 0.0000000000
83580  -38.597  -13.367  -16.352 0.0000000000
84585  -39.338  -12.184  -16.614 0.0000000000
78112  -26.121  -18.487  -12.438 0.0000000000
78113  -27.108  -18.493  -12.288 0.0000000000
77020  -26.792  -19.178  -11.537 0.0000000000
78094  -28.520  -17.999  -11.441 0.0000000000
79188  -29.214  -17.696  -11.219 0.0000000000
79189  -29.912  -17.323  -10.919 0.0000000000
74633  -25.242  -21.473  -8.847 0.0000000000
78123  -37.922  -18.411  -13.467 0.0000000000
78124  -38.602  -17.909  -13.450 0.0000000000
78127  -33.751  -18.413  -15.127 0.0000000000
78129  -34.534  -18.379  -15.315 0.0000000000
78131  -37.702  -18.360  -14.253 0.0000000000
78147  -33.703  -18.370  -15.364 0.0000000000
78148  -34.080  -18.305  -15.738 0.0000000000
78162  -34.444  -18.063  -16.252 0.0000000000
78163  -34.958  -17.912  -16.386 0.0000000000
79256  -38.893  -17.307  -13.861 0.0000000000
79263  -33.578  -18.322  -14.876 0.0000000000
79279  -29.954  -17.092  -15.337 0.0000000000
79280  -30.335  -17.288  -15.459 0.0000000000
79285  -35.410  -17.998  -16.001 0.0000000000
79288  -38.190  -17.068  -15.306 0.0000000000
79306  -33.486  -17.491  -16.475 0.0000000000
80358  -27.040  -16.898  -12.655 0.0000000000
80389  -39.509  -16.103  -14.063 0.0000000000
80397  -39.473  -15.931  -14.671 0.0000000000
80402  -29.826  -16.834  -15.123 0.0000000000
80406  -38.025  -16.510  -15.849 0.0000000000
80425  -36.106  -16.316  -16.909 0.0000000000
81399  -27.145  -16.301  -12.652 0.0000000000
81400  -39.332  -15.522  -13.235 0.0000000000
81401  -39.486  -15.034  -13.637 0.0000000000
81429  -39.452  -15.235  -14.884 0.0000000000
81432  -30.713  -15.520  -16.115 0.0000000000
81433  -31.063  -15.892  -16.267 0.0000000000
81436  -35.851  -15.152  -15.803 0.0000000000
81438  -38.777  -15.551  -15.831 0.0000000000
81439  -39.165  -15.248  -15.554 0.0000000000
81449  -31.078  -15.011  -16.362 0.0000000000
81451  -32.468  -15.774  -16.719 0.0000000000
81456  -37.593  -15.224  -16.375 0.0000000000
82496  -39.187  -14.190  -13.414 0.0000000000
82497  -39.435  -14.445  -13.916 0.0000000000
82508  -29.792  -14.885  -15.354 0.0000000000
82509  -33.237  -13.760  -15.405 0.0000000000
82511  -35.477  -14.249  -14.811 0.0000000000
82522  -31.645  -14.167  -16.214 0.0000000000
82527  -36.295  -14.478  -15.337 0.0000000000
82537  -31.442  -14.472  -16.371 0.0000000000
83526  -33.392  -12.994  -14.313 0.0000000000
83546  -33.157  -13.199  -14.883 0.0000000000
83547  -34.217  -13.812  -14.648 0.0000000000
83549  -36.214  -13.776  -14.762 0.0000000000
83561  -31.486  -13.829  -16.099 0.0000000000
83563  -33.016  -13.708  -15.498 0.0000000000
83564  -34.852  -14.290  -14.793 0.0000000000
83565  -35.177  -14.274  -14.780 0.0000000000
83577  -31.058  -14.092  -16.426 0.0000000000
83578  -31.303  -14.108  -16.345 0.0000000000
83581  -39.270  -13.051  -16.399 0.0000000000
84577  -37.093  -13.185  -15.292 0.0000000000
85570  -34.352  -11.416  -13.171 0.0000000000
85594  -37.150  -11.606  -14.723 0.0000000000
85610  -38.342  -11.514  -16.874 0.0000000000
86611  -34.215  -9.890  -12.723 0.0000000000
86612  -35.036  -9.842  -12.705 0.0000000000
86683  -37.471  -10.323  -16.668 0.0000000000
87655  -34.538  -9.093  -12.519 0.0000000000
87656  -35.280  -9.166  -12.617 0.0000000000
87670  -31.933  -9.139  -13.550 0.0000000000
87690  -30.666  -9.345  -14.243 0.0000000000
87705  -36.754  -9.140  -15.726 0.0000000000
88676  -33.171  -8.215  -12.667 0.0000000000
88719  -36.797  -9.176  -15.115 0.0000000000
88736  -36.700  -8.551  -15.492 0.0000000000
89707  -32.714  -7.397  -12.753 0.0000000000
89725  -30.735  -7.240  -13.955 0.0000000000
89747  -30.098  -7.267  -14.315 0.0000000000
90807  -32.336  -6.592  -12.902 0.0000000000
90818  -30.247  -6.405  -14.090 0.0000000000
91888  -32.477  -5.369  -12.690 0.0000000000
91904  -35.843  -5.431  -13.728 0.0000000000
91926  -35.306  -5.189  -16.338 0.0000000000
91927  -35.574  -5.446  -16.183 0.0000000000
91940  -34.891  -5.495  -16.760 0.0000000000
93049  -34.878  -4.494  -12.719 0.0000000000
93059  -35.399  -4.457  -13.286 0.0000000000
93073  -35.688  -4.981  -15.715 0.0000000000
94193  -33.501  -3.676  -12.184 0.0000000000
94216  -35.424  -3.666  -13.570 0.0000000000
94235  -35.519  -3.590  -14.878 0.0000000000
95309  -35.347  -3.007  -13.931 0.0000000000
96383  -30.180  -1.299  -14.219 0.0000000000
96385  -30.983  -1.684  -12.715 0.0000000000
96387  -35.242  -2.378  -13.675 0.0000000000
96405  -35.325  -2.423  -14.332 0.0000000000
96420  -35.352  -2.691  -14.924 0.0000000000
97437  -32.541  -0.729  -12.357 0.0000000000
97474  -30.288  -0.190  -13.967 0.0000000000
98474  -32.329  0.483  -12.446 0.0000000000
98475  -32.951  0.059  -12.362 0.0000000000
98476  -34.066  0.046  -12.689 0.0000000000
98489  -30.994  0.623  -13.120 0.0000000000
98503  -29.993  0.588  -14.153 0.0000000000
98505  -35.165  0.157  -14.602 0.0000000000
99500  -32.228  1.032  -12.631 0.0000000000
99501  -32.898  0.887  -12.505 0.0000000000
99529  -29.762  1.500  -14.458 0.0000000000
99531  -34.844  0.832  -14.717 0.0000000000
99538  -28.852  1.517  -15.529 0.0000000000
100546  -30.943  1.823  -14.025 0.0000000000
100550  -33.924  1.724  -13.676 0.0000000000
100577  -28.638  2.469  -15.902 0.0000000000
101581  -33.454  2.484  -13.881 0.0000000000
102645  -29.408  4.194  -15.124 0.0000000000
102647  -34.458  3.375  -15.485 0.0000000000
103652  -32.106  6.249  -14.614 0.0000000000
103653  -33.546  5.014  -15.440 0.0000000000
106587  -32.041  8.551  -15.541 0.0000000000
