#!ascii label  , from subject 3406 vox2ras=TkReg
812
75086  20.323  -11.721  -10.435 0.0000000000
83609  28.615  -4.730  -15.488 0.0000000000
97430  20.941  7.912  -14.830 0.0000000000
91995  16.070  2.806  -13.302 0.0000000000
68846  23.675  -17.645  -9.252 0.0000000000
68880  28.840  -17.036  -11.690 0.0000000000
77553  25.477  -9.026  -12.050 0.0000000000
86040  19.980  -3.147  -14.093 0.0000000000
90816  23.332  1.342  -12.975 0.0000000000
98674  26.543  8.438  -11.083 0.0000000000
103354  18.327  12.651  -14.020 0.0000000000
71223  22.049  -14.592  -9.454 0.0000000000
68872  26.442  -17.628  -10.703 0.0000000000
72560  25.914  -14.221  -11.005 0.0000000000
83550  17.360  -4.451  -11.506 0.0000000000
85996  15.129  -2.231  -11.594 0.0000000000
94141  18.503  4.459  -14.547 0.0000000000
90830  19.619  1.549  -14.745 0.0000000000
94122  21.937  4.623  -13.946 0.0000000000
94091  24.715  4.687  -10.861 0.0000000000
97408  22.819  7.798  -11.479 0.0000000000
105500  14.611  14.677  -11.824 0.0000000000
103319  16.309  12.386  -13.022 0.0000000000
106762  17.004  15.086  -13.974 0.0000000000
79973  27.786  -7.198  -13.894 0.0000000000
75135  30.814  -11.261  -12.828 0.0000000000
78728  32.064  -8.666  -13.227 0.0000000000
97432  17.910  7.440  -13.789 0.0000000000
86085  30.260  -1.887  -16.555 0.0000000000
77519  18.826  -9.307  -10.445 0.0000000000
76367  22.280  -10.646  -12.230 0.0000000000
79954  20.006  -7.953  -12.913 0.0000000000
81218  21.985  -6.350  -14.507 0.0000000000
84782  24.379  -3.554  -13.645 0.0000000000
88479  17.532  -0.436  -13.292 0.0000000000
88476  21.943  -0.723  -14.097 0.0000000000
87249  26.484  -1.719  -13.562 0.0000000000
89632  27.543  1.115  -13.076 0.0000000000
99997  17.413  9.776  -13.440 0.0000000000
101213  20.591  10.541  -14.851 0.0000000000
106799  20.268  15.649  -15.119 0.0000000000
104444  21.254  13.764  -14.077 0.0000000000
102284  22.212  11.227  -12.934 0.0000000000
102280  25.354  11.355  -12.868 0.0000000000
73876  28.402  -12.449  -12.398 0.0000000000
76342  18.176  -10.575  -9.463 0.0000000000
73825  19.408  -12.221  -9.283 0.0000000000
72564  21.215  -13.037  -10.483 0.0000000000
72544  23.709  -14.187  -9.923 0.0000000000
73838  22.478  -12.431  -10.709 0.0000000000
95173  20.270  5.677  -15.051 0.0000000000
94138  20.872  4.610  -14.956 0.0000000000
95154  21.020  5.903  -13.903 0.0000000000
96262  22.242  6.673  -11.970 0.0000000000
97418  21.217  7.793  -12.877 0.0000000000
107871  14.602  16.612  -12.694 0.0000000000
105549  15.261  14.938  -13.351 0.0000000000
107878  15.586  16.209  -13.593 0.0000000000
81234  27.913  -6.163  -14.862 0.0000000000
79971  29.610  -7.781  -14.448 0.0000000000
81212  30.397  -6.637  -15.009 0.0000000000
95158  16.384  5.874  -13.319 0.0000000000
96280  16.319  7.196  -13.222 0.0000000000
69978  21.441  -16.216  -8.703 0.0000000000
67744  21.820  -17.870  -8.075 0.0000000000
65548  24.302  -20.152  -8.946 0.0000000000
65566  25.148  -19.845  -9.410 0.0000000000
68871  27.253  -17.568  -11.160 0.0000000000
67754  27.148  -18.770  -10.096 0.0000000000
78695  18.990  -8.378  -11.752 0.0000000000
81159  18.316  -6.940  -10.830 0.0000000000
84766  18.355  -3.690  -12.545 0.0000000000
82451  19.434  -5.584  -13.556 0.0000000000
83614  20.950  -4.663  -14.679 0.0000000000
82447  23.539  -5.380  -13.754 0.0000000000
84804  21.869  -3.747  -14.511 0.0000000000
89620  14.665  0.080  -11.804 0.0000000000
89656  16.575  0.757  -13.159 0.0000000000
90827  21.937  1.591  -14.305 0.0000000000
89666  21.206  0.439  -14.645 0.0000000000
89650  23.020  0.315  -13.431 0.0000000000
87251  24.258  -1.684  -13.540 0.0000000000
89648  25.062  0.276  -13.252 0.0000000000
89647  26.143  0.373  -13.477 0.0000000000
90798  25.839  2.006  -12.861 0.0000000000
96231  25.659  6.363  -10.504 0.0000000000
94089  26.775  4.162  -10.663 0.0000000000
103334  17.139  12.756  -13.482 0.0000000000
102298  16.793  11.515  -13.192 0.0000000000
102316  18.164  11.464  -13.835 0.0000000000
101215  18.623  10.457  -14.092 0.0000000000
102315  18.968  11.617  -14.380 0.0000000000
102297  21.645  12.313  -13.457 0.0000000000
103330  23.179  12.554  -13.040 0.0000000000
102282  23.791  11.758  -12.327 0.0000000000
77530  24.912  -9.588  -11.795 0.0000000000
75114  25.956  -11.223  -11.841 0.0000000000
76387  27.362  -10.579  -12.448 0.0000000000
75150  33.644  -12.167  -13.178 0.0000000000
72616  31.960  -13.379  -13.195 0.0000000000
69994  21.425  -15.354  -9.084 0.0000000000
69992  23.567  -16.006  -9.592 0.0000000000
67756  25.144  -18.466  -9.778 0.0000000000
71221  24.206  -15.189  -9.876 0.0000000000
71238  25.470  -15.003  -10.685 0.0000000000
71255  27.159  -14.781  -11.607 0.0000000000
83537  15.305  -4.571  -10.226 0.0000000000
84755  16.490  -3.763  -11.472 0.0000000000
86016  17.283  -2.482  -12.494 0.0000000000
93097  17.254  3.741  -14.040 0.0000000000
90832  17.778  2.299  -14.194 0.0000000000
93113  19.685  3.561  -14.749 0.0000000000
93111  21.535  3.508  -14.590 0.0000000000
93094  22.488  2.830  -12.662 0.0000000000
91977  24.182  2.819  -12.219 0.0000000000
94108  22.661  4.634  -12.254 0.0000000000
96251  24.014  7.022  -10.775 0.0000000000
98676  24.379  8.493  -10.522 0.0000000000
103301  15.872  13.104  -11.905 0.0000000000
104368  15.095  13.604  -12.360 0.0000000000
104403  15.988  14.059  -13.282 0.0000000000
104401  17.566  13.788  -13.969 0.0000000000
78734  26.938  -7.980  -12.818 0.0000000000
77551  27.766  -9.646  -12.647 0.0000000000
77573  29.609  -9.155  -13.313 0.0000000000
77571  31.787  -9.771  -12.921 0.0000000000
93099  15.712  3.775  -13.018 0.0000000000
94124  16.869  4.713  -13.702 0.0000000000
96277  18.768  6.168  -14.474 0.0000000000
97444  19.468  7.590  -15.183 0.0000000000
66637  26.460  -19.564  -10.027 0.0000000000
86056  29.444  -3.372  -16.263 0.0000000000
83607  30.802  -4.790  -15.359 0.0000000000
76353  19.955  -10.696  -10.823 0.0000000000
75119  21.241  -11.463  -11.802 0.0000000000
77532  20.308  -10.144  -12.186 0.0000000000
77557  21.710  -9.454  -12.879 0.0000000000
78713  22.870  -8.238  -13.209 0.0000000000
81197  18.619  -6.368  -12.648 0.0000000000
79977  21.512  -7.161  -13.711 0.0000000000
79952  24.285  -7.520  -12.673 0.0000000000
81215  25.062  -5.976  -13.074 0.0000000000
82444  26.481  -5.220  -13.922 0.0000000000
83580  26.664  -4.311  -14.300 0.0000000000
87233  16.061  -1.194  -12.417 0.0000000000
87256  18.226  -1.294  -13.349 0.0000000000
89669  18.656  0.706  -14.220 0.0000000000
88502  19.574  -0.512  -14.313 0.0000000000
86062  20.362  -2.597  -14.320 0.0000000000
86038  22.856  -2.667  -14.057 0.0000000000
86035  25.933  -2.676  -13.581 0.0000000000
86058  27.989  -2.819  -14.471 0.0000000000
88499  28.271  -1.423  -14.471 0.0000000000
88469  28.934  -0.289  -14.198 0.0000000000
91951  26.543  2.786  -11.455 0.0000000000
98707  17.768  8.564  -13.588 0.0000000000
99995  18.966  9.129  -14.512 0.0000000000
99993  20.859  9.451  -15.228 0.0000000000
106780  17.537  15.514  -14.513 0.0000000000
105567  18.889  14.542  -14.660 0.0000000000
105586  20.464  14.857  -14.644 0.0000000000
104446  19.613  13.215  -14.338 0.0000000000
102329  20.646  12.108  -14.242 0.0000000000
101188  21.358  10.730  -14.302 0.0000000000
99974  21.200  9.791  -13.847 0.0000000000
99952  22.493  9.590  -12.264 0.0000000000
99932  23.930  9.718  -10.962 0.0000000000
99951  25.953  10.080  -11.409 0.0000000000
73859  24.318  -11.637  -10.961 0.0000000000
73856  27.211  -13.105  -11.804 0.0000000000
71274  29.159  -14.614  -12.407 0.0000000000
75137  28.941  -11.594  -12.596 0.0000000000
72603  29.870  -13.666  -12.500 0.0000000000
75087  19.847  -11.351  -10.004 0.0000000000
75088  18.862  -11.363  -9.370 0.0000000000
73841  20.579  -12.139  -10.565 0.0000000000
72565  20.697  -12.692  -10.407 0.0000000000
73840  20.912  -12.362  -10.884 0.0000000000
72563  22.099  -13.125  -10.336 0.0000000000
73839  21.582  -12.473  -10.861 0.0000000000
96291  20.483  6.856  -14.981 0.0000000000
95172  20.788  5.616  -14.532 0.0000000000
96276  20.751  6.788  -14.271 0.0000000000
96275  21.311  6.732  -13.460 0.0000000000
97429  20.809  7.802  -13.841 0.0000000000
107879  14.979  16.652  -13.264 0.0000000000
82471  28.208  -5.509  -15.194 0.0000000000
81232  29.551  -6.444  -15.166 0.0000000000
82470  29.139  -5.576  -15.293 0.0000000000
68847  23.277  -17.431  -9.022 0.0000000000
68848  22.236  -16.967  -8.592 0.0000000000
67743  22.945  -18.005  -8.568 0.0000000000
66625  23.571  -19.083  -8.947 0.0000000000
66640  24.165  -18.884  -9.339 0.0000000000
65567  24.380  -19.507  -9.357 0.0000000000
67757  24.391  -18.415  -9.468 0.0000000000
68881  27.980  -17.310  -11.502 0.0000000000
67772  28.285  -17.996  -11.227 0.0000000000
67762  29.057  -17.393  -11.053 0.0000000000
68869  29.183  -16.659  -10.955 0.0000000000
79920  17.577  -7.535  -10.445 0.0000000000
81161  16.118  -6.388  -10.373 0.0000000000
84786  18.871  -3.694  -13.305 0.0000000000
83586  19.620  -4.638  -13.725 0.0000000000
84785  19.785  -3.703  -13.893 0.0000000000
83613  21.569  -4.576  -14.836 0.0000000000
84805  20.985  -3.766  -14.453 0.0000000000
90802  15.313  1.504  -12.478 0.0000000000
90820  16.439  1.572  -13.328 0.0000000000
90817  22.516  1.367  -13.654 0.0000000000
89649  23.992  0.215  -12.962 0.0000000000
90815  24.442  1.139  -12.877 0.0000000000
90814  25.439  1.228  -13.202 0.0000000000
90799  24.856  1.952  -12.688 0.0000000000
97383  26.082  6.736  -10.622 0.0000000000
97382  26.542  6.321  -10.806 0.0000000000
103355  17.758  12.079  -13.672 0.0000000000
104398  23.182  13.114  -13.532 0.0000000000
104421  24.073  13.182  -14.062 0.0000000000
103329  24.243  12.521  -13.293 0.0000000000
76363  26.077  -10.267  -11.924 0.0000000000
77552  26.552  -9.628  -12.148 0.0000000000
73873  33.822  -12.400  -12.410 0.0000000000
72576  34.605  -13.856  -12.159 0.0000000000
71224  21.009  -14.305  -9.400 0.0000000000
69993  22.530  -15.576  -9.302 0.0000000000
71222  23.122  -14.882  -9.583 0.0000000000
72561  24.621  -13.730  -10.493 0.0000000000
71239  24.743  -14.804  -10.299 0.0000000000
71237  26.454  -15.362  -11.278 0.0000000000
72559  26.530  -14.519  -11.350 0.0000000000
85977  14.251  -2.512  -10.367 0.0000000000
85976  14.877  -2.967  -10.990 0.0000000000
84756  15.596  -3.095  -11.395 0.0000000000
84768  16.710  -2.966  -12.134 0.0000000000
85995  15.960  -2.686  -11.932 0.0000000000
93115  18.021  3.699  -14.398 0.0000000000
93114  18.820  3.591  -14.590 0.0000000000
94137  21.455  4.613  -14.494 0.0000000000
93112  20.581  3.561  -14.882 0.0000000000
93096  21.944  4.069  -14.285 0.0000000000
93095  22.187  3.471  -13.476 0.0000000000
93080  22.454  4.042  -12.770 0.0000000000
93079  22.976  3.502  -12.279 0.0000000000
96252  23.085  6.859  -11.203 0.0000000000
97406  24.752  7.610  -10.472 0.0000000000
97407  23.588  8.110  -10.893 0.0000000000
106734  14.880  15.607  -11.601 0.0000000000
105499  15.243  14.591  -11.438 0.0000000000
104360  15.091  13.730  -11.787 0.0000000000
103302  15.561  13.225  -12.220 0.0000000000
104361  14.585  14.062  -12.159 0.0000000000
105548  15.931  14.876  -13.465 0.0000000000
104404  15.553  14.538  -13.302 0.0000000000
105547  16.612  14.676  -13.636 0.0000000000
104402  16.860  13.887  -13.550 0.0000000000
105546  17.258  14.579  -14.035 0.0000000000
78733  27.571  -7.952  -13.130 0.0000000000
77574  28.889  -8.759  -13.288 0.0000000000
78732  28.430  -8.060  -13.523 0.0000000000
78729  31.111  -8.610  -13.487 0.0000000000
78730  30.138  -8.551  -13.803 0.0000000000
94110  14.511  4.585  -12.309 0.0000000000
94109  15.278  4.665  -12.752 0.0000000000
94125  16.021  4.717  -13.220 0.0000000000
96279  17.221  6.713  -13.527 0.0000000000
96278  18.168  6.383  -13.901 0.0000000000
96293  19.115  6.786  -14.883 0.0000000000
97431  18.563  7.076  -14.362 0.0000000000
68860  25.439  -17.645  -10.188 0.0000000000
67755  26.201  -18.583  -10.239 0.0000000000
86074  29.922  -2.650  -16.531 0.0000000000
77520  18.237  -9.366  -10.062 0.0000000000
76370  19.890  -10.263  -11.550 0.0000000000
77518  19.489  -9.553  -11.224 0.0000000000
79935  18.989  -8.268  -12.098 0.0000000000
77559  19.966  -9.097  -12.322 0.0000000000
78715  21.120  -8.731  -12.929 0.0000000000
77556  22.585  -9.264  -13.056 0.0000000000
78737  21.309  -7.997  -13.295 0.0000000000
83535  16.980  -5.002  -10.975 0.0000000000
82410  17.824  -5.514  -11.114 0.0000000000
82426  18.513  -5.603  -12.212 0.0000000000
81237  21.280  -5.979  -14.722 0.0000000000
81220  19.938  -6.410  -13.653 0.0000000000
81219  20.905  -6.357  -14.069 0.0000000000
79975  22.864  -7.322  -13.338 0.0000000000
81194  23.697  -6.859  -12.957 0.0000000000
81193  24.641  -6.740  -12.766 0.0000000000
81216  24.017  -6.067  -13.162 0.0000000000
83583  23.923  -4.453  -13.627 0.0000000000
82446  24.467  -5.244  -13.404 0.0000000000
83582  24.915  -4.406  -13.564 0.0000000000
82473  26.893  -5.032  -14.458 0.0000000000
83581  25.898  -4.390  -13.746 0.0000000000
88454  16.367  -0.428  -12.666 0.0000000000
88455  15.417  -0.397  -12.247 0.0000000000
88453  16.944  -0.492  -12.878 0.0000000000
87232  17.045  -1.265  -12.690 0.0000000000
90831  18.485  1.546  -14.317 0.0000000000
89652  21.626  -0.140  -14.306 0.0000000000
88501  20.547  -0.543  -14.480 0.0000000000
88500  21.313  -0.691  -14.389 0.0000000000
87275  20.126  -1.408  -14.364 0.0000000000
87254  21.698  -1.606  -14.344 0.0000000000
86039  22.148  -2.321  -14.307 0.0000000000
87253  22.428  -1.614  -14.033 0.0000000000
87250  25.323  -1.684  -13.520 0.0000000000
86034  27.182  -2.838  -13.647 0.0000000000
86033  27.752  -2.545  -13.833 0.0000000000
87273  28.314  -1.993  -14.386 0.0000000000
87248  27.753  -1.820  -13.791 0.0000000000
89646  27.327  0.556  -13.498 0.0000000000
88470  28.026  -0.591  -14.046 0.0000000000
89645  28.417  0.278  -13.581 0.0000000000
89644  29.315  0.263  -13.647 0.0000000000
89630  28.945  0.771  -13.004 0.0000000000
93063  24.586  3.797  -11.474 0.0000000000
91953  24.930  3.205  -11.783 0.0000000000
93062  25.362  3.731  -11.296 0.0000000000
103312  16.283  12.584  -12.531 0.0000000000
102285  16.598  11.550  -12.905 0.0000000000
101217  16.997  10.526  -13.334 0.0000000000
101190  16.517  10.527  -13.069 0.0000000000
101191  16.477  10.004  -13.149 0.0000000000
98721  16.808  9.142  -13.315 0.0000000000
98708  16.921  8.647  -13.368 0.0000000000
98719  17.645  9.239  -13.459 0.0000000000
101214  19.543  10.541  -14.687 0.0000000000
99994  20.023  9.414  -15.235 0.0000000000
100010  20.133  8.664  -15.434 0.0000000000
106779  18.965  15.520  -14.971 0.0000000000
106778  19.412  15.104  -14.861 0.0000000000
105584  22.258  14.644  -14.397 0.0000000000
105585  21.332  14.790  -14.468 0.0000000000
104445  20.241  13.778  -14.317 0.0000000000
103370  20.485  12.840  -14.151 0.0000000000
103369  21.046  12.712  -13.912 0.0000000000
102296  21.863  11.827  -13.299 0.0000000000
102312  21.310  11.790  -13.945 0.0000000000
101166  21.909  10.634  -13.404 0.0000000000
99953  21.881  9.670  -13.060 0.0000000000
101165  22.372  10.638  -12.486 0.0000000000
102281  24.661  11.486  -12.462 0.0000000000
101163  24.212  11.094  -11.766 0.0000000000
101162  25.482  10.797  -12.011 0.0000000000
101143  25.308  10.155  -11.178 0.0000000000
75117  22.897  -10.972  -11.559 0.0000000000
75100  23.441  -11.419  -10.981 0.0000000000
75116  23.820  -10.767  -11.220 0.0000000000
73877  27.337  -12.265  -12.205 0.0000000000
73857  26.355  -12.456  -11.763 0.0000000000
72605  27.952  -13.236  -12.166 0.0000000000
72582  27.594  -14.006  -11.873 0.0000000000
71275  28.334  -14.108  -12.261 0.0000000000
76385  29.421  -10.670  -12.721 0.0000000000
75136  30.147  -11.714  -12.725 0.0000000000
71272  31.345  -13.996  -12.322 0.0000000000
72602  31.006  -13.646  -12.681 0.0000000000
71273  30.211  -14.531  -12.278 0.0000000000
72547  20.636  -13.357  -9.865 0.0000000000
72546  21.600  -13.689  -9.855 0.0000000000
72545  22.635  -13.898  -9.803 0.0000000000
72562  23.197  -13.253  -10.273 0.0000000000
73837  23.640  -12.330  -10.637 0.0000000000
95174  19.297  5.623  -14.772 0.0000000000
94139  20.015  4.584  -14.962 0.0000000000
95153  21.789  5.586  -13.519 0.0000000000
95152  22.310  5.578  -12.583 0.0000000000
96274  21.900  6.319  -12.881 0.0000000000
96263  21.648  7.021  -12.634 0.0000000000
97417  22.003  7.778  -12.187 0.0000000000
107863  14.940  16.709  -12.077 0.0000000000
106749  14.588  15.642  -12.273 0.0000000000
105517  14.417  14.794  -12.481 0.0000000000
106755  14.226  15.697  -13.008 0.0000000000
106765  14.982  15.632  -13.321 0.0000000000
107877  16.038  15.948  -13.759 0.0000000000
79987  28.275  -6.864  -14.662 0.0000000000
79972  28.728  -7.582  -14.252 0.0000000000
79986  29.104  -7.077  -14.863 0.0000000000
79985  29.866  -7.205  -14.967 0.0000000000
79970  30.572  -7.620  -14.387 0.0000000000
97433  17.055  7.792  -13.465 0.0000000000
69979  20.590  -15.804  -8.673 0.0000000000
68850  20.041  -16.070  -8.112 0.0000000000
68849  20.910  -16.862  -8.124 0.0000000000
64424  24.553  -20.908  -8.450 0.0000000000
65547  25.441  -20.269  -8.692 0.0000000000
67765  26.892  -18.428  -10.570 0.0000000000
67764  27.620  -18.152  -10.879 0.0000000000
78686  17.915  -8.695  -10.204 0.0000000000
78685  19.053  -8.586  -11.097 0.0000000000
79919  18.472  -7.830  -10.701 0.0000000000
79936  18.735  -7.700  -11.691 0.0000000000
79955  19.400  -7.883  -12.657 0.0000000000
83565  18.517  -4.550  -12.437 0.0000000000
82452  18.755  -5.690  -13.035 0.0000000000
83587  18.983  -4.849  -13.275 0.0000000000
82450  20.286  -5.468  -14.035 0.0000000000
81236  21.623  -5.815  -14.942 0.0000000000
82448  22.885  -5.530  -14.625 0.0000000000
82474  22.004  -5.395  -15.064 0.0000000000
83584  23.167  -4.552  -14.225 0.0000000000
84783  23.442  -3.611  -13.897 0.0000000000
89634  15.971  0.654  -12.750 0.0000000000
89633  16.759  0.120  -13.050 0.0000000000
90828  21.416  1.605  -14.838 0.0000000000
90829  20.603  1.506  -15.020 0.0000000000
89665  21.719  0.999  -14.582 0.0000000000
89651  22.087  0.396  -14.111 0.0000000000
88475  22.671  -0.682  -13.672 0.0000000000
88474  23.633  -0.716  -13.396 0.0000000000
88473  24.669  -0.715  -13.327 0.0000000000
88472  25.767  -0.674  -13.452 0.0000000000
88471  26.900  -0.627  -13.707 0.0000000000
90813  26.443  1.319  -13.309 0.0000000000
94074  25.366  5.272  -10.502 0.0000000000
94090  25.862  4.212  -10.814 0.0000000000
95108  25.975  5.412  -10.513 0.0000000000
95127  27.296  5.078  -10.970 0.0000000000
102317  17.416  11.469  -13.502 0.0000000000
101216  17.802  10.527  -13.600 0.0000000000
101231  20.052  11.178  -14.712 0.0000000000
104443  22.010  13.976  -14.032 0.0000000000
104424  21.613  13.395  -13.709 0.0000000000
104399  22.503  13.240  -13.553 0.0000000000
103331  22.475  12.681  -13.188 0.0000000000
102295  22.492  12.281  -12.921 0.0000000000
102283  22.721  11.796  -12.528 0.0000000000
103318  23.561  12.218  -12.724 0.0000000000
102294  24.312  11.998  -12.747 0.0000000000
76366  23.271  -10.125  -12.102 0.0000000000
75115  24.883  -10.987  -11.324 0.0000000000
76364  25.356  -10.318  -11.636 0.0000000000
75140  26.533  -11.264  -12.176 0.0000000000
75138  27.891  -11.484  -12.518 0.0000000000
75151  32.099  -11.878  -13.303 0.0000000000
73888  31.636  -12.534  -13.303 0.0000000000
72614  33.393  -13.229  -13.529 0.0000000000
71270  33.569  -14.242  -12.562 0.0000000000
69995  20.321  -14.968  -9.180 0.0000000000
68863  22.114  -16.120  -8.963 0.0000000000
68862  22.967  -16.566  -9.154 0.0000000000
68861  24.078  -17.412  -9.527 0.0000000000
69991  24.607  -16.456  -10.045 0.0000000000
68873  25.456  -16.759  -10.509 0.0000000000
70008  25.015  -15.740  -10.458 0.0000000000
70007  25.906  -16.231  -10.916 0.0000000000
70006  26.899  -16.745  -11.304 0.0000000000
70019  27.534  -15.963  -11.648 0.0000000000
70018  28.491  -16.271  -11.952 0.0000000000
83536  16.196  -4.565  -10.802 0.0000000000
84741  15.627  -3.776  -10.815 0.0000000000
84754  17.108  -3.980  -11.725 0.0000000000
84767  17.536  -3.695  -12.113 0.0000000000
86015  18.150  -2.940  -12.701 0.0000000000
91994  17.005  2.668  -13.834 0.0000000000
92010  17.655  3.038  -14.220 0.0000000000
92009  18.322  2.795  -14.400 0.0000000000
92007  20.140  2.549  -14.827 0.0000000000
92006  21.016  2.524  -15.001 0.0000000000
93124  21.780  2.720  -14.246 0.0000000000
91993  22.103  2.327  -13.797 0.0000000000
91978  23.181  2.403  -12.580 0.0000000000
90800  23.970  1.903  -12.601 0.0000000000
93078  23.949  3.672  -11.725 0.0000000000
94107  23.544  4.570  -11.452 0.0000000000
95141  22.863  5.652  -11.553 0.0000000000
95140  23.581  5.465  -11.209 0.0000000000
95129  24.147  5.859  -10.848 0.0000000000
96250  24.773  6.601  -10.500 0.0000000000
97384  25.484  7.023  -10.529 0.0000000000
98675  25.380  8.428  -10.543 0.0000000000
103313  15.703  13.069  -12.678 0.0000000000
104369  14.785  14.159  -12.679 0.0000000000
104381  15.387  13.675  -12.895 0.0000000000
103320  16.086  13.185  -13.160 0.0000000000
103335  16.490  13.453  -13.352 0.0000000000
103333  17.847  13.241  -13.899 0.0000000000
78710  26.161  -8.165  -12.471 0.0000000000
78708  28.165  -8.754  -12.965 0.0000000000
77550  28.866  -9.651  -12.976 0.0000000000
77548  30.284  -10.055  -12.812 0.0000000000
78731  29.234  -8.333  -13.819 0.0000000000
77572  30.612  -9.720  -12.967 0.0000000000
76402  31.397  -10.864  -12.853 0.0000000000
76401  32.618  -11.132  -13.048 0.0000000000
91996  15.481  3.011  -12.779 0.0000000000
93098  16.459  3.735  -13.554 0.0000000000
94123  17.728  4.614  -14.213 0.0000000000
95157  17.505  5.601  -13.758 0.0000000000
95156  18.462  5.440  -14.383 0.0000000000
95155  18.859  5.740  -14.557 0.0000000000
96292  19.836  6.766  -15.186 0.0000000000
96302  20.209  7.367  -15.322 0.0000000000
66638  25.667  -19.381  -9.877 0.0000000000
84800  29.082  -3.941  -15.893 0.0000000000
83608  29.679  -4.736  -15.514 0.0000000000
84799  30.243  -3.850  -16.248 0.0000000000
76341  19.298  -10.607  -9.943 0.0000000000
75104  20.525  -11.496  -11.079 0.0000000000
75103  21.118  -11.920  -11.335 0.0000000000
76352  20.285  -11.015  -11.309 0.0000000000
76368  21.406  -10.901  -12.235 0.0000000000
76391  21.575  -10.214  -12.499 0.0000000000
78684  19.291  -9.008  -11.444 0.0000000000
77558  20.683  -9.702  -12.442 0.0000000000
76390  22.413  -9.977  -12.701 0.0000000000
76389  22.974  -9.718  -12.756 0.0000000000
77555  23.486  -9.228  -12.707 0.0000000000
78712  23.910  -8.312  -12.749 0.0000000000
81160  17.289  -6.369  -10.637 0.0000000000
81178  18.497  -6.369  -11.685 0.0000000000
79956  18.690  -7.107  -12.430 0.0000000000
81221  19.192  -6.357  -13.334 0.0000000000
79979  19.528  -7.060  -13.283 0.0000000000
79978  20.389  -7.518  -13.319 0.0000000000
78736  22.085  -7.787  -13.444 0.0000000000
79953  23.439  -7.554  -12.999 0.0000000000
78711  24.917  -8.230  -12.396 0.0000000000
79951  25.272  -7.454  -12.591 0.0000000000
79974  26.716  -7.165  -13.080 0.0000000000
81214  26.114  -6.062  -13.367 0.0000000000
81213  27.174  -6.099  -13.941 0.0000000000
81235  27.576  -6.053  -14.472 0.0000000000
82472  27.412  -5.468  -14.702 0.0000000000
83610  27.642  -4.697  -15.296 0.0000000000
87217  14.597  -1.546  -11.310 0.0000000000
86018  15.645  -1.781  -12.151 0.0000000000
86017  16.426  -2.084  -12.370 0.0000000000
87231  17.861  -1.910  -12.893 0.0000000000
86041  19.472  -2.686  -13.917 0.0000000000
90819  17.565  1.520  -13.880 0.0000000000
89655  17.156  0.689  -13.441 0.0000000000
89654  18.102  0.606  -13.871 0.0000000000
89667  20.127  0.493  -14.724 0.0000000000
89653  18.839  0.053  -14.124 0.0000000000
88478  18.496  -0.497  -13.712 0.0000000000
87255  19.127  -1.377  -13.845 0.0000000000
86063  19.726  -1.881  -14.200 0.0000000000
86061  21.447  -2.678  -14.438 0.0000000000
86060  22.198  -3.038  -14.323 0.0000000000
87252  23.263  -1.679  -13.699 0.0000000000
86036  24.848  -2.635  -13.610 0.0000000000
84781  25.388  -3.548  -13.621 0.0000000000
84780  26.366  -3.586  -13.775 0.0000000000
84802  27.273  -3.794  -14.753 0.0000000000
84801  27.982  -3.825  -15.462 0.0000000000
86057  28.713  -2.914  -15.864 0.0000000000
86075  29.132  -2.112  -16.024 0.0000000000
87294  29.124  -1.676  -15.770 0.0000000000
88498  28.701  -0.951  -14.783 0.0000000000
87271  29.242  -1.239  -15.431 0.0000000000
91976  25.298  2.550  -12.222 0.0000000000
93061  26.253  3.460  -11.073 0.0000000000
90796  27.663  1.636  -12.653 0.0000000000
99996  18.182  9.494  -13.669 0.0000000000
99977  18.480  8.784  -13.988 0.0000000000
98706  18.531  8.167  -14.285 0.0000000000
98718  19.087  8.175  -14.855 0.0000000000
98731  20.386  8.333  -15.455 0.0000000000
98716  20.789  8.547  -15.296 0.0000000000
107884  16.425  16.570  -14.076 0.0000000000
106781  16.978  16.029  -14.313 0.0000000000
105568  17.989  14.555  -14.616 0.0000000000
104427  18.264  13.714  -14.354 0.0000000000
104426  19.229  13.685  -14.407 0.0000000000
104425  19.867  14.258  -14.479 0.0000000000
103353  19.226  12.664  -14.381 0.0000000000
102331  19.529  12.092  -14.488 0.0000000000
102330  20.086  11.974  -14.471 0.0000000000
101230  20.519  11.472  -14.535 0.0000000000
103368  21.160  12.284  -13.919 0.0000000000
101212  20.965  11.394  -14.423 0.0000000000
101189  21.141  10.131  -14.975 0.0000000000
99975  21.121  9.657  -14.719 0.0000000000
98704  20.718  8.883  -14.322 0.0000000000
98694  21.092  8.817  -13.343 0.0000000000
98693  21.837  8.727  -12.576 0.0000000000
98678  22.679  8.697  -11.895 0.0000000000
101146  22.897  10.276  -11.858 0.0000000000
99933  23.152  9.586  -11.536 0.0000000000
98677  23.513  8.839  -10.957 0.0000000000
98654  24.318  9.062  -10.611 0.0000000000
99930  25.650  9.365  -10.788 0.0000000000
99929  26.352  9.145  -11.015 0.0000000000
101187  25.946  10.758  -13.283 0.0000000000
101186  26.187  10.282  -12.726 0.0000000000
99972  26.557  9.404  -12.886 0.0000000000
98692  27.160  8.566  -12.366 0.0000000000
75102  21.825  -11.852  -11.239 0.0000000000
72585  24.676  -12.563  -10.968 0.0000000000
73858  25.264  -12.007  -11.414 0.0000000000
72584  25.549  -13.127  -11.249 0.0000000000
72583  26.627  -13.731  -11.485 0.0000000000
71254  28.155  -15.092  -12.128 0.0000000000
71253  28.967  -15.589  -12.287 0.0000000000
76386  28.364  -10.611  -12.714 0.0000000000
73875  29.443  -12.639  -12.553 0.0000000000
72617  31.156  -12.998  -13.113 0.0000000000
73874  30.418  -12.858  -12.802 0.0000000000
72604  28.864  -13.474  -12.389 0.0000000000
70033  29.564  -15.365  -12.307 0.0000000000
70017  29.323  -16.187  -12.030 0.0000000000
82442  30.859  -5.840  -14.930 0.0000000000
81211  31.170  -6.732  -14.532 0.0000000000
66639  24.832  -19.138  -9.563 0.0000000000
67742  23.718  -18.122  -9.170 0.0000000000
67763  28.535  -17.963  -10.837 0.0000000000
67770  28.992  -17.316  -11.407 0.0000000000
67771  28.721  -17.698  -11.373 0.0000000000
68859  26.081  -17.996  -10.364 0.0000000000
68868  29.284  -16.439  -10.970 0.0000000000
68878  29.297  -16.395  -11.206 0.0000000000
68879  29.150  -16.740  -11.420 0.0000000000
70030  34.182  -14.341  -12.713 0.0000000000
70031  33.966  -14.404  -12.750 0.0000000000
70038  34.337  -14.375  -13.099 0.0000000000
70039  34.261  -14.315  -12.893 0.0000000000
70040  33.861  -14.374  -13.005 0.0000000000
70041  34.408  -14.194  -13.102 0.0000000000
70042  34.214  -14.215  -13.256 0.0000000000
70043  33.841  -14.114  -13.285 0.0000000000
71248  34.125  -14.058  -11.983 0.0000000000
71249  33.860  -14.108  -12.167 0.0000000000
71250  32.989  -14.070  -12.081 0.0000000000
71268  34.556  -14.085  -12.544 0.0000000000
71269  34.299  -14.191  -12.483 0.0000000000
71271  32.524  -13.996  -12.541 0.0000000000
71281  34.525  -14.140  -12.843 0.0000000000
71282  34.365  -14.236  -12.751 0.0000000000
71283  33.276  -14.101  -13.077 0.0000000000
71284  32.531  -13.869  -13.040 0.0000000000
71285  34.522  -13.935  -13.321 0.0000000000
71286  34.117  -13.823  -13.517 0.0000000000
71287  33.616  -13.743  -13.417 0.0000000000
72543  24.333  -14.453  -10.117 0.0000000000
72577  34.328  -13.882  -12.182 0.0000000000
72599  34.617  -13.850  -12.388 0.0000000000
72600  34.605  -13.957  -12.040 0.0000000000
72601  31.867  -13.899  -12.795 0.0000000000
72613  34.671  -13.522  -13.000 0.0000000000
72615  33.094  -13.461  -13.420 0.0000000000
72623  34.420  -13.330  -13.531 0.0000000000
72624  33.723  -13.278  -13.564 0.0000000000
72625  33.507  -13.498  -13.467 0.0000000000
73824  20.213  -12.381  -9.975 0.0000000000
73850  34.463  -13.650  -12.318 0.0000000000
73851  33.917  -13.063  -12.149 0.0000000000
73872  34.413  -13.060  -12.557 0.0000000000
73878  26.621  -11.724  -12.130 0.0000000000
73885  34.366  -12.784  -13.143 0.0000000000
73886  33.269  -12.946  -13.553 0.0000000000
73887  32.529  -12.759  -13.450 0.0000000000
73889  30.883  -12.291  -13.081 0.0000000000
73895  34.029  -12.760  -13.492 0.0000000000
73896  33.636  -12.689  -13.500 0.0000000000
75101  22.680  -11.669  -11.084 0.0000000000
75105  20.206  -11.299  -10.585 0.0000000000
75118  22.043  -11.283  -11.743 0.0000000000
75120  20.783  -11.478  -11.614 0.0000000000
75133  33.927  -12.211  -12.717 0.0000000000
75139  27.034  -11.351  -12.351 0.0000000000
75152  31.257  -11.767  -13.141 0.0000000000
75153  30.778  -11.770  -12.968 0.0000000000
75160  33.816  -12.525  -13.421 0.0000000000
75161  33.597  -12.409  -13.416 0.0000000000
76340  19.770  -10.844  -10.224 0.0000000000
76354  19.289  -9.977  -10.450 0.0000000000
76365  24.365  -10.161  -11.565 0.0000000000
76369  20.419  -10.791  -11.922 0.0000000000
76383  30.859  -10.790  -12.739 0.0000000000
76384  30.357  -10.567  -12.738 0.0000000000
76388  26.580  -10.727  -12.181 0.0000000000
76392  20.997  -10.436  -12.329 0.0000000000
76403  30.826  -10.462  -12.761 0.0000000000
77509  17.547  -9.621  -9.779 0.0000000000
77528  26.154  -9.895  -11.949 0.0000000000
77529  25.775  -9.779  -11.868 0.0000000000
77531  24.054  -9.563  -12.019 0.0000000000
77533  19.901  -9.847  -12.057 0.0000000000
77549  29.860  -9.947  -12.886 0.0000000000
77554  24.458  -8.995  -12.295 0.0000000000
78694  19.332  -8.860  -11.964 0.0000000000
78709  27.222  -8.671  -12.652 0.0000000000
78714  21.945  -8.611  -13.221 0.0000000000
78716  20.257  -8.450  -12.743 0.0000000000
78717  19.721  -8.578  -12.424 0.0000000000
78735  22.518  -7.599  -13.389 0.0000000000
78738  20.771  -8.171  -13.069 0.0000000000
79950  25.973  -7.365  -12.680 0.0000000000
79976  22.336  -7.100  -13.694 0.0000000000
79988  27.722  -6.497  -14.405 0.0000000000
81179  18.124  -6.229  -10.923 0.0000000000
81192  25.650  -6.761  -12.840 0.0000000000
81195  23.195  -7.028  -13.186 0.0000000000
81196  18.924  -6.916  -13.033 0.0000000000
81217  23.063  -6.464  -13.690 0.0000000000
81222  18.804  -6.359  -13.083 0.0000000000
81233  28.676  -6.308  -15.107 0.0000000000
82409  18.342  -5.600  -11.644 0.0000000000
82443  27.007  -5.450  -14.246 0.0000000000
82445  25.481  -5.226  -13.530 0.0000000000
82449  20.840  -5.692  -14.549 0.0000000000
82469  30.082  -5.676  -15.184 0.0000000000
82475  21.226  -5.344  -14.951 0.0000000000
82476  20.687  -5.141  -14.583 0.0000000000
83549  18.218  -4.964  -11.692 0.0000000000
83551  16.757  -4.433  -11.182 0.0000000000
83566  17.977  -4.355  -11.856 0.0000000000
83585  20.380  -4.436  -14.229 0.0000000000
83611  27.060  -4.601  -14.919 0.0000000000
83612  22.397  -4.573  -14.736 0.0000000000
83631  27.422  -4.467  -15.390 0.0000000000
83632  27.225  -4.471  -15.238 0.0000000000
84740  16.132  -4.011  -10.991 0.0000000000
84779  27.022  -3.613  -14.078 0.0000000000
84784  20.306  -3.545  -14.188 0.0000000000
84803  22.646  -3.718  -14.286 0.0000000000
84821  27.393  -4.169  -15.327 0.0000000000
84822  27.097  -4.194  -15.123 0.0000000000
85997  14.567  -2.155  -11.032 0.0000000000
86037  23.835  -2.643  -13.737 0.0000000000
86042  18.643  -2.311  -13.312 0.0000000000
86059  27.470  -3.358  -14.119 0.0000000000
87207  14.146  -1.461  -10.715 0.0000000000
87257  17.669  -1.226  -13.050 0.0000000000
87272  28.560  -1.845  -15.242 0.0000000000
87274  20.910  -1.594  -14.478 0.0000000000
87276  19.638  -1.298  -14.205 0.0000000000
87293  29.786  -1.654  -16.089 0.0000000000
87306  30.316  -1.623  -16.336 0.0000000000
88468  29.763  -0.182  -14.157 0.0000000000
88477  19.018  -0.583  -13.997 0.0000000000
89631  28.058  0.905  -12.974 0.0000000000
89668  19.204  0.628  -14.479 0.0000000000
90801  15.851  1.462  -12.847 0.0000000000
90812  27.163  1.363  -13.142 0.0000000000
90818  18.043  1.234  -14.043 0.0000000000
90837  21.644  2.045  -14.569 0.0000000000
90838  21.276  2.091  -14.896 0.0000000000
91952  25.761  2.995  -11.638 0.0000000000
91954  24.413  3.386  -11.830 0.0000000000
91975  26.237  2.398  -12.121 0.0000000000
91992  22.421  2.189  -13.034 0.0000000000
92005  21.868  2.363  -14.217 0.0000000000
92008  19.185  2.598  -14.613 0.0000000000
92018  21.593  2.494  -14.492 0.0000000000
92019  21.393  2.728  -14.651 0.0000000000
93110  22.014  3.082  -14.002 0.0000000000
93125  21.636  2.908  -14.415 0.0000000000
94072  26.212  4.530  -10.651 0.0000000000
94073  25.761  4.845  -10.563 0.0000000000
94092  23.988  5.149  -11.129 0.0000000000
94106  24.184  4.170  -11.368 0.0000000000
94121  22.308  4.659  -13.161 0.0000000000
94140  19.212  4.466  -14.727 0.0000000000
95107  26.444  4.942  -10.614 0.0000000000
95109  25.600  5.780  -10.495 0.0000000000
95128  24.991  5.769  -10.494 0.0000000000
95130  23.477  6.154  -11.084 0.0000000000
95171  21.369  5.229  -14.113 0.0000000000
95175  18.867  4.990  -14.651 0.0000000000
96229  26.583  5.647  -10.738 0.0000000000
96230  26.072  6.047  -10.573 0.0000000000
96303  19.916  7.504  -15.379 0.0000000000
97405  25.862  7.571  -10.632 0.0000000000
97443  20.545  7.807  -15.319 0.0000000000
97445  18.915  7.554  -14.787 0.0000000000
97454  20.169  7.860  -15.447 0.0000000000
97455  19.850  7.923  -15.408 0.0000000000
98653  24.959  8.994  -10.527 0.0000000000
98655  23.989  9.271  -10.736 0.0000000000
98705  21.158  8.875  -15.020 0.0000000000
98709  16.484  9.055  -13.206 0.0000000000
98717  19.637  8.449  -15.243 0.0000000000
98720  17.202  9.168  -13.388 0.0000000000
98732  20.041  8.241  -15.466 0.0000000000
99913  25.167  9.241  -10.603 0.0000000000
99914  24.869  9.330  -10.622 0.0000000000
99915  24.364  9.433  -10.726 0.0000000000
99931  24.775  9.780  -10.835 0.0000000000
99950  26.559  9.424  -11.550 0.0000000000
99973  26.261  9.971  -13.445 0.0000000000
99976  18.671  8.678  -14.252 0.0000000000
99998  16.745  9.701  -13.278 0.0000000000
100009  20.483  8.886  -15.445 0.0000000000
101144  24.545  10.374  -11.297 0.0000000000
101145  23.607  10.389  -11.468 0.0000000000
101161  26.306  10.128  -12.067 0.0000000000
101164  23.182  11.073  -11.915 0.0000000000
101218  16.631  10.192  -13.208 0.0000000000
101229  20.790  11.742  -14.343 0.0000000000
102313  21.487  12.137  -13.620 0.0000000000
102314  19.619  11.468  -14.592 0.0000000000
102328  20.993  12.006  -14.102 0.0000000000
103300  16.248  13.201  -11.712 0.0000000000
103317  23.970  12.172  -12.726 0.0000000000
103332  21.919  12.676  -13.344 0.0000000000
103351  21.319  12.188  -13.789 0.0000000000
103352  21.456  12.614  -13.611 0.0000000000
103371  19.843  12.751  -14.333 0.0000000000
104382  15.192  14.325  -13.126 0.0000000000
104397  23.670  12.902  -13.438 0.0000000000
104400  21.930  13.189  -13.512 0.0000000000
104423  22.386  13.726  -13.887 0.0000000000
105533  14.643  14.858  -13.082 0.0000000000
105566  19.654  14.695  -14.670 0.0000000000
106763  16.534  15.533  -13.881 0.0000000000
106764  15.693  15.518  -13.545 0.0000000000
144523  33.095  -12.265  -13.429 0.0000000000
