#!ascii label  , from subject 3406 vox2ras=TkReg
2135
8214  42.793  -74.092  3.180 0.2000000030
8201  43.089  -73.749  4.195 0.2000000030
9030  42.937  -73.364  2.450 0.2000000030
9044  44.556  -72.576  1.035 0.1000000015
8998  43.494  -72.893  4.779 0.3000000119
9014  42.568  -72.833  3.459 0.2000000030
8227  43.327  -73.632  1.692 0.1000000015
8228  42.846  -74.286  2.248 0.2000000030
9857  42.907  -72.259  2.496 0.1000000015
9029  43.533  -72.775  1.855 0.1000000015
9028  44.292  -72.301  1.454 0.1000000015
9855  44.796  -71.493  1.563 0.1000000015
9027  44.977  -71.909  1.178 0.1000000015
11455  46.396  -69.212  2.136 0.1000000015
9854  45.398  -71.309  1.266 0.1000000015
10639  46.163  -70.258  1.405 0.1000000015
12306  46.947  -68.315  2.298 0.2000000030
11475  46.721  -69.640  1.516 0.1000000015
9841  42.424  -71.382  3.335 0.1000000015
10624  42.946  -70.362  2.841 0.1000000015
10642  43.684  -70.824  2.283 0.1000000015
9856  43.788  -71.692  1.928 0.1000000015
10641  44.579  -70.800  1.972 0.1000000015
12307  45.929  -68.383  2.509 0.1000000015
14922  46.989  -65.997  2.947 0.2000000030
13124  46.599  -67.586  2.577 0.2000000030
14896  47.728  -65.165  2.916 0.1000000015
13123  47.593  -67.644  2.514 0.2000000030
15826  47.365  -64.254  3.009 0.2000000030
15825  48.483  -64.273  3.075 0.1000000015
17789  48.857  -62.558  3.140 0.1000000015
11458  43.366  -69.254  2.890 0.1000000015
11456  45.194  -69.182  2.471 0.1000000015
15827  46.295  -64.300  3.174 0.2000000030
16761  46.956  -63.423  3.072 0.2000000030
17805  47.171  -61.920  3.313 0.2000000030
16760  48.096  -63.223  3.140 0.2000000030
17804  48.202  -62.052  3.281 0.1000000015
17803  49.231  -61.800  3.066 0.2000000030
10623  44.201  -69.932  2.439 0.1000000015
12309  43.823  -68.369  2.884 0.1000000015
12308  44.854  -68.351  2.769 0.1000000015
13125  45.520  -67.556  2.853 0.2000000030
14924  45.137  -65.876  3.295 0.2000000030
14897  46.656  -65.141  3.098 0.3000000119
18889  47.739  -61.122  3.356 0.3000000119
18888  48.727  -61.110  3.141 0.2000000030
19978  49.209  -60.280  2.829 0.2000000030
18870  51.027  -61.468  3.418 0.2000000030
13973  46.240  -66.762  2.857 0.2000000030
18890  46.768  -61.111  3.456 0.3000000119
19980  47.264  -60.256  3.320 0.3000000119
22149  47.166  -58.505  2.925 0.3000000119
21066  47.750  -59.350  2.923 0.3000000119
21065  48.655  -59.686  2.772 0.2000000030
19977  50.273  -60.348  2.750 0.2000000030
21063  51.030  -59.861  2.669 0.2000000030
21068  45.781  -59.403  3.624 0.4000000060
18891  45.860  -61.153  3.636 0.3000000119
19981  46.305  -60.281  3.519 0.3000000119
16762  45.956  -63.477  3.275 0.2000000030
16782  46.573  -62.671  3.207 0.2000000030
22148  47.679  -58.743  2.742 0.3000000119
21090  49.291  -59.305  2.488 0.2000000030
21091  48.405  -58.965  2.585 0.2000000030
21089  50.345  -59.399  2.425 0.2000000030
22150  46.205  -58.416  3.332 0.3000000119
23192  47.701  -57.172  2.409 0.2000000030
24211  49.068  -56.494  2.110 0.2000000030
23191  48.587  -57.301  2.287 0.2000000030
24210  49.639  -56.485  1.966 0.1000000015
22170  48.963  -58.254  2.345 0.2000000030
23206  50.372  -57.083  1.874 0.2000000030
23190  49.683  -57.250  2.116 0.2000000030
22168  50.915  -58.555  2.169 0.2000000030
23176  45.694  -57.198  3.099 0.3000000119
23194  46.386  -57.071  2.748 0.3000000119
25266  46.183  -55.116  2.684 0.2000000030
23193  46.940  -57.047  2.593 0.3000000119
25265  47.043  -55.299  2.453 0.2000000030
22172  47.263  -57.727  2.676 0.3000000119
24213  47.369  -56.281  2.399 0.1000000015
25264  47.965  -55.468  2.246 0.1000000015
26296  49.306  -55.165  1.863 0.1000000015
25263  48.783  -55.680  2.049 0.1000000015
26298  47.753  -54.480  2.376 0.1000000015
25277  50.054  -55.233  1.665 0.1000000015
24200  44.776  -56.340  3.241 0.3000000119
24199  45.573  -55.915  2.788 0.2000000030
26283  45.820  -54.390  2.941 0.2000000030
28429  45.830  -52.583  3.682 0.2000000030
28411  46.189  -51.792  4.078 0.1000000015
26282  46.279  -53.985  2.921 0.1000000015
28428  46.560  -52.374  3.534 0.1000000015
27357  46.972  -53.463  2.937 0.1000000015
26311  48.931  -54.102  1.862 0.1000000015
27372  49.073  -53.527  1.562 0.1000000015
26284  44.746  -54.389  3.304 0.2000000030
29506  46.602  -51.551  3.610 0.1000000015
30635  46.281  -50.780  3.571 0.1000000015
28427  47.001  -52.132  3.272 0.1000000015
28438  47.472  -52.452  2.750 0.1000000015
27356  47.682  -53.398  2.575 0.1000000015
29519  47.331  -52.020  2.252 0.1000000015
28447  48.237  -52.727  1.886 0.1000000015
27373  48.405  -53.335  2.100 0.1000000015
30636  45.851  -50.513  3.303 0.1000000015
29529  47.565  -52.264  1.027 0.1000000015
28446  48.870  -53.032  1.255 0.1000000015
31815  46.050  -50.236  4.079 0.1000000015
10622  45.370  -70.017  2.094 0.1000000015
9840  43.048  -71.311  2.495 0.1000000015
22823  51.755  -57.014  25.235 0.5000000000
23840  53.245  -56.683  26.216 0.5000000000
24896  52.276  -55.969  26.130 0.5000000000
24897  51.440  -55.783  25.528 0.5000000000
24898  50.534  -55.559  25.094 0.5000000000
25919  55.274  -54.887  27.330 0.2000000030
24860  54.887  -56.234  27.187 0.2000000030
25920  54.855  -55.256  26.874 0.3000000119
24880  54.668  -55.928  27.032 0.3000000119
25922  53.696  -55.545  26.263 0.5000000000
25923  53.286  -55.650  26.298 0.5000000000
26990  53.450  -54.310  25.356 0.5000000000
25941  51.929  -55.107  25.765 0.5000000000
26991  52.439  -54.379  25.412 0.5000000000
23881  50.652  -56.205  24.394 0.5000000000
25955  50.015  -54.730  24.857 0.5000000000
23890  50.324  -56.070  23.607 0.5000000000
23906  50.365  -56.266  20.915 0.5000000000
26986  55.536  -54.165  26.904 0.3000000119
26987  55.777  -53.679  26.179 0.3000000119
25939  53.942  -54.922  25.855 0.5000000000
27013  51.827  -53.702  24.981 0.5000000000
26993  51.005  -54.610  25.334 0.5000000000
24914  49.731  -55.478  24.093 0.5000000000
24931  49.272  -55.184  23.233 0.5000000000
19823  49.140  -60.408  16.437 0.4000000060
20865  49.029  -59.628  17.242 0.5000000000
21899  49.109  -58.511  18.037 0.5000000000
22925  49.786  -57.438  19.293 0.5000000000
24952  49.691  -55.691  21.094 0.5000000000
18762  49.546  -61.239  15.105 0.4000000060
26939  55.671  -53.972  27.506 0.3000000119
28055  56.185  -52.755  26.272 0.4000000060
28070  56.199  -52.650  25.509 0.4000000060
27010  54.863  -53.508  24.821 0.5000000000
28072  55.394  -52.874  24.343 0.5000000000
27011  53.943  -53.538  24.786 0.5000000000
27012  52.918  -53.622  24.834 0.5000000000
28073  54.496  -52.770  24.162 0.5000000000
29163  53.893  -52.201  23.890 0.5000000000
28075  52.346  -52.859  24.416 0.5000000000
25956  49.110  -54.482  24.206 0.5000000000
24941  49.268  -55.143  22.247 0.6000000238
22940  49.297  -57.665  18.619 0.5000000000
23930  49.615  -56.385  20.095 0.5000000000
24966  48.932  -55.646  20.268 0.5000000000
18790  49.508  -61.378  13.288 0.4000000060
20892  48.737  -59.608  16.277 0.5000000000
25878  52.601  -55.166  28.252 0.1000000015
26944  51.746  -53.850  27.543 0.1000000015
26945  50.771  -53.866  27.480 0.1000000015
26943  52.890  -53.940  27.756 0.1000000015
28015  51.184  -53.177  27.206 0.1000000015
26942  53.896  -53.612  27.741 0.1000000015
28014  52.166  -53.100  27.260 0.1000000015
28035  51.488  -52.440  26.885 0.1000000015
26940  55.489  -53.327  27.487 0.2000000030
26941  54.762  -53.399  27.740 0.1000000015
26967  55.879  -53.408  26.926 0.3000000119
28071  56.048  -52.650  24.707 0.5000000000
28031  55.402  -52.121  26.981 0.4000000060
29120  55.858  -51.814  26.480 0.4000000060
29162  56.108  -51.990  24.297 0.4000000060
29176  55.786  -51.614  23.871 0.5000000000
28093  54.526  -51.996  23.709 0.5000000000
29178  53.877  -51.316  23.533 0.5000000000
29164  53.011  -52.072  23.913 0.5000000000
24915  49.168  -55.029  23.766 0.5000000000
23947  49.333  -56.781  19.317 0.5000000000
21911  48.789  -58.859  17.224 0.5000000000
18781  49.275  -61.017  14.312 0.4000000060
18792  50.271  -62.157  11.434 0.5000000000
23771  49.510  -57.364  29.289 0.1000000015
23792  50.618  -56.632  28.807 0.1000000015
24838  51.085  -55.777  28.399 0.1000000015
25880  50.961  -55.098  27.982 0.1000000015
25898  51.285  -54.529  27.748 0.1000000015
26946  49.842  -53.879  27.429 0.1000000015
24862  50.409  -55.394  28.056 0.1000000015
25899  50.312  -54.675  27.720 0.1000000015
28016  50.292  -53.208  27.183 0.1000000015
30290  50.546  -50.265  25.782 0.2000000030
31481  50.111  -49.604  25.367 0.2000000030
28013  53.203  -52.973  27.297 0.1000000015
28034  52.507  -52.244  26.950 0.1000000015
29124  51.785  -51.585  26.590 0.1000000015
30270  51.106  -50.937  26.189 0.2000000030
28033  53.570  -52.125  26.869 0.2000000030
29122  54.055  -51.231  26.389 0.2000000030
30288  52.581  -49.967  25.742 0.2000000030
31480  51.055  -49.565  25.383 0.2000000030
32719  50.719  -49.014  24.955 0.2000000030
28032  54.579  -52.034  26.931 0.2000000030
29121  55.127  -51.411  26.543 0.2000000030
29143  54.898  -50.577  26.074 0.3000000119
30286  54.581  -49.818  25.590 0.3000000119
31495  55.455  -49.469  24.658 0.4000000060
30321  55.723  -50.628  23.803 0.5000000000
24953  48.651  -55.093  21.266 0.5000000000
29177  55.007  -51.372  23.585 0.4000000060
24984  47.534  -55.198  19.196 0.5000000000
26000  47.852  -55.134  20.036 0.5000000000
25979  47.750  -54.654  21.545 0.5000000000
23963  48.051  -55.960  18.419 0.5000000000
24983  48.124  -55.434  19.447 0.5000000000
24967  48.213  -55.214  20.408 0.5000000000
28076  50.960  -52.880  24.581 0.5000000000
29165  51.871  -52.034  23.995 0.5000000000
21912  48.539  -58.243  16.895 0.5000000000
23962  48.220  -56.601  17.937 0.5000000000
23948  48.703  -56.301  19.061 0.5000000000
25974  48.387  -54.737  22.527 0.5000000000
19834  48.832  -60.283  15.339 0.5000000000
20893  48.515  -58.858  16.197 0.5000000000
24982  48.679  -55.814  19.640 0.5000000000
25973  48.939  -54.939  22.846 0.6000000238
22941  48.794  -57.309  18.173 0.5000000000
22772  48.413  -57.249  29.431 0.1000000015
23793  49.541  -56.901  28.802 0.1000000015
24840  49.047  -56.218  28.261 0.1000000015
24864  48.625  -55.450  27.824 0.1000000015
24866  46.360  -55.464  27.833 0.1000000015
24839  50.061  -56.070  28.326 0.1000000015
24863  49.628  -55.408  27.920 0.1000000015
25900  49.284  -54.623  27.590 0.1000000015
26947  48.984  -53.848  27.278 0.1000000015
28017  49.440  -53.234  27.112 0.1000000015
28037  49.873  -52.552  26.899 0.1000000015
30272  48.986  -51.030  26.266 0.1000000015
29125  50.619  -51.847  26.613 0.1000000015
30291  49.521  -50.303  25.800 0.2000000030
30271  50.023  -50.986  26.286 0.2000000030
30287  53.608  -49.785  25.677 0.3000000119
31478  52.994  -49.183  25.330 0.3000000119
31477  54.168  -48.970  25.136 0.3000000119
32717  52.318  -48.748  24.938 0.2000000030
31511  55.653  -49.715  24.104 0.4000000060
32715  54.067  -48.421  24.597 0.3000000119
31512  55.253  -49.684  23.570 0.4000000060
32737  55.187  -48.990  24.169 0.4000000060
25984  46.073  -54.202  20.208 0.5000000000
27045  46.299  -53.706  21.372 0.5000000000
25980  46.902  -53.943  21.781 0.5000000000
30322  54.667  -50.403  23.331 0.5000000000
29204  46.135  -51.682  21.306 0.5000000000
29194  47.041  -51.700  22.210 0.5000000000
29184  47.568  -51.976  22.870 0.5000000000
27037  46.918  -53.205  22.596 0.5000000000
25968  47.679  -53.662  23.326 0.6000000238
30340  47.626  -51.220  22.248 0.5000000000
29183  48.193  -51.812  23.185 0.5000000000
28097  47.743  -52.504  23.320 0.6000000238
25967  48.205  -54.111  23.597 0.5000000000
28077  49.809  -52.918  24.328 0.5000000000
27029  48.579  -53.372  23.971 0.5000000000
25957  48.712  -53.909  24.084 0.5000000000
17727  50.927  -62.645  8.812 0.4000000060
18810  50.302  -62.327  9.718 0.4000000060
18789  50.318  -61.993  12.682 0.4000000060
25905  44.175  -54.261  27.697 0.1000000015
25903  45.939  -54.823  27.291 0.1000000015
26971  45.707  -53.638  26.451 0.1000000015
24865  47.507  -55.495  27.793 0.1000000015
25902  47.163  -54.488  27.143 0.1000000015
26970  46.665  -53.367  26.450 0.1000000015
25901  48.293  -54.567  27.440 0.1000000015
26969  47.539  -53.226  26.595 0.1000000015
28038  48.798  -52.707  26.800 0.1000000015
29128  47.617  -51.771  26.254 0.1000000015
30273  48.083  -51.180  26.087 0.1000000015
30293  47.381  -50.780  25.727 0.2000000030
31483  47.953  -49.873  25.287 0.2000000030
31498  48.367  -49.239  24.849 0.2000000030
31482  49.054  -49.559  25.246 0.2000000030
32720  49.874  -49.063  24.899 0.2000000030
32827  54.237  -48.892  19.262 0.2000000030
32741  51.498  -48.452  24.518 0.2000000030
31571  54.095  -49.643  19.343 0.2000000030
31551  54.139  -49.077  20.099 0.2000000030
32803  54.226  -48.371  20.653 0.2000000030
32791  53.836  -48.231  21.246 0.2000000030
32740  52.649  -48.222  24.344 0.2000000030
31573  53.106  -49.844  19.683 0.2000000030
31553  52.877  -49.478  20.355 0.2000000030
31534  53.431  -48.852  20.922 0.2000000030
31522  53.443  -48.948  22.131 0.2000000030
31555  50.737  -49.671  20.269 0.2000000030
31554  51.890  -49.593  20.355 0.3000000119
31536  51.557  -49.437  21.102 0.3000000119
31523  52.353  -49.388  21.826 0.4000000060
30334  52.839  -49.484  22.336 0.4000000060
30323  53.266  -50.061  22.942 0.5000000000
31513  54.380  -49.378  23.128 0.4000000060
31558  47.512  -50.160  20.715 0.5000000000
31539  48.064  -50.149  21.285 0.4000000060
31538  49.175  -49.862  21.458 0.4000000060
31537  50.400  -49.564  21.175 0.4000000060
31525  50.219  -49.777  22.035 0.4000000060
30336  51.025  -49.974  22.611 0.5000000000
30335  52.119  -49.755  22.452 0.5000000000
30348  48.488  -50.391  21.956 0.5000000000
30338  49.092  -50.693  22.655 0.5000000000
29182  49.145  -51.471  23.288 0.5000000000
28096  48.580  -52.480  23.699 0.5000000000
28078  49.115  -52.906  24.081 0.5000000000
28094  50.298  -52.305  24.080 0.5000000000
29166  50.949  -51.992  23.978 0.5000000000
26926  42.971  -53.439  28.382 0.1000000015
25883  43.619  -54.034  28.574 0.1000000015
25906  43.522  -53.847  27.874 0.1000000015
28019  43.108  -53.133  26.924 0.1000000015
26972  44.547  -53.857  26.797 0.1000000015
28043  43.888  -53.128  26.428 0.1000000015
28042  45.150  -53.091  26.083 0.1000000015
28058  44.776  -52.379  25.642 0.1000000015
28056  46.520  -52.179  26.064 0.1000000015
29147  45.556  -51.500  25.436 0.1000000015
29129  46.984  -51.851  26.143 0.1000000015
30294  46.300  -50.700  25.411 0.2000000030
31485  46.122  -50.030  25.057 0.2000000030
31484  46.962  -49.969  25.253 0.2000000030
32742  50.367  -48.524  24.480 0.2000000030
32828  53.820  -48.435  18.832 0.1000000015
32816  54.159  -48.207  19.554 0.2000000030
32815  54.367  -48.570  19.962 0.2000000030
33955  54.255  -48.000  20.590 0.2000000030
33867  52.024  -47.922  23.854 0.2000000030
33978  53.291  -47.772  18.892 0.1000000015
33966  53.463  -47.539  19.680 0.1000000015
35068  53.206  -47.259  20.632 0.1000000015
33956  53.845  -47.585  20.583 0.1000000015
32780  53.667  -48.276  22.348 0.2000000030
32738  54.513  -48.347  24.023 0.3000000119
32739  53.616  -48.136  24.204 0.2000000030
33911  53.514  -47.810  22.040 0.1000000015
33864  54.111  -48.217  23.473 0.2000000030
30325  50.714  -50.718  23.131 0.5000000000
30324  51.852  -50.452  23.060 0.5000000000
29179  52.556  -51.166  23.533 0.5000000000
29181  50.251  -51.549  23.594 0.5000000000
29180  51.368  -51.296  23.565 0.5000000000
27993  42.704  -52.982  29.189 0.1000000015
29110  41.968  -52.184  28.112 0.1000000015
29130  42.122  -52.074  26.806 0.1000000015
28020  42.548  -52.944  27.537 0.1000000015
28044  42.974  -52.687  26.501 0.1000000015
28059  43.716  -52.291  25.752 0.1000000015
29148  44.504  -51.546  25.251 0.1000000015
29149  43.427  -51.536  25.318 0.1000000015
30295  45.291  -50.575  24.969 0.2000000030
31499  47.539  -49.335  24.833 0.2000000030
32745  47.266  -48.813  24.385 0.2000000030
32744  48.156  -48.787  24.443 0.2000000030
32743  49.186  -48.652  24.509 0.2000000030
33869  50.024  -48.148  24.026 0.2000000030
33868  50.974  -48.043  23.949 0.2000000030
33979  52.423  -47.292  18.628 0.1000000015
33967  52.593  -47.078  19.629 0.1000000015
35042  53.512  -47.381  21.169 0.1000000015
35017  53.562  -47.556  21.487 0.1000000015
33890  51.488  -47.673  23.365 0.1000000015
35018  53.188  -47.404  21.725 0.1000000015
33887  53.734  -48.136  22.990 0.2000000030
33865  53.783  -48.020  23.590 0.2000000030
33866  53.023  -47.865  23.715 0.2000000030
29104  41.559  -51.414  28.766 0.1000000015
30250  40.518  -50.406  28.346 0.1000000015
29111  41.586  -51.377  27.612 0.1000000015
30258  40.641  -50.216  27.534 0.1000000015
30275  41.271  -50.396  26.350 0.1000000015
29150  42.330  -51.352  25.713 0.1000000015
30297  43.106  -50.819  24.905 0.1000000015
31502  44.611  -49.613  24.311 0.1000000015
31501  45.530  -49.699  24.632 0.1000000015
32746  46.295  -48.895  24.287 0.1000000015
32765  48.028  -48.356  23.978 0.2000000030
32764  48.621  -48.408  24.159 0.2000000030
33892  49.157  -47.978  23.677 0.2000000030
33891  50.467  -47.761  23.487 0.1000000015
35120  51.175  -46.170  17.944 0.1000000015
36194  50.960  -46.099  19.162 0.1000000015
35095  51.334  -46.381  19.726 0.1000000015
35069  52.431  -46.992  20.688 0.1000000015
35070  51.503  -46.656  20.593 0.1000000015
35043  52.829  -47.203  21.259 0.1000000015
35019  52.353  -47.311  21.941 0.1000000015
33912  52.855  -47.506  22.454 0.1000000015
33889  52.469  -47.635  23.199 0.2000000030
31445  39.877  -49.840  27.599 0.1000000015
31462  40.664  -49.894  26.633 0.1000000015
31487  41.327  -49.976  25.534 0.1000000015
30312  42.949  -50.152  24.579 0.1000000015
31503  43.567  -49.554  24.132 0.1000000015
32747  45.340  -49.027  24.093 0.1000000015
33894  46.866  -47.974  23.206 0.1000000015
32766  47.070  -48.369  23.833 0.1000000015
33917  47.745  -47.530  22.671 0.1000000015
33893  47.957  -47.922  23.377 0.2000000030
36173  49.359  -45.750  19.800 0.1000000015
35072  48.918  -46.196  20.582 0.1000000015
35046  49.460  -46.731  21.278 0.1000000015
35022  48.634  -47.166  22.023 0.1000000015
33916  48.911  -47.506  22.816 0.1000000015
36216  50.829  -45.903  18.566 0.1000000015
36195  50.419  -45.767  19.072 0.1000000015
35071  50.274  -46.278  20.321 0.1000000015
35045  50.715  -46.834  21.310 0.1000000015
35020  51.148  -47.280  22.169 0.1000000015
33915  50.105  -47.483  22.891 0.1000000015
33914  51.038  -47.525  22.928 0.1000000015
35044  51.869  -47.038  21.327 0.1000000015
31463  39.714  -49.333  26.463 0.1000000015
31488  40.499  -49.293  25.592 0.1000000015
31504  42.211  -49.630  24.497 0.1000000015
31515  42.511  -49.172  24.036 0.1000000015
32769  43.864  -48.827  23.590 0.1000000015
33895  45.805  -48.159  23.050 0.1000000015
35075  45.722  -46.459  20.614 0.1000000015
35049  46.083  -46.973  21.380 0.1000000015
33939  46.014  -47.435  22.024 0.1000000015
36175  47.205  -45.801  20.000 0.1000000015
36176  46.317  -45.978  20.074 0.1000000015
35048  47.178  -46.758  21.343 0.1000000015
35023  47.522  -47.187  21.952 0.1000000015
36174  48.291  -45.743  19.929 0.1000000015
35073  47.770  -46.241  20.664 0.1000000015
32770  42.639  -48.773  23.682 0.1000000015
33898  42.540  -48.098  23.084 0.1000000015
33896  44.712  -48.268  23.012 0.1000000015
33921  43.396  -47.702  22.481 0.1000000015
33897  43.601  -48.239  23.054 0.1000000015
35050  44.987  -46.998  21.202 0.1000000015
33920  44.435  -47.786  22.485 0.1000000015
33919  45.466  -47.783  22.503 0.1000000015
25938  54.602  -54.661  26.123 0.4000000060
27014  50.788  -54.095  25.148 0.5000000000
26988  55.099  -53.993  25.644 0.4000000060
29141  56.189  -51.862  25.812 0.4000000060
25896  52.901  -54.640  28.090 0.1000000015
28036  50.683  -52.652  26.918 0.1000000015
28011  55.031  -52.664  27.352 0.2000000030
30284  56.129  -50.940  25.203 0.4000000060
30308  55.963  -50.226  24.599 0.4000000060
23794  48.461  -56.896  28.912 0.1000000015
30289  51.562  -50.154  25.760 0.3000000119
29123  52.879  -51.395  26.553 0.2000000030
30269  52.177  -50.755  26.177 0.2000000030
29144  54.081  -50.379  25.979 0.2000000030
31479  51.987  -49.409  25.388 0.3000000119
32718  51.500  -49.005  25.055 0.2000000030
31496  54.897  -48.862  24.652 0.3000000119
25983  46.748  -54.360  20.718 0.5000000000
24841  47.958  -56.249  28.368 0.1000000015
26968  48.143  -53.005  26.677 0.1000000015
26948  48.179  -53.611  26.960 0.1000000015
29127  48.471  -51.800  26.475 0.1000000015
29126  49.449  -51.784  26.630 0.1000000015
30292  48.488  -50.446  25.745 0.2000000030
32716  53.320  -48.533  24.803 0.3000000119
32762  55.001  -48.930  23.578 0.4000000060
27043  45.970  -53.174  21.459 0.5000000000
28105  46.618  -52.547  22.289 0.5000000000
28118  45.212  -52.646  20.566 0.5000000000
30349  47.497  -50.817  21.723 0.5000000000
25926  45.350  -54.346  26.926 0.1000000015
25925  46.329  -54.133  26.729 0.1000000015
28039  47.951  -52.490  26.514 0.1000000015
28040  47.070  -52.513  26.329 0.1000000015
28041  46.169  -52.840  26.170 0.1000000015
31552  53.622  -49.270  20.213 0.2000000030
32804  53.990  -48.735  20.649 0.2000000030
33938  53.894  -47.750  21.150 0.1000000015
31535  52.656  -49.319  21.124 0.3000000119
32763  54.175  -48.556  23.138 0.4000000060
31574  52.254  -49.921  19.717 0.2000000030
31524  51.270  -49.503  21.899 0.4000000060
31557  48.319  -49.844  20.492 0.5000000000
31556  49.495  -49.693  20.307 0.5000000000
31526  49.498  -50.083  22.220 0.5000000000
30337  50.043  -50.314  22.658 0.5000000000
28002  42.495  -52.825  28.669 0.1000000015
26952  42.795  -53.302  27.875 0.1000000015
26973  43.848  -53.604  26.953 0.1000000015
28057  45.806  -52.265  25.809 0.1000000015
29146  46.540  -51.513  25.811 0.1000000015
33965  54.228  -47.866  20.066 0.1000000015
35093  52.795  -47.115  20.176 0.1000000015
29103  42.131  -52.124  29.128 0.1000000015
28060  42.842  -52.077  25.928 0.1000000015
29131  41.652  -51.140  26.590 0.1000000015
30296  44.179  -50.844  24.837 0.1000000015
30310  44.795  -50.169  24.646 0.2000000030
31500  46.606  -49.422  24.767 0.2000000030
33980  51.676  -46.694  18.288 0.1000000015
35108  51.522  -46.429  18.827 0.1000000015
35107  52.031  -46.756  19.399 0.1000000015
33888  53.298  -47.758  23.021 0.1000000015
30249  41.130  -50.748  28.083 0.1000000015
29096  40.854  -51.261  29.533 0.1000000015
29105  40.939  -50.781  28.818 0.1000000015
30251  39.789  -50.157  28.451 0.1000000015
30259  40.214  -50.142  28.000 0.1000000015
30257  41.226  -50.665  27.210 0.1000000015
31444  40.402  -49.969  27.272 0.1000000015
31461  41.091  -50.072  26.187 0.1000000015
29151  41.728  -50.783  25.888 0.1000000015
30299  41.565  -50.417  25.724 0.1000000015
30298  42.085  -50.432  25.185 0.1000000015
30311  43.875  -50.209  24.502 0.1000000015
32748  44.499  -49.124  23.918 0.1000000015
35096  50.624  -46.074  19.578 0.1000000015
35094  52.151  -46.782  20.060 0.1000000015
33913  51.918  -47.467  22.688 0.1000000015
31486  41.832  -50.030  25.035 0.1000000015
32768  45.056  -48.637  23.555 0.1000000015
32767  46.069  -48.478  23.684 0.1000000015
36197  48.758  -45.323  19.149 0.1000000015
36172  50.090  -45.844  19.579 0.1000000015
35047  48.256  -46.680  21.340 0.1000000015
35021  49.850  -47.228  22.065 0.1000000015
31505  41.212  -49.284  24.898 0.1000000015
32750  41.788  -48.995  24.226 0.1000000015
32749  42.273  -49.133  24.093 0.1000000015
31514  42.944  -49.220  23.916 0.1000000015
35074  46.722  -46.376  20.686 0.1000000015
35076  44.697  -46.430  20.484 0.1000000015
35024  46.687  -47.225  21.838 0.1000000015
33940  45.203  -47.389  21.929 0.1000000015
33918  46.589  -47.608  22.483 0.1000000015
33941  44.200  -47.344  21.860 0.1000000015
36177  45.462  -45.874  19.864 0.1000000015
35051  43.945  -46.924  21.124 0.1000000015
23884  57.147  -56.559  24.084 0.1000000015
24923  56.945  -55.940  23.387 0.1000000015
24911  56.551  -56.262  24.773 0.1000000015
24912  55.581  -56.804  24.738 0.1000000015
23875  55.329  -57.037  25.726 0.1000000015
24893  56.472  -56.505  26.261 0.1000000015
22844  57.167  -57.377  23.498 0.2000000030
24879  55.324  -56.340  27.357 0.1000000015
24933  57.147  -56.084  22.276 0.2000000030
24934  56.358  -55.781  22.473 0.1000000015
24945  56.699  -55.914  21.405 0.2000000030
24924  55.991  -56.246  23.578 0.1000000015
23817  54.750  -56.554  26.732 0.1000000015
22895  56.795  -57.855  20.427 0.2000000030
24913  54.969  -56.942  24.509 0.2000000030
24935  55.286  -55.889  22.632 0.2000000030
24925  54.783  -56.537  23.739 0.2000000030
23860  54.257  -56.953  25.784 0.3000000119
23839  53.841  -56.621  26.179 0.3000000119
23885  54.512  -56.939  24.527 0.3000000119
23861  53.430  -57.120  25.695 0.3000000119
24947  54.587  -55.590  21.822 0.2000000030
24936  54.156  -55.940  22.684 0.2000000030
21866  54.968  -58.157  20.275 0.2000000030
24926  53.601  -56.446  23.368 0.2000000030
22897  54.795  -57.264  20.436 0.2000000030
17630  52.957  -62.516  17.253 0.1000000015
22921  55.595  -58.350  20.337 0.2000000030
23900  55.422  -55.785  21.019 0.2000000030
22896  55.804  -57.524  20.381 0.2000000030
23878  53.195  -57.325  24.767 0.3000000119
22821  52.681  -57.362  25.364 0.4000000060
19783  53.653  -60.832  18.766 0.1000000015
20837  54.509  -59.580  19.837 0.1000000015
24948  53.552  -55.819  21.900 0.2000000030
24937  53.114  -56.179  22.559 0.2000000030
17611  53.364  -62.374  18.063 0.1000000015
23879  52.418  -57.277  24.431 0.4000000060
23925  54.418  -56.457  20.731 0.2000000030
20838  53.847  -59.559  19.568 0.2000000030
17649  52.396  -63.098  16.377 0.1000000015
17662  51.797  -63.096  15.518 0.2000000030
17631  52.642  -62.140  17.040 0.1000000015
21867  54.126  -58.037  20.199 0.2000000030
23926  53.454  -56.650  20.874 0.2000000030
23903  53.060  -56.306  21.404 0.2000000030
18710  53.142  -61.380  18.252 0.1000000015
23904  52.099  -56.534  21.428 0.4000000060
23888  52.056  -56.918  23.621 0.4000000060
20839  52.913  -59.709  19.456 0.3000000119
21868  53.257  -58.008  20.261 0.3000000119
19784  52.902  -60.704  18.772 0.2000000030
20848  52.218  -60.227  19.023 0.4000000060
24938  52.028  -56.338  22.564 0.4000000060
23889  51.141  -56.484  23.590 0.4000000060
22899  52.897  -57.435  20.585 0.3000000119
20840  51.854  -59.505  19.414 0.4000000060
31607  53.482  -49.593  17.483 0.1000000015
23895  51.308  -56.324  22.873 0.4000000060
23928  51.598  -56.915  20.914 0.4000000060
24939  51.064  -56.171  22.289 0.5000000000
21887  51.254  -58.692  19.652 0.4000000060
21886  52.427  -58.602  20.022 0.3000000119
22900  52.027  -57.416  20.596 0.4000000060
22923  51.647  -57.963  20.134 0.4000000060
31592  53.788  -49.081  18.261 0.1000000015
31591  54.101  -49.643  18.561 0.1000000015
24929  50.635  -56.081  22.911 0.4000000060
24951  50.669  -56.123  21.574 0.5000000000
23905  51.168  -56.459  21.206 0.5000000000
24940  50.216  -55.760  22.170 0.5000000000
30393  54.189  -50.504  18.910 0.1000000015
30372  54.125  -50.240  19.183 0.1000000015
29225  53.623  -51.144  19.055 0.1000000015
30374  53.373  -50.565  19.301 0.1000000015
22830  57.142  -57.228  24.603 0.1000000015
24894  55.897  -56.807  25.935 0.1000000015
23874  57.050  -56.558  25.309 0.1000000015
24878  56.210  -56.258  27.734 0.1000000015
25894  55.732  -54.902  28.035 0.1000000015
23864  51.084  -56.301  25.131 0.4000000060
31572  53.732  -49.765  19.567 0.1000000015
21818  57.040  -58.291  22.956 0.1000000015
23887  53.005  -57.045  23.835 0.3000000119
22898  53.826  -57.261  20.463 0.2000000030
24928  52.122  -56.591  23.081 0.4000000060
23927  52.541  -56.887  21.027 0.3000000119
31606  54.077  -50.193  17.990 0.1000000015
30373  53.967  -50.478  19.253 0.1000000015
23814  57.070  -56.253  27.789 0.1000000015
14750  44.865  -65.199  15.090 0.1000000015
14768  44.642  -65.251  14.344 0.1000000015
14800  44.906  -65.245  12.185 0.1000000015
15687  43.903  -65.204  14.481 0.1000000015
14785  45.233  -65.014  13.312 0.1000000015
15678  45.217  -64.695  15.362 0.1000000015
15679  44.202  -64.860  15.070 0.1000000015
15680  43.206  -64.654  15.099 0.1000000015
20807  37.379  -59.327  21.314 0.1000000015
19827  42.471  -60.893  16.128 0.1000000015
18765  43.045  -61.989  15.609 0.1000000015
14749  45.637  -65.443  15.275 0.1000000015
16654  43.907  -63.783  15.310 0.1000000015
14767  45.960  -65.473  14.487 0.1000000015
14784  46.391  -64.872  13.388 0.1000000015
19721  37.798  -59.804  22.623 0.1000000015
20806  38.348  -59.196  21.364 0.1000000015
20825  38.096  -58.759  20.778 0.1000000015
18610  38.701  -60.680  23.628 0.1000000015
19690  38.283  -60.302  23.078 0.1000000015
19748  37.911  -59.612  21.899 0.1000000015
19747  38.257  -59.638  21.814 0.1000000015
21846  39.239  -58.188  21.215 0.1000000015
22952  40.907  -57.851  18.063 0.1000000015
20870  42.800  -59.103  17.203 0.1000000015
16653  44.871  -63.849  15.373 0.1000000015
13843  46.320  -65.735  15.521 0.1000000015
15703  46.433  -64.693  12.563 0.1000000015
20776  38.849  -59.762  21.896 0.1000000015
20775  39.270  -59.307  21.812 0.1000000015
18609  39.174  -61.297  24.102 0.1000000015
18634  38.708  -60.703  23.117 0.1000000015
19719  39.237  -60.221  22.450 0.1000000015
19718  39.595  -59.801  22.404 0.1000000015
20805  38.904  -58.872  21.315 0.1000000015
21845  40.031  -57.911  21.838 0.1000000015
22907  40.684  -56.983  20.662 0.1000000015
22930  40.480  -57.102  19.570 0.1000000015
22943  41.350  -57.511  18.764 0.1000000015
21904  42.053  -57.837  18.603 0.1000000015
21915  41.953  -58.259  17.854 0.1000000015
20895  43.579  -59.708  16.775 0.1000000015
18763  44.794  -61.741  15.703 0.1000000015
14748  46.501  -65.382  15.811 0.1000000015
16652  45.734  -63.779  15.661 0.1000000015
17666  44.768  -62.663  15.464 0.1000000015
13859  46.792  -66.183  15.102 0.1000000015
20753  40.623  -59.432  22.921 0.1000000015
17492  39.604  -62.129  24.651 0.1000000015
17514  39.743  -61.887  23.747 0.1000000015
18633  39.219  -60.971  23.150 0.1000000015
17537  39.750  -61.385  23.443 0.1000000015
19688  40.011  -60.251  22.902 0.1000000015
20774  39.969  -59.312  22.418 0.1000000015
21825  39.814  -58.621  21.952 0.1000000015
22861  40.928  -57.722  22.410 0.1000000015
22906  41.854  -56.879  20.925 0.1000000015
22905  42.768  -57.109  20.873 0.1000000015
17536  40.204  -61.621  23.517 0.1000000015
18631  40.591  -61.077  23.422 0.1000000015
22929  41.535  -57.069  19.796 0.1000000015
22942  42.161  -57.585  19.183 0.1000000015
21903  42.737  -58.072  18.695 0.1000000015
20869  43.748  -59.111  17.685 0.1000000015
20894  44.293  -59.720  17.124 0.1000000015
19825  44.396  -60.469  16.472 0.1000000015
18754  45.827  -61.529  16.675 0.1000000015
18755  45.257  -61.334  16.268 0.1000000015
19836  43.916  -60.972  15.911 0.1000000015
16640  46.562  -63.763  16.117 0.1000000015
17654  46.085  -62.456  16.251 0.1000000015
13842  46.918  -65.995  15.855 0.1000000015
14766  47.028  -65.590  14.326 0.1000000015
14765  48.049  -65.664  14.248 0.1000000015
13858  47.667  -66.338  14.958 0.1000000015
20752  41.248  -59.484  23.386 0.1000000015
21811  41.057  -58.844  23.050 0.1000000015
16503  39.932  -63.109  25.026 0.1000000015
16502  40.610  -63.569  24.667 0.1000000015
16525  41.016  -63.085  24.120 0.1000000015
17513  40.553  -62.303  23.770 0.1000000015
19687  40.875  -60.255  23.320 0.1000000015
21823  41.228  -58.300  23.009 0.1000000015
22860  41.442  -57.674  22.693 0.1000000015
22873  43.045  -57.114  21.704 0.1000000015
16526  40.227  -62.716  24.303 0.1000000015
22927  43.254  -57.563  20.307 0.1000000015
21891  43.435  -58.033  19.588 0.1000000015
21872  43.745  -57.847  20.272 0.1000000015
21902  43.653  -58.660  18.523 0.1000000015
21890  44.216  -58.796  19.312 0.1000000015
21901  44.183  -58.986  18.737 0.1000000015
19803  45.561  -60.355  17.620 0.1000000015
20867  45.281  -59.776  18.394 0.1000000015
16639  47.337  -63.851  16.741 0.1000000015
17653  46.874  -63.177  16.572 0.1000000015
17633  46.635  -62.101  17.168 0.1000000015
18733  46.244  -61.385  17.326 0.1000000015
18734  45.667  -60.992  16.903 0.1000000015
16625  48.087  -64.051  17.769 0.1000000015
15666  46.905  -64.683  16.243 0.1000000015
15665  47.681  -64.822  16.840 0.1000000015
14735  47.216  -65.459  16.327 0.1000000015
13857  48.630  -66.379  14.826 0.1000000015
14620  40.931  -65.054  25.561 0.1000000015
16493  40.294  -63.910  25.212 0.1000000015
15562  42.340  -63.951  24.689 0.1000000015
16524  41.985  -63.251  24.295 0.1000000015
15542  40.964  -64.466  25.023 0.1000000015
17512  41.487  -62.291  23.834 0.1000000015
18607  42.095  -61.207  23.973 0.1000000015
19686  41.571  -60.241  23.707 0.1000000015
21810  41.563  -58.645  23.471 0.1000000015
22849  42.136  -57.906  23.510 0.1000000015
22859  42.533  -57.306  22.669 0.1000000015
21809  42.144  -58.629  23.939 0.1000000015
22848  43.096  -57.497  23.415 0.1000000015
22872  44.067  -57.418  21.698 0.1000000015
22904  43.728  -57.525  20.874 0.1000000015
21871  44.475  -58.385  20.400 0.1000000015
22903  44.401  -57.849  21.112 0.1000000015
20824  45.094  -58.930  20.289 0.1000000015
20843  45.002  -59.183  19.751 0.1000000015
20852  45.422  -59.660  19.143 0.1000000015
19802  46.224  -60.743  18.145 0.1000000015
19788  45.847  -60.202  18.636 0.1000000015
17632  47.266  -62.745  17.390 0.1000000015
18713  46.716  -61.315  18.294 0.1000000015
17613  48.153  -62.906  18.755 0.1000000015
14734  47.919  -65.726  16.864 0.1000000015
13827  47.413  -65.907  16.377 0.1000000015
13841  47.512  -66.634  15.817 0.1000000015
13840  48.314  -66.888  15.619 0.1000000015
18606  43.221  -61.648  24.840 0.1000000015
14619  41.594  -65.128  25.387 0.1000000015
15541  41.952  -64.540  24.939 0.1000000015
19667  42.747  -60.327  24.657 0.1000000015
20731  43.185  -59.384  24.974 0.1000000015
15563  41.459  -63.844  24.580 0.1000000015
17511  42.578  -62.507  24.304 0.1000000015
21797  42.582  -58.485  24.214 0.1000000015
21795  44.035  -58.188  24.652 0.1000000015
22847  44.048  -57.466  23.299 0.1000000015
22836  43.595  -57.759  24.078 0.1000000015
22871  44.833  -57.924  21.621 0.1000000015
21870  45.170  -58.781  20.548 0.1000000015
20823  45.782  -59.281  20.412 0.1000000015
20842  45.561  -59.549  19.725 0.1000000015
19776  46.916  -60.720  19.753 0.1000000015
19777  46.054  -60.045  19.561 0.1000000015
18712  47.298  -61.987  18.530 0.1000000015
18700  47.037  -61.299  19.077 0.1000000015
16606  48.440  -63.753  18.527 0.1000000015
16624  48.535  -64.862  17.947 0.1000000015
16500  43.786  -63.697  25.083 0.1000000015
14618  42.500  -65.209  25.333 0.1000000015
15539  43.796  -64.620  25.215 0.1000000015
17510  43.380  -62.923  24.781 0.1000000015
18594  43.949  -61.548  25.748 0.1000000015
13720  42.046  -65.793  25.803 0.1000000015
15540  42.913  -64.423  24.968 0.1000000015
16522  43.412  -63.399  24.850 0.1000000015
19651  43.520  -60.310  25.472 0.1000000015
21780  43.665  -58.750  25.052 0.1000000015
22834  45.413  -57.838  23.726 0.1000000015
22846  44.920  -57.685  23.124 0.1000000015
22856  45.382  -57.906  22.287 0.1000000015
20804  45.913  -58.870  21.017 0.1000000015
20803  46.456  -59.111  21.144 0.1000000015
19762  47.128  -60.330  20.428 0.1000000015
17600  48.358  -62.488  19.498 0.1000000015
17612  48.683  -63.669  18.973 0.1000000015
16590  49.206  -64.191  19.273 0.1000000015
14617  43.476  -65.338  25.358 0.1000000015
16499  44.447  -63.675  25.764 0.1000000015
17491  43.943  -62.676  25.321 0.1000000015
19650  44.173  -60.490  26.259 0.1000000015
20713  44.198  -59.501  25.883 0.1000000015
21779  44.362  -58.652  25.350 0.1000000015
22845  45.593  -57.813  22.983 0.1000000015
21821  46.185  -58.267  22.189 0.1000000015
20802  47.508  -59.400  21.515 0.1000000015
21841  46.709  -58.751  21.719 0.1000000015
19761  47.914  -60.558  20.722 0.1000000015
20821  47.337  -59.988  20.835 0.1000000015
19760  48.889  -61.006  20.710 0.1000000015
19775  47.414  -60.864  20.208 0.1000000015
18689  48.372  -61.346  20.398 0.1000000015
18699  47.845  -61.698  19.764 0.1000000015
17599  48.843  -63.076  19.625 0.1000000015
16589  49.765  -64.349  19.651 0.1000000015
15621  50.595  -65.295  19.655 0.1000000015
15538  44.500  -64.600  25.495 0.1000000015
17490  44.400  -62.600  26.133 0.1000000015
14616  44.520  -65.584  25.505 0.1000000015
21763  44.819  -58.906  25.940 0.1000000015
21793  46.123  -58.072  24.431 0.1000000015
21807  47.139  -58.287  23.672 0.1000000015
21820  47.205  -58.595  22.488 0.1000000015
19745  48.773  -60.248  21.180 0.1000000015
19746  48.186  -59.946  21.275 0.1000000015
18688  48.938  -62.050  20.306 0.1000000015
17589  49.638  -63.034  20.172 0.1000000015
16578  49.511  -63.732  19.776 0.1000000015
15607  51.570  -64.332  19.860 0.1000000015
15618  52.753  -64.006  19.299 0.1000000015
15525  45.371  -65.531  26.371 0.1000000015
14598  44.928  -65.226  25.698 0.1000000015
16492  44.802  -63.637  26.599 0.1000000015
17476  44.501  -62.593  27.083 0.1000000015
18579  44.512  -61.569  27.577 0.1000000015
19634  44.581  -60.572  27.077 0.1000000015
18593  44.323  -61.553  26.633 0.1000000015
20698  44.825  -59.574  26.562 0.1000000015
21778  45.354  -58.402  25.384 0.1000000015
21777  46.355  -58.438  25.516 0.1000000015
20772  48.201  -58.960  22.551 0.1000000015
18604  53.373  -61.425  24.126 0.1000000015
17533  52.985  -62.152  23.026 0.1000000015
18628  52.437  -62.197  23.013 0.1000000015
19716  51.703  -61.203  22.170 0.1000000015
19743  50.809  -60.870  21.311 0.1000000015
20800  49.464  -59.960  21.697 0.1000000015
20801  48.593  -59.603  21.755 0.1000000015
17532  53.402  -61.724  23.274 0.1000000015
18657  52.628  -62.061  22.074 0.1000000015
18658  52.146  -61.799  22.664 0.1000000015
20799  50.053  -60.318  21.579 0.1000000015
19682  54.171  -60.544  23.379 0.1000000015
18656  54.191  -61.222  22.429 0.1000000015
17554  53.679  -61.604  22.238 0.1000000015
18685  51.652  -62.486  20.692 0.1000000015
18686  51.108  -61.970  20.569 0.1000000015
19759  49.786  -61.343  20.713 0.1000000015
19681  54.569  -60.367  22.823 0.1000000015
18625  54.607  -60.737  22.373 0.1000000015
17570  52.983  -62.484  21.164 0.1000000015
17588  50.562  -62.967  20.231 0.1000000015
17585  52.774  -63.033  20.457 0.1000000015
18684  54.903  -60.764  20.672 0.1000000015
16574  52.443  -63.526  20.082 0.1000000015
16588  53.317  -63.481  19.035 0.1000000015
14587  45.274  -65.520  27.309 0.1000000015
15518  45.319  -65.320  26.731 0.1000000015
15519  45.026  -64.686  27.197 0.1000000015
16486  44.607  -63.633  27.608 0.1000000015
20680  45.205  -59.948  27.212 0.1000000015
20697  45.748  -59.340  26.853 0.1000000015
21762  45.572  -58.818  26.173 0.1000000015
21792  47.214  -58.372  24.772 0.1000000015
20750  48.296  -58.700  23.350 0.1000000015
20748  50.264  -59.755  23.751 0.1000000015
20771  49.356  -59.415  22.564 0.1000000015
17534  52.447  -62.439  23.633 0.1000000015
19684  51.663  -61.311  23.560 0.1000000015
19717  51.179  -60.416  22.812 0.1000000015
20770  50.263  -59.996  22.238 0.1000000015
17507  53.204  -62.132  23.863 0.1000000015
20768  55.430  -59.342  22.579 0.1000000015
19715  54.834  -60.192  22.281 0.1000000015
14579  45.030  -65.358  28.039 0.1000000015
16479  44.606  -63.655  28.646 0.1000000015
15512  44.715  -64.555  28.195 0.1000000015
17466  44.466  -62.613  28.112 0.1000000015
18562  44.914  -61.659  28.509 0.1000000015
19618  45.189  -60.653  27.860 0.1000000015
20679  45.928  -59.866  27.500 0.1000000015
21761  46.501  -58.869  26.358 0.1000000015
21776  47.322  -58.694  25.760 0.1000000015
21805  48.729  -58.904  24.611 0.1000000015
21791  48.107  -58.732  25.132 0.1000000015
20730  49.447  -59.394  24.773 0.1000000015
17509  52.115  -62.581  24.374 0.1000000015
18605  51.630  -61.977  24.570 0.1000000015
19685  51.126  -60.532  23.986 0.1000000015
20749  48.983  -58.973  23.653 0.1000000015
20709  53.687  -60.112  25.010 0.1000000015
17487  53.091  -62.242  24.724 0.1000000015
20708  54.163  -59.717  24.918 0.1000000015
19663  53.881  -60.337  24.184 0.1000000015
17451  44.886  -62.684  29.103 0.1000000015
19592  45.679  -61.091  28.515 0.1000000015
19617  46.177  -60.410  28.123 0.1000000015
20678  46.849  -59.865  27.622 0.1000000015
20696  46.644  -59.366  27.028 0.1000000015
20695  47.528  -59.531  27.075 0.1000000015
20711  49.380  -59.903  25.950 0.1000000015
21790  48.815  -59.227  25.416 0.1000000015
19666  50.671  -60.463  24.718 0.1000000015
20729  50.106  -60.069  25.140 0.1000000015
19665  51.248  -61.108  24.886 0.1000000015
20727  54.838  -59.276  24.310 0.1000000015
20744  56.216  -58.649  23.464 0.1000000015
16464  45.183  -63.731  29.492 0.1000000015
18538  45.847  -61.895  29.237 0.1000000015
18537  46.977  -61.595  29.229 0.1000000015
19591  46.527  -61.018  28.691 0.1000000015
19616  47.132  -60.384  28.180 0.1000000015
20677  47.750  -59.972  27.602 0.1000000015
21775  48.232  -59.210  26.067 0.1000000015
21774  48.811  -59.470  25.908 0.1000000015
19648  50.487  -60.825  25.750 0.1000000015
19647  51.017  -61.243  25.571 0.1000000015
18590  53.202  -61.570  25.342 0.1000000015
17488  52.490  -62.547  25.032 0.1000000015
20725  56.487  -58.265  24.385 0.1000000015
21804  56.997  -58.045  24.010 0.1000000015
19590  47.498  -60.936  28.697 0.1000000015
19615  48.034  -60.417  28.106 0.1000000015
20676  48.319  -60.182  27.550 0.1000000015
20694  48.545  -59.848  26.845 0.1000000015
20693  49.195  -60.228  26.584 0.1000000015
19649  49.926  -60.461  26.028 0.1000000015
21758  55.536  -58.153  26.112 0.1000000015
20691  54.295  -59.357  26.097 0.1000000015
17489  51.871  -62.359  25.307 0.1000000015
21772  56.106  -58.046  25.472 0.1000000015
19589  48.391  -61.014  28.513 0.1000000015
19588  49.104  -61.306  28.272 0.1000000015
18560  50.812  -61.750  27.274 0.1000000015
19613  49.590  -61.258  27.650 0.1000000015
19614  48.868  -60.629  27.572 0.1000000015
19632  49.734  -60.748  26.648 0.1000000015
19631  50.301  -61.053  26.355 0.1000000015
20690  54.914  -58.589  26.629 0.1000000015
20692  53.636  -60.016  25.593 0.1000000015
17473  52.799  -62.230  25.669 0.1000000015
17474  52.248  -62.397  25.863 0.1000000015
18591  51.340  -61.675  25.700 0.1000000015
21771  56.789  -57.588  26.049 0.1000000015
19630  53.247  -60.743  26.035 0.1000000015
18531  51.953  -61.741  28.082 0.1000000015
18561  50.183  -61.387  27.112 0.1000000015
18559  51.577  -62.018  27.207 0.1000000015
18577  50.678  -61.409  26.395 0.1000000015
19612  53.193  -60.685  27.192 0.1000000015
18558  52.307  -61.955  27.159 0.1000000015
18576  51.199  -61.870  26.557 0.1000000015
18574  52.942  -61.639  26.511 0.1000000015
17475  51.726  -62.204  26.273 0.1000000015
19828  41.685  -60.681  16.584 0.1000000015
20896  42.672  -59.920  16.531 0.1000000015
19826  43.391  -60.469  16.186 0.1000000015
19837  43.250  -61.213  15.772 0.1000000015
14786  44.093  -65.144  12.996 0.1000000015
18764  43.977  -61.755  15.571 0.1000000015
17667  43.525  -62.787  15.424 0.1000000015
15688  43.337  -65.153  14.531 0.1000000015
20777  37.144  -59.577  22.121 0.1000000015
19838  42.739  -61.492  15.793 0.1000000015
20897  42.124  -60.230  16.516 0.1000000015
18659  38.906  -60.539  22.578 0.1000000015
15677  46.084  -64.667  15.736 0.1000000015
17665  45.409  -63.171  15.577 0.1000000015
19689  39.571  -60.670  22.911 0.1000000015
22876  40.018  -57.437  21.256 0.1000000015
22908  39.628  -57.308  20.413 0.1000000015
21824  40.606  -58.316  22.523 0.1000000015
22875  40.862  -57.311  21.877 0.1000000015
21892  42.728  -57.749  19.347 0.1000000015
21913  43.511  -58.757  18.029 0.1000000015
17655  45.306  -61.991  15.782 0.1000000015
18756  44.491  -61.214  15.928 0.1000000015
22850  41.565  -58.097  23.208 0.1000000015
22874  42.031  -57.071  21.828 0.1000000015
23933  42.041  -56.835  21.077 0.1000000015
17535  40.807  -61.799  23.603 0.1000000015
19804  44.854  -60.104  17.149 0.1000000015
20868  44.689  -59.600  17.848 0.1000000015
19824  45.185  -60.601  16.839 0.1000000015
18608  41.252  -61.490  23.643 0.1000000015
18630  41.270  -60.884  23.606 0.1000000015
22858  43.562  -57.282  22.559 0.1000000015
20853  44.695  -59.329  18.796 0.1000000015
18732  46.845  -61.896  17.748 0.1000000015
20751  41.831  -59.394  23.868 0.1000000015
19668  42.132  -60.098  24.129 0.1000000015
22837  42.794  -57.970  24.035 0.1000000015
20732  42.495  -59.246  24.397 0.1000000015
22857  44.500  -57.535  22.434 0.1000000015
21844  44.759  -58.175  21.061 0.1000000015
19787  46.453  -60.733  18.932 0.1000000015
16605  48.721  -64.400  18.548 0.1000000015
15654  48.618  -65.438  17.676 0.1000000015
14733  48.158  -66.282  16.849 0.1000000015
16523  42.972  -63.585  24.720 0.1000000015
21796  43.159  -58.484  24.562 0.1000000015
22835  44.509  -57.755  23.955 0.1000000015
21822  45.664  -58.270  21.729 0.1000000015
19763  46.527  -60.022  20.186 0.1000000015
16501  43.394  -64.080  24.976 0.1000000015
20714  43.737  -59.282  25.419 0.1000000015
21794  44.968  -58.108  24.607 0.1000000015
21808  46.257  -58.027  23.151 0.1000000015
20822  46.788  -59.692  20.748 0.1000000015
18698  48.515  -62.315  19.796 0.1000000015
15623  49.193  -64.894  18.839 0.1000000015
20773  47.646  -58.962  22.159 0.1000000015
19744  49.634  -60.577  21.144 0.1000000015
16577  50.199  -63.906  20.006 0.1000000015
15622  49.779  -65.103  19.273 0.1000000015
15608  50.822  -64.583  19.997 0.1000000015
15620  51.338  -65.083  19.654 0.1000000015
15526  45.062  -64.811  26.156 0.1000000015
21819  47.803  -58.567  23.206 0.1000000015
18687  50.051  -62.179  20.498 0.1000000015
15606  52.222  -64.001  19.702 0.1000000015
16576  51.049  -63.754  20.117 0.1000000015
16575  51.797  -63.604  20.109 0.1000000015
16573  52.969  -63.514  19.795 0.1000000015
21806  48.075  -58.560  24.054 0.1000000015
19742  51.520  -61.381  21.467 0.1000000015
19758  50.437  -61.548  20.684 0.1000000015
18674  52.528  -62.349  21.423 0.1000000015
18675  51.956  -62.035  21.368 0.1000000015
20747  54.252  -60.172  23.772 0.1000000015
17553  54.359  -61.325  21.933 0.1000000015
17587  51.388  -62.952  20.325 0.1000000015
17571  52.487  -62.597  21.001 0.1000000015
20745  55.256  -59.178  23.508 0.1000000015
17569  53.600  -62.130  21.153 0.1000000015
17584  53.448  -62.789  20.021 0.1000000015
16602  54.686  -62.168  19.661 0.1000000015
16572  53.945  -62.157  20.168 0.1000000015
18629  51.979  -62.194  23.615 0.1000000015
21760  47.368  -59.128  26.506 0.1000000015
20707  55.062  -58.730  25.413 0.1000000015
20726  55.740  -58.515  24.553 0.1000000015
18592  50.902  -61.300  25.870 0.1000000015
19633  49.090  -60.374  26.908 0.1000000015
22901  51.167  -57.339  20.345 0.4000000060
19786  51.055  -60.666  18.358 0.3000000119
20841  50.935  -59.435  19.175 0.3000000119
22924  50.701  -57.876  19.778 0.4000000060
22902  50.402  -57.134  20.006 0.4000000060
20850  50.306  -59.884  18.462 0.3000000119
12273  48.344  -69.251  5.893 0.1000000015
12259  48.079  -68.754  5.777 0.1000000015
14859  49.637  -66.008  6.570 0.2000000030
17751  50.138  -63.344  7.728 0.3000000119
22973  48.081  -57.440  16.228 0.4000000060
19785  51.974  -60.885  18.456 0.3000000119
18801  49.314  -61.866  10.774 0.4000000060
19864  48.928  -61.191  12.872 0.4000000060
16721  49.702  -63.836  7.331 0.2000000030
17741  49.569  -62.930  8.245 0.3000000119
18793  49.152  -61.552  12.099 0.4000000060
19860  48.780  -60.828  13.504 0.4000000060
20906  48.241  -58.751  15.582 0.4000000060
10586  48.073  -70.658  5.843 0.1000000015
15795  49.003  -65.371  6.694 0.3000000119
18794  48.438  -61.205  11.899 0.4000000060
19853  48.295  -59.767  14.599 0.4000000060
11422  47.548  -70.140  5.457 0.1000000015
23970  48.047  -56.660  17.171 0.5000000000
14860  48.791  -66.188  6.515 0.2000000030
15780  49.258  -64.527  6.982 0.3000000119
18823  49.251  -62.409  8.986 0.3000000119
19865  48.290  -60.816  12.485 0.4000000060
23971  47.646  -56.096  17.613 0.4000000060
26001  47.332  -54.995  19.789 0.4000000060
18812  48.376  -61.787  10.045 0.4000000060
18802  48.220  -61.323  11.179 0.4000000060
19861  47.955  -60.088  13.645 0.4000000060
20923  47.445  -58.763  14.525 0.4000000060
21965  47.877  -58.405  15.333 0.5000000000
11423  46.644  -70.300  5.321 0.2000000030
12274  47.800  -69.361  5.577 0.2000000030
13075  47.950  -67.906  6.003 0.2000000030
15796  48.294  -65.662  6.719 0.2000000030
13928  48.386  -66.971  6.352 0.2000000030
17742  48.578  -62.791  8.311 0.3000000119
18824  48.464  -62.315  9.025 0.3000000119
9808  46.542  -71.919  5.354 0.1000000015
19874  48.117  -61.019  11.767 0.4000000060
17752  49.115  -63.297  7.785 0.3000000119
19866  47.152  -60.191  12.645 0.4000000060
22974  47.683  -57.031  16.066 0.5000000000
23991  47.083  -56.096  17.026 0.5000000000
26017  46.919  -55.096  18.941 0.4000000060
18803  47.545  -61.112  10.987 0.4000000060
20941  47.024  -59.750  13.186 0.4000000060
21966  47.458  -58.246  14.978 0.5000000000
24011  46.755  -56.472  16.167 0.5000000000
25026  46.660  -55.690  17.440 0.4000000060
12275  46.962  -69.488  5.562 0.2000000030
13929  47.205  -66.853  6.390 0.2000000030
14861  47.961  -66.262  6.638 0.2000000030
16722  48.598  -63.849  7.311 0.4000000060
14845  47.693  -65.683  6.778 0.2000000030
17753  48.081  -63.207  7.765 0.3000000119
16723  47.449  -63.780  7.345 0.4000000060
17743  47.634  -62.747  8.210 0.3000000119
21983  47.159  -58.562  14.417 0.5000000000
25046  46.459  -55.870  16.853 0.5000000000
26035  46.375  -55.072  18.302 0.4000000060
26002  46.419  -54.613  19.689 0.4000000060
18825  47.422  -61.815  9.423 0.4000000060
19875  47.438  -60.816  11.532 0.4000000060
23008  46.634  -57.591  14.915 0.5000000000
13076  46.784  -67.924  6.131 0.2000000030
10588  46.205  -71.130  5.141 0.2000000030
27072  45.225  -54.023  18.648 0.4000000060
13911  46.897  -66.223  6.665 0.2000000030
18836  47.440  -62.307  8.696 0.3000000119
18814  46.642  -61.182  10.220 0.4000000060
19867  46.498  -60.058  12.340 0.4000000060
12261  46.300  -68.787  5.858 0.2000000030
14846  46.919  -65.581  6.867 0.3000000119
15782  46.648  -64.555  7.205 0.4000000060
27059  45.564  -54.025  19.646 0.4000000060
17754  47.108  -63.133  7.814 0.3000000119
20942  46.393  -59.651  12.816 0.5000000000
22990  46.336  -56.967  15.298 0.5000000000
30350  46.779  -51.024  21.313 0.4000000060
9809  45.622  -71.956  5.191 0.2000000030
12276  46.002  -69.601  5.559 0.2000000030
18826  46.414  -61.412  9.669 0.4000000060
19876  46.307  -60.289  11.683 0.4000000060
25047  45.874  -55.706  16.398 0.5000000000
26036  45.675  -54.602  17.879 0.4000000060
8979  44.194  -72.540  5.085 0.2000000030
12277  45.349  -69.740  5.542 0.2000000030
13930  46.221  -67.268  6.456 0.2000000030
13912  46.172  -66.381  6.756 0.2000000030
16710  46.271  -63.105  7.892 0.4000000060
20935  45.639  -58.759  13.412 0.5000000000
23009  45.600  -57.328  14.586 0.5000000000
8200  43.946  -73.749  4.784 0.2000000030
16724  46.351  -63.591  7.653 0.4000000060
18837  46.541  -61.948  8.905 0.3000000119
20951  46.173  -59.990  12.196 0.5000000000
21968  46.325  -57.961  14.422 0.5000000000
25027  45.923  -55.296  17.199 0.5000000000
31578  47.224  -49.996  19.762 0.4000000060
29212  45.905  -51.285  20.651 0.4000000060
27060  44.877  -53.334  19.298 0.4000000060
10589  45.182  -71.082  5.294 0.2000000030
14847  45.806  -65.400  7.223 0.4000000060
26051  45.374  -54.643  17.170 0.4000000060
27073  44.727  -53.232  18.410 0.4000000060
9810  44.633  -71.894  5.233 0.2000000030
12262  45.022  -69.008  5.859 0.2000000030
13059  45.311  -67.199  6.774 0.2000000030
10590  44.112  -71.003  5.418 0.2000000030
30380  45.584  -50.830  19.696 0.4000000060
28132  44.584  -52.500  19.093 0.4000000060
28150  44.452  -52.234  18.153 0.4000000060
19901  45.839  -60.961  10.083 0.3000000119
23029  45.277  -57.847  13.996 0.5000000000
24012  45.684  -56.299  15.551 0.5000000000
26037  45.062  -54.153  17.436 0.4000000060
17745  45.459  -62.299  8.790 0.4000000060
18827  45.326  -61.513  9.365 0.3000000119
19889  45.524  -60.298  10.805 0.4000000060
16725  45.702  -63.754  7.765 0.4000000060
22002  44.609  -58.630  13.126 0.5000000000
11425  44.701  -70.104  5.583 0.2000000030
30381  45.110  -50.927  19.243 0.4000000060
25048  45.000  -55.255  15.938 0.5000000000
24013  45.053  -55.939  15.442 0.5000000000
19902  44.927  -60.717  9.963 0.4000000060
20952  45.557  -59.820  11.930 0.5000000000
24024  44.988  -56.478  14.989 0.5000000000
20953  44.420  -59.287  12.032 0.5000000000
20965  44.904  -59.823  11.235 0.5000000000
21888  50.107  -58.658  19.020 0.4000000060
20905  48.536  -59.373  15.720 0.4000000060
30378  46.904  -50.377  20.462 0.4000000060
29213  45.307  -51.667  20.191 0.4000000060
23030  44.700  -57.637  13.964 0.5000000000
17683  51.208  -62.722  14.277 0.3000000119
17664  50.766  -62.465  15.320 0.3000000119
19822  49.756  -61.184  16.644 0.2000000030
19801  49.517  -60.523  17.177 0.2000000030
17705  52.750  -62.934  12.567 0.2000000030
17698  51.210  -62.537  13.091 0.3000000119
18780  50.273  -61.898  14.228 0.3000000119
17711  52.293  -62.237  11.152 0.2000000030
17718  52.165  -62.311  10.024 0.2000000030
17712  51.274  -62.322  10.751 0.2000000030
15794  49.942  -65.112  6.768 0.2000000030
7446  43.134  -74.749  3.819 0.1000000015
6750  42.430  -75.379  2.714 0.1000000015
12293  41.798  -68.183  4.386 0.1000000015
17650  52.121  -62.503  16.467 0.1000000015
18731  51.202  -61.604  17.483 0.2000000030
18753  50.601  -61.913  16.776 0.2000000030
17663  51.459  -62.819  15.389 0.2000000030
17651  51.180  -62.510  16.227 0.2000000030
17661  51.923  -63.445  15.522 0.1000000015
17696  52.211  -63.178  13.562 0.1000000015
17682  51.620  -62.975  14.414 0.2000000030
17695  52.141  -63.598  13.860 0.1000000015
16682  53.119  -63.990  12.597 0.1000000015
8978  44.991  -72.764  5.184 0.1000000015
7445  43.704  -74.594  4.544 0.1000000015
10591  43.050  -70.854  5.349 0.1000000015
11427  42.479  -69.714  5.623 0.1000000015
12264  42.789  -68.620  6.454 0.1000000015
13080  42.454  -67.673  6.815 0.1000000015
10592  42.153  -70.686  4.833 0.1000000015
12278  42.261  -68.905  6.017 0.1000000015
12279  41.628  -68.660  5.483 0.1000000015
13081  41.528  -67.210  6.424 0.1000000015
13916  41.845  -65.885  7.768 0.1000000015
13931  41.297  -65.730  6.854 0.1000000015
17681  51.834  -63.323  14.582 0.1000000015
13913  45.005  -66.287  7.226 0.1000000015
17746  44.813  -62.607  8.919 0.3000000119
9811  43.566  -71.865  5.109 0.1000000015
11426  43.568  -70.132  5.773 0.1000000015
11410  44.055  -69.511  6.036 0.1000000015
13060  44.215  -67.134  7.090 0.1000000015
14849  43.590  -65.593  8.042 0.2000000030
16712  44.627  -63.221  8.724 0.3000000119
18828  44.315  -61.466  9.748 0.3000000119
19891  43.386  -60.485  10.676 0.3000000119
9827  42.901  -72.192  4.732 0.1000000015
13079  43.472  -67.908  6.843 0.1000000015
13914  43.893  -66.270  7.597 0.1000000015
14839  44.095  -64.864  8.220 0.2000000030
17732  43.592  -62.265  9.680 0.3000000119
9828  42.240  -71.780  4.293 0.1000000015
13915  42.827  -66.128  7.890 0.1000000015
15772  41.812  -64.065  8.678 0.2000000030
17733  42.417  -62.248  9.994 0.3000000119
14851  41.400  -64.755  7.813 0.1000000015
15773  41.410  -63.645  8.446 0.2000000030
17734  41.504  -62.277  9.615 0.4000000060
14852  41.263  -64.115  7.806 0.1000000015
15786  41.213  -63.617  8.047 0.3000000119
22869  57.271  -57.722  21.843 0.1000000015
21865  56.414  -58.490  20.486 0.1000000015
23010  44.439  -57.039  14.408 0.4000000060
22003  43.783  -58.202  12.945 0.4000000060
19890  44.471  -60.227  10.596 0.3000000119
20966  43.928  -59.779  11.186 0.4000000060
22023  43.547  -58.736  12.304 0.4000000060
19892  42.256  -60.494  11.064 0.4000000060
20955  42.168  -59.541  11.629 0.4000000060
18816  41.881  -61.326  10.552 0.4000000060
19893  41.199  -60.704  10.844 0.5000000000
16705  41.423  -62.857  9.094 0.3000000119
18831  41.060  -61.894  9.470 0.5000000000
14878  41.345  -64.892  5.968 0.2000000030
14863  41.212  -64.437  6.965 0.1000000015
17735  41.116  -62.314  9.044 0.4000000060
14901  42.358  -65.162  4.694 0.1000000015
14877  41.806  -64.650  5.238 0.1000000015
15811  41.370  -63.964  6.312 0.2000000030
15798  41.226  -63.727  7.461 0.2000000030
13955  43.629  -66.377  3.701 0.1000000015
13956  42.555  -66.277  4.238 0.1000000015
15810  41.768  -63.779  5.609 0.2000000030
13975  44.244  -66.798  3.390 0.1000000015
14900  43.405  -65.282  4.030 0.1000000015
26066  44.309  -54.466  16.120 0.4000000060
26052  44.758  -54.234  16.750 0.3000000119
25067  43.599  -55.567  15.181 0.4000000060
23044  43.238  -57.816  13.032 0.4000000060
23031  43.535  -57.372  13.721 0.4000000060
22024  42.604  -58.746  12.107 0.4000000060
24046  42.756  -56.576  14.117 0.4000000060
19878  41.434  -60.096  11.363 0.4000000060
19879  40.643  -60.038  11.159 0.4000000060
20956  41.013  -59.400  11.616 0.4000000060
19894  40.254  -60.388  10.360 0.5000000000
18818  40.468  -60.997  9.739 0.4000000060
17766  41.265  -62.552  6.998 0.3000000119
17747  41.033  -62.207  8.338 0.4000000060
18839  40.908  -61.358  8.105 0.4000000060
16764  44.167  -63.179  4.075 0.2000000030
16765  43.206  -63.162  4.616 0.2000000030
16747  41.536  -63.089  6.237 0.2000000030
15829  44.241  -64.291  3.749 0.1000000015
15830  43.302  -64.189  4.360 0.2000000030
11454  47.151  -68.695  2.098 0.1000000015
25049  44.060  -54.977  15.643 0.4000000060
26053  44.093  -53.819  16.369 0.4000000060
24027  42.408  -55.914  14.475 0.4000000060
23046  41.509  -57.261  12.932 0.4000000060
23032  42.323  -56.968  13.496 0.4000000060
22006  41.103  -58.030  12.385 0.4000000060
19880  40.140  -59.829  10.918 0.4000000060
22026  40.260  -58.408  11.737 0.4000000060
20973  39.802  -59.447  9.638 0.3000000119
19912  40.569  -60.553  8.490 0.4000000060
19904  40.234  -60.458  9.334 0.4000000060
18859  41.679  -61.540  6.117 0.3000000119
17756  41.324  -61.762  6.901 0.3000000119
18842  41.107  -61.211  7.510 0.4000000060
16766  42.485  -62.961  5.187 0.2000000030
16746  41.951  -62.887  5.676 0.2000000030
15828  45.250  -64.333  3.351 0.2000000030
12331  48.385  -67.901  1.587 0.1000000015
12320  47.890  -68.364  1.703 0.1000000015
13122  48.331  -67.626  2.320 0.1000000015
29248  44.565  -51.330  18.281 0.3000000119
27107  43.639  -53.121  16.228 0.4000000060
27106  44.210  -53.181  16.756 0.3000000119
25068  42.665  -55.253  15.043 0.4000000060
25070  41.000  -55.003  14.410 0.4000000060
25069  41.732  -55.325  14.600 0.4000000060
24068  40.611  -56.641  13.073 0.4000000060
24067  41.297  -56.615  13.394 0.4000000060
22027  39.656  -58.031  11.405 0.4000000060
23047  40.284  -57.437  12.376 0.4000000060
20969  39.542  -58.776  10.451 0.3000000119
22085  42.080  -59.273  6.107 0.3000000119
21004  41.724  -59.710  6.590 0.3000000119
20990  41.278  -59.816  7.233 0.3000000119
20991  40.669  -59.701  7.965 0.3000000119
20981  40.200  -59.641  8.722 0.3000000119
18892  45.042  -61.264  3.995 0.2000000030
18893  44.243  -61.409  4.336 0.2000000030
19962  43.083  -60.884  4.954 0.3000000119
19947  42.530  -60.771  5.432 0.2000000030
19935  41.592  -60.598  6.593 0.3000000119
19921  41.245  -60.706  7.231 0.3000000119
16784  44.972  -62.687  3.751 0.2000000030
18873  42.883  -61.684  4.960 0.2000000030
16763  45.030  -63.441  3.575 0.2000000030
30416  45.293  -50.383  18.277 0.3000000119
30431  45.148  -50.204  17.618 0.3000000119
30417  44.747  -50.737  17.893 0.3000000119
29279  44.066  -51.476  16.752 0.4000000060
28165  44.285  -52.314  17.169 0.3000000119
28201  42.108  -52.315  15.174 0.3000000119
28200  42.771  -52.148  15.633 0.4000000060
26088  40.580  -54.335  14.309 0.4000000060
27125  41.442  -53.396  14.951 0.4000000060
26069  41.836  -53.983  15.215 0.4000000060
26099  39.874  -54.340  13.801 0.4000000060
25084  40.381  -55.287  13.974 0.4000000060
24070  38.846  -56.014  12.053 0.3000000119
23048  39.595  -57.127  12.216 0.4000000060
24049  40.159  -55.980  13.395 0.4000000060
24162  41.153  -56.570  6.678 0.3000000119
23139  40.917  -56.931  7.472 0.2000000030
24123  40.057  -56.891  8.579 0.2000000030
24113  39.265  -56.255  9.557 0.2000000030
23090  39.405  -57.594  9.955 0.3000000119
23077  39.322  -57.540  11.083 0.3000000119
22104  42.001  -58.394  5.947 0.3000000119
23138  41.115  -57.760  7.220 0.3000000119
23117  40.874  -58.063  7.633 0.2000000030
22072  40.471  -58.884  8.243 0.2000000030
23099  39.826  -57.746  9.101 0.2000000030
19982  45.416  -60.364  3.830 0.2000000030
21037  44.076  -59.738  4.370 0.3000000119
21038  43.390  -59.972  4.809 0.3000000119
22102  42.964  -59.531  5.134 0.3000000119
31595  47.480  -49.800  18.609 0.3000000119
31579  46.489  -50.187  19.505 0.3000000119
30400  45.550  -50.469  18.960 0.3000000119
26100  39.273  -54.158  13.013 0.3000000119
26204  39.344  -54.675  8.921 0.2000000030
26188  38.878  -54.756  10.091 0.2000000030
25125  38.684  -55.300  11.068 0.2000000030
26121  38.753  -54.888  11.933 0.2000000030
26220  40.060  -54.878  7.259 0.2000000030
24124  39.673  -56.282  8.763 0.2000000030
25148  38.933  -55.699  10.150 0.2000000030
31577  48.492  -49.808  19.419 0.2000000030
13974  45.154  -66.691  3.256 0.1000000015
14899  44.515  -65.361  3.500 0.1000000015
21069  44.884  -59.557  3.976 0.3000000119
16783  45.688  -62.694  3.461 0.2000000030
20851  49.488  -59.521  18.038 0.3000000119
19833  49.425  -61.012  15.861 0.3000000119
17719  51.059  -62.439  9.700 0.2000000030
23898  57.284  -56.965  21.820 0.1000000015
18730  52.048  -61.551  17.678 0.2000000030
19800  50.392  -60.938  17.622 0.2000000030
16711  45.621  -63.278  8.057 0.3000000119
13078  44.585  -68.030  6.596 0.1000000015
27089  44.658  -53.302  17.484 0.3000000119
14848  44.663  -65.274  7.731 0.3000000119
15769  44.794  -64.122  8.107 0.2000000030
17697  51.937  -62.809  13.342 0.2000000030
17706  52.196  -62.532  12.263 0.1000000015
18752  51.625  -62.046  16.981 0.2000000030
9812  42.743  -71.496  4.891 0.1000000015
12263  43.843  -68.794  6.444 0.1000000015
13061  43.123  -67.028  7.313 0.1000000015
12265  42.064  -68.243  6.270 0.1000000015
13062  42.126  -66.820  7.329 0.1000000015
13907  42.493  -65.621  8.170 0.1000000015
16701  44.525  -62.782  9.033 0.3000000119
14850  43.050  -65.665  8.154 0.2000000030
15760  43.760  -63.619  9.032 0.3000000119
18829  43.281  -61.430  10.208 0.4000000060
20967  43.018  -59.898  11.233 0.4000000060
15771  42.733  -64.358  8.834 0.3000000119
15762  42.500  -63.705  9.137 0.3000000119
16704  41.953  -63.156  9.357 0.3000000119
24045  43.439  -56.690  14.337 0.4000000060
22005  42.063  -58.081  12.494 0.4000000060
15831  42.480  -64.000  4.964 0.2000000030
25050  43.294  -54.826  15.476 0.4000000060
23045  42.617  -57.595  13.010 0.4000000060
26067  43.548  -54.073  15.893 0.4000000060
19948  41.940  -60.747  5.979 0.3000000119
18874  42.498  -61.813  5.245 0.2000000030
18872  43.482  -61.545  4.653 0.2000000030
28181  43.269  -52.291  16.031 0.4000000060
28180  43.837  -52.316  16.516 0.4000000060
27123  42.845  -53.058  15.713 0.4000000060
19983  44.598  -60.504  4.205 0.2000000030
19961  43.822  -60.676  4.560 0.2000000030
30433  43.933  -50.861  16.229 0.4000000060
25107  38.902  -55.207  12.489 0.4000000060
24101  39.075  -56.529  10.639 0.2000000030
25211  41.006  -55.972  6.549 0.2000000030
24163  40.835  -56.352  7.249 0.2000000030
24140  40.437  -56.358  7.857 0.2000000030
23100  39.575  -56.972  9.146 0.2000000030
29280  43.563  -51.530  16.119 0.3000000119
30432  44.523  -50.479  16.951 0.2000000030
30450  44.278  -50.183  15.979 0.3000000119
31613  45.754  -49.957  18.011 0.2000000030
31612  46.590  -49.620  17.810 0.2000000030
17725  52.824  -62.752  9.391 0.1000000015
17737  52.995  -63.251  9.061 0.1000000015
17739  51.628  -63.023  8.132 0.1000000015
18711  52.622  -61.296  18.137 0.1000000015
17726  51.936  -62.585  9.024 0.1000000015
15793  50.850  -64.701  6.964 0.1000000015
17750  51.003  -63.316  7.655 0.1000000015
16720  50.761  -63.855  7.200 0.1000000015
31576  49.879  -49.933  19.085 0.1000000015
30398  50.308  -50.547  18.181 0.1000000015
31594  48.555  -49.851  18.300 0.1000000015
31593  49.348  -50.154  17.841 0.1000000015
31611  47.641  -49.605  17.564 0.1000000015
31610  48.537  -49.766  17.302 0.1000000015
31625  47.843  -49.440  16.598 0.1000000015
31627  45.533  -49.600  16.939 0.1000000015
31628  44.790  -49.877  16.414 0.2000000030
31626  46.821  -49.242  16.783 0.1000000015
31641  47.173  -49.049  15.715 0.2000000030
30452  42.701  -51.099  14.980 0.2000000030
32876  46.354  -48.733  14.972 0.2000000030
31643  45.016  -49.434  15.716 0.2000000030
31644  44.214  -49.858  15.220 0.2000000030
30451  43.365  -50.713  15.301 0.2000000030
31683  47.488  -49.380  13.992 0.2000000030
31666  45.868  -48.830  14.854 0.2000000030
31668  43.949  -49.923  14.407 0.2000000030
28219  41.785  -51.951  14.684 0.2000000030
28220  41.254  -52.481  14.406 0.2000000030
27136  40.322  -53.525  14.006 0.2000000030
27165  39.466  -53.506  12.368 0.1000000015
31664  47.752  -49.303  14.905 0.2000000030
30473  42.666  -50.834  14.475 0.2000000030
29327  41.978  -51.010  13.994 0.2000000030
28230  41.018  -52.211  13.701 0.1000000015
29345  41.237  -51.825  12.614 0.1000000015
28232  39.933  -53.054  13.151 0.1000000015
30377  50.883  -50.358  18.886 0.1000000015
31609  49.150  -50.026  17.022 0.1000000015
31642  46.107  -48.946  15.852 0.2000000030
31686  44.539  -49.596  13.636 0.2000000030
23165  44.178  -58.035  4.123 0.2000000030
22125  42.912  -57.975  4.940 0.2000000030
22124  43.460  -58.794  4.629 0.2000000030
22151  45.120  -58.404  3.758 0.2000000030
24201  44.031  -56.697  3.839 0.2000000030
23153  42.285  -57.529  5.381 0.2000000030
23166  43.425  -57.388  4.435 0.2000000030
23167  42.775  -57.389  4.861 0.2000000030
23154  41.601  -57.615  6.240 0.2000000030
25243  42.812  -55.578  4.419 0.1000000015
25242  43.346  -55.532  4.025 0.2000000030
25244  41.906  -55.607  5.091 0.2000000030
24182  41.702  -56.634  5.654 0.2000000030
26269  43.261  -54.843  3.988 0.1000000015
26270  42.467  -54.607  4.449 0.1000000015
26271  41.665  -54.326  4.922 0.1000000015
27341  44.482  -53.548  3.592 0.1000000015
28430  44.938  -52.695  3.745 0.1000000015
31663  48.584  -49.669  14.949 0.1000000015
25230  40.739  -54.988  6.199 0.1000000015
27328  42.197  -53.610  4.573 0.1000000015
26252  41.155  -54.784  5.567 0.1000000015
28414  43.522  -52.405  4.348 0.1000000015
27327  43.206  -53.610  4.078 0.1000000015
29487  44.970  -51.329  4.901 0.1000000015
29488  43.940  -51.485  4.838 0.1000000015
30614  45.821  -50.202  5.236 0.1000000015
30484  48.329  -49.944  13.593 0.1000000015
30469  50.197  -50.700  14.432 0.1000000015
30470  49.195  -50.094  14.425 0.1000000015
26221  39.592  -54.709  8.019 0.1000000015
26233  40.324  -54.547  6.652 0.1000000015
27329  41.575  -53.477  4.967 0.1000000015
27311  40.633  -53.273  5.834 0.1000000015
29461  43.273  -50.874  5.402 0.1000000015
30594  45.524  -50.039  5.712 0.1000000015
30595  44.948  -50.000  5.966 0.1000000015
30482  50.228  -50.934  13.691 0.1000000015
31685  45.494  -49.214  13.723 0.1000000015
29436  40.444  -51.927  7.532 0.1000000015
27281  39.678  -53.580  7.816 0.1000000015
29434  41.664  -50.737  7.513 0.1000000015
29446  40.458  -51.907  6.707 0.1000000015
27292  40.207  -53.588  6.499 0.1000000015
27280  39.864  -54.020  7.211 0.1000000015
30586  41.720  -50.620  6.511 0.1000000015
29445  41.053  -51.282  6.217 0.1000000015
32979  43.654  -48.786  8.107 0.1000000015
30597  42.477  -50.462  5.946 0.1000000015
29489  42.916  -51.775  4.844 0.1000000015
28389  42.000  -52.152  4.986 0.1000000015
34109  44.531  -47.727  7.994 0.1000000015
31803  44.021  -49.328  6.664 0.1000000015
31802  44.674  -49.361  6.493 0.1000000015
30483  49.521  -50.681  13.320 0.1000000015
30485  47.570  -49.721  13.357 0.1000000015
27266  39.479  -53.763  8.680 0.1000000015
32948  44.060  -48.650  8.630 0.1000000015
31777  42.714  -49.705  7.604 0.1000000015
32978  44.193  -48.285  8.234 0.1000000015
27242  39.872  -53.400  9.715 0.1000000015
25255  44.025  -55.451  3.606 0.1000000015
26285  43.924  -54.239  3.697 0.1000000015
29460  44.394  -50.666  5.465 0.1000000015
33004  44.948  -48.513  6.404 0.1000000015
28343  40.294  -52.337  8.167 0.1000000015
17801  52.347  -62.608  3.046 0.1000000015
18884  53.344  -61.201  3.185 0.1000000015
18906  52.614  -61.770  2.721 0.1000000015
16816  51.447  -63.548  1.808 0.1000000015
17837  50.466  -62.700  1.287 0.1000000015
17859  48.758  -62.604  0.667 0.1000000015
17860  47.655  -62.570  0.128 0.1000000015
16756  52.046  -63.106  3.263 0.1000000015
18869  52.053  -61.603  3.270 0.1000000015
17836  51.256  -62.674  1.454 0.1000000015
16817  50.863  -63.427  1.605 0.1000000015
19974  52.884  -60.264  3.243 0.1000000015
19960  51.852  -60.953  3.271 0.1000000015
17787  51.191  -62.490  3.469 0.1000000015
16757  51.467  -63.505  3.349 0.1000000015
15863  52.082  -63.919  2.557 0.1000000015
20008  53.601  -60.657  2.341 0.1000000015
18871  50.256  -61.509  3.142 0.1000000015
17788  50.030  -62.293  3.177 0.1000000015
21060  53.476  -59.879  3.018 0.1000000015
21062  51.875  -59.625  2.810 0.1000000015
23188  51.450  -57.807  1.872 0.1000000015
22166  52.824  -58.524  2.317 0.1000000015
22147  52.528  -59.106  2.704 0.1000000015
23204  51.836  -57.064  1.593 0.1000000015
17881  47.626  -62.541  -0.927 0.1000000015
7459  42.832  -75.054  2.945 0.1000000015
8238  44.191  -73.197  0.795 0.1000000015
8997  44.284  -73.136  4.998 0.2000000030
8999  42.790  -72.738  4.316 0.1000000015
9043  44.902  -71.991  0.774 0.1000000015
9842  41.980  -70.786  3.738 0.1000000015
10587  47.192  -71.040  5.311 0.1000000015
10621  46.083  -70.010  1.759 0.1000000015
10640  45.515  -70.695  1.593 0.1000000015
11411  43.185  -69.369  6.158 0.1000000015
11412  42.633  -69.169  6.097 0.1000000015
11421  48.192  -69.832  5.727 0.1000000015
11424  45.693  -70.322  5.345 0.2000000030
11457  44.285  -69.024  2.686 0.1000000015
11474  47.271  -68.871  1.814 0.1000000015
12258  48.654  -68.629  6.284 0.1000000015
12260  47.330  -68.701  5.783 0.2000000030
12304  48.342  -67.945  2.155 0.1000000015
12305  47.824  -68.262  2.160 0.1000000015
12319  48.402  -68.017  1.979 0.1000000015
12347  48.335  -67.773  1.302 0.1000000015
13063  41.570  -66.469  7.142 0.1000000015
13077  45.700  -68.045  6.314 0.2000000030
13138  48.926  -67.540  2.242 0.1000000015
13826  47.688  -66.290  16.441 0.1000000015
13860  46.217  -65.944  15.293 0.1000000015
13906  42.807  -65.668  8.174 0.2000000030
13954  44.525  -66.225  3.452 0.1000000015
13971  48.260  -66.909  2.646 0.1000000015
14687  50.340  -65.904  19.077 0.1000000015
14722  48.373  -65.598  17.305 0.1000000015
14769  43.546  -65.287  13.844 0.1000000015
14838  44.602  -64.729  7.986 0.2000000030
14840  43.072  -65.169  8.421 0.2000000030
14841  42.164  -65.025  8.338 0.1000000015
14862  47.331  -66.119  6.686 0.2000000030
14864  41.262  -64.280  7.515 0.1000000015
14898  45.616  -65.157  3.212 0.2000000030
14923  45.953  -65.938  3.098 0.3000000119
14953  51.400  -64.195  1.778 0.1000000015
15561  42.754  -63.993  24.770 0.1000000015
15605  52.635  -63.796  19.726 0.1000000015
15609  50.218  -64.682  19.756 0.1000000015
15655  48.254  -65.093  17.382 0.1000000015
15761  43.265  -63.693  9.128 0.3000000119
15768  45.384  -63.862  7.852 0.4000000060
15770  43.812  -64.116  8.747 0.2000000030
15778  50.756  -64.252  6.999 0.2000000030
15779  50.245  -64.354  7.002 0.2000000030
15781  47.978  -64.834  6.928 0.4000000060
15783  45.513  -64.384  7.649 0.4000000060
15784  44.878  -64.624  7.854 0.2000000030
15785  41.361  -64.073  8.174 0.2000000030
15797  41.280  -63.533  6.825 0.2000000030
15846  52.145  -64.065  3.031 0.1000000015
15883  51.706  -63.921  2.083 0.1000000015
15884  51.576  -64.001  2.240 0.1000000015
16571  54.270  -61.955  20.233 0.1000000015
16586  54.377  -62.022  20.230 0.1000000015
16587  54.195  -62.012  19.515 0.1000000015
16603  54.349  -62.006  19.218 0.1000000015
16621  54.785  -62.075  19.034 0.1000000015
16622  54.391  -61.964  18.876 0.1000000015
16702  43.935  -63.069  9.201 0.3000000119
16703  42.923  -63.054  9.461 0.3000000119
16713  44.041  -63.524  8.954 0.3000000119
16714  41.525  -63.374  8.833 0.2000000030
16715  41.225  -63.020  8.527 0.3000000119
16726  41.127  -62.957  7.832 0.4000000060
16732  51.239  -64.171  7.105 0.1000000015
16733  50.809  -64.079  6.913 0.1000000015
16734  41.331  -62.888  6.775 0.3000000119
16735  41.219  -62.975  7.218 0.3000000119
16778  52.126  -63.593  3.074 0.1000000015
16780  48.027  -62.639  3.257 0.2000000030
16781  47.504  -62.652  3.198 0.2000000030
16798  51.993  -63.554  2.354 0.1000000015
16818  50.251  -63.850  1.534 0.1000000015
16845  50.694  -63.882  1.691 0.1000000015
17464  52.141  -62.278  26.497 0.1000000015
17465  51.934  -62.219  26.802 0.1000000015
17508  52.744  -62.475  24.121 0.1000000015
17552  54.577  -61.142  21.904 0.1000000015
17555  53.144  -61.973  21.895 0.1000000015
17568  54.196  -61.695  21.311 0.1000000015
17586  52.081  -62.936  20.592 0.1000000015
17596  54.784  -61.456  20.069 0.1000000015
17597  53.879  -62.289  19.406 0.1000000015
17609  55.027  -61.506  19.713 0.1000000015
17610  53.988  -62.118  18.886 0.1000000015
17628  54.799  -61.843  19.227 0.1000000015
17629  54.587  -61.900  19.012 0.1000000015
17652  50.591  -62.300  16.045 0.2000000030
17680  51.847  -63.624  14.723 0.1000000015
17704  52.867  -63.562  12.824 0.1000000015
17707  51.299  -62.398  11.888 0.2000000030
17720  50.337  -62.438  9.305 0.4000000060
17721  42.095  -61.791  10.309 0.4000000060
17722  41.742  -61.862  10.155 0.4000000060
17728  49.895  -62.568  8.789 0.3000000119
17729  49.146  -62.590  8.649 0.3000000119
17730  45.139  -61.966  9.076 0.3000000119
17731  44.644  -62.223  9.213 0.3000000119
17738  52.476  -63.069  8.587 0.1000000015
17740  50.548  -62.959  8.191 0.1000000015
17744  46.576  -62.663  8.207 0.4000000060
17755  46.572  -63.083  7.862 0.3000000119
17757  41.144  -62.076  7.391 0.4000000060
17765  41.429  -62.210  6.606 0.3000000119
17776  42.235  -62.285  5.437 0.2000000030
17777  41.767  -62.260  5.898 0.3000000119
17786  52.002  -62.539  3.297 0.1000000015
17790  48.300  -62.619  3.225 0.2000000030
17791  43.800  -62.296  4.417 0.2000000030
17792  43.064  -62.314  4.788 0.2000000030
17793  42.631  -62.217  5.112 0.2000000030
17802  49.835  -61.681  3.029 0.1000000015
17806  46.232  -61.914  3.401 0.2000000030
17807  45.396  -61.975  3.695 0.2000000030
17808  44.611  -62.140  4.050 0.2000000030
17822  52.253  -62.650  2.533 0.1000000015
17835  51.931  -62.652  1.875 0.1000000015
17838  49.646  -63.043  1.239 0.1000000015
17861  46.817  -62.663  -0.270 0.1000000015
18575  52.489  -62.171  26.349 0.1000000015
18578  50.230  -61.173  26.616 0.1000000015
18626  54.353  -60.894  22.708 0.1000000015
18627  53.802  -61.170  23.096 0.1000000015
18632  39.871  -61.027  23.233 0.1000000015
18654  54.724  -60.856  21.919 0.1000000015
18655  54.522  -61.068  22.211 0.1000000015
18660  38.721  -60.551  22.798 0.1000000015
18676  51.392  -61.535  21.127 0.1000000015
18728  53.165  -61.933  17.916 0.1000000015
18729  52.775  -61.776  17.563 0.1000000015
18751  52.328  -61.966  17.106 0.1000000015
18761  50.094  -61.775  15.719 0.2000000030
18800  50.292  -62.246  10.326 0.5000000000
18811  49.524  -62.226  9.600 0.3000000119
18813  47.298  -61.310  10.376 0.4000000060
18815  42.643  -61.061  10.572 0.4000000060
18817  41.027  -61.433  10.048 0.5000000000
18830  42.452  -61.591  10.360 0.4000000060
18832  40.751  -61.436  9.090 0.4000000060
18835  48.021  -62.564  8.571 0.3000000119
18838  45.931  -61.745  9.136 0.3000000119
18841  41.301  -61.304  7.034 0.3000000119
18849  41.491  -61.422  6.589 0.3000000119
18857  42.622  -61.336  5.216 0.2000000030
18858  42.153  -61.534  5.585 0.2000000030
18867  53.469  -61.035  3.455 0.1000000015
18868  52.942  -61.175  3.286 0.1000000015
18883  53.778  -61.124  3.363 0.1000000015
18885  52.669  -61.746  3.121 0.1000000015
18886  50.522  -60.999  3.134 0.2000000030
18887  49.729  -61.116  2.982 0.1000000015
18904  53.792  -61.185  3.024 0.1000000015
18905  53.256  -61.343  2.890 0.1000000015
18916  53.671  -61.091  2.666 0.1000000015
18917  53.189  -61.155  2.402 0.1000000015
19645  53.752  -60.189  24.726 0.1000000015
19646  53.444  -60.642  24.879 0.1000000015
19664  53.535  -60.811  24.199 0.1000000015
19683  53.674  -60.838  23.740 0.1000000015
19720  38.484  -59.997  22.251 0.1000000015
19774  53.535  -60.200  19.110 0.2000000030
19799  51.336  -61.208  18.006 0.2000000030
19835  48.383  -59.417  15.213 0.4000000060
19852  48.643  -60.399  14.300 0.4000000060
19862  47.335  -59.841  13.358 0.4000000060
19877  45.683  -60.085  11.387 0.4000000060
19887  47.213  -61.019  10.888 0.4000000060
19888  46.570  -60.857  10.697 0.4000000060
19900  46.341  -61.118  10.161 0.3000000119
19903  44.101  -60.849  10.244 0.3000000119
19922  40.945  -60.569  7.751 0.3000000119
19934  41.812  -60.483  6.244 0.3000000119
19949  41.653  -61.076  6.301 0.3000000119
19957  53.779  -60.802  3.482 0.1000000015
19958  53.295  -60.641  3.353 0.1000000015
19959  52.574  -60.825  3.301 0.1000000015
19973  54.060  -60.892  3.192 0.1000000015
19975  52.225  -60.319  3.154 0.1000000015
19976  51.282  -60.534  3.052 0.1000000015
19979  48.235  -60.296  3.130 0.2000000030
19994  53.941  -60.756  2.752 0.1000000015
19995  49.684  -59.868  2.587 0.2000000030
19996  49.325  -59.836  2.643 0.2000000030
20706  55.631  -58.354  25.234 0.1000000015
20710  49.997  -60.327  25.724 0.1000000015
20712  48.754  -59.599  26.192 0.1000000015
20728  54.342  -59.873  24.116 0.1000000015
20746  54.575  -59.855  23.497 0.1000000015
20769  54.858  -59.742  22.869 0.1000000015
20849  51.382  -60.154  18.878 0.4000000060
20854  44.206  -59.114  18.307 0.1000000015
20864  49.692  -60.151  17.743 0.2000000030
20866  48.683  -59.040  16.747 0.5000000000
20922  47.864  -59.013  14.808 0.4000000060
20932  47.843  -59.536  14.254 0.4000000060
20933  47.208  -59.250  13.857 0.4000000060
20934  46.184  -58.906  13.460 0.5000000000
20943  45.309  -59.173  12.903 0.5000000000
20944  44.613  -59.005  12.666 0.5000000000
20954  43.291  -59.267  11.674 0.4000000060
20957  40.229  -59.351  11.261 0.4000000060
20964  45.419  -59.980  11.289 0.4000000060
20968  39.755  -59.308  10.633 0.4000000060
20974  39.568  -58.897  10.098 0.3000000119
21003  41.961  -60.123  6.210 0.3000000119
21017  42.895  -60.214  5.201 0.2000000030
21018  42.473  -59.919  5.677 0.3000000119
21035  53.994  -60.599  3.337 0.1000000015
21036  53.709  -60.463  3.288 0.1000000015
21059  53.907  -60.419  3.019 0.1000000015
21061  52.714  -59.706  3.013 0.1000000015
21064  49.091  -59.794  2.688 0.2000000030
21067  46.750  -59.372  3.299 0.3000000119
21086  53.614  -60.149  2.480 0.1000000015
21088  51.236  -59.223  2.486 0.1000000015
21092  47.928  -58.837  2.671 0.3000000119
21759  47.932  -59.394  26.636 0.1000000015
21773  55.588  -58.280  25.547 0.1000000015
21789  56.341  -58.164  24.851 0.1000000015
21840  57.062  -58.475  21.864 0.1000000015
21842  46.054  -58.614  21.465 0.1000000015
21843  45.335  -58.492  21.095 0.1000000015
21869  52.736  -57.967  20.294 0.3000000119
21881  56.066  -59.093  20.841 0.1000000015
21882  55.829  -58.869  20.564 0.1000000015
21884  54.333  -58.864  20.069 0.2000000030
21885  53.485  -58.830  20.004 0.2000000030
21889  49.569  -58.060  18.741 0.5000000000
21898  49.683  -59.182  18.461 0.4000000060
21900  48.717  -57.807  17.545 0.5000000000
21914  43.085  -58.609  17.957 0.1000000015
21936  48.325  -58.241  16.091 0.4000000060
21947  48.054  -58.055  15.720 0.5000000000
21948  47.734  -57.950  15.472 0.5000000000
21967  46.917  -58.106  14.636 0.5000000000
21984  46.627  -58.487  14.088 0.5000000000
21985  45.759  -58.254  13.858 0.5000000000
21986  44.985  -58.195  13.655 0.5000000000
21987  44.329  -58.005  13.463 0.5000000000
22001  45.257  -58.642  13.418 0.5000000000
22004  42.989  -58.160  12.592 0.4000000060
22022  44.189  -58.777  12.596 0.4000000060
22025  41.525  -58.734  12.051 0.4000000060
22039  39.848  -58.913  11.195 0.4000000060
22040  39.530  -58.411  10.871 0.3000000119
22050  39.655  -58.391  9.624 0.4000000060
22051  39.481  -58.426  10.192 0.3000000119
22060  40.079  -58.648  8.901 0.3000000119
22071  40.955  -58.673  7.600 0.2000000030
22086  41.572  -58.745  6.728 0.3000000119
22103  42.625  -58.767  5.424 0.3000000119
22123  44.338  -58.908  4.159 0.3000000119
22145  53.435  -59.294  2.605 0.1000000015
22146  53.114  -59.187  2.711 0.1000000015
22165  53.396  -58.767  2.310 0.1000000015
22167  51.924  -58.637  2.341 0.1000000015
22169  49.949  -58.423  2.220 0.2000000030
22171  47.932  -58.213  2.504 0.3000000119
22771  48.938  -57.351  29.332 0.1000000015
22822  52.087  -57.159  25.443 0.5000000000
22831  52.619  -57.418  24.891 0.4000000060
22832  52.169  -57.339  24.993 0.5000000000
22833  51.866  -57.168  25.102 0.5000000000
22838  42.406  -58.224  23.946 0.1000000015
22854  57.226  -57.579  22.473 0.1000000015
22855  45.875  -57.966  22.642 0.1000000015
22870  45.309  -58.149  21.679 0.1000000015
22920  56.137  -58.235  20.352 0.1000000015
22922  52.349  -57.863  20.320 0.4000000060
22926  49.205  -57.077  18.872 0.5000000000
22928  42.566  -57.342  19.966 0.1000000015
22951  48.378  -57.254  17.206 0.5000000000
22988  47.852  -57.677  15.716 0.5000000000
22989  47.349  -57.378  15.565 0.5000000000
22991  45.812  -56.824  15.107 0.5000000000
23007  47.113  -57.832  15.029 0.5000000000
23011  43.835  -56.910  14.338 0.4000000060
23033  41.727  -56.774  13.416 0.4000000060
23062  40.061  -57.844  11.995 0.4000000060
23063  39.699  -57.645  11.832 0.4000000060
23089  39.617  -57.914  9.554 0.2000000030
23118  40.561  -57.765  8.087 0.2000000030
23175  46.607  -57.664  2.914 0.3000000119
23177  44.637  -57.347  3.676 0.2000000030
23178  44.058  -57.374  4.007 0.2000000030
23187  52.463  -57.692  1.788 0.1000000015
23189  50.547  -57.702  1.968 0.2000000030
23772  47.935  -57.115  29.532 0.1000000015
23815  54.997  -56.429  27.135 0.1000000015
23816  54.852  -56.471  26.949 0.1000000015
23835  57.031  -56.525  27.172 0.1000000015
23836  54.900  -55.982  27.118 0.1000000015
23837  54.949  -56.695  26.796 0.1000000015
23838  54.489  -56.635  26.414 0.1000000015
23858  55.242  -56.857  26.618 0.1000000015
23859  54.845  -56.992  26.118 0.1000000015
23862  52.569  -56.890  26.003 0.4000000060
23863  51.726  -56.645  25.561 0.5000000000
23876  54.821  -57.119  25.199 0.3000000119
23877  54.032  -57.093  25.036 0.3000000119
23880  51.571  -56.921  24.679 0.5000000000
23886  53.869  -56.878  24.210 0.2000000030
23894  51.724  -56.524  23.126 0.4000000060
23899  57.171  -56.510  21.228 0.1000000015
23901  54.925  -55.794  21.078 0.2000000030
23902  53.977  -55.949  21.221 0.2000000030
23907  42.456  -56.982  21.368 0.1000000015
23908  42.123  -56.909  21.297 0.1000000015
23922  57.249  -57.143  20.964 0.1000000015
23923  56.607  -56.671  20.688 0.2000000030
23924  55.569  -56.282  20.762 0.2000000030
23929  50.702  -56.750  20.596 0.4000000060
23931  48.984  -56.011  19.766 0.5000000000
23932  42.280  -56.905  21.103 0.1000000015
23949  48.217  -55.758  18.889 0.5000000000
23972  47.136  -55.869  17.551 0.4000000060
23989  48.104  -56.948  16.752 0.5000000000
23990  47.656  -56.654  16.596 0.5000000000
24010  47.399  -56.867  16.083 0.5000000000
24023  45.545  -56.720  15.038 0.5000000000
24025  43.977  -56.393  14.782 0.4000000060
24026  43.139  -56.077  14.658 0.4000000060
24047  41.763  -56.276  13.943 0.4000000060
24048  40.875  -56.099  13.675 0.4000000060
24069  39.571  -56.362  12.648 0.4000000060
24085  39.111  -56.824  11.734 0.3000000119
24086  38.786  -55.993  11.322 0.2000000030
24102  38.809  -55.758  10.720 0.2000000030
24141  40.019  -56.311  8.365 0.2000000030
24181  42.144  -56.809  5.245 0.2000000030
24190  43.359  -56.220  4.180 0.2000000030
24191  42.582  -56.625  4.829 0.2000000030
24192  42.078  -56.420  5.198 0.2000000030
24212  48.231  -56.400  2.225 0.2000000030
24214  46.423  -56.287  2.602 0.3000000119
24225  50.320  -56.330  1.740 0.1000000015
24859  55.142  -56.234  27.199 0.1000000015
24861  54.638  -56.335  26.785 0.1000000015
24881  54.145  -56.091  26.484 0.3000000119
24882  53.443  -56.117  26.369 0.5000000000
24883  52.894  -56.323  26.292 0.5000000000
24895  52.971  -55.832  26.323 0.5000000000
24927  52.667  -56.587  23.133 0.4000000060
24930  49.856  -55.665  23.033 0.5000000000
24942  48.700  -54.899  21.944 0.5000000000
24944  57.177  -56.299  21.666 0.1000000015
24946  55.657  -55.645  21.502 0.2000000030
24949  52.586  -56.166  21.913 0.4000000060
24950  51.609  -56.244  21.800 0.5000000000
24954  48.058  -55.029  20.949 0.5000000000
24963  56.293  -56.101  20.905 0.2000000030
24964  56.084  -55.865  21.071 0.2000000030
24965  49.409  -55.871  20.491 0.5000000000
24999  47.963  -55.567  18.729 0.5000000000
25000  47.592  -55.387  18.762 0.5000000000
25013  47.680  -55.676  18.314 0.4000000060
25014  47.069  -55.532  18.091 0.4000000060
25015  46.313  -55.278  17.805 0.4000000060
25028  45.381  -55.029  16.691 0.4000000060
25066  44.453  -55.777  15.346 0.5000000000
25083  41.134  -55.623  14.144 0.4000000060
25085  39.555  -55.271  13.346 0.4000000060
25108  38.726  -55.366  11.724 0.2000000030
25149  38.743  -55.233  10.457 0.2000000030
25167  39.062  -55.189  9.560 0.2000000030
25168  38.824  -55.215  10.040 0.2000000030
25179  39.452  -55.471  8.835 0.2000000030
25195  40.081  -55.471  7.632 0.2000000030
25196  39.840  -55.770  8.223 0.2000000030
25212  40.642  -55.645  6.899 0.2000000030
25229  41.108  -55.769  6.035 0.2000000030
25253  45.633  -55.172  2.810 0.2000000030
25254  45.033  -55.274  2.993 0.2000000030
25262  49.514  -55.892  1.870 0.1000000015
25879  51.722  -55.167  28.069 0.1000000015
25897  52.200  -54.558  27.854 0.1000000015
25921  54.327  -55.400  26.417 0.3000000119
25924  47.067  -53.822  26.684 0.1000000015
25927  44.724  -54.365  27.222 0.1000000015
25936  55.375  -54.207  26.774 0.3000000119
25937  55.116  -54.393  26.521 0.3000000119
25940  52.993  -55.153  26.037 0.5000000000
25942  51.147  -55.061  25.444 0.5000000000
25943  50.643  -54.817  25.249 0.5000000000
25966  48.789  -54.802  23.392 0.5000000000
25975  47.423  -53.971  22.665 0.6000000238
25976  46.904  -53.605  22.277 0.5000000000
25978  48.386  -54.841  21.811 0.5000000000
25982  47.660  -54.917  20.561 0.5000000000
26018  45.985  -54.647  18.839 0.4000000060
26068  42.601  -54.172  15.433 0.4000000060
26086  41.998  -54.645  15.092 0.4000000060
26087  41.319  -54.325  14.774 0.4000000060
26140  38.775  -54.758  11.441 0.2000000030
26187  39.250  -54.293  9.542 0.1000000015
26253  40.634  -54.168  5.977 0.1000000015
26297  48.675  -54.718  2.046 0.1000000015
26299  46.695  -54.218  2.740 0.2000000030
26300  46.223  -54.566  2.770 0.1000000015
26310  49.528  -54.388  1.677 0.1000000015
26927  42.628  -53.166  28.146 0.1000000015
26949  47.515  -53.791  26.814 0.1000000015
26950  43.848  -53.824  27.333 0.1000000015
26951  43.265  -53.453  27.398 0.1000000015
26966  55.610  -54.141  27.142 0.3000000119
26989  54.358  -54.194  25.366 0.5000000000
26992  51.512  -54.480  25.377 0.5000000000
27008  56.065  -53.163  25.316 0.4000000060
27009  55.606  -53.372  25.098 0.5000000000
27015  49.902  -53.755  24.705 0.5000000000
27016  49.164  -53.566  24.297 0.5000000000
27030  47.948  -53.230  23.640 0.5000000000
27036  47.372  -53.199  23.161 0.6000000238
27042  46.416  -53.297  22.025 0.5000000000
27046  45.719  -53.581  20.718 0.5000000000
27047  45.120  -53.291  20.061 0.4000000060
27088  45.008  -53.896  17.940 0.4000000060
27124  42.060  -53.292  15.314 0.3000000119
27135  40.899  -53.500  14.470 0.4000000060
27146  39.862  -53.490  13.437 0.2000000030
27147  39.651  -53.383  12.941 0.3000000119
27310  41.118  -53.793  5.409 0.1000000015
27338  47.061  -52.857  3.104 0.1000000015
27339  46.346  -53.417  3.187 0.1000000015
27340  45.362  -53.485  3.372 0.2000000030
27342  43.915  -53.587  3.798 0.1000000015
27355  48.448  -53.892  2.139 0.1000000015
28001  42.800  -53.157  28.938 0.1000000015
28010  55.539  -52.617  27.254 0.2000000030
28012  54.194  -52.824  27.267 0.1000000015
28018  48.857  -53.331  27.040 0.1000000015
28030  55.967  -52.568  26.914 0.4000000060
28074  53.451  -52.835  24.321 0.5000000000
28091  55.772  -52.304  24.112 0.5000000000
28092  55.211  -52.199  23.834 0.5000000000
28095  49.527  -52.250  23.880 0.5000000000
28104  47.193  -52.518  22.763 0.5000000000
28111  46.121  -52.560  21.766 0.5000000000
28112  45.667  -52.624  21.187 0.5000000000
28119  44.835  -52.582  19.858 0.4000000060
28202  41.656  -52.848  15.044 0.4000000060
28221  40.678  -53.007  14.141 0.2000000030
28231  40.467  -52.656  13.482 0.2000000030
28248  40.596  -52.329  12.660 0.1000000015
28249  39.974  -52.851  12.652 0.1000000015
28344  39.807  -53.089  8.070 0.1000000015
28360  39.960  -52.867  7.305 0.1000000015
28361  39.790  -53.163  7.721 0.1000000015
28372  40.344  -52.705  6.292 0.1000000015
28390  41.205  -52.745  5.348 0.1000000015
28391  40.676  -52.688  5.801 0.1000000015
28413  44.491  -52.094  4.298 0.1000000015
28415  42.599  -52.730  4.557 0.1000000015
28416  41.881  -52.928  4.829 0.1000000015
28431  44.073  -52.957  3.903 0.1000000015
29119  56.135  -52.239  26.356 0.4000000060
29142  55.728  -51.035  25.980 0.3000000119
29145  47.214  -51.422  26.017 0.1000000015
29161  56.237  -51.792  24.876 0.4000000060
29175  56.133  -51.513  24.264 0.4000000060
29192  48.483  -51.267  22.839 0.5000000000
29193  47.834  -51.470  22.641 0.5000000000
29195  46.417  -52.094  21.950 0.5000000000
29203  46.840  -51.281  21.664 0.5000000000
29205  45.562  -52.143  20.823 0.5000000000
29214  44.755  -52.048  19.613 0.4000000060
29227  45.140  -51.222  19.591 0.4000000060
29228  44.745  -51.560  19.132 0.4000000060
29264  44.363  -51.409  17.535 0.3000000119
29296  43.091  -51.616  15.725 0.4000000060
29297  42.689  -51.536  15.283 0.2000000030
29315  42.185  -51.438  14.748 0.2000000030
29316  41.681  -51.670  14.314 0.2000000030
29328  41.392  -51.664  13.615 0.1000000015
29329  40.980  -52.099  13.288 0.1000000015
29346  40.779  -52.176  13.019 0.1000000015
29459  45.333  -50.547  5.385 0.1000000015
29462  42.273  -51.281  5.375 0.1000000015
29463  41.417  -51.693  5.516 0.1000000015
29464  40.728  -52.102  5.887 0.1000000015
29485  46.358  -51.268  4.294 0.1000000015
29505  46.907  -51.844  3.344 0.1000000015
29511  47.042  -51.879  3.042 0.1000000015
30268  53.224  -50.582  26.082 0.2000000030
30274  47.570  -51.281  26.028 0.1000000015
30276  40.990  -50.244  26.962 0.1000000015
30285  55.495  -50.061  25.341 0.3000000119
30307  56.143  -51.019  24.445 0.4000000060
30309  45.209  -50.125  24.756 0.2000000030
30320  56.050  -51.179  24.028 0.5000000000
30326  49.758  -50.929  23.097 0.5000000000
30327  49.328  -51.005  23.041 0.5000000000
30339  48.167  -50.961  22.354 0.5000000000
30347  49.032  -50.165  22.117 0.5000000000
30358  47.098  -50.582  21.036 0.4000000060
30359  46.412  -50.886  20.742 0.4000000060
30360  45.864  -50.982  20.290 0.4000000060
30379  46.345  -50.477  19.996 0.4000000060
30394  54.049  -51.120  18.969 0.1000000015
30399  46.041  -50.348  19.415 0.3000000119
30401  44.928  -50.849  18.651 0.3000000119
30471  48.580  -49.794  14.315 0.1000000015
30472  43.216  -50.315  14.123 0.2000000030
30576  41.792  -50.465  7.132 0.1000000015
30584  43.180  -49.605  6.628 0.1000000015
30585  42.579  -49.852  6.833 0.1000000015
30596  43.660  -49.862  6.215 0.1000000015
30598  41.713  -50.976  5.841 0.1000000015
30652  46.125  -50.932  2.899 0.1000000015
31434  39.549  -49.962  28.152 0.1000000015
31475  55.422  -49.578  25.067 0.4000000060
31476  55.084  -49.373  25.137 0.4000000060
31497  54.465  -48.580  24.622 0.3000000119
31540  47.536  -50.390  21.200 0.5000000000
31596  46.346  -50.016  18.835 0.3000000119
31597  45.723  -50.180  18.526 0.2000000030
31665  46.847  -48.865  14.765 0.2000000030
31667  44.791  -49.386  14.590 0.2000000030
31682  48.155  -49.600  14.341 0.2000000030
31684  46.527  -49.065  13.854 0.2000000030
31692  47.063  -49.518  13.310 0.1000000015
31776  43.171  -49.209  7.623 0.1000000015
31788  44.224  -48.928  6.953 0.1000000015
31789  43.403  -49.313  6.937 0.1000000015
31790  42.908  -49.450  7.249 0.1000000015
31831  46.032  -50.368  3.719 0.1000000015
31832  45.719  -50.008  3.809 0.1000000015
32736  55.440  -49.340  24.204 0.4000000060
32761  55.355  -49.298  23.930 0.4000000060
32790  54.141  -48.203  20.909 0.2000000030
32862  46.465  -48.792  15.300 0.2000000030
32863  46.120  -48.779  15.353 0.2000000030
32877  46.158  -48.732  15.121 0.2000000030
32992  44.274  -48.352  7.508 0.1000000015
32993  43.730  -48.875  7.450 0.1000000015
33937  54.187  -48.021  20.901 0.2000000030
34065  45.257  -48.363  9.335 0.1000000015
34066  44.761  -48.619  9.241 0.1000000015
34079  44.635  -48.158  8.790 0.1000000015
35204  45.005  -47.421  8.368 0.1000000015
