#!ascii label  , from subject 3225 vox2ras=TkReg
1712
35995  20.096  -37.135  40.366 0.0000000000
74824  53.044  -2.960  20.643 0.0000000000
47488  39.040  -28.796  31.083 0.0000000000
48589  49.114  -26.278  36.346 0.0000000000
50875  30.869  -25.243  30.512 0.0000000000
40914  28.289  -33.260  41.000 0.0000000000
88422  61.594  9.343  14.131 0.0000000000
80510  62.521  2.714  22.574 0.0000000000
62746  47.533  -13.178  31.272 0.0000000000
95991  62.654  16.273  7.371 0.0000000000
46146  36.734  -29.601  35.929 0.0000000000
37295  24.669  -35.755  39.722 0.0000000000
83850  62.696  5.255  16.950 0.0000000000
80589  57.813  2.464  16.580 0.0000000000
73652  51.750  -4.065  25.663 0.0000000000
74763  57.642  -2.954  25.914 0.0000000000
70338  47.557  -7.076  25.043 0.0000000000
53258  48.307  -22.804  31.602 0.0000000000
47432  45.033  -28.267  33.441 0.0000000000
47405  32.666  -28.907  36.080 0.0000000000
42126  31.163  -32.074  40.741 0.0000000000
44839  29.694  -30.143  34.658 0.0000000000
41015  26.326  -33.029  34.641 0.0000000000
48682  34.163  -27.009  30.231 0.0000000000
92671  65.288  13.524  15.619 0.0000000000
87255  65.527  8.195  17.805 0.0000000000
78185  57.601  -0.061  21.542 0.0000000000
69062  48.592  -8.489  32.288 0.0000000000
57637  48.029  -18.775  36.049 0.0000000000
91622  61.836  12.094  9.962 0.0000000000
95934  66.975  14.780  10.231 0.0000000000
94988  66.477  15.385  6.305 0.0000000000
43505  35.542  -30.493  38.166 0.0000000000
37309  21.979  -36.121  39.556 0.0000000000
37249  23.350  -36.236  43.164 0.0000000000
35954  21.448  -36.914  43.317 0.0000000000
82820  56.718  4.635  14.515 0.0000000000
73612  51.763  -4.769  28.355 0.0000000000
74740  53.802  -2.974  28.355 0.0000000000
34602  14.662  -38.013  42.917 0.0000000000
71446  47.838  -6.168  22.830 0.0000000000
48693  40.562  -26.589  29.357 0.0000000000
48660  43.451  -26.635  31.024 0.0000000000
47470  42.004  -28.178  32.257 0.0000000000
48631  31.709  -26.948  33.363 0.0000000000
47408  30.959  -27.816  36.230 0.0000000000
47457  30.610  -28.065  33.352 0.0000000000
49772  32.640  -25.587  30.552 0.0000000000
47455  33.698  -27.963  33.826 0.0000000000
42140  29.390  -32.099  40.982 0.0000000000
90554  63.004  11.200  14.651 0.0000000000
90524  65.793  10.258  17.284 0.0000000000
88401  63.540  9.296  16.590 0.0000000000
81673  62.667  3.371  19.964 0.0000000000
83811  64.823  5.520  20.102 0.0000000000
77010  52.518  -0.960  18.109 0.0000000000
78227  54.792  0.041  18.577 0.0000000000
76974  55.433  -1.571  21.089 0.0000000000
66914  44.952  -10.241  29.853 0.0000000000
67968  46.621  -8.692  29.894 0.0000000000
65811  47.917  -10.573  32.457 0.0000000000
51997  48.268  -24.245  34.457 0.0000000000
55592  49.975  -21.077  33.779 0.0000000000
53205  49.390  -22.814  36.078 0.0000000000
89538  58.579  10.432  12.573 0.0000000000
91612  59.031  11.920  10.612 0.0000000000
90570  61.614  10.904  12.775 0.0000000000
91599  63.666  11.837  12.277 0.0000000000
97096  66.455  17.132  5.505 0.0000000000
97062  65.847  16.575  7.030 0.0000000000
95984  67.003  14.734  8.713 0.0000000000
94960  64.631  15.244  8.217 0.0000000000
44865  37.848  -29.841  33.456 0.0000000000
46170  40.659  -29.640  34.146 0.0000000000
44791  38.752  -29.936  37.273 0.0000000000
38568  26.211  -34.962  39.968 0.0000000000
38503  28.098  -35.722  42.921 0.0000000000
37247  25.355  -36.467  42.279 0.0000000000
86190  58.789  7.845  13.977 0.0000000000
84955  62.407  6.986  15.427 0.0000000000
83872  59.516  5.598  14.303 0.0000000000
81705  60.972  3.508  16.500 0.0000000000
80554  60.872  2.229  19.513 0.0000000000
73699  51.898  -4.529  22.765 0.0000000000
73683  55.348  -3.307  23.196 0.0000000000
73634  55.467  -4.091  25.868 0.0000000000
61787  45.926  -14.876  32.151 0.0000000000
50772  49.367  -24.183  38.599 0.0000000000
35982  17.251  -36.951  40.251 0.0000000000
34610  19.065  -37.963  42.861 0.0000000000
34600  16.443  -37.964  43.270 0.0000000000
73728  49.334  -4.487  19.762 0.0000000000
72563  49.934  -4.965  22.552 0.0000000000
72513  49.636  -4.691  25.886 0.0000000000
71387  50.550  -6.232  28.645 0.0000000000
52057  45.130  -23.844  29.694 0.0000000000
49730  46.420  -25.673  32.255 0.0000000000
46138  47.559  -27.787  34.581 0.0000000000
46117  42.682  -29.539  35.503 0.0000000000
46094  45.968  -29.653  36.789 0.0000000000
44770  33.828  -29.777  38.173 0.0000000000
40953  32.489  -32.337  38.272 0.0000000000
44773  31.514  -29.334  38.421 0.0000000000
44775  30.168  -29.987  38.172 0.0000000000
43524  29.086  -31.401  37.338 0.0000000000
44867  29.404  -29.721  32.121 0.0000000000
42230  28.175  -32.009  34.624 0.0000000000
40972  27.602  -33.644  37.769 0.0000000000
39792  24.882  -34.596  37.239 0.0000000000
38622  22.722  -34.672  36.706 0.0000000000
38592  20.394  -35.208  37.468 0.0000000000
48710  38.333  -26.314  28.350 0.0000000000
50908  36.168  -25.313  27.690 0.0000000000
47508  36.381  -28.354  30.221 0.0000000000
46195  35.576  -28.907  33.415 0.0000000000
46121  35.026  -28.826  36.224 0.0000000000
86162  65.710  7.603  16.616 0.0000000000
86143  64.174  7.348  18.267 0.0000000000
79446  54.908  1.370  16.572 0.0000000000
79413  57.635  0.947  19.064 0.0000000000
79365  60.471  1.507  22.011 0.0000000000
76940  57.905  -1.649  23.937 0.0000000000
78150  60.219  0.319  23.901 0.0000000000
69135  45.846  -7.927  26.154 0.0000000000
69109  47.953  -7.624  28.448 0.0000000000
70252  50.434  -7.540  31.765 0.0000000000
58693  47.132  -17.613  34.136 0.0000000000
61762  48.205  -15.042  34.286 0.0000000000
54359  49.348  -20.989  38.883 0.0000000000
59691  48.898  -16.843  37.311 0.0000000000
63687  49.641  -13.348  34.420 0.0000000000
65778  49.955  -10.685  35.111 0.0000000000
67915  49.716  -8.567  36.020 0.0000000000
93826  62.102  14.411  8.590 0.0000000000
92711  64.653  12.816  10.457 0.0000000000
93794  66.508  13.858  13.269 0.0000000000
42194  35.449  -31.416  37.354 0.0000000000
37310  20.561  -36.710  39.490 0.0000000000
37286  21.801  -36.366  42.010 0.0000000000
35978  21.049  -36.654  41.749 0.0000000000
72466  52.477  -5.179  30.029 0.0000000000
73587  52.967  -4.081  30.569 0.0000000000
34632  12.953  -37.508  41.011 0.0000000000
48679  40.271  -27.152  29.903 0.0000000000
47504  41.028  -27.518  30.483 0.0000000000
47486  40.960  -28.301  31.391 0.0000000000
49735  31.300  -26.135  31.797 0.0000000000
48632  31.022  -27.157  33.097 0.0000000000
48666  30.594  -26.648  31.305 0.0000000000
52073  32.195  -23.998  29.518 0.0000000000
50855  31.476  -25.315  30.831 0.0000000000
49733  32.240  -25.932  31.931 0.0000000000
40913  28.861  -32.640  40.464 0.0000000000
39708  28.558  -33.827  42.517 0.0000000000
89520  62.373  10.243  14.251 0.0000000000
89500  63.077  9.864  15.785 0.0000000000
88415  62.905  9.314  15.309 0.0000000000
81657  62.714  3.349  20.878 0.0000000000
82742  63.759  4.086  21.157 0.0000000000
75917  52.591  -1.922  19.421 0.0000000000
76996  53.438  -1.355  19.256 0.0000000000
75909  53.627  -2.181  20.449 0.0000000000
63727  45.950  -12.728  30.165 0.0000000000
64787  45.874  -11.730  30.313 0.0000000000
66906  46.058  -10.262  30.749 0.0000000000
64756  47.676  -11.534  31.828 0.0000000000
50807  48.700  -25.079  35.557 0.0000000000
51984  48.942  -23.823  35.379 0.0000000000
50806  48.890  -24.647  36.125 0.0000000000
88431  60.343  9.645  13.398 0.0000000000
89536  60.370  10.561  12.439 0.0000000000
89527  61.377  10.418  13.080 0.0000000000
90563  62.314  11.010  13.728 0.0000000000
96001  64.153  16.711  6.700 0.0000000000
95990  63.502  16.215  6.894 0.0000000000
95976  64.774  15.978  7.747 0.0000000000
94973  62.992  15.302  7.165 0.0000000000
44853  36.980  -29.704  34.383 0.0000000000
44836  38.334  -29.913  35.323 0.0000000000
44816  38.041  -29.778  36.369 0.0000000000
38555  25.301  -35.410  40.026 0.0000000000
38541  25.998  -35.245  40.949 0.0000000000
37283  24.909  -35.880  40.703 0.0000000000
35940  23.539  -37.056  44.321 0.0000000000
35939  24.431  -37.104  44.117 0.0000000000
84978  57.452  7.324  13.734 0.0000000000
84966  58.901  6.536  14.157 0.0000000000
83873  58.326  5.675  14.300 0.0000000000
81719  57.865  3.545  15.518 0.0000000000
81718  58.922  3.697  15.630 0.0000000000
80587  59.427  2.408  16.882 0.0000000000
80577  60.435  2.235  17.867 0.0000000000
80579  58.963  2.055  17.335 0.0000000000
73687  52.118  -4.712  23.769 0.0000000000
73665  53.897  -4.471  24.246 0.0000000000
73636  53.468  -4.136  26.204 0.0000000000
87301  57.794  8.557  13.349 0.0000000000
34641  17.361  -37.396  40.995 0.0000000000
34629  15.884  -37.530  41.499 0.0000000000
72616  48.329  -4.970  19.606 0.0000000000
72598  49.638  -4.749  20.660 0.0000000000
72582  48.184  -5.705  20.863 0.0000000000
71425  47.684  -6.588  24.220 0.0000000000
71424  48.564  -5.983  23.747 0.0000000000
71414  48.626  -6.038  24.858 0.0000000000
72505  49.832  -5.029  26.648 0.0000000000
71405  48.778  -6.151  26.140 0.0000000000
50886  44.041  -24.663  29.279 0.0000000000
47468  44.210  -27.192  32.265 0.0000000000
49732  45.209  -25.965  31.497 0.0000000000
48627  45.763  -26.804  32.391 0.0000000000
48614  46.924  -26.443  33.279 0.0000000000
46165  45.793  -28.389  34.174 0.0000000000
44789  40.995  -30.099  36.797 0.0000000000
44832  41.770  -29.696  35.176 0.0000000000
44788  42.226  -29.896  37.056 0.0000000000
44760  44.621  -30.101  38.158 0.0000000000
46093  47.387  -29.448  36.905 0.0000000000
46080  33.386  -29.323  37.716 0.0000000000
44771  32.767  -29.856  38.051 0.0000000000
46101  32.094  -28.818  37.333 0.0000000000
46151  30.487  -28.864  35.294 0.0000000000
46103  30.690  -28.746  37.187 0.0000000000
44796  30.124  -29.728  37.241 0.0000000000
43523  29.842  -30.689  37.758 0.0000000000
43539  29.580  -30.570  36.723 0.0000000000
46226  29.371  -28.684  30.517 0.0000000000
42245  26.639  -31.966  33.618 0.0000000000
43558  28.159  -31.350  33.619 0.0000000000
42231  27.254  -32.399  34.175 0.0000000000
42210  28.215  -32.962  35.850 0.0000000000
40999  27.449  -33.386  35.639 0.0000000000
39807  26.370  -34.029  37.112 0.0000000000
40987  25.697  -33.743  35.967 0.0000000000
38607  21.961  -35.092  37.162 0.0000000000
50907  39.179  -25.062  27.866 0.0000000000
50924  38.030  -24.715  26.996 0.0000000000
50889  33.855  -25.190  28.968 0.0000000000
49793  35.010  -26.285  28.665 0.0000000000
48697  36.330  -27.359  28.907 0.0000000000
47509  35.353  -27.848  30.254 0.0000000000
46224  36.308  -28.909  31.406 0.0000000000
47491  34.663  -27.878  31.479 0.0000000000
47435  33.202  -28.608  34.452 0.0000000000
47434  34.104  -28.483  34.541 0.0000000000
46122  34.051  -28.765  36.221 0.0000000000
46079  34.337  -28.969  37.921 0.0000000000
42136  31.729  -32.007  39.412 0.0000000000
34584  18.539  -38.072  44.713 0.0000000000
35944  20.215  -37.412  44.669 0.0000000000
92661  67.172  11.927  15.820 0.0000000000
88378  65.600  9.002  17.641 0.0000000000
88376  65.856  8.833  16.973 0.0000000000
87253  65.631  7.800  17.172 0.0000000000
84922  65.452  6.321  17.910 0.0000000000
83858  62.477  5.960  16.563 0.0000000000
86151  63.400  7.247  17.235 0.0000000000
84923  63.568  6.437  17.969 0.0000000000
83810  65.447  5.652  20.098 0.0000000000
78212  56.309  0.024  19.809 0.0000000000
79414  56.558  0.257  19.174 0.0000000000
79396  57.406  0.380  20.205 0.0000000000
79395  58.481  1.105  20.009 0.0000000000
79382  58.341  0.543  21.248 0.0000000000
74773  56.718  -3.147  24.989 0.0000000000
75885  56.853  -2.075  23.473 0.0000000000
75870  57.875  -2.242  24.486 0.0000000000
69124  44.411  -8.316  26.399 0.0000000000
67957  47.359  -8.766  30.987 0.0000000000
69095  47.172  -8.242  29.050 0.0000000000
69082  47.926  -7.990  30.417 0.0000000000
70264  49.541  -7.709  29.958 0.0000000000
69071  49.767  -7.875  32.303 0.0000000000
53289  47.796  -22.024  30.487 0.0000000000
54433  48.572  -20.801  32.209 0.0000000000
55579  49.192  -20.236  35.397 0.0000000000
56686  48.045  -19.359  33.946 0.0000000000
57646  47.866  -18.459  35.015 0.0000000000
59714  47.142  -16.765  34.135 0.0000000000
58685  47.916  -17.787  35.653 0.0000000000
53172  49.526  -22.415  38.790 0.0000000000
61733  49.623  -14.930  37.551 0.0000000000
61750  49.235  -14.867  35.445 0.0000000000
62691  49.940  -13.750  36.614 0.0000000000
63681  49.751  -12.422  34.922 0.0000000000
63663  49.987  -12.697  37.050 0.0000000000
90606  60.877  11.811  10.338 0.0000000000
91629  62.606  12.407  9.362 0.0000000000
92720  63.605  13.088  9.113 0.0000000000
91628  63.441  12.169  9.638 0.0000000000
92673  64.098  12.792  14.376 0.0000000000
92689  65.120  13.316  12.947 0.0000000000
93786  65.844  13.455  13.853 0.0000000000
93784  67.210  13.590  14.180 0.0000000000
96022  66.682  16.163  5.998 0.0000000000
95961  67.507  15.151  9.639 0.0000000000
94930  69.017  15.132  9.836 0.0000000000
94917  68.198  15.048  11.084 0.0000000000
44794  35.992  -29.012  37.531 0.0000000000
44767  37.208  -29.907  38.086 0.0000000000
43504  36.660  -30.564  38.047 0.0000000000
37308  23.112  -35.897  39.433 0.0000000000
37284  23.731  -35.909  41.126 0.0000000000
37285  22.615  -35.970  41.513 0.0000000000
37250  22.526  -36.721  43.489 0.0000000000
35942  22.050  -36.838  44.787 0.0000000000
82821  55.621  4.302  14.509 0.0000000000
81721  55.662  3.139  15.253 0.0000000000
73638  51.574  -3.974  26.655 0.0000000000
73623  53.316  -3.888  27.156 0.0000000000
74741  53.179  -3.519  28.628 0.0000000000
74709  53.706  -3.345  30.399 0.0000000000
34630  14.933  -37.722  41.243 0.0000000000
34631  13.922  -37.603  41.140 0.0000000000
34603  13.728  -37.959  42.851 0.0000000000
71476  47.381  -5.942  20.505 0.0000000000
70353  46.633  -7.369  23.756 0.0000000000
49788  43.311  -25.431  29.461 0.0000000000
48676  42.414  -26.535  30.256 0.0000000000
47484  42.754  -27.167  31.355 0.0000000000
46187  43.289  -28.239  33.377 0.0000000000
48616  32.274  -28.055  34.419 0.0000000000
47407  31.499  -27.797  36.170 0.0000000000
48606  31.487  -27.929  34.365 0.0000000000
47438  30.719  -28.343  34.545 0.0000000000
46175  30.200  -29.011  33.997 0.0000000000
41016  25.284  -32.915  34.524 0.0000000000
42234  23.947  -32.173  33.760 0.0000000000
50890  33.266  -24.789  29.346 0.0000000000
48683  33.305  -26.328  30.622 0.0000000000
48663  33.915  -27.422  31.849 0.0000000000
48664  33.076  -26.524  31.484 0.0000000000
48630  32.376  -27.357  33.555 0.0000000000
42127  30.752  -32.092  41.348 0.0000000000
91561  63.695  12.192  15.804 0.0000000000
91551  65.349  11.967  16.654 0.0000000000
90540  64.149  11.442  16.583 0.0000000000
89489  64.461  10.260  17.206 0.0000000000
88380  64.793  9.162  17.773 0.0000000000
82781  63.023  4.204  18.471 0.0000000000
83821  63.941  5.097  18.935 0.0000000000
82755  63.784  4.302  20.103 0.0000000000
82741  64.592  4.177  20.952 0.0000000000
78238  53.861  0.224  17.562 0.0000000000
77009  53.750  -0.653  18.523 0.0000000000
76985  55.490  -0.755  20.052 0.0000000000
76973  56.202  -0.819  20.858 0.0000000000
76909  59.331  -1.801  26.019 0.0000000000
67983  43.819  -9.793  28.508 0.0000000000
67993  44.711  -8.739  27.696 0.0000000000
67969  45.354  -9.376  30.018 0.0000000000
67958  46.465  -9.580  30.806 0.0000000000
66883  47.947  -9.807  33.027 0.0000000000
52011  48.175  -23.718  32.993 0.0000000000
53242  49.012  -22.431  32.731 0.0000000000
53228  49.477  -22.338  33.858 0.0000000000
54391  49.644  -21.874  35.650 0.0000000000
55563  49.315  -20.303  36.505 0.0000000000
90582  58.084  11.127  11.882 0.0000000000
91613  58.376  12.448  10.756 0.0000000000
90581  59.193  11.154  11.907 0.0000000000
90596  59.715  11.491  10.879 0.0000000000
90594  61.640  11.628  11.336 0.0000000000
91609  63.008  11.545  11.230 0.0000000000
91591  62.865  11.388  12.837 0.0000000000
91581  63.092  11.566  13.642 0.0000000000
97074  64.865  17.185  6.313 0.0000000000
97073  65.850  17.073  6.506 0.0000000000
97071  66.355  15.959  6.757 0.0000000000
93855  66.648  14.694  7.665 0.0000000000
95986  65.976  15.437  7.688 0.0000000000
95964  65.621  15.158  8.593 0.0000000000
95950  65.856  14.931  9.256 0.0000000000
46222  38.460  -29.157  31.414 0.0000000000
46207  40.141  -29.376  32.429 0.0000000000
44863  39.410  -29.763  33.516 0.0000000000
44814  40.112  -30.383  35.956 0.0000000000
44764  40.531  -30.465  37.699 0.0000000000
39751  27.663  -34.254  39.714 0.0000000000
39709  27.955  -34.130  42.374 0.0000000000
38527  26.963  -34.931  42.114 0.0000000000
37246  26.592  -35.920  42.253 0.0000000000
37248  24.309  -36.216  42.771 0.0000000000
35938  25.455  -37.180  43.773 0.0000000000
87293  59.975  8.343  13.963 0.0000000000
87291  61.919  8.448  14.307 0.0000000000
86182  60.427  7.468  14.103 0.0000000000
84957  61.257  5.967  14.740 0.0000000000
82806  61.529  4.975  15.626 0.0000000000
82818  58.873  4.913  14.600 0.0000000000
82799  60.439  3.981  15.823 0.0000000000
81704  61.672  3.786  16.596 0.0000000000
81688  62.089  2.762  18.374 0.0000000000
81674  61.892  2.729  19.467 0.0000000000
80536  61.357  2.335  20.749 0.0000000000
73709  52.640  -3.686  21.515 0.0000000000
74814  53.966  -2.707  21.639 0.0000000000
73697  54.039  -3.586  22.568 0.0000000000
73648  55.626  -3.684  24.697 0.0000000000
74765  56.275  -3.782  26.212 0.0000000000
74752  54.824  -3.755  27.457 0.0000000000
74737  56.320  -3.267  27.635 0.0000000000
75835  57.079  -3.184  27.396 0.0000000000
62736  46.955  -14.001  31.776 0.0000000000
49690  49.107  -25.171  37.575 0.0000000000
90583  57.044  11.158  11.823 0.0000000000
88445  57.863  9.931  12.905 0.0000000000
88433  58.477  9.440  13.152 0.0000000000
98194  63.292  17.855  7.739 0.0000000000
97053  62.700  17.614  8.145 0.0000000000
35996  19.258  -36.937  39.997 0.0000000000
35967  19.533  -37.464  41.944 0.0000000000
35968  18.804  -37.690  41.397 0.0000000000
34611  18.103  -37.973  42.712 0.0000000000
34585  17.571  -38.381  44.427 0.0000000000
34601  15.550  -37.926  43.075 0.0000000000
75919  51.074  -2.442  18.648 0.0000000000
73766  49.311  -3.250  18.418 0.0000000000
74826  51.228  -3.199  20.190 0.0000000000
73711  50.921  -4.499  21.018 0.0000000000
72561  51.419  -4.658  22.699 0.0000000000
72541  50.594  -4.562  24.203 0.0000000000
72565  48.386  -5.749  21.877 0.0000000000
72542  49.919  -4.800  23.674 0.0000000000
73669  50.493  -4.231  25.377 0.0000000000
73639  50.610  -4.310  26.736 0.0000000000
73613  51.081  -4.919  28.176 0.0000000000
71376  51.182  -6.155  29.515 0.0000000000
52045  47.038  -23.575  31.060 0.0000000000
49766  44.446  -25.151  30.269 0.0000000000
50852  46.020  -24.658  31.231 0.0000000000
52030  47.260  -23.884  32.111 0.0000000000
49721  47.507  -25.415  33.391 0.0000000000
48603  47.762  -26.397  34.423 0.0000000000
47403  48.195  -27.208  35.243 0.0000000000
46190  40.837  -29.237  33.233 0.0000000000
46168  42.568  -29.051  33.960 0.0000000000
46141  44.305  -28.972  35.009 0.0000000000
44787  43.305  -29.868  37.268 0.0000000000
44810  44.012  -29.889  36.583 0.0000000000
46140  45.529  -28.932  35.003 0.0000000000
46114  46.461  -29.213  35.838 0.0000000000
46113  47.865  -28.267  35.767 0.0000000000
46092  48.909  -28.340  36.725 0.0000000000
42178  33.765  -31.445  37.686 0.0000000000
43508  32.626  -30.998  38.042 0.0000000000
44744  31.968  -30.299  38.265 0.0000000000
43478  31.443  -31.151  39.034 0.0000000000
46102  31.449  -28.520  37.469 0.0000000000
46066  30.884  -29.330  38.537 0.0000000000
43462  30.725  -31.290  39.795 0.0000000000
42156  29.949  -31.297  39.750 0.0000000000
42157  29.456  -31.871  39.765 0.0000000000
40954  28.509  -32.895  38.896 0.0000000000
47492  29.932  -27.805  30.903 0.0000000000
46197  30.189  -29.028  32.696 0.0000000000
44854  29.668  -29.892  33.296 0.0000000000
43568  27.774  -30.772  32.304 0.0000000000
44868  28.783  -30.443  32.693 0.0000000000
43551  28.813  -31.173  34.946 0.0000000000
42209  28.572  -32.409  36.699 0.0000000000
40984  28.217  -33.011  37.452 0.0000000000
40955  27.893  -33.723  38.810 0.0000000000
39789  27.227  -34.080  38.407 0.0000000000
39773  25.870  -34.719  38.322 0.0000000000
38587  24.936  -34.944  38.578 0.0000000000
39825  24.236  -33.681  35.915 0.0000000000
39793  24.123  -34.541  36.875 0.0000000000
37325  23.852  -35.632  38.772 0.0000000000
37327  22.569  -35.863  38.678 0.0000000000
37328  21.428  -35.997  38.530 0.0000000000
37329  20.032  -35.635  38.212 0.0000000000
37311  19.052  -36.317  39.002 0.0000000000
37312  17.813  -35.948  38.840 0.0000000000
49810  40.340  -25.384  28.429 0.0000000000
49792  39.338  -26.468  28.784 0.0000000000
48695  38.616  -27.031  28.913 0.0000000000
49813  36.968  -25.925  27.759 0.0000000000
48696  37.385  -27.330  28.779 0.0000000000
46236  37.715  -28.828  30.796 0.0000000000
46223  37.382  -29.148  31.508 0.0000000000
46194  36.762  -29.556  33.366 0.0000000000
46172  36.291  -29.392  34.312 0.0000000000
47454  34.553  -28.485  33.599 0.0000000000
46174  34.884  -28.738  34.570 0.0000000000
46120  35.869  -28.913  36.220 0.0000000000
46078  35.319  -28.965  37.787 0.0000000000
43506  34.357  -30.591  38.339 0.0000000000
35951  20.315  -37.567  43.712 0.0000000000
35943  21.205  -36.982  44.766 0.0000000000
90530  66.465  10.375  16.565 0.0000000000
86171  62.894  7.531  15.635 0.0000000000
87265  63.926  8.471  17.551 0.0000000000
87248  64.936  7.826  18.179 0.0000000000
84901  64.619  5.865  19.396 0.0000000000
84911  64.987  6.613  18.834 0.0000000000
84909  65.503  6.261  18.400 0.0000000000
80601  54.847  2.470  15.610 0.0000000000
80591  56.006  2.118  16.318 0.0000000000
79438  54.650  0.759  17.440 0.0000000000
79437  55.884  1.370  17.221 0.0000000000
79435  57.620  1.690  17.374 0.0000000000
79411  59.380  1.646  19.077 0.0000000000
80527  60.345  1.808  20.766 0.0000000000
80512  61.176  1.976  21.866 0.0000000000
75893  55.066  -2.374  22.018 0.0000000000
76961  56.519  -1.270  22.104 0.0000000000
78167  57.857  -0.502  22.343 0.0000000000
76921  59.116  -1.879  25.123 0.0000000000
78135  59.492  -0.776  23.742 0.0000000000
78166  58.580  0.014  22.593 0.0000000000
79353  60.220  0.899  23.283 0.0000000000
79352  61.126  1.654  22.967 0.0000000000
69152  45.336  -7.949  24.275 0.0000000000
70326  46.570  -7.865  25.007 0.0000000000
69112  45.549  -8.418  27.473 0.0000000000
69121  46.968  -8.153  27.197 0.0000000000
70312  47.966  -7.027  26.539 0.0000000000
70289  48.974  -7.100  28.267 0.0000000000
70272  50.872  -7.074  29.882 0.0000000000
70238  52.102  -7.091  31.773 0.0000000000
55605  48.238  -20.107  33.084 0.0000000000
60776  46.623  -15.820  33.548 0.0000000000
61776  46.974  -14.881  33.123 0.0000000000
62722  48.128  -14.103  32.703 0.0000000000
51963  48.967  -23.532  37.583 0.0000000000
54370  49.555  -21.833  37.527 0.0000000000
56646  49.227  -19.756  36.898 0.0000000000
57618  49.345  -18.853  38.008 0.0000000000
58678  48.507  -17.969  36.514 0.0000000000
60758  48.732  -15.846  35.977 0.0000000000
61761  49.081  -14.693  34.499 0.0000000000
63701  48.779  -12.892  32.632 0.0000000000
64744  48.888  -11.767  33.011 0.0000000000
65789  49.075  -10.539  33.540 0.0000000000
67928  49.132  -9.388  33.609 0.0000000000
65758  50.082  -10.602  36.901 0.0000000000
66856  50.127  -9.819  35.570 0.0000000000
69051  49.681  -8.590  33.555 0.0000000000
69050  50.258  -8.191  33.747 0.0000000000
95977  62.178  16.258  8.338 0.0000000000
94962  62.295  15.333  7.906 0.0000000000
93840  63.750  14.499  8.252 0.0000000000
93824  64.404  14.017  9.126 0.0000000000
93811  65.596  13.944  10.662 0.0000000000
91619  64.353  12.333  11.179 0.0000000000
93805  65.492  13.692  11.489 0.0000000000
94909  66.931  14.308  11.703 0.0000000000
93800  67.644  14.087  12.350 0.0000000000
42196  34.001  -31.592  37.034 0.0000000000
42195  34.644  -31.535  37.250 0.0000000000
37299  20.664  -36.891  40.441 0.0000000000
35979  20.362  -36.947  41.209 0.0000000000
72450  52.760  -5.685  30.935 0.0000000000
72449  52.972  -4.900  30.838 0.0000000000
47505  39.995  -27.903  30.433 0.0000000000
47487  39.736  -28.639  31.012 0.0000000000
48650  30.894  -26.705  31.997 0.0000000000
49752  30.824  -26.018  31.053 0.0000000000
50856  31.148  -25.569  30.939 0.0000000000
49751  31.446  -25.731  31.323 0.0000000000
40904  28.788  -32.732  41.495 0.0000000000
40905  28.298  -33.358  41.922 0.0000000000
88421  62.459  9.380  14.620 0.0000000000
81646  62.303  2.945  21.323 0.0000000000
81645  62.838  3.432  21.751 0.0000000000
81634  63.247  3.202  22.556 0.0000000000
75911  52.089  -2.401  19.875 0.0000000000
75916  53.174  -1.830  19.894 0.0000000000
75910  52.751  -2.373  20.141 0.0000000000
63726  46.670  -12.697  30.496 0.0000000000
64786  46.360  -12.186  30.434 0.0000000000
63714  47.302  -12.652  30.945 0.0000000000
64771  46.850  -11.659  30.897 0.0000000000
64770  47.421  -12.093  31.302 0.0000000000
49701  48.865  -25.561  35.936 0.0000000000
49695  49.025  -25.324  36.713 0.0000000000
88423  60.526  9.269  13.786 0.0000000000
89522  60.711  9.774  13.389 0.0000000000
89521  61.455  10.066  13.471 0.0000000000
96002  63.617  16.912  6.767 0.0000000000
44837  37.225  -29.744  35.405 0.0000000000
44817  37.104  -29.678  36.499 0.0000000000
84979  56.840  7.102  13.673 0.0000000000
84967  57.716  6.704  14.077 0.0000000000
81708  57.343  3.050  16.130 0.0000000000
81707  58.386  3.068  16.141 0.0000000000
80588  58.740  2.434  16.668 0.0000000000
73667  51.956  -4.574  24.740 0.0000000000
73666  53.025  -4.589  24.333 0.0000000000
73651  52.727  -4.320  25.454 0.0000000000
34642  16.522  -37.210  40.843 0.0000000000
72628  47.309  -4.560  18.787 0.0000000000
72617  47.692  -4.905  19.281 0.0000000000
72599  48.731  -5.076  20.240 0.0000000000
72600  47.886  -5.537  19.924 0.0000000000
71415  47.983  -6.505  25.348 0.0000000000
71406  48.034  -6.618  25.968 0.0000000000
47450  43.942  -27.914  33.088 0.0000000000
47467  44.784  -27.020  32.249 0.0000000000
47449  45.168  -27.509  32.640 0.0000000000
47431  45.948  -27.769  33.494 0.0000000000
44812  41.879  -29.890  35.899 0.0000000000
44763  41.560  -30.032  37.866 0.0000000000
46100  32.817  -29.264  37.015 0.0000000000
47391  32.302  -28.671  36.690 0.0000000000
44818  29.986  -29.700  36.102 0.0000000000
43550  29.371  -30.551  35.730 0.0000000000
42232  26.062  -32.397  34.060 0.0000000000
41014  27.153  -33.149  34.873 0.0000000000
41000  26.505  -33.506  35.395 0.0000000000
49794  34.357  -26.088  29.103 0.0000000000
48699  34.476  -26.777  29.400 0.0000000000
48698  35.133  -27.035  29.085 0.0000000000
48681  34.932  -27.429  29.742 0.0000000000
47510  34.862  -27.805  30.783 0.0000000000
47418  32.883  -28.999  35.211 0.0000000000
47417  33.690  -28.725  35.289 0.0000000000
47404  33.349  -29.073  35.825 0.0000000000
46123  33.357  -29.145  36.449 0.0000000000
42137  31.473  -31.892  39.958 0.0000000000
34565  17.818  -38.199  46.166 0.0000000000
34571  18.734  -37.674  45.661 0.0000000000
93769  66.425  13.207  15.629 0.0000000000
92662  67.112  12.483  15.998 0.0000000000
92663  66.489  12.794  16.183 0.0000000000
88377  65.849  8.885  17.392 0.0000000000
87254  65.607  7.878  17.560 0.0000000000
86140  65.602  7.272  17.255 0.0000000000
86141  65.491  7.017  17.650 0.0000000000
84937  63.041  6.469  17.049 0.0000000000
84924  63.148  5.842  17.518 0.0000000000
78199  57.229  -0.006  20.888 0.0000000000
79383  57.663  0.195  20.960 0.0000000000
74772  57.446  -2.859  25.212 0.0000000000
74785  57.190  -2.668  24.605 0.0000000000
75852  58.032  -2.479  25.464 0.0000000000
68002  43.539  -8.763  26.591 0.0000000000
69073  48.273  -8.302  31.473 0.0000000000
69072  49.046  -7.987  31.896 0.0000000000
69061  49.223  -8.375  32.815 0.0000000000
53274  48.081  -22.504  31.030 0.0000000000
54445  47.934  -21.276  30.988 0.0000000000
53257  48.578  -22.397  31.681 0.0000000000
56658  48.927  -19.466  36.074 0.0000000000
56671  48.329  -19.301  35.043 0.0000000000
60741  48.974  -15.952  38.123 0.0000000000
61740  49.785  -14.516  36.799 0.0000000000
61732  49.905  -14.261  37.208 0.0000000000
63671  49.897  -12.660  35.796 0.0000000000
62680  49.981  -13.808  37.854 0.0000000000
91623  60.869  12.182  9.878 0.0000000000
91630  61.625  12.736  9.391 0.0000000000
91621  62.767  11.762  10.159 0.0000000000
92672  64.593  13.228  14.990 0.0000000000
93778  65.189  13.387  14.287 0.0000000000
93777  65.746  13.398  14.780 0.0000000000
93776  66.524  13.286  14.863 0.0000000000
95001  66.660  15.998  5.806 0.0000000000
94989  66.484  14.894  6.069 0.0000000000
93865  66.522  14.315  6.349 0.0000000000
95948  67.285  15.088  9.990 0.0000000000
95960  68.209  15.422  9.682 0.0000000000
95947  68.025  15.529  10.355 0.0000000000
94916  68.468  14.811  10.641 0.0000000000
95932  67.878  15.186  10.821 0.0000000000
44768  36.106  -29.595  38.119 0.0000000000
37297  22.782  -35.991  40.416 0.0000000000
37268  21.931  -36.579  42.899 0.0000000000
35948  22.402  -36.958  44.169 0.0000000000
35949  21.844  -37.017  43.987 0.0000000000
81730  55.520  3.657  14.744 0.0000000000
82812  55.787  3.703  14.798 0.0000000000
73625  51.442  -4.295  27.425 0.0000000000
73624  52.463  -4.026  27.697 0.0000000000
73611  52.597  -4.062  28.907 0.0000000000
34616  13.292  -38.038  41.906 0.0000000000
34604  12.683  -37.938  42.969 0.0000000000
49790  40.967  -25.944  28.962 0.0000000000
49789  42.183  -25.839  29.178 0.0000000000
48677  41.847  -26.496  30.007 0.0000000000
47485  42.076  -27.489  31.118 0.0000000000
47469  43.032  -27.362  32.090 0.0000000000
47451  42.856  -28.032  32.921 0.0000000000
48617  31.814  -27.672  33.998 0.0000000000
48605  31.741  -27.826  34.761 0.0000000000
48633  30.659  -27.436  32.448 0.0000000000
47456  31.119  -27.791  33.530 0.0000000000
50873  32.377  -24.885  30.293 0.0000000000
52072  32.756  -24.306  29.244 0.0000000000
50872  33.038  -24.876  30.000 0.0000000000
49771  33.290  -25.650  30.145 0.0000000000
49749  32.875  -25.980  30.773 0.0000000000
48648  32.307  -26.523  32.472 0.0000000000
42139  30.185  -31.618  40.396 0.0000000000
42116  30.333  -32.179  41.945 0.0000000000
90553  63.329  11.467  15.501 0.0000000000
88402  63.128  9.303  16.004 0.0000000000
89499  63.555  10.403  16.386 0.0000000000
89490  63.839  9.827  16.868 0.0000000000
89481  64.711  9.688  17.586 0.0000000000
88387  64.362  9.277  17.571 0.0000000000
81687  62.636  3.432  18.965 0.0000000000
82768  63.300  4.218  19.416 0.0000000000
78229  53.434  -0.317  17.939 0.0000000000
76986  54.411  -1.505  20.198 0.0000000000
76995  54.597  -0.678  19.193 0.0000000000
76984  56.107  -0.525  20.315 0.0000000000
66924  43.975  -10.209  28.748 0.0000000000
66923  44.571  -10.282  29.183 0.0000000000
67982  44.565  -9.554  28.791 0.0000000000
67970  44.890  -9.850  29.461 0.0000000000
65812  47.294  -10.654  31.812 0.0000000000
66905  46.533  -10.304  31.043 0.0000000000
66894  46.956  -10.093  31.460 0.0000000000
67946  47.193  -9.442  31.575 0.0000000000
66893  47.455  -9.895  32.174 0.0000000000
50829  47.824  -24.823  33.717 0.0000000000
52010  48.951  -22.987  33.438 0.0000000000
51996  48.915  -23.330  34.191 0.0000000000
53215  49.416  -22.682  34.987 0.0000000000
55562  49.638  -21.023  36.121 0.0000000000
54381  49.623  -21.909  36.620 0.0000000000
90571  60.792  10.545  12.422 0.0000000000
90580  60.478  11.004  11.956 0.0000000000
90595  60.989  11.515  10.940 0.0000000000
90579  61.514  11.321  11.809 0.0000000000
91592  62.183  11.389  12.239 0.0000000000
90569  62.437  11.216  13.303 0.0000000000
91570  63.147  11.676  14.235 0.0000000000
91569  63.638  12.274  14.942 0.0000000000
96000  64.808  16.586  6.747 0.0000000000
97063  65.374  16.730  6.697 0.0000000000
97072  66.296  16.617  6.727 0.0000000000
97061  66.119  16.081  7.181 0.0000000000
97060  66.193  15.475  7.271 0.0000000000
95987  65.801  16.006  7.598 0.0000000000
95975  65.355  15.809  8.128 0.0000000000
94959  65.252  15.389  8.486 0.0000000000
94948  65.319  15.134  8.981 0.0000000000
46209  37.988  -29.638  32.461 0.0000000000
46208  39.099  -29.673  32.549 0.0000000000
44864  38.842  -29.801  33.373 0.0000000000
44815  39.018  -30.266  36.201 0.0000000000
44835  39.336  -30.102  35.136 0.0000000000
44790  39.788  -30.427  37.031 0.0000000000
39733  27.217  -34.645  40.502 0.0000000000
38540  26.733  -34.890  41.191 0.0000000000
37264  25.751  -35.801  41.517 0.0000000000
37231  26.040  -36.740  42.900 0.0000000000
35937  26.542  -37.181  43.178 0.0000000000
37266  23.542  -35.946  42.183 0.0000000000
37265  24.601  -35.919  41.803 0.0000000000
87294  59.268  8.179  13.946 0.0000000000
86183  59.396  7.456  14.087 0.0000000000
83871  60.233  6.004  14.298 0.0000000000
83865  60.526  5.407  14.636 0.0000000000
83864  61.486  5.539  15.225 0.0000000000
83874  57.182  5.594  14.341 0.0000000000
82819  57.804  4.812  14.548 0.0000000000
81717  59.528  3.778  15.691 0.0000000000
82800  59.838  3.819  15.713 0.0000000000
82798  61.502  4.397  16.101 0.0000000000
81697  61.877  3.236  17.249 0.0000000000
80568  60.636  2.131  18.579 0.0000000000
81675  61.367  2.406  18.769 0.0000000000
80553  61.360  2.481  20.142 0.0000000000
73698  52.978  -3.866  22.315 0.0000000000
73649  54.649  -4.199  25.017 0.0000000000
73664  54.702  -3.942  24.017 0.0000000000
73633  56.244  -3.645  25.434 0.0000000000
74754  53.331  -3.544  27.897 0.0000000000
74753  53.994  -3.498  27.639 0.0000000000
74739  54.632  -3.202  28.171 0.0000000000
75824  55.989  -2.925  28.303 0.0000000000
75822  58.084  -2.730  28.663 0.0000000000
61798  45.843  -14.589  31.275 0.0000000000
62748  45.933  -14.218  30.683 0.0000000000
61797  46.468  -14.321  31.702 0.0000000000
89540  56.524  10.508  12.304 0.0000000000
89539  57.491  10.499  12.407 0.0000000000
88446  56.918  9.654  12.675 0.0000000000
87300  58.770  8.542  13.661 0.0000000000
87299  59.479  8.689  13.830 0.0000000000
98186  63.092  18.272  8.653 0.0000000000
35997  18.104  -36.692  39.648 0.0000000000
35981  18.301  -37.321  40.652 0.0000000000
34612  17.146  -37.809  42.540 0.0000000000
34599  17.374  -38.201  43.444 0.0000000000
34614  15.282  -37.964  42.163 0.0000000000
74849  50.508  -2.691  18.635 0.0000000000
73748  48.537  -4.451  19.004 0.0000000000
73767  48.735  -3.569  18.394 0.0000000000
73747  49.639  -3.676  19.012 0.0000000000
73746  50.300  -3.396  19.425 0.0000000000
73727  50.600  -4.011  20.164 0.0000000000
73726  51.464  -3.669  20.451 0.0000000000
72580  49.798  -4.948  21.574 0.0000000000
72579  50.779  -4.801  21.796 0.0000000000
72562  50.974  -4.735  23.040 0.0000000000
71467  47.481  -6.092  21.515 0.0000000000
72524  49.326  -5.452  24.305 0.0000000000
72523  50.025  -4.575  24.906 0.0000000000
73654  50.220  -4.262  25.838 0.0000000000
73640  50.049  -4.524  26.278 0.0000000000
72498  50.123  -5.491  27.425 0.0000000000
72504  50.444  -4.896  27.269 0.0000000000
72490  50.454  -5.706  28.086 0.0000000000
72481  51.523  -5.674  29.131 0.0000000000
52056  45.793  -23.584  30.046 0.0000000000
52055  46.556  -23.370  30.320 0.0000000000
52046  46.234  -23.875  30.639 0.0000000000
49768  42.913  -26.025  30.189 0.0000000000
49767  43.826  -25.337  30.084 0.0000000000
49747  43.686  -26.101  30.646 0.0000000000
48642  45.393  -26.298  32.043 0.0000000000
49745  45.475  -25.505  31.157 0.0000000000
50840  46.142  -25.109  32.034 0.0000000000
50851  46.722  -24.176  31.704 0.0000000000
50839  46.837  -24.799  32.205 0.0000000000
50830  47.501  -24.809  32.939 0.0000000000
49722  47.051  -25.685  32.854 0.0000000000
46163  47.104  -27.505  34.160 0.0000000000
48613  47.262  -26.447  33.892 0.0000000000
47416  47.865  -26.998  34.680 0.0000000000
48596  48.219  -26.404  34.985 0.0000000000
46191  39.902  -29.678  33.383 0.0000000000
46143  42.209  -29.477  34.766 0.0000000000
46142  43.165  -29.095  34.864 0.0000000000
44785  45.258  -29.790  37.467 0.0000000000
44809  44.771  -29.808  36.869 0.0000000000
46115  45.012  -29.536  36.057 0.0000000000
46112  48.665  -27.778  36.235 0.0000000000
43507  33.052  -30.659  38.088 0.0000000000
44772  31.971  -29.588  38.206 0.0000000000
44745  31.417  -30.021  38.747 0.0000000000
47392  31.774  -28.296  36.798 0.0000000000
47393  31.171  -28.071  36.821 0.0000000000
44795  30.379  -29.346  37.893 0.0000000000
46084  30.653  -29.040  38.166 0.0000000000
44774  30.584  -29.616  38.429 0.0000000000
44746  30.857  -29.962  38.925 0.0000000000
44747  30.459  -30.227  38.715 0.0000000000
43480  30.474  -30.974  39.281 0.0000000000
43509  30.109  -30.769  38.618 0.0000000000
43510  29.460  -31.493  38.535 0.0000000000
42180  28.950  -32.187  38.973 0.0000000000
42197  28.736  -32.363  38.002 0.0000000000
46213  29.146  -29.359  30.976 0.0000000000
46212  29.911  -29.028  31.436 0.0000000000
43582  27.526  -30.430  31.666 0.0000000000
44840  28.935  -30.790  34.240 0.0000000000
43540  28.904  -31.316  36.176 0.0000000000
42219  28.472  -32.125  35.540 0.0000000000
40985  27.782  -33.405  36.672 0.0000000000
40971  28.184  -33.111  38.178 0.0000000000
39808  25.721  -34.180  36.717 0.0000000000
39791  25.818  -34.481  37.481 0.0000000000
39774  25.210  -34.710  37.910 0.0000000000
41017  24.221  -32.920  34.249 0.0000000000
41002  24.442  -33.464  35.094 0.0000000000
38621  23.453  -34.731  36.946 0.0000000000
39810  23.618  -34.165  36.405 0.0000000000
38605  23.870  -34.920  37.573 0.0000000000
38606  22.877  -35.014  37.424 0.0000000000
38589  23.161  -35.383  38.132 0.0000000000
38608  20.989  -34.943  37.000 0.0000000000
38591  21.168  -35.500  37.649 0.0000000000
37346  19.190  -35.062  37.523 0.0000000000
37330  18.600  -35.480  38.216 0.0000000000
49811  39.050  -25.704  28.330 0.0000000000
48694  39.703  -26.844  29.214 0.0000000000
50925  36.914  -24.827  27.159 0.0000000000
48712  36.675  -26.727  28.401 0.0000000000
47524  37.101  -27.895  29.596 0.0000000000
47523  37.921  -27.720  29.297 0.0000000000
47507  37.318  -28.465  30.287 0.0000000000
46237  36.897  -28.801  30.786 0.0000000000
46211  36.108  -28.984  32.418 0.0000000000
48646  33.910  -27.659  32.586 0.0000000000
47473  34.524  -27.970  32.567 0.0000000000
47474  34.003  -27.850  33.102 0.0000000000
46149  34.532  -28.750  35.376 0.0000000000
46148  35.391  -28.864  35.384 0.0000000000
46097  35.551  -28.846  37.029 0.0000000000
38515  27.812  -35.163  42.615 0.0000000000
38514  28.465  -34.867  42.779 0.0000000000
37229  28.287  -36.093  43.221 0.0000000000
35956  19.909  -37.470  42.975 0.0000000000
35924  19.923  -37.101  46.278 0.0000000000
35930  20.535  -36.936  45.566 0.0000000000
35923  20.908  -37.033  46.305 0.0000000000
35929  21.520  -36.800  45.592 0.0000000000
34561  21.172  -37.732  46.430 0.0000000000
90532  65.898  10.891  16.950 0.0000000000
91549  66.484  11.371  16.395 0.0000000000
90531  66.162  10.418  16.868 0.0000000000
87263  65.724  8.276  16.756 0.0000000000
86180  62.295  7.508  14.439 0.0000000000
86179  62.794  7.808  14.985 0.0000000000
84936  63.415  6.929  17.528 0.0000000000
86163  63.636  7.817  17.189 0.0000000000
86150  63.720  7.503  17.724 0.0000000000
87258  64.178  8.083  17.928 0.0000000000
86142  64.677  7.498  18.263 0.0000000000
83812  64.332  4.968  19.729 0.0000000000
84902  64.325  5.575  19.217 0.0000000000
84900  65.119  6.227  19.375 0.0000000000
84899  65.616  6.088  19.342 0.0000000000
86131  65.391  6.466  18.587 0.0000000000
83820  65.822  5.739  19.118 0.0000000000
83819  65.664  5.564  18.638 0.0000000000
80593  54.333  1.896  16.065 0.0000000000
80602  53.933  2.375  15.405 0.0000000000
80592  55.191  1.964  16.113 0.0000000000
80600  55.507  2.491  15.854 0.0000000000
79445  55.512  1.659  16.515 0.0000000000
78237  54.423  0.324  18.007 0.0000000000
79430  54.849  0.457  18.112 0.0000000000
79428  56.831  0.824  18.090 0.0000000000
79436  57.083  1.389  17.316 0.0000000000
79427  57.874  1.501  18.014 0.0000000000
79426  58.589  1.567  18.154 0.0000000000
79412  58.760  1.412  18.827 0.0000000000
79381  59.593  1.355  20.913 0.0000000000
79380  60.330  1.651  21.222 0.0000000000
80526  60.914  1.914  21.195 0.0000000000
73696  54.559  -3.320  22.541 0.0000000000
74813  54.566  -2.572  22.004 0.0000000000
74806  55.500  -2.852  22.709 0.0000000000
75891  56.476  -1.939  22.779 0.0000000000
76952  56.887  -1.644  22.870 0.0000000000
76960  57.317  -0.915  22.385 0.0000000000
76951  57.619  -1.268  23.161 0.0000000000
78134  60.012  -0.426  24.222 0.0000000000
76938  59.603  -1.061  24.210 0.0000000000
78152  58.940  -0.543  23.278 0.0000000000
78151  59.661  0.032  23.497 0.0000000000
79354  59.642  0.409  22.967 0.0000000000
69145  44.699  -8.017  24.981 0.0000000000
69144  45.729  -7.906  25.190 0.0000000000
70340  46.234  -7.820  24.345 0.0000000000
69143  46.429  -7.872  25.621 0.0000000000
67981  45.749  -8.762  28.765 0.0000000000
67992  45.561  -8.581  27.964 0.0000000000
69094  47.935  -7.836  29.435 0.0000000000
69110  47.176  -8.203  28.073 0.0000000000
69120  47.730  -7.581  27.426 0.0000000000
69133  47.425  -7.705  26.705 0.0000000000
70290  48.266  -7.156  27.807 0.0000000000
70300  48.727  -6.883  27.492 0.0000000000
70263  50.306  -7.585  30.610 0.0000000000
70273  50.128  -7.325  29.561 0.0000000000
70251  51.276  -7.140  31.175 0.0000000000
70239  51.233  -7.344  32.310 0.0000000000
54419  49.671  -21.377  33.511 0.0000000000
54421  48.863  -20.638  32.879 0.0000000000
55604  49.184  -20.518  33.451 0.0000000000
57647  47.499  -18.236  34.189 0.0000000000
56687  47.426  -18.767  33.666 0.0000000000
58694  46.396  -17.447  33.806 0.0000000000
59715  46.154  -16.695  33.661 0.0000000000
60775  47.543  -15.842  34.226 0.0000000000
61763  47.332  -15.067  33.891 0.0000000000
61785  47.604  -14.383  32.658 0.0000000000
61775  48.008  -14.545  33.328 0.0000000000
49681  49.210  -24.801  38.155 0.0000000000
50785  48.889  -24.295  37.995 0.0000000000
54358  49.467  -21.538  38.388 0.0000000000
55547  49.369  -20.404  37.388 0.0000000000
56632  49.382  -19.691  37.694 0.0000000000
59684  48.941  -16.876  38.211 0.0000000000
58662  49.180  -18.097  38.381 0.0000000000
58670  49.152  -17.432  37.995 0.0000000000
58671  49.109  -17.935  37.377 0.0000000000
59692  48.741  -17.423  36.848 0.0000000000
59700  48.340  -16.916  36.262 0.0000000000
59699  48.787  -16.369  36.632 0.0000000000
62699  49.558  -14.249  34.817 0.0000000000
62709  49.383  -13.849  34.137 0.0000000000
62721  48.775  -13.575  33.045 0.0000000000
63692  49.006  -12.389  32.991 0.0000000000
63688  49.546  -12.720  34.013 0.0000000000
64719  49.682  -11.631  34.680 0.0000000000
65788  49.651  -10.700  34.175 0.0000000000
66875  48.767  -9.857  33.418 0.0000000000
66874  49.679  -9.935  33.607 0.0000000000
64695  50.063  -11.553  37.361 0.0000000000
64687  49.981  -11.357  38.601 0.0000000000
66849  50.144  -9.855  36.447 0.0000000000
67916  49.732  -9.063  35.208 0.0000000000
67927  49.717  -9.144  34.077 0.0000000000
69027  49.943  -8.736  34.667 0.0000000000
69040  49.974  -8.657  34.104 0.0000000000
69039  50.219  -8.315  34.528 0.0000000000
97040  61.847  17.497  9.782 0.0000000000
91625  58.735  13.177  10.269 0.0000000000
94950  61.715  15.503  8.951 0.0000000000
93841  62.863  14.646  7.824 0.0000000000
92734  62.879  14.053  8.301 0.0000000000
92719  64.454  13.199  9.627 0.0000000000
93825  63.766  13.829  8.766 0.0000000000
93812  65.070  13.773  9.999 0.0000000000
94934  64.958  14.395  9.624 0.0000000000
90577  63.339  11.637  11.908 0.0000000000
91608  63.755  11.887  11.526 0.0000000000
91607  64.376  12.308  11.931 0.0000000000
93795  65.551  13.553  13.006 0.0000000000
92704  65.178  13.303  12.048 0.0000000000
94903  65.792  13.977  12.437 0.0000000000
94911  65.839  14.186  11.939 0.0000000000
94902  66.269  14.238  12.439 0.0000000000
94908  67.619  14.217  11.777 0.0000000000
94901  67.108  14.116  12.606 0.0000000000
92688  67.602  13.282  13.760 0.0000000000
97084  65.674  17.374  5.740 0.0000000000
97097  65.859  17.524  4.968 0.0000000000
94980  66.727  15.218  7.887 0.0000000000
37298  21.501  -36.511  40.783 0.0000000000
35965  21.215  -36.730  42.556 0.0000000000
73603  52.427  -4.653  29.342 0.0000000000
73588  52.669  -4.485  30.025 0.0000000000
48678  41.060  -26.783  30.030 0.0000000000
47471  41.376  -28.478  32.100 0.0000000000
48649  31.497  -26.522  32.473 0.0000000000
48618  31.406  -27.596  33.743 0.0000000000
52058  31.892  -24.316  30.082 0.0000000000
50854  31.863  -25.094  30.682 0.0000000000
49750  32.208  -25.699  31.170 0.0000000000
49734  31.819  -25.877  32.001 0.0000000000
42129  29.293  -32.282  41.982 0.0000000000
40893  28.994  -33.245  42.459 0.0000000000
39687  29.310  -34.666  43.019 0.0000000000
89514  63.005  10.375  15.302 0.0000000000
82756  63.193  3.880  20.468 0.0000000000
82743  63.048  3.793  21.107 0.0000000000
81644  63.487  3.761  22.066 0.0000000000
75928  52.292  -1.812  18.707 0.0000000000
76987  53.643  -1.669  19.977 0.0000000000
76975  54.745  -1.874  20.814 0.0000000000
65827  45.277  -10.972  30.104 0.0000000000
66913  45.543  -10.238  30.322 0.0000000000
64772  46.235  -11.272  30.680 0.0000000000
64757  47.146  -11.144  31.479 0.0000000000
50816  48.367  -24.956  35.019 0.0000000000
51985  48.519  -24.386  35.104 0.0000000000
50815  48.672  -24.575  35.451 0.0000000000
51973  49.058  -23.683  36.592 0.0000000000
89529  59.270  9.953  12.867 0.0000000000
89537  59.726  10.559  12.457 0.0000000000
89528  60.544  10.117  12.912 0.0000000000
90564  61.716  10.629  13.269 0.0000000000
95988  65.229  16.310  7.287 0.0000000000
95989  64.403  16.103  7.123 0.0000000000
94971  64.438  15.687  7.592 0.0000000000
94961  63.982  15.054  7.923 0.0000000000
44866  37.311  -29.786  33.913 0.0000000000
44851  38.610  -29.910  34.309 0.0000000000
44852  37.713  -29.860  34.463 0.0000000000
38569  25.802  -34.977  39.603 0.0000000000
38542  25.564  -35.510  40.552 0.0000000000
37234  23.162  -36.820  43.826 0.0000000000
37233  23.972  -36.607  43.642 0.0000000000
86191  58.030  7.727  13.797 0.0000000000
86184  58.557  7.259  14.086 0.0000000000
82810  57.321  4.040  14.941 0.0000000000
82809  58.414  4.217  15.037 0.0000000000
81706  59.671  3.187  16.301 0.0000000000
81698  60.555  2.757  17.175 0.0000000000
81699  59.876  2.591  16.923 0.0000000000
80578  59.763  2.231  17.493 0.0000000000
80569  59.854  2.097  18.315 0.0000000000
73686  52.896  -4.525  23.345 0.0000000000
73650  53.697  -4.385  25.225 0.0000000000
73635  54.405  -4.260  26.004 0.0000000000
74726  54.512  -2.863  28.968 0.0000000000
86192  57.220  7.816  13.434 0.0000000000
34628  16.838  -37.526  41.668 0.0000000000
34613  16.188  -37.727  42.383 0.0000000000
72581  49.022  -5.348  21.213 0.0000000000
72514  49.227  -5.322  25.381 0.0000000000
72506  49.210  -5.240  26.154 0.0000000000
71396  49.538  -5.873  26.889 0.0000000000
71388  49.745  -6.331  27.842 0.0000000000
50885  44.753  -24.196  29.561 0.0000000000
48644  43.734  -26.814  31.649 0.0000000000
48659  44.049  -26.393  31.157 0.0000000000
48643  44.634  -26.514  31.768 0.0000000000
48628  45.147  -26.844  32.228 0.0000000000
48626  46.492  -26.466  32.648 0.0000000000
47448  46.194  -27.188  32.917 0.0000000000
47430  46.775  -27.169  33.650 0.0000000000
46164  46.678  -27.917  34.125 0.0000000000
44813  40.887  -29.923  35.796 0.0000000000
46145  40.898  -29.705  34.747 0.0000000000
44833  41.196  -29.764  35.213 0.0000000000
44811  42.970  -29.690  36.364 0.0000000000
44759  45.604  -30.019  38.299 0.0000000000
46081  32.495  -29.239  37.785 0.0000000000
46082  31.836  -28.916  38.051 0.0000000000
46150  30.690  -28.210  35.459 0.0000000000
46124  30.686  -28.265  36.066 0.0000000000
46125  30.497  -28.972  36.279 0.0000000000
46104  30.326  -29.270  36.715 0.0000000000
43569  26.749  -31.446  32.791 0.0000000000
43559  27.241  -31.857  33.503 0.0000000000
42220  27.866  -32.742  35.054 0.0000000000
40973  27.040  -33.828  37.134 0.0000000000
40986  26.681  -33.780  36.352 0.0000000000
38623  21.772  -34.468  36.599 0.0000000000
49828  38.466  -25.281  27.584 0.0000000000
49812  38.005  -25.850  27.980 0.0000000000
49815  34.956  -25.706  28.449 0.0000000000
49814  35.806  -26.077  28.401 0.0000000000
48713  35.963  -26.835  28.638 0.0000000000
47525  35.907  -27.736  29.560 0.0000000000
46238  36.342  -28.739  30.731 0.0000000000
47489  35.883  -28.582  30.691 0.0000000000
47490  35.368  -28.430  31.194 0.0000000000
47472  35.172  -28.632  32.223 0.0000000000
46098  34.691  -28.855  37.088 0.0000000000
46099  33.787  -28.971  37.118 0.0000000000
34597  19.460  -37.946  43.953 0.0000000000
34583  19.300  -37.698  45.037 0.0000000000
35931  19.502  -37.270  45.599 0.0000000000
90523  66.015  9.982  17.215 0.0000000000
89487  66.275  9.997  16.890 0.0000000000
89477  66.137  9.510  16.897 0.0000000000
86149  65.649  7.479  16.984 0.0000000000
84921  65.553  6.759  17.364 0.0000000000
84949  62.351  6.624  16.053 0.0000000000
83798  65.070  4.936  20.568 0.0000000000
78213  55.763  -0.142  19.423 0.0000000000
79415  55.854  0.137  18.918 0.0000000000
74787  55.858  -2.980  24.072 0.0000000000
74801  55.735  -2.882  23.205 0.0000000000
74786  56.614  -2.690  24.227 0.0000000000
75871  57.213  -2.313  24.129 0.0000000000
79340  60.496  0.775  24.059 0.0000000000
69137  44.023  -8.172  25.691 0.0000000000
69136  44.962  -8.026  25.894 0.0000000000
67980  46.529  -8.563  29.083 0.0000000000
69083  47.372  -8.209  29.826 0.0000000000
69108  48.598  -7.572  29.019 0.0000000000
69081  49.068  -7.849  30.804 0.0000000000
69080  49.732  -7.822  31.466 0.0000000000
55593  49.783  -20.713  34.299 0.0000000000
55594  48.758  -20.028  34.231 0.0000000000
56672  47.836  -18.832  34.382 0.0000000000
58686  47.678  -17.712  34.728 0.0000000000
59706  47.805  -16.881  35.067 0.0000000000
51954  49.136  -23.397  38.445 0.0000000000
51941  49.707  -23.277  39.187 0.0000000000
53157  49.752  -22.227  39.412 0.0000000000
54343  49.298  -20.974  39.127 0.0000000000
60749  49.029  -15.817  37.021 0.0000000000
61741  49.317  -15.044  36.499 0.0000000000
61749  49.742  -14.457  36.148 0.0000000000
62698  49.833  -13.858  35.470 0.0000000000
63680  49.781  -13.116  34.878 0.0000000000
63672  49.768  -12.046  35.278 0.0000000000
64707  49.854  -11.521  35.704 0.0000000000
90607  60.379  11.767  10.282 0.0000000000
91624  59.575  12.415  9.928 0.0000000000
92722  61.432  13.626  9.197 0.0000000000
92721  62.473  13.350  8.801 0.0000000000
92733  63.304  13.711  8.575 0.0000000000
92712  64.081  12.557  9.794 0.0000000000
91590  63.954  12.209  13.267 0.0000000000
91598  64.341  12.429  12.701 0.0000000000
92690  64.682  13.012  13.179 0.0000000000
93787  65.163  13.366  13.624 0.0000000000
93793  67.315  14.001  13.472 0.0000000000
93785  66.667  13.387  14.028 0.0000000000
96011  66.827  16.798  5.877 0.0000000000
96023  66.725  16.497  5.491 0.0000000000
95002  66.610  15.617  5.305 0.0000000000
95972  66.926  14.847  8.944 0.0000000000
95971  67.549  15.217  9.480 0.0000000000
92718  68.229  13.892  9.718 0.0000000000
44793  36.667  -29.469  37.331 0.0000000000
42176  36.126  -31.197  37.642 0.0000000000
37296  23.884  -35.987  40.080 0.0000000000
37267  22.608  -36.170  42.578 0.0000000000
35941  22.771  -37.008  44.536 0.0000000000
35928  22.422  -36.861  45.483 0.0000000000
82811  56.318  3.853  14.888 0.0000000000
81720  56.805  3.432  15.471 0.0000000000
73637  52.534  -4.022  26.474 0.0000000000
74728  53.121  -3.537  29.536 0.0000000000
74727  53.718  -2.979  29.315 0.0000000000
34643  15.548  -37.147  40.636 0.0000000000
34615  14.311  -38.111  41.992 0.0000000000
34590  13.297  -37.892  43.683 0.0000000000
71447  46.967  -6.769  23.349 0.0000000000
71426  46.981  -6.918  24.015 0.0000000000
70339  47.047  -7.405  24.509 0.0000000000
49748  43.212  -26.426  30.644 0.0000000000
47503  41.633  -27.062  30.418 0.0000000000
48661  42.772  -26.804  30.796 0.0000000000
48645  43.124  -26.927  31.413 0.0000000000
47419  32.400  -28.272  35.312 0.0000000000
47406  32.223  -28.069  36.167 0.0000000000
48604  32.064  -27.954  35.002 0.0000000000
47420  31.834  -27.840  35.458 0.0000000000
47421  31.047  -27.800  35.235 0.0000000000
47437  31.193  -28.156  34.096 0.0000000000
47422  30.728  -28.244  35.159 0.0000000000
42246  25.777  -31.764  33.489 0.0000000000
42233  24.996  -32.095  34.145 0.0000000000
49770  34.030  -25.982  29.827 0.0000000000
48647  33.248  -27.428  32.825 0.0000000000
48665  32.473  -26.106  31.801 0.0000000000
48629  32.853  -28.095  33.797 0.0000000000
47436  32.580  -28.614  34.699 0.0000000000
91568  64.071  12.811  15.678 0.0000000000
92664  65.529  13.018  16.341 0.0000000000
91560  64.350  12.423  16.335 0.0000000000
91552  64.699  11.930  16.623 0.0000000000
90533  65.324  11.118  17.178 0.0000000000
89513  63.317  10.975  15.887 0.0000000000
89498  64.195  10.868  16.793 0.0000000000
89488  65.026  10.609  17.497 0.0000000000
89480  65.114  9.975  17.611 0.0000000000
88379  65.186  9.005  17.839 0.0000000000
87256  65.270  8.359  17.995 0.0000000000
82791  62.710  4.218  17.542 0.0000000000
83836  63.365  5.168  18.037 0.0000000000
83822  63.423  4.667  18.724 0.0000000000
82767  63.858  4.613  19.534 0.0000000000
83800  64.144  4.423  20.355 0.0000000000
83799  64.534  4.623  20.448 0.0000000000
78239  53.003  -0.159  17.280 0.0000000000
77008  54.317  -0.356  18.606 0.0000000000
78214  55.166  -0.216  19.104 0.0000000000
78201  56.034  -0.275  20.024 0.0000000000
78200  56.627  -0.203  20.400 0.0000000000
78186  56.929  -0.518  21.270 0.0000000000
75843  58.100  -2.677  26.345 0.0000000000
67994  43.341  -9.418  27.979 0.0000000000
67959  45.844  -9.842  30.499 0.0000000000
67945  47.822  -8.953  32.347 0.0000000000
53243  48.433  -22.939  32.130 0.0000000000
53241  49.467  -21.840  33.305 0.0000000000
54405  49.798  -21.516  33.965 0.0000000000
54406  49.720  -21.711  34.688 0.0000000000
55578  49.832  -21.043  35.284 0.0000000000
90598  57.611  11.827  11.333 0.0000000000
90597  58.646  11.626  11.198 0.0000000000
91610  61.945  11.883  10.856 0.0000000000
91601  62.178  11.615  11.614 0.0000000000
91600  62.921  11.435  11.986 0.0000000000
91580  63.687  12.223  14.072 0.0000000000
97085  64.989  17.800  5.870 0.0000000000
97083  66.552  17.008  6.208 0.0000000000
96010  66.537  16.080  6.291 0.0000000000
94981  66.392  14.984  7.033 0.0000000000
95999  66.332  15.157  7.219 0.0000000000
95985  66.429  14.920  8.018 0.0000000000
95974  65.803  15.237  8.113 0.0000000000
95973  66.337  14.917  8.470 0.0000000000
95963  66.002  14.943  9.153 0.0000000000
95949  66.489  14.861  9.725 0.0000000000
46221  39.481  -29.213  31.629 0.0000000000
46192  39.313  -29.729  33.200 0.0000000000
46171  40.084  -29.761  33.981 0.0000000000
44834  40.356  -29.893  34.933 0.0000000000
44792  37.688  -29.702  37.375 0.0000000000
44766  38.342  -30.035  38.204 0.0000000000
43502  39.052  -31.136  38.549 0.0000000000
44765  39.485  -30.213  38.033 0.0000000000
49773  30.410  -25.593  30.096 0.0000000000
39732  27.896  -34.012  40.683 0.0000000000
39721  27.898  -33.773  41.513 0.0000000000
39722  27.476  -34.437  41.496 0.0000000000
39710  27.509  -34.548  42.069 0.0000000000
38516  27.156  -35.420  42.427 0.0000000000
38528  26.344  -35.225  41.576 0.0000000000
37230  27.330  -36.210  42.873 0.0000000000
37232  24.880  -36.901  43.163 0.0000000000
87292  60.944  8.417  14.162 0.0000000000
86181  61.411  7.530  14.153 0.0000000000
84963  61.842  6.854  14.089 0.0000000000
84965  59.905  6.581  14.143 0.0000000000
84964  60.962  6.511  14.313 0.0000000000
84956  61.951  6.530  14.945 0.0000000000
84950  61.841  6.076  15.621 0.0000000000
83859  61.925  5.476  16.118 0.0000000000
83851  62.106  4.826  16.445 0.0000000000
82817  59.479  4.945  14.587 0.0000000000
82808  59.695  4.386  15.092 0.0000000000
83866  59.825  5.022  14.555 0.0000000000
82807  60.920  4.696  15.319 0.0000000000
82792  62.156  4.244  16.762 0.0000000000
81696  62.571  3.496  18.086 0.0000000000
81689  61.263  2.359  17.916 0.0000000000
81658  62.015  2.781  20.562 0.0000000000
80524  62.185  2.786  21.915 0.0000000000
74816  52.594  -3.516  21.005 0.0000000000
74815  53.240  -3.281  21.429 0.0000000000
73684  54.820  -3.571  23.049 0.0000000000
73685  53.841  -4.234  23.349 0.0000000000
73663  55.393  -3.448  23.695 0.0000000000
74764  56.978  -3.375  25.887 0.0000000000
73622  54.154  -3.985  26.885 0.0000000000
73621  54.935  -4.068  26.675 0.0000000000
74751  55.750  -3.801  26.994 0.0000000000
74750  56.675  -3.474  26.819 0.0000000000
74749  57.435  -3.132  26.650 0.0000000000
75834  58.001  -2.994  27.452 0.0000000000
62758  46.266  -13.253  30.353 0.0000000000
62747  46.717  -13.700  30.978 0.0000000000
48588  49.487  -26.499  36.897 0.0000000000
48583  49.412  -25.803  37.008 0.0000000000
48582  49.744  -25.988  37.635 0.0000000000
88434  57.469  9.229  13.018 0.0000000000
89530  58.677  9.957  12.894 0.0000000000
88432  59.648  9.324  13.428 0.0000000000
88424  59.880  8.928  13.803 0.0000000000
97054  62.511  16.902  7.781 0.0000000000
35980  19.416  -37.320  40.896 0.0000000000
34626  18.707  -37.890  42.086 0.0000000000
34627  17.897  -37.717  41.697 0.0000000000
34598  18.376  -38.222  43.673 0.0000000000
34572  17.715  -38.215  45.387 0.0000000000
34586  16.603  -38.369  44.160 0.0000000000
34573  16.774  -38.411  45.095 0.0000000000
34566  16.898  -38.361  45.839 0.0000000000
75929  51.591  -1.877  18.310 0.0000000000
75918  51.740  -2.338  19.165 0.0000000000
74834  51.534  -2.697  19.896 0.0000000000
74836  50.202  -3.068  18.990 0.0000000000
74835  50.843  -2.906  19.448 0.0000000000
74825  52.042  -3.092  20.464 0.0000000000
73710  51.770  -4.108  21.335 0.0000000000
72597  50.355  -4.637  21.020 0.0000000000
73700  51.578  -4.679  23.399 0.0000000000
73688  51.341  -4.646  24.022 0.0000000000
72564  49.225  -5.502  22.154 0.0000000000
71445  48.566  -5.881  23.096 0.0000000000
72543  49.222  -5.559  23.164 0.0000000000
72522  50.502  -4.475  24.684 0.0000000000
73668  50.913  -4.247  24.898 0.0000000000
73653  50.859  -3.878  25.847 0.0000000000
73626  50.935  -4.608  27.694 0.0000000000
72480  51.881  -5.263  29.053 0.0000000000
71375  51.942  -5.784  29.488 0.0000000000
71361  52.134  -6.201  30.239 0.0000000000
53290  47.110  -22.554  30.190 0.0000000000
53275  47.545  -22.979  30.781 0.0000000000
52044  47.702  -23.121  31.098 0.0000000000
49787  43.698  -25.134  29.606 0.0000000000
50871  44.269  -24.875  30.026 0.0000000000
50870  45.018  -24.613  30.223 0.0000000000
49746  44.682  -25.724  30.767 0.0000000000
50853  45.366  -25.195  30.765 0.0000000000
50869  45.790  -24.213  30.508 0.0000000000
52012  47.438  -24.300  32.571 0.0000000000
49715  47.313  -25.960  33.482 0.0000000000
49714  47.642  -25.684  34.034 0.0000000000
50823  47.976  -25.072  34.427 0.0000000000
49708  48.065  -25.698  34.720 0.0000000000
49702  48.549  -25.681  35.272 0.0000000000
48595  48.674  -26.396  35.595 0.0000000000
46220  40.289  -28.940  31.714 0.0000000000
46206  40.967  -28.767  32.362 0.0000000000
46189  41.866  -28.840  33.020 0.0000000000
46169  41.609  -29.373  33.943 0.0000000000
47452  42.423  -28.471  32.840 0.0000000000
46188  42.783  -28.562  33.344 0.0000000000
46167  43.656  -28.636  33.932 0.0000000000
47433  44.356  -28.395  33.658 0.0000000000
46116  43.693  -29.415  35.758 0.0000000000
46166  44.792  -28.691  34.168 0.0000000000
46139  46.765  -28.657  34.766 0.0000000000
47402  48.657  -27.209  35.930 0.0000000000
47390  49.196  -27.240  36.458 0.0000000000
42179  32.611  -31.465  37.919 0.0000000000
44743  32.515  -30.409  38.111 0.0000000000
43477  32.221  -30.921  38.090 0.0000000000
42154  31.886  -31.892  38.725 0.0000000000
42155  31.593  -31.722  39.290 0.0000000000
43461  31.119  -31.337  39.704 0.0000000000
46083  31.146  -28.833  38.241 0.0000000000
46065  31.178  -29.444  38.644 0.0000000000
43479  31.010  -30.721  39.330 0.0000000000
43481  29.897  -31.243  39.227 0.0000000000
40931  28.843  -32.591  39.595 0.0000000000
40932  28.285  -33.332  39.879 0.0000000000
49753  30.485  -26.436  30.935 0.0000000000
48651  30.450  -27.247  31.619 0.0000000000
47475  30.228  -28.048  32.116 0.0000000000
44879  28.323  -30.026  31.263 0.0000000000
44855  29.084  -30.550  33.698 0.0000000000
39771  27.267  -34.316  39.011 0.0000000000
39752  26.743  -34.836  39.577 0.0000000000
39790  26.665  -34.188  37.829 0.0000000000
39772  26.682  -34.549  38.663 0.0000000000
39753  26.140  -34.851  39.009 0.0000000000
38586  25.548  -34.943  38.961 0.0000000000
38570  25.009  -35.213  39.323 0.0000000000
38571  24.549  -35.416  38.924 0.0000000000
41001  25.548  -33.412  35.200 0.0000000000
40988  24.941  -33.658  35.716 0.0000000000
39809  24.749  -34.067  36.403 0.0000000000
38604  24.576  -34.870  37.958 0.0000000000
38588  24.063  -35.366  38.455 0.0000000000
37307  24.038  -35.762  39.143 0.0000000000
37326  23.465  -35.695  38.749 0.0000000000
38590  22.228  -35.656  37.824 0.0000000000
35998  16.984  -36.428  39.356 0.0000000000
49809  41.451  -25.301  28.488 0.0000000000
50906  39.746  -24.834  27.922 0.0000000000
49791  39.999  -26.195  28.796 0.0000000000
48680  39.407  -27.409  29.757 0.0000000000
47506  38.518  -28.163  30.275 0.0000000000
49829  37.681  -25.398  27.392 0.0000000000
48711  37.667  -26.583  28.290 0.0000000000
46193  37.369  -29.658  32.874 0.0000000000
46210  36.957  -29.391  32.306 0.0000000000
44838  36.666  -29.616  34.867 0.0000000000
46147  36.285  -29.310  35.379 0.0000000000
47453  34.903  -28.578  32.931 0.0000000000
46196  35.153  -28.773  34.015 0.0000000000
46173  35.626  -28.937  34.517 0.0000000000
46119  36.478  -29.341  36.397 0.0000000000
46096  36.144  -29.034  36.966 0.0000000000
44769  34.938  -29.653  38.287 0.0000000000
39697  28.830  -34.349  42.848 0.0000000000
35966  20.401  -36.942  42.260 0.0000000000
35955  20.688  -37.074  43.145 0.0000000000
35950  21.050  -37.395  43.916 0.0000000000
92654  66.528  12.118  16.364 0.0000000000
90539  66.799  10.745  16.089 0.0000000000
87290  62.651  8.483  14.762 0.0000000000
87285  63.025  8.470  15.439 0.0000000000
87278  63.285  8.422  16.167 0.0000000000
86164  63.244  7.482  16.570 0.0000000000
87277  63.631  8.462  16.864 0.0000000000
87264  64.396  8.675  17.830 0.0000000000
87257  64.722  8.275  18.052 0.0000000000
87247  65.183  7.622  18.175 0.0000000000
83835  63.799  5.754  18.435 0.0000000000
84913  64.257  6.197  18.709 0.0000000000
84912  64.787  6.450  18.867 0.0000000000
86134  64.555  6.923  18.514 0.0000000000
86133  64.876  7.100  18.463 0.0000000000
87246  65.356  7.330  18.091 0.0000000000
87245  65.358  7.048  17.998 0.0000000000
81722  54.482  3.022  15.041 0.0000000000
81709  56.398  2.884  16.019 0.0000000000
80590  56.938  2.344  16.429 0.0000000000
79447  53.753  1.135  16.606 0.0000000000
79429  55.595  0.528  18.323 0.0000000000
80582  56.669  1.767  16.784 0.0000000000
80581  57.377  1.925  16.937 0.0000000000
80580  58.107  2.048  17.292 0.0000000000
80571  58.539  1.755  17.759 0.0000000000
80570  59.162  1.733  18.046 0.0000000000
80555  59.894  2.020  19.145 0.0000000000
79394  59.367  1.576  19.679 0.0000000000
80538  60.077  1.994  20.101 0.0000000000
80537  60.816  2.124  20.411 0.0000000000
80525  61.667  2.420  21.433 0.0000000000
74823  53.605  -2.718  21.021 0.0000000000
75900  54.703  -2.216  21.369 0.0000000000
75899  55.338  -2.024  21.755 0.0000000000
75892  55.780  -2.303  22.403 0.0000000000
76962  55.734  -1.742  21.869 0.0000000000
78168  57.234  -0.624  21.942 0.0000000000
75851  58.670  -2.246  25.780 0.0000000000
75869  58.541  -2.140  24.948 0.0000000000
76939  58.848  -1.576  23.963 0.0000000000
76920  59.749  -1.177  25.035 0.0000000000
76950  58.387  -0.941  23.396 0.0000000000
78153  58.308  -0.674  22.934 0.0000000000
78184  58.135  0.162  22.001 0.0000000000
79367  58.571  0.398  22.048 0.0000000000
79366  59.289  0.726  22.286 0.0000000000
79364  61.139  1.812  22.301 0.0000000000
80511  61.677  2.240  22.380 0.0000000000
70354  45.788  -7.658  23.480 0.0000000000
68001  44.442  -8.509  26.893 0.0000000000
69123  45.149  -8.317  26.788 0.0000000000
69122  46.069  -8.053  27.006 0.0000000000
69096  46.585  -8.466  28.571 0.0000000000
69134  46.790  -7.933  26.307 0.0000000000
70313  47.434  -7.506  26.137 0.0000000000
70324  47.715  -7.081  25.739 0.0000000000
70311  48.575  -6.729  26.897 0.0000000000
71389  49.160  -6.723  27.666 0.0000000000
70274  49.317  -7.397  29.222 0.0000000000
70288  49.872  -6.844  28.802 0.0000000000
70287  50.559  -6.759  29.246 0.0000000000
71362  51.405  -6.758  30.339 0.0000000000
71348  51.823  -6.675  30.841 0.0000000000
54432  48.762  -21.675  31.899 0.0000000000
56699  47.585  -19.337  33.233 0.0000000000
60783  46.422  -15.414  33.003 0.0000000000
61777  46.380  -15.095  32.659 0.0000000000
61786  46.902  -14.491  32.278 0.0000000000
62735  47.786  -13.594  32.059 0.0000000000
50796  48.888  -24.458  37.132 0.0000000000
53195  49.290  -22.737  37.100 0.0000000000
53185  49.281  -22.582  38.012 0.0000000000
55546  49.544  -21.069  37.021 0.0000000000
55516  49.054  -20.583  39.215 0.0000000000
58652  48.772  -18.064  39.001 0.0000000000
57606  48.762  -18.822  38.937 0.0000000000
56617  49.110  -19.688  38.630 0.0000000000
57629  49.134  -18.889  36.822 0.0000000000
60759  48.100  -16.307  35.659 0.0000000000
60768  48.190  -15.876  35.003 0.0000000000
61751  48.760  -15.250  34.870 0.0000000000
61774  48.769  -14.415  33.795 0.0000000000
63713  47.758  -12.573  31.583 0.0000000000
63702  48.402  -12.416  32.337 0.0000000000
63693  48.749  -11.959  32.748 0.0000000000
64745  48.581  -11.331  32.745 0.0000000000
64731  49.163  -11.468  33.562 0.0000000000
64732  48.829  -10.900  33.253 0.0000000000
65800  48.497  -10.454  33.121 0.0000000000
67936  48.459  -9.213  33.302 0.0000000000
63654  49.980  -12.518  38.195 0.0000000000
64696  49.971  -11.226  36.501 0.0000000000
65768  50.096  -10.607  36.034 0.0000000000
66865  50.180  -9.871  34.542 0.0000000000
67935  49.083  -8.887  33.475 0.0000000000
69060  49.907  -8.059  33.096 0.0000000000
70240  50.437  -7.698  32.703 0.0000000000
70227  51.017  -7.565  33.473 0.0000000000
97047  62.156  17.151  8.728 0.0000000000
93850  63.434  14.933  7.619 0.0000000000
93839  64.472  14.607  8.640 0.0000000000
94949  64.867  14.775  9.149 0.0000000000
94933  65.681  14.692  10.006 0.0000000000
94932  66.461  14.757  10.203 0.0000000000
91620  63.839  11.946  10.510 0.0000000000
92698  64.766  12.894  12.338 0.0000000000
92705  64.858  12.977  11.474 0.0000000000
93806  65.191  13.413  10.813 0.0000000000
94920  65.928  14.340  11.134 0.0000000000
94919  66.696  14.579  10.807 0.0000000000
94918  67.559  14.699  11.070 0.0000000000
93792  68.026  14.058  13.463 0.0000000000
93791  67.843  13.554  13.118 0.0000000000
34570  19.183  -37.532  45.462 0.0000000000
35925  19.220  -37.298  46.176 0.0000000000
35926  18.877  -37.394  46.042 0.0000000000
35932  19.068  -37.299  45.874 0.0000000000
37235  22.737  -37.012  43.977 0.0000000000
37245  27.253  -35.699  42.564 0.0000000000
37251  21.953  -36.801  43.421 0.0000000000
37263  26.388  -35.428  41.903 0.0000000000
37282  25.567  -35.642  40.925 0.0000000000
37306  24.591  -35.587  39.255 0.0000000000
38526  27.595  -34.704  42.264 0.0000000000
38553  26.464  -34.962  40.410 0.0000000000
38554  25.848  -35.096  40.275 0.0000000000
39688  29.141  -34.860  42.993 0.0000000000
39698  28.302  -34.629  42.659 0.0000000000
40883  29.267  -33.852  42.864 0.0000000000
40894  28.455  -33.638  42.316 0.0000000000
42117  29.915  -32.389  42.181 0.0000000000
42128  29.951  -31.963  41.547 0.0000000000
43460  31.303  -31.453  39.578 0.0000000000
43476  32.602  -30.636  38.070 0.0000000000
44849  40.175  -29.802  34.294 0.0000000000
44850  39.590  -29.851  34.116 0.0000000000
44876  38.560  -29.735  32.847 0.0000000000
44877  38.308  -29.775  33.028 0.0000000000
44878  29.237  -29.587  31.433 0.0000000000
46095  45.256  -29.736  36.800 0.0000000000
46118  42.146  -29.673  35.334 0.0000000000
46144  41.394  -29.612  34.665 0.0000000000
46205  41.572  -28.612  32.412 0.0000000000
46225  35.694  -28.835  31.783 0.0000000000
47394  30.861  -28.154  36.596 0.0000000000
47429  47.399  -27.073  34.233 0.0000000000
47447  46.616  -26.847  33.111 0.0000000000
47526  35.312  -27.539  29.629 0.0000000000
48615  32.646  -28.491  34.253 0.0000000000
48641  45.983  -26.192  32.219 0.0000000000
48662  42.149  -26.907  30.507 0.0000000000
48667  30.267  -26.868  30.887 0.0000000000
48692  41.331  -26.373  29.473 0.0000000000
49689  49.472  -25.153  37.862 0.0000000000
49731  45.783  -25.620  31.807 0.0000000000
49769  42.323  -26.216  29.924 0.0000000000
49774  30.307  -26.265  30.426 0.0000000000
49795  33.751  -25.550  29.469 0.0000000000
49827  38.917  -25.153  27.792 0.0000000000
50891  32.744  -24.525  29.714 0.0000000000
52029  47.922  -23.282  31.679 0.0000000000
53227  49.606  -21.774  33.658 0.0000000000
53273  48.437  -22.312  31.304 0.0000000000
54342  49.475  -21.368  39.171 0.0000000000
54420  49.326  -21.225  32.841 0.0000000000
54444  48.488  -22.022  31.288 0.0000000000
55532  49.437  -21.076  37.760 0.0000000000
55533  49.342  -20.553  38.318 0.0000000000
55603  49.708  -20.896  33.528 0.0000000000
57605  48.538  -18.369  39.478 0.0000000000
59707  47.500  -17.252  34.466 0.0000000000
59713  47.725  -16.375  34.556 0.0000000000
60767  48.782  -15.503  35.302 0.0000000000
62708  49.694  -13.694  34.727 0.0000000000
62734  48.514  -13.144  32.442 0.0000000000
64706  49.954  -11.921  36.482 0.0000000000
65820  46.817  -10.780  31.308 0.0000000000
65821  46.373  -10.853  30.900 0.0000000000
65826  45.869  -10.879  30.550 0.0000000000
66934  43.398  -10.029  28.495 0.0000000000
67901  49.737  -9.213  36.162 0.0000000000
67944  48.625  -8.792  32.882 0.0000000000
67967  47.338  -8.450  30.272 0.0000000000
69026  49.955  -8.217  35.378 0.0000000000
69093  48.729  -7.707  29.808 0.0000000000
69111  46.229  -8.340  27.883 0.0000000000
69164  45.006  -7.867  23.581 0.0000000000
70228  50.376  -7.860  33.266 0.0000000000
70250  51.897  -6.831  31.248 0.0000000000
70262  50.992  -7.177  30.489 0.0000000000
70301  48.211  -7.016  27.251 0.0000000000
70325  47.154  -7.647  25.453 0.0000000000
71397  49.117  -6.480  27.128 0.0000000000
71404  49.365  -5.578  26.415 0.0000000000
72465  52.800  -4.644  30.354 0.0000000000
72488  51.594  -5.167  28.666 0.0000000000
72489  51.146  -5.394  28.648 0.0000000000
72497  50.657  -5.118  27.910 0.0000000000
72520  53.734  -4.532  24.072 0.0000000000
72521  53.494  -4.569  24.048 0.0000000000
72539  53.674  -4.511  23.854 0.0000000000
72540  53.392  -4.548  23.768 0.0000000000
72544  48.643  -5.776  22.629 0.0000000000
72578  51.395  -4.648  22.305 0.0000000000
73602  52.719  -4.009  29.782 0.0000000000
73647  56.209  -3.430  24.943 0.0000000000
73729  48.756  -4.793  19.623 0.0000000000
73749  47.793  -4.477  18.826 0.0000000000
74738  55.470  -3.350  27.909 0.0000000000
74774  56.205  -3.171  24.609 0.0000000000
74800  56.254  -2.566  23.627 0.0000000000
74802  55.315  -3.148  22.896 0.0000000000
74807  55.002  -2.916  22.462 0.0000000000
74808  54.289  -3.041  22.234 0.0000000000
74809  53.666  -3.249  22.073 0.0000000000
75884  57.533  -1.941  23.807 0.0000000000
75886  56.251  -2.378  23.084 0.0000000000
75901  54.022  -2.334  21.067 0.0000000000
75908  54.301  -2.012  20.778 0.0000000000
76994  55.262  -0.452  19.433 0.0000000000
76997  52.742  -1.551  18.840 0.0000000000
78165  59.184  0.186  22.973 0.0000000000
78226  55.435  0.071  18.865 0.0000000000
78228  54.057  -0.062  18.247 0.0000000000
78247  53.511  0.407  16.973 0.0000000000
79397  56.703  0.167  19.915 0.0000000000
80556  59.424  1.746  18.676 0.0000000000
81710  55.885  2.673  15.880 0.0000000000
82732  63.869  3.959  21.969 0.0000000000
83833  65.573  6.293  17.213 0.0000000000
84910  65.751  6.020  19.081 0.0000000000
86124  65.604  6.213  18.973 0.0000000000
86125  65.395  6.321  18.987 0.0000000000
86130  65.373  6.709  18.117 0.0000000000
86132  65.139  6.769  18.604 0.0000000000
86172  62.501  7.244  15.059 0.0000000000
88388  63.898  9.293  17.176 0.0000000000
88444  58.392  9.963  12.921 0.0000000000
89478  65.968  9.674  17.217 0.0000000000
89479  65.684  9.684  17.492 0.0000000000
90525  65.516  10.592  17.378 0.0000000000
90534  64.690  11.296  16.890 0.0000000000
90541  63.633  11.538  16.172 0.0000000000
90578  63.153  11.575  11.706 0.0000000000
90592  63.537  11.775  11.850 0.0000000000
90593  63.369  11.681  11.650 0.0000000000
91548  66.543  10.833  16.334 0.0000000000
91550  65.966  11.615  16.608 0.0000000000
91557  66.976  11.354  16.128 0.0000000000
91558  67.024  11.829  16.184 0.0000000000
91559  64.964  12.410  16.598 0.0000000000
91589  64.341  12.542  13.071 0.0000000000
91611  61.296  11.887  10.380 0.0000000000
92653  66.831  11.986  16.302 0.0000000000
92655  66.012  12.319  16.426 0.0000000000
92665  64.648  13.300  15.999 0.0000000000
92680  64.617  13.160  14.046 0.0000000000
92681  64.214  12.696  13.754 0.0000000000
92691  64.304  12.636  13.433 0.0000000000
92697  65.140  13.306  12.637 0.0000000000
93768  66.812  12.945  15.622 0.0000000000
93770  65.937  13.352  15.492 0.0000000000
93796  65.126  13.346  13.282 0.0000000000
93801  65.546  13.662  12.268 0.0000000000
93810  68.820  14.354  10.256 0.0000000000
93849  63.733  14.990  7.798 0.0000000000
94900  67.629  14.125  12.791 0.0000000000
94907  67.938  14.362  11.421 0.0000000000
94910  66.310  14.436  11.646 0.0000000000
94931  68.662  15.355  10.479 0.0000000000
94947  68.183  14.987  9.436 0.0000000000
94958  67.557  14.627  9.180 0.0000000000
94970  67.063  14.583  8.530 0.0000000000
94972  63.904  15.375  7.419 0.0000000000
95933  67.491  15.011  10.557 0.0000000000
95946  68.673  15.688  10.049 0.0000000000
95962  66.823  14.887  9.298 0.0000000000
95998  66.849  14.737  8.009 0.0000000000
97082  66.535  16.446  6.431 0.0000000000
