#!ascii label  , from subject 3225 vox2ras=TkReg
1091
57667  28.625  -17.471  34.648 0.0000000000
51881  40.386  -22.287  43.642 0.0000000000
79402  46.774  2.998  20.866 0.0000000000
66896  39.403  -9.125  32.275 0.0000000000
59674  42.778  -16.178  39.136 0.0000000000
93781  57.489  14.836  16.228 0.0000000000
78118  46.157  2.541  25.784 0.0000000000
74788  41.071  -0.932  25.446 0.0000000000
50831  26.216  -23.503  33.083 0.0000000000
54364  34.757  -19.967  39.271 0.0000000000
53199  38.612  -20.529  37.262 0.0000000000
57692  32.350  -16.252  32.127 0.0000000000
87273  52.499  8.483  17.527 0.0000000000
56591  30.670  -18.058  41.457 0.0000000000
53191  28.075  -22.134  38.600 0.0000000000
81679  51.928  4.706  20.389 0.0000000000
47411  25.485  -26.425  37.009 0.0000000000
43542  20.872  -29.294  36.788 0.0000000000
72452  41.403  -2.723  31.617 0.0000000000
64721  43.064  -11.393  35.544 0.0000000000
56673  42.020  -19.658  35.337 0.0000000000
51987  41.613  -22.306  35.494 0.0000000000
76901  45.661  1.194  28.258 0.0000000000
76924  43.461  0.802  25.449 0.0000000000
75838  43.217  0.178  28.050 0.0000000000
79295  49.504  3.576  27.639 0.0000000000
55634  28.211  -19.526  31.997 0.0000000000
52060  26.763  -22.847  30.852 0.0000000000
54426  27.001  -21.206  33.743 0.0000000000
56650  32.146  -17.529  37.949 0.0000000000
56676  34.093  -17.513  35.610 0.0000000000
57665  30.724  -16.643  34.108 0.0000000000
56731  29.488  -18.052  29.786 0.0000000000
80573  47.184  4.000  19.024 0.0000000000
78187  49.509  2.860  22.766 0.0000000000
80559  49.603  4.227  20.702 0.0000000000
82784  49.655  5.441  19.616 0.0000000000
50763  28.383  -24.034  40.108 0.0000000000
49696  27.394  -24.990  37.549 0.0000000000
47381  27.602  -26.491  38.777 0.0000000000
40916  22.472  -30.238  40.719 0.0000000000
43514  23.504  -30.075  38.554 0.0000000000
42163  20.971  -31.175  39.649 0.0000000000
39756  18.510  -33.039  39.737 0.0000000000
38544  18.497  -33.320  42.127 0.0000000000
66850  43.571  -9.704  37.806 0.0000000000
61742  42.866  -13.414  37.767 0.0000000000
60761  41.070  -15.490  36.532 0.0000000000
57630  42.220  -18.246  37.735 0.0000000000
55622  37.526  -19.008  33.229 0.0000000000
52003  40.027  -21.371  35.681 0.0000000000
54451  39.511  -20.612  32.283 0.0000000000
53279  40.986  -21.922  31.848 0.0000000000
70253  39.628  -5.766  32.082 0.0000000000
71390  38.736  -5.184  28.462 0.0000000000
69098  38.353  -7.513  30.065 0.0000000000
97007  60.631  18.479  14.139 0.0000000000
95920  58.304  16.849  13.765 0.0000000000
78174  46.038  2.535  22.670 0.0000000000
76954  42.901  1.612  23.267 0.0000000000
78140  49.738  2.608  24.875 0.0000000000
53142  37.139  -20.659  41.359 0.0000000000
51945  39.290  -21.814  40.078 0.0000000000
54374  36.169  -20.060  38.224 0.0000000000
56689  36.032  -18.131  34.803 0.0000000000
57710  34.694  -17.100  30.211 0.0000000000
84941  54.847  7.076  18.088 0.0000000000
88406  55.447  9.887  17.183 0.0000000000
90558  55.985  12.246  15.953 0.0000000000
91584  55.697  13.441  14.691 0.0000000000
57632  30.256  -17.386  38.169 0.0000000000
56664  27.806  -19.171  37.103 0.0000000000
56622  28.628  -19.227  39.969 0.0000000000
55505  33.220  -19.177  40.808 0.0000000000
84932  52.521  6.487  18.881 0.0000000000
51992  27.691  -23.072  35.438 0.0000000000
48620  25.964  -25.045  35.236 0.0000000000
47442  23.705  -26.710  34.511 0.0000000000
44777  25.284  -28.450  38.917 0.0000000000
46129  23.504  -28.245  36.236 0.0000000000
37238  15.752  -34.245  43.923 0.0000000000
74732  42.883  -1.132  30.478 0.0000000000
69053  40.092  -7.740  34.243 0.0000000000
67918  41.863  -8.875  36.268 0.0000000000
65802  41.858  -10.793  34.171 0.0000000000
62711  41.160  -13.125  34.261 0.0000000000
58688  40.497  -17.178  35.011 0.0000000000
55607  42.816  -20.112  33.726 0.0000000000
50775  41.259  -23.724  39.379 0.0000000000
51942  43.468  -22.598  39.095 0.0000000000
55534  43.118  -20.252  38.309 0.0000000000
54382  42.797  -21.064  36.207 0.0000000000
53260  42.514  -21.317  32.429 0.0000000000
73627  40.954  -1.683  28.088 0.0000000000
72515  38.934  -3.755  25.604 0.0000000000
76890  46.692  0.959  29.562 0.0000000000
76902  45.063  0.670  27.915 0.0000000000
75827  45.164  0.338  29.492 0.0000000000
78083  47.493  1.933  29.083 0.0000000000
56718  28.405  -18.431  32.683 0.0000000000
54438  27.662  -20.397  32.420 0.0000000000
55611  27.621  -19.480  34.141 0.0000000000
57652  29.596  -17.012  35.489 0.0000000000
57651  30.629  -16.624  35.148 0.0000000000
57666  29.589  -16.749  34.355 0.0000000000
57695  29.071  -17.492  32.377 0.0000000000
80562  46.847  3.544  19.496 0.0000000000
79388  47.540  3.146  21.672 0.0000000000
79400  49.320  3.503  21.547 0.0000000000
79401  48.089  3.583  21.119 0.0000000000
80572  47.936  4.244  19.731 0.0000000000
40917  21.466  -30.846  41.134 0.0000000000
42162  21.961  -30.460  39.741 0.0000000000
40937  20.443  -32.159  40.005 0.0000000000
40956  19.877  -31.770  39.467 0.0000000000
39754  19.930  -32.417  40.667 0.0000000000
39738  18.593  -33.286  40.636 0.0000000000
63664  44.549  -12.379  38.054 0.0000000000
61734  42.901  -13.804  38.587 0.0000000000
60751  41.905  -15.013  38.194 0.0000000000
59675  43.025  -16.744  38.543 0.0000000000
51880  41.337  -22.690  43.833 0.0000000000
56729  37.184  -18.282  30.884 0.0000000000
54453  38.313  -19.617  32.859 0.0000000000
55632  38.716  -19.715  31.730 0.0000000000
55643  38.916  -19.591  30.859 0.0000000000
69064  39.273  -7.388  32.603 0.0000000000
69097  38.568  -6.979  30.728 0.0000000000
92676  57.851  13.828  16.297 0.0000000000
94893  58.076  15.234  17.050 0.0000000000
94890  58.277  16.111  16.718 0.0000000000
96995  58.994  17.842  15.320 0.0000000000
95917  58.184  16.612  14.818 0.0000000000
78143  46.304  2.585  24.522 0.0000000000
78161  45.162  2.047  23.338 0.0000000000
78144  45.400  2.012  24.375 0.0000000000
75872  41.972  -0.057  25.192 0.0000000000
76943  41.706  0.324  24.476 0.0000000000
75874  40.712  -1.073  24.059 0.0000000000
78098  48.053  3.184  26.692 0.0000000000
78117  47.660  3.377  25.832 0.0000000000
78158  48.317  3.096  23.854 0.0000000000
52047  26.903  -23.095  31.641 0.0000000000
48652  25.539  -24.910  33.094 0.0000000000
53162  36.044  -20.900  40.667 0.0000000000
53161  36.705  -21.068  40.347 0.0000000000
54363  35.584  -20.209  38.916 0.0000000000
57663  32.888  -16.589  33.846 0.0000000000
56675  35.362  -17.882  35.754 0.0000000000
57676  34.329  -16.803  32.842 0.0000000000
56717  35.207  -17.130  32.522 0.0000000000
57701  34.112  -16.118  31.158 0.0000000000
58726  32.015  -16.010  29.621 0.0000000000
61789  40.354  -13.900  32.755 0.0000000000
86157  54.193  7.767  17.779 0.0000000000
87270  55.539  8.585  17.491 0.0000000000
88395  53.883  9.476  17.257 0.0000000000
90560  53.788  11.274  15.914 0.0000000000
90559  54.709  12.046  15.562 0.0000000000
91577  55.526  12.760  15.298 0.0000000000
57609  30.410  -18.001  40.252 0.0000000000
56621  28.979  -18.655  39.489 0.0000000000
57598  29.849  -18.119  40.650 0.0000000000
56607  31.966  -17.959  40.764 0.0000000000
56636  31.291  -17.753  39.101 0.0000000000
83841  53.193  5.923  19.270 0.0000000000
83842  52.103  5.965  19.493 0.0000000000
83854  49.171  6.345  17.787 0.0000000000
55556  27.946  -20.602  37.872 0.0000000000
54385  28.264  -21.150  36.519 0.0000000000
53210  28.161  -22.101  36.814 0.0000000000
47409  26.985  -25.921  37.041 0.0000000000
48607  27.331  -25.412  36.240 0.0000000000
47423  25.699  -25.588  35.950 0.0000000000
47440  25.085  -25.759  34.692 0.0000000000
47425  24.620  -26.636  35.931 0.0000000000
43511  25.290  -29.142  39.730 0.0000000000
43528  22.056  -29.912  37.612 0.0000000000
44800  23.580  -29.036  37.579 0.0000000000
44822  22.408  -28.722  36.771 0.0000000000
46155  22.758  -27.880  35.560 0.0000000000
71329  40.752  -5.590  34.053 0.0000000000
65779  43.388  -10.863  36.711 0.0000000000
67903  42.538  -8.894  37.266 0.0000000000
66866  42.004  -9.996  36.115 0.0000000000
66877  41.412  -10.009  35.327 0.0000000000
65801  42.603  -10.953  34.547 0.0000000000
63694  42.579  -12.195  33.600 0.0000000000
63683  43.084  -12.123  35.024 0.0000000000
58680  41.250  -17.497  36.689 0.0000000000
59708  40.492  -16.404  35.548 0.0000000000
57649  41.075  -18.452  35.402 0.0000000000
56688  42.249  -19.515  34.150 0.0000000000
55596  42.601  -19.893  34.536 0.0000000000
53188  38.875  -21.036  38.879 0.0000000000
50761  40.187  -22.941  39.549 0.0000000000
51958  40.137  -22.087  38.572 0.0000000000
52001  40.733  -22.018  35.109 0.0000000000
50808  41.682  -23.113  37.243 0.0000000000
51964  42.895  -23.085  36.799 0.0000000000
53186  43.568  -21.928  38.522 0.0000000000
53196  43.362  -21.801  37.561 0.0000000000
54371  42.942  -21.108  37.068 0.0000000000
51986  41.796  -21.787  35.178 0.0000000000
54467  40.776  -21.156  30.578 0.0000000000
53261  41.850  -21.566  32.449 0.0000000000
73604  42.269  -1.505  30.746 0.0000000000
73614  42.195  -1.518  30.123 0.0000000000
73606  40.488  -2.187  29.917 0.0000000000
71391  38.601  -6.066  27.954 0.0000000000
71398  38.706  -4.773  27.155 0.0000000000
97014  61.289  18.643  13.396 0.0000000000
78100  45.950  2.035  27.083 0.0000000000
76923  44.870  1.524  25.580 0.0000000000
76911  44.740  0.880  26.967 0.0000000000
75853  43.399  0.260  26.442 0.0000000000
75847  42.030  -0.415  26.526 0.0000000000
80457  49.115  2.879  28.868 0.0000000000
78087  47.699  2.761  27.729 0.0000000000
54472  27.641  -21.493  30.876 0.0000000000
54455  27.860  -21.407  32.037 0.0000000000
53267  27.298  -22.014  32.898 0.0000000000
55554  33.673  -18.163  38.186 0.0000000000
55553  34.373  -19.088  37.853 0.0000000000
56649  33.167  -17.572  37.370 0.0000000000
56692  32.561  -16.615  34.614 0.0000000000
57678  32.018  -16.307  33.039 0.0000000000
57703  31.373  -16.269  30.806 0.0000000000
57694  29.979  -16.829  32.200 0.0000000000
56732  29.098  -18.461  30.156 0.0000000000
87280  51.108  8.739  16.848 0.0000000000
56576  30.338  -18.001  42.435 0.0000000000
79385  51.141  3.697  22.191 0.0000000000
80543  50.728  3.764  21.112 0.0000000000
81680  51.166  4.151  19.969 0.0000000000
82776  50.563  4.937  19.852 0.0000000000
81690  49.619  4.884  20.020 0.0000000000
81692  47.951  4.747  19.260 0.0000000000
51930  28.446  -22.877  39.748 0.0000000000
50801  27.935  -23.630  37.796 0.0000000000
50779  28.183  -24.315  38.970 0.0000000000
48590  27.346  -25.711  38.101 0.0000000000
47396  26.644  -26.357  38.349 0.0000000000
42182  24.491  -29.673  39.609 0.0000000000
42161  23.058  -30.000  39.735 0.0000000000
42185  21.550  -30.718  39.003 0.0000000000
42199  21.115  -30.410  38.221 0.0000000000
42187  18.898  -30.773  38.428 0.0000000000
64708  43.890  -11.288  37.046 0.0000000000
62700  42.725  -12.520  36.593 0.0000000000
61753  42.043  -13.627  36.357 0.0000000000
61743  42.248  -14.034  37.377 0.0000000000
59693  41.483  -16.170  37.534 0.0000000000
58679  41.717  -17.779  37.237 0.0000000000
54409  37.846  -20.026  35.527 0.0000000000
53218  39.591  -20.945  35.979 0.0000000000
54423  38.767  -20.202  34.164 0.0000000000
53248  39.768  -21.293  34.062 0.0000000000
53247  40.073  -21.621  33.864 0.0000000000
52015  41.090  -22.123  33.926 0.0000000000
54450  39.928  -20.565  31.995 0.0000000000
55641  40.011  -20.636  30.282 0.0000000000
72453  40.409  -3.690  32.002 0.0000000000
72483  39.988  -3.251  30.352 0.0000000000
71364  39.159  -5.613  30.986 0.0000000000
70276  38.457  -6.750  29.421 0.0000000000
96993  60.316  18.740  16.515 0.0000000000
97001  59.784  18.278  14.839 0.0000000000
78190  46.895  2.734  22.044 0.0000000000
78203  45.763  2.595  20.860 0.0000000000
78192  44.943  2.384  21.353 0.0000000000
76942  42.591  1.192  24.488 0.0000000000
76955  41.703  0.943  23.508 0.0000000000
79294  50.413  3.849  27.219 0.0000000000
78096  50.849  3.263  25.841 0.0000000000
78139  50.664  2.773  24.792 0.0000000000
78171  49.026  2.862  23.166 0.0000000000
78172  48.110  3.189  23.035 0.0000000000
51898  38.907  -20.938  42.244 0.0000000000
51896  40.173  -22.679  42.674 0.0000000000
53140  38.746  -21.102  41.134 0.0000000000
53175  37.821  -21.046  39.527 0.0000000000
54372  37.711  -20.418  37.549 0.0000000000
55569  34.796  -18.845  37.038 0.0000000000
55584  35.917  -18.452  36.210 0.0000000000
55582  37.111  -19.800  36.009 0.0000000000
55610  36.833  -18.489  34.083 0.0000000000
56723  36.344  -17.775  31.332 0.0000000000
56730  36.372  -17.901  30.258 0.0000000000
88404  57.023  10.329  17.104 0.0000000000
89506  54.200  10.377  16.935 0.0000000000
89505  55.313  10.606  16.964 0.0000000000
90546  56.639  11.639  16.438 0.0000000000
90557  56.899  12.462  16.284 0.0000000000
91582  56.855  13.654  16.088 0.0000000000
92683  56.806  14.239  15.143 0.0000000000
93789  57.157  14.954  14.172 0.0000000000
57653  28.604  -17.661  35.832 0.0000000000
56679  27.896  -18.742  36.075 0.0000000000
56652  27.996  -18.469  37.930 0.0000000000
56653  27.886  -19.278  38.402 0.0000000000
55521  28.166  -20.520  39.176 0.0000000000
56593  28.567  -19.093  41.695 0.0000000000
54334  28.326  -21.344  40.109 0.0000000000
53146  28.064  -22.144  41.329 0.0000000000
51864  39.688  -21.465  44.366 0.0000000000
51884  37.939  -20.736  43.010 0.0000000000
53126  36.598  -20.386  42.286 0.0000000000
54331  34.647  -20.459  40.675 0.0000000000
54314  34.058  -20.299  41.363 0.0000000000
55518  34.103  -19.198  39.898 0.0000000000
55555  33.139  -17.697  38.753 0.0000000000
56651  31.486  -17.612  38.501 0.0000000000
84930  54.512  6.647  18.786 0.0000000000
84942  53.833  7.125  18.281 0.0000000000
86159  52.044  7.671  17.716 0.0000000000
83843  51.075  6.387  18.965 0.0000000000
83852  50.868  6.563  18.126 0.0000000000
86160  51.147  7.435  17.497 0.0000000000
55599  27.813  -19.771  35.230 0.0000000000
54411  27.509  -21.535  34.703 0.0000000000
52004  26.965  -22.830  34.717 0.0000000000
51969  27.938  -23.569  36.640 0.0000000000
50819  27.210  -23.768  35.185 0.0000000000
49717  25.782  -24.401  34.449 0.0000000000
48635  25.248  -25.366  33.616 0.0000000000
47460  23.693  -26.559  33.477 0.0000000000
46086  26.358  -27.074  39.161 0.0000000000
46105  25.685  -26.917  37.990 0.0000000000
44799  24.343  -28.678  37.982 0.0000000000
46127  24.987  -27.102  37.071 0.0000000000
46154  23.634  -27.596  35.601 0.0000000000
37253  16.998  -33.803  43.189 0.0000000000
74730  45.194  -0.080  30.832 0.0000000000
72441  41.344  -3.343  32.421 0.0000000000
72442  40.627  -4.186  32.856 0.0000000000
70241  39.795  -6.326  32.605 0.0000000000
69063  39.735  -7.500  33.290 0.0000000000
69041  40.764  -8.055  35.336 0.0000000000
67938  40.367  -8.932  34.334 0.0000000000
66885  40.230  -9.931  33.674 0.0000000000
65813  41.378  -11.170  33.305 0.0000000000
62724  41.152  -12.882  33.412 0.0000000000
61778  40.432  -13.566  33.954 0.0000000000
61754  41.420  -13.998  35.745 0.0000000000
60771  40.293  -15.840  35.147 0.0000000000
59709  40.173  -16.524  34.679 0.0000000000
57661  41.064  -18.826  34.211 0.0000000000
56702  42.565  -19.246  33.160 0.0000000000
59664  43.054  -16.260  40.316 0.0000000000
51909  40.964  -23.193  41.911 0.0000000000
50758  41.934  -23.489  40.811 0.0000000000
51925  43.070  -23.174  40.687 0.0000000000
50800  40.502  -22.263  37.203 0.0000000000
50786  42.639  -23.517  39.307 0.0000000000
53158  44.039  -22.020  40.701 0.0000000000
55503  43.944  -20.094  39.817 0.0000000000
56618  43.486  -19.259  39.485 0.0000000000
57608  43.064  -17.928  39.262 0.0000000000
56634  42.644  -18.807  38.034 0.0000000000
55549  42.218  -20.049  36.972 0.0000000000
55580  42.548  -20.564  35.860 0.0000000000
51998  41.679  -21.433  34.147 0.0000000000
53229  42.325  -21.120  34.954 0.0000000000
55595  42.590  -20.404  34.910 0.0000000000
54422  42.969  -20.403  33.104 0.0000000000
74742  43.460  -0.346  29.075 0.0000000000
74757  41.865  -1.040  28.729 0.0000000000
73641  40.961  -1.549  27.259 0.0000000000
72499  39.956  -3.164  28.496 0.0000000000
72507  39.887  -3.212  27.553 0.0000000000
73655  40.164  -2.393  25.166 0.0000000000
94898  57.471  15.456  13.495 0.0000000000
75825  46.751  0.271  30.146 0.0000000000
76891  45.803  0.798  29.147 0.0000000000
75826  46.069  0.385  29.928 0.0000000000
76889  47.502  1.009  29.870 0.0000000000
56705  28.037  -18.359  33.781 0.0000000000
56693  27.940  -18.497  34.947 0.0000000000
57681  28.767  -17.382  33.474 0.0000000000
79417  47.176  3.479  20.280 0.0000000000
79418  46.047  3.044  19.568 0.0000000000
79403  45.986  2.799  20.311 0.0000000000
39735  20.718  -31.481  41.652 0.0000000000
40918  20.725  -31.682  40.827 0.0000000000
40919  20.318  -32.147  40.711 0.0000000000
39736  19.980  -32.057  41.336 0.0000000000
39737  19.396  -32.801  41.079 0.0000000000
61724  43.237  -14.128  39.451 0.0000000000
62670  44.037  -13.817  38.667 0.0000000000
60742  42.511  -14.943  38.912 0.0000000000
59685  42.720  -15.711  38.563 0.0000000000
51862  41.544  -22.191  44.399 0.0000000000
55633  37.898  -19.166  31.832 0.0000000000
55644  37.976  -18.788  30.299 0.0000000000
67948  39.449  -8.501  32.779 0.0000000000
67960  38.821  -8.360  31.957 0.0000000000
93780  57.968  14.518  16.756 0.0000000000
94894  57.823  15.469  16.514 0.0000000000
94891  58.077  16.224  16.116 0.0000000000
94895  57.746  15.827  15.589 0.0000000000
78119  45.614  2.239  25.055 0.0000000000
75855  41.728  -0.464  25.674 0.0000000000
75873  41.257  -0.553  24.705 0.0000000000
74789  40.588  -1.510  24.700 0.0000000000
74803  40.333  -1.763  23.630 0.0000000000
78142  47.328  3.152  24.717 0.0000000000
50841  26.542  -23.442  32.039 0.0000000000
50858  26.302  -23.898  31.299 0.0000000000
50842  26.029  -23.803  32.182 0.0000000000
49736  25.825  -24.567  32.111 0.0000000000
50832  25.832  -24.001  32.649 0.0000000000
54346  35.109  -20.521  39.850 0.0000000000
54345  36.038  -20.804  39.704 0.0000000000
57677  33.206  -16.566  32.988 0.0000000000
57662  33.954  -17.133  33.691 0.0000000000
57691  33.638  -16.198  32.177 0.0000000000
58717  33.484  -15.891  30.676 0.0000000000
57702  32.905  -15.963  31.315 0.0000000000
87272  53.535  8.536  17.566 0.0000000000
88396  52.875  9.088  17.199 0.0000000000
90565  54.075  12.192  14.352 0.0000000000
56608  31.060  -18.069  40.782 0.0000000000
57584  30.423  -18.049  41.153 0.0000000000
56590  31.698  -18.401  41.417 0.0000000000
56620  31.201  -17.906  39.999 0.0000000000
82774  52.436  5.138  20.149 0.0000000000
83829  52.868  5.465  19.783 0.0000000000
83830  52.256  5.398  19.810 0.0000000000
54366  28.000  -21.366  38.204 0.0000000000
54375  28.085  -21.305  37.369 0.0000000000
53200  27.865  -22.149  37.693 0.0000000000
47410  26.265  -26.075  37.072 0.0000000000
48598  27.030  -25.805  36.678 0.0000000000
47424  25.071  -26.248  36.267 0.0000000000
42158  25.289  -29.589  40.105 0.0000000000
43541  21.444  -29.349  37.129 0.0000000000
44802  22.026  -29.100  37.177 0.0000000000
44823  21.500  -28.766  36.420 0.0000000000
64720  43.454  -11.375  36.270 0.0000000000
65780  42.911  -10.680  36.200 0.0000000000
65790  42.563  -10.806  35.331 0.0000000000
64733  43.038  -11.410  34.703 0.0000000000
57638  41.461  -18.821  36.473 0.0000000000
57639  41.196  -18.062  36.098 0.0000000000
53198  39.194  -20.849  37.822 0.0000000000
51967  39.657  -21.495  38.220 0.0000000000
51988  41.157  -22.453  35.781 0.0000000000
51975  41.852  -23.014  36.378 0.0000000000
53197  43.267  -22.524  37.227 0.0000000000
51974  42.416  -22.589  35.784 0.0000000000
53207  43.101  -22.352  36.170 0.0000000000
73591  41.660  -1.854  31.155 0.0000000000
73605  41.364  -1.848  30.460 0.0000000000
72467  40.936  -2.557  30.919 0.0000000000
78089  45.858  1.582  27.680 0.0000000000
76922  45.329  1.725  26.579 0.0000000000
76910  45.413  1.312  27.394 0.0000000000
75844  44.407  0.474  27.860 0.0000000000
75845  43.782  0.371  27.340 0.0000000000
75846  42.685  -0.027  27.262 0.0000000000
80442  50.128  3.259  29.185 0.0000000000
78084  46.689  1.536  28.900 0.0000000000
78088  46.557  1.840  28.023 0.0000000000
54425  27.420  -20.365  33.424 0.0000000000
54439  27.378  -21.118  32.828 0.0000000000
56663  32.140  -17.133  36.665 0.0000000000
57650  31.676  -16.490  34.898 0.0000000000
57664  31.754  -16.145  33.960 0.0000000000
57679  30.925  -16.776  33.117 0.0000000000
57693  31.130  -16.643  32.101 0.0000000000
56724  28.701  -18.508  31.551 0.0000000000
79372  49.997  2.937  22.833 0.0000000000
79386  49.809  3.174  22.299 0.0000000000
80545  49.095  3.993  21.137 0.0000000000
79399  50.311  3.586  21.627 0.0000000000
80544  49.944  3.777  21.088 0.0000000000
80558  50.463  3.923  20.551 0.0000000000
81681  50.132  4.496  20.215 0.0000000000
81682  49.214  4.601  20.274 0.0000000000
50762  28.451  -23.390  39.902 0.0000000000
50778  28.359  -23.532  39.373 0.0000000000
48584  27.847  -25.777  38.849 0.0000000000
47395  26.992  -25.946  37.724 0.0000000000
40915  23.316  -29.977  40.434 0.0000000000
40933  23.290  -29.885  40.078 0.0000000000
42200  19.917  -30.373  37.958 0.0000000000
42186  20.235  -31.080  38.923 0.0000000000
40938  19.246  -32.315  39.638 0.0000000000
40957  18.976  -31.538  39.173 0.0000000000
39727  18.877  -33.219  41.461 0.0000000000
38556  18.263  -33.473  41.332 0.0000000000
38545  17.659  -33.623  41.711 0.0000000000
62683  43.990  -13.343  37.799 0.0000000000
63665  44.146  -12.290  37.301 0.0000000000
62692  43.368  -12.762  37.222 0.0000000000
63673  43.550  -12.076  36.667 0.0000000000
61752  42.583  -13.168  37.120 0.0000000000
58672  42.150  -17.143  37.700 0.0000000000
54424  38.092  -19.786  34.710 0.0000000000
54408  38.630  -20.216  35.097 0.0000000000
54437  38.240  -19.643  33.753 0.0000000000
54452  38.886  -20.007  32.335 0.0000000000
53249  39.343  -20.645  33.638 0.0000000000
53266  39.352  -20.615  33.099 0.0000000000
53265  39.761  -20.872  32.881 0.0000000000
53264  40.231  -21.633  33.291 0.0000000000
53282  39.666  -20.776  32.492 0.0000000000
55642  39.711  -20.214  30.482 0.0000000000
71350  39.515  -5.418  31.656 0.0000000000
71363  39.681  -4.382  31.133 0.0000000000
70275  38.730  -6.295  30.226 0.0000000000
95919  58.576  17.312  14.405 0.0000000000
97002  59.114  17.846  14.547 0.0000000000
97009  59.068  17.571  13.643 0.0000000000
97010  58.834  17.137  13.242 0.0000000000
78191  45.862  2.557  21.791 0.0000000000
76953  44.032  2.177  22.963 0.0000000000
76963  44.097  2.315  22.279 0.0000000000
76964  43.338  1.808  21.897 0.0000000000
76965  41.948  1.224  22.257 0.0000000000
76956  41.328  -0.030  23.622 0.0000000000
76966  41.246  -0.033  22.451 0.0000000000
76978  41.548  0.357  21.335 0.0000000000
78116  49.105  2.853  25.930 0.0000000000
79325  49.741  2.654  26.164 0.0000000000
78115  50.286  2.629  25.718 0.0000000000
78114  51.021  3.157  25.251 0.0000000000
78156  50.278  2.658  24.092 0.0000000000
78157  49.335  2.736  23.969 0.0000000000
78159  47.225  2.941  23.729 0.0000000000
78173  47.089  2.841  22.884 0.0000000000
51899  38.246  -20.559  42.249 0.0000000000
51912  38.773  -20.981  41.572 0.0000000000
53141  38.126  -20.754  41.409 0.0000000000
54362  36.632  -20.391  38.747 0.0000000000
53176  37.005  -20.942  39.192 0.0000000000
53190  37.224  -20.638  38.685 0.0000000000
53189  37.967  -20.710  38.411 0.0000000000
54373  36.972  -19.985  37.834 0.0000000000
55570  33.939  -18.312  37.225 0.0000000000
56661  34.522  -18.037  36.523 0.0000000000
56690  34.861  -17.603  34.523 0.0000000000
56674  36.190  -18.394  35.579 0.0000000000
55583  36.734  -18.887  36.060 0.0000000000
55598  36.860  -18.670  35.056 0.0000000000
56703  36.032  -17.830  33.793 0.0000000000
57689  35.510  -17.245  31.712 0.0000000000
56716  36.219  -17.704  32.568 0.0000000000
57699  35.580  -17.419  30.729 0.0000000000
57713  29.908  -17.408  29.959 0.0000000000
57712  30.816  -16.574  29.205 0.0000000000
84940  55.838  7.060  17.967 0.0000000000
88394  54.960  9.397  17.344 0.0000000000
88393  55.900  9.308  17.217 0.0000000000
88392  56.811  9.486  17.335 0.0000000000
88405  56.146  10.064  17.070 0.0000000000
89508  52.282  10.051  16.401 0.0000000000
88408  52.972  9.750  16.811 0.0000000000
90548  54.548  11.222  16.494 0.0000000000
90547  55.596  11.483  16.431 0.0000000000
89504  56.346  10.841  16.760 0.0000000000
90545  57.548  11.740  16.398 0.0000000000
91576  56.268  13.036  15.700 0.0000000000
91583  56.486  13.625  15.341 0.0000000000
92684  56.149  14.013  14.332 0.0000000000
57642  28.516  -17.792  37.156 0.0000000000
57633  28.850  -17.868  38.229 0.0000000000
56637  28.459  -18.479  38.761 0.0000000000
56638  28.256  -19.213  39.229 0.0000000000
55541  28.088  -19.953  38.875 0.0000000000
55522  28.230  -19.966  39.658 0.0000000000
56592  29.457  -18.288  41.400 0.0000000000
55477  27.952  -19.783  42.079 0.0000000000
54335  28.242  -20.437  40.328 0.0000000000
54317  28.197  -21.013  41.088 0.0000000000
53145  28.228  -21.744  40.870 0.0000000000
51865  38.866  -20.871  44.145 0.0000000000
54312  35.444  -20.756  41.348 0.0000000000
55488  32.729  -19.701  41.374 0.0000000000
54315  33.424  -19.911  41.062 0.0000000000
54332  34.091  -19.776  40.590 0.0000000000
55519  33.645  -18.584  40.189 0.0000000000
55538  33.748  -18.415  39.243 0.0000000000
55539  33.182  -17.745  39.643 0.0000000000
57641  29.742  -17.221  36.661 0.0000000000
78204  44.749  2.325  20.351 0.0000000000
84931  53.505  6.587  18.853 0.0000000000
84943  52.768  7.155  18.448 0.0000000000
84944  51.632  6.778  18.167 0.0000000000
82783  50.655  5.815  19.733 0.0000000000
83844  49.939  6.184  18.898 0.0000000000
84946  49.800  6.780  17.606 0.0000000000
83853  50.215  6.577  18.155 0.0000000000
84945  50.423  7.030  17.543 0.0000000000
84951  49.910  7.361  17.016 0.0000000000
55585  28.073  -20.068  36.237 0.0000000000
53221  28.118  -22.283  35.631 0.0000000000
54396  27.909  -21.851  35.170 0.0000000000
53233  27.508  -22.266  35.008 0.0000000000
50802  27.746  -24.089  37.122 0.0000000000
48619  26.809  -25.008  35.784 0.0000000000
49709  27.360  -24.667  35.739 0.0000000000
49716  26.515  -24.316  35.029 0.0000000000
48634  25.462  -24.832  34.095 0.0000000000
48621  25.398  -25.267  34.615 0.0000000000
47441  24.370  -26.421  34.913 0.0000000000
47461  23.240  -27.024  33.825 0.0000000000
44776  25.956  -28.064  39.517 0.0000000000
44797  25.634  -27.643  38.877 0.0000000000
42183  23.684  -29.915  39.338 0.0000000000
43513  24.185  -29.664  38.962 0.0000000000
44821  23.189  -28.659  36.893 0.0000000000
44820  23.999  -28.499  37.039 0.0000000000
44819  24.715  -28.144  37.240 0.0000000000
46128  24.461  -28.007  36.311 0.0000000000
38520  17.563  -33.607  43.245 0.0000000000
37252  17.511  -33.655  43.485 0.0000000000
37254  16.017  -34.321  43.109 0.0000000000
73589  43.049  -1.224  31.779 0.0000000000
72429  41.436  -3.666  33.218 0.0000000000
71339  40.403  -5.371  33.162 0.0000000000
70229  40.299  -6.533  33.626 0.0000000000
67904  42.251  -8.581  36.679 0.0000000000
69028  41.292  -8.045  36.176 0.0000000000
66884  40.687  -10.047  34.588 0.0000000000
67937  40.853  -9.004  34.988 0.0000000000
65803  40.866  -10.719  33.766 0.0000000000
62710  42.199  -12.834  34.403 0.0000000000
62723  42.088  -12.642  33.565 0.0000000000
60769  41.410  -14.369  36.196 0.0000000000
60779  39.962  -15.416  34.400 0.0000000000
58696  40.377  -17.442  34.132 0.0000000000
58695  40.826  -17.927  34.716 0.0000000000
57660  41.907  -19.103  33.726 0.0000000000
55608  42.808  -19.633  33.357 0.0000000000
54434  43.390  -20.178  32.023 0.0000000000
51911  39.339  -21.889  41.510 0.0000000000
51910  40.089  -22.958  41.458 0.0000000000
50760  40.515  -23.370  40.019 0.0000000000
50759  41.211  -23.722  40.327 0.0000000000
50757  42.553  -23.380  40.702 0.0000000000
50774  42.030  -23.919  39.790 0.0000000000
51991  39.956  -21.363  36.430 0.0000000000
51978  40.275  -21.763  36.869 0.0000000000
50811  40.547  -22.097  36.779 0.0000000000
51957  42.416  -23.361  38.085 0.0000000000
50797  41.860  -23.204  37.963 0.0000000000
51943  43.160  -23.200  39.597 0.0000000000
54328  44.119  -21.069  40.223 0.0000000000
53173  43.914  -21.906  39.588 0.0000000000
54360  43.135  -21.083  38.010 0.0000000000
55517  43.527  -19.959  39.005 0.0000000000
57619  43.146  -18.612  39.158 0.0000000000
56633  43.034  -19.299  38.468 0.0000000000
57620  42.821  -18.232  38.549 0.0000000000
55548  42.659  -20.339  37.362 0.0000000000
55564  42.635  -20.670  36.598 0.0000000000
55565  42.385  -20.269  36.469 0.0000000000
53263  40.753  -22.073  32.702 0.0000000000
52032  41.156  -22.071  33.100 0.0000000000
53262  41.338  -21.947  32.428 0.0000000000
53246  41.928  -21.354  32.992 0.0000000000
53245  42.105  -21.094  33.414 0.0000000000
53244  42.376  -20.833  33.833 0.0000000000
54407  42.537  -20.646  34.328 0.0000000000
53259  42.964  -20.831  32.524 0.0000000000
74731  43.971  -0.622  30.213 0.0000000000
73615  41.482  -1.559  29.411 0.0000000000
74744  42.028  -1.271  29.211 0.0000000000
74767  41.654  -0.706  27.490 0.0000000000
72484  39.586  -4.074  29.983 0.0000000000
72492  39.499  -3.904  29.241 0.0000000000
72508  39.216  -3.639  26.742 0.0000000000
73642  40.257  -2.451  26.686 0.0000000000
73656  39.593  -3.126  25.419 0.0000000000
97013  61.823  19.403  13.687 0.0000000000
97021  61.792  19.072  12.649 0.0000000000
97020  62.386  19.741  13.066 0.0000000000
93797  56.922  15.033  13.153 0.0000000000
76900  46.201  1.337  28.839 0.0000000000
76892  45.263  0.608  28.672 0.0000000000
75836  44.653  0.354  28.627 0.0000000000
75837  43.871  0.162  28.435 0.0000000000
55624  27.887  -19.433  33.057 0.0000000000
57640  30.739  -16.723  36.215 0.0000000000
57680  29.757  -16.712  33.236 0.0000000000
79387  48.610  3.128  21.896 0.0000000000
80560  48.469  4.142  20.453 0.0000000000
79416  47.837  3.748  20.464 0.0000000000
80561  47.574  3.855  19.924 0.0000000000
50749  28.004  -24.207  41.253 0.0000000000
49671  28.192  -25.202  40.428 0.0000000000
40936  21.272  -31.192  40.258 0.0000000000
42164  20.399  -31.567  39.537 0.0000000000
39755  19.423  -32.788  40.254 0.0000000000
62682  44.394  -13.018  38.503 0.0000000000
61735  42.482  -14.136  38.057 0.0000000000
60750  42.462  -14.464  38.439 0.0000000000
59686  42.936  -16.130  37.953 0.0000000000
58663  42.880  -17.338  38.133 0.0000000000
56715  37.126  -18.463  32.548 0.0000000000
54470  39.139  -20.075  31.787 0.0000000000
55653  38.648  -19.154  29.403 0.0000000000
70242  39.232  -6.701  32.383 0.0000000000
70254  39.097  -6.225  31.876 0.0000000000
69074  38.856  -7.119  32.169 0.0000000000
67971  38.398  -7.968  31.365 0.0000000000
92675  58.398  13.724  16.761 0.0000000000
96994  59.385  18.112  16.007 0.0000000000
95912  58.531  17.069  16.006 0.0000000000
95913  58.234  16.587  15.556 0.0000000000
78160  46.210  2.504  23.579 0.0000000000
76941  44.050  1.661  24.236 0.0000000000
76925  42.479  0.448  25.131 0.0000000000
76944  41.339  -0.229  24.176 0.0000000000
75894  40.902  -0.534  23.145 0.0000000000
79308  48.901  3.246  26.979 0.0000000000
78141  48.641  3.069  24.837 0.0000000000
48653  25.319  -25.357  32.276 0.0000000000
55535  35.569  -19.899  38.110 0.0000000000
56691  33.490  -17.189  34.629 0.0000000000
56704  35.081  -17.427  33.331 0.0000000000
57690  34.694  -16.612  31.964 0.0000000000
57711  34.395  -16.652  30.705 0.0000000000
58723  34.290  -16.836  30.071 0.0000000000
58716  33.960  -15.959  30.712 0.0000000000
58725  33.152  -15.875  29.869 0.0000000000
63703  41.113  -12.653  32.585 0.0000000000
86156  55.193  7.805  17.733 0.0000000000
87271  54.558  8.590  17.538 0.0000000000
89515  53.094  10.829  15.338 0.0000000000
91585  54.855  12.847  14.544 0.0000000000
57621  30.339  -17.755  39.401 0.0000000000
57622  29.384  -17.975  38.991 0.0000000000
57610  29.658  -18.135  39.857 0.0000000000
56609  29.226  -18.616  40.355 0.0000000000
55506  32.436  -18.828  41.120 0.0000000000
55520  32.932  -18.129  40.596 0.0000000000
83828  53.802  5.742  19.972 0.0000000000
83845  48.926  5.992  18.794 0.0000000000
55571  27.985  -20.368  37.116 0.0000000000
53211  28.247  -22.415  36.271 0.0000000000
48597  27.313  -25.618  37.050 0.0000000000
49703  27.537  -24.882  36.579 0.0000000000
48608  26.610  -25.538  36.214 0.0000000000
47439  25.520  -25.412  35.191 0.0000000000
46176  24.036  -26.765  35.118 0.0000000000
44749  25.568  -28.710  39.805 0.0000000000
43515  22.773  -30.299  38.194 0.0000000000
43527  23.207  -29.831  37.767 0.0000000000
44801  22.770  -29.211  37.316 0.0000000000
46131  22.141  -28.500  36.314 0.0000000000
72430  40.954  -4.547  33.653 0.0000000000
72418  41.154  -4.751  34.470 0.0000000000
70217  40.561  -6.679  34.696 0.0000000000
65770  42.927  -10.460  36.943 0.0000000000
66857  42.851  -9.875  37.499 0.0000000000
66858  42.498  -9.866  36.786 0.0000000000
67917  42.303  -9.178  36.562 0.0000000000
67929  41.275  -8.907  35.683 0.0000000000
66867  41.625  -9.413  35.882 0.0000000000
65791  42.117  -10.625  34.933 0.0000000000
64746  42.824  -11.421  33.916 0.0000000000
63689  43.106  -12.038  34.167 0.0000000000
59702  40.906  -16.325  36.556 0.0000000000
58687  40.849  -17.434  35.763 0.0000000000
57648  41.536  -19.231  34.887 0.0000000000
51928  39.856  -22.537  40.455 0.0000000000
51944  39.956  -22.289  39.453 0.0000000000
50777  40.292  -22.750  38.803 0.0000000000
52002  40.386  -21.719  35.391 0.0000000000
50810  40.699  -22.441  36.621 0.0000000000
50817  40.976  -22.598  36.257 0.0000000000
51965  42.356  -23.247  37.436 0.0000000000
51956  43.087  -23.198  38.239 0.0000000000
53187  43.391  -22.461  38.000 0.0000000000
53206  43.238  -21.728  36.629 0.0000000000
53217  42.362  -21.761  35.503 0.0000000000
53294  41.279  -21.425  31.118 0.0000000000
53293  41.989  -21.335  30.828 0.0000000000
53277  42.513  -21.233  31.388 0.0000000000
53276  42.997  -20.960  31.700 0.0000000000
53292  42.486  -21.125  30.592 0.0000000000
74715  42.777  -1.215  30.942 0.0000000000
73616  40.450  -2.266  28.897 0.0000000000
71399  38.593  -5.825  27.333 0.0000000000
97006  61.287  19.078  14.347 0.0000000000
76912  44.107  0.663  26.321 0.0000000000
75854  42.649  -0.066  25.910 0.0000000000
74775  41.363  -0.895  26.282 0.0000000000
80456  49.461  3.267  28.648 0.0000000000
79296  48.667  2.919  28.451 0.0000000000
79283  48.666  2.209  29.417 0.0000000000
78099  46.842  2.945  26.966 0.0000000000
54454  27.742  -20.507  31.385 0.0000000000
53283  27.431  -22.370  31.590 0.0000000000
52035  26.996  -22.934  32.479 0.0000000000
52019  26.670  -22.701  33.587 0.0000000000
55537  34.282  -19.211  38.913 0.0000000000
56662  33.447  -17.596  36.512 0.0000000000
56678  31.604  -16.703  35.739 0.0000000000
56677  32.709  -17.104  35.523 0.0000000000
57704  30.128  -16.935  31.180 0.0000000000
57714  29.626  -17.637  30.679 0.0000000000
57705  29.402  -17.634  31.353 0.0000000000
88397  52.324  8.967  17.243 0.0000000000
88409  52.039  9.384  16.880 0.0000000000
79371  50.834  3.165  23.116 0.0000000000
80542  51.470  4.037  21.354 0.0000000000
81665  51.591  4.229  20.664 0.0000000000
82775  51.576  5.195  19.840 0.0000000000
82777  50.032  4.942  19.993 0.0000000000
81683  48.500  4.527  19.914 0.0000000000
81691  48.909  4.959  19.770 0.0000000000
82785  48.562  5.402  19.145 0.0000000000
82786  47.830  5.194  18.348 0.0000000000
53177  28.383  -22.125  39.480 0.0000000000
51960  28.040  -22.917  38.117 0.0000000000
51946  28.254  -22.877  38.968 0.0000000000
50791  28.164  -23.615  38.514 0.0000000000
50792  27.647  -24.277  38.116 0.0000000000
49682  28.163  -25.113  39.401 0.0000000000
49691  27.661  -25.071  38.523 0.0000000000
46126  25.608  -26.547  37.335 0.0000000000
42160  24.004  -29.823  40.057 0.0000000000
42184  22.682  -30.281  39.014 0.0000000000
42198  22.085  -30.501  38.351 0.0000000000
43529  20.730  -29.736  37.455 0.0000000000
64698  44.299  -11.484  37.806 0.0000000000
65769  43.444  -10.481  37.323 0.0000000000
63682  43.011  -11.949  35.958 0.0000000000
62701  42.466  -12.675  35.623 0.0000000000
60760  41.477  -14.909  36.878 0.0000000000
59701  41.130  -15.690  36.936 0.0000000000
59694  41.285  -16.788  37.058 0.0000000000
54393  38.381  -20.326  35.897 0.0000000000
53209  38.964  -20.492  36.348 0.0000000000
53219  39.153  -20.551  35.534 0.0000000000
53231  39.634  -21.071  35.147 0.0000000000
53232  39.276  -20.627  34.619 0.0000000000
52018  39.990  -21.491  34.929 0.0000000000
52017  40.286  -21.762  34.320 0.0000000000
52016  40.712  -22.051  34.232 0.0000000000
52000  41.081  -22.136  34.862 0.0000000000
52034  40.473  -21.945  33.810 0.0000000000
53280  40.470  -21.573  32.326 0.0000000000
54469  39.546  -20.311  31.473 0.0000000000
54468  40.155  -20.740  31.107 0.0000000000
53295  40.659  -21.309  31.542 0.0000000000
54483  40.319  -20.904  30.140 0.0000000000
72468  40.430  -3.270  31.239 0.0000000000
71377  39.604  -4.162  30.364 0.0000000000
71378  39.155  -4.924  29.983 0.0000000000
70265  38.766  -6.414  31.062 0.0000000000
70291  38.734  -5.937  29.326 0.0000000000
70292  38.406  -6.482  28.528 0.0000000000
97000  60.551  18.892  15.215 0.0000000000
97016  59.876  17.637  12.885 0.0000000000
79389  46.967  2.833  21.509 0.0000000000
78175  44.935  2.302  22.323 0.0000000000
78176  44.231  2.356  21.776 0.0000000000
79307  49.964  3.024  26.543 0.0000000000
79306  50.675  3.520  26.412 0.0000000000
78169  50.684  2.828  23.642 0.0000000000
78170  49.955  2.743  23.303 0.0000000000
78188  48.836  2.887  22.519 0.0000000000
78189  47.877  3.164  22.341 0.0000000000
51882  39.700  -21.506  43.357 0.0000000000
51897  39.497  -21.843  42.393 0.0000000000
51929  39.103  -21.656  40.913 0.0000000000
53160  37.847  -21.024  40.525 0.0000000000
53159  38.690  -21.215  40.645 0.0000000000
53174  38.680  -21.275  39.813 0.0000000000
54383  38.096  -20.413  36.679 0.0000000000
55536  34.875  -19.781  38.396 0.0000000000
55552  35.237  -19.446  37.612 0.0000000000
55551  36.223  -19.594  37.562 0.0000000000
56660  35.296  -18.404  36.546 0.0000000000
55568  35.887  -18.912  36.928 0.0000000000
55550  36.886  -19.847  37.121 0.0000000000
55566  37.047  -20.019  36.573 0.0000000000
54394  37.595  -20.236  36.236 0.0000000000
55597  37.391  -19.401  35.305 0.0000000000
55609  37.527  -19.161  34.360 0.0000000000
55623  36.775  -18.296  33.245 0.0000000000
56722  37.005  -18.239  31.838 0.0000000000
56738  37.153  -18.275  29.688 0.0000000000
66895  39.822  -9.853  32.691 0.0000000000
88403  57.601  10.513  16.940 0.0000000000
89494  54.882  10.050  17.226 0.0000000000
90549  53.907  10.897  16.466 0.0000000000
89503  57.251  10.958  16.644 0.0000000000
89502  58.132  10.980  16.893 0.0000000000
90556  57.705  12.480  16.090 0.0000000000
90555  58.224  12.600  15.994 0.0000000000
91575  57.023  13.173  16.164 0.0000000000
91574  57.735  13.158  16.021 0.0000000000
92677  57.136  13.784  16.244 0.0000000000
92682  57.116  14.374  16.032 0.0000000000
93788  57.337  14.986  15.245 0.0000000000
56665  27.779  -19.162  37.778 0.0000000000
55557  27.889  -20.065  38.294 0.0000000000
55540  28.060  -20.640  38.580 0.0000000000
54349  28.205  -21.276  39.111 0.0000000000
56610  28.703  -19.117  40.807 0.0000000000
56578  28.438  -19.143  42.221 0.0000000000
55507  28.322  -19.697  40.360 0.0000000000
54350  28.233  -20.718  39.677 0.0000000000
53163  28.362  -22.204  40.425 0.0000000000
51931  28.396  -23.076  40.337 0.0000000000
51914  28.144  -23.211  40.980 0.0000000000
51863  40.591  -21.742  44.532 0.0000000000
51883  38.892  -20.802  43.121 0.0000000000
53112  37.625  -20.602  42.686 0.0000000000
53113  37.035  -20.750  42.999 0.0000000000
53125  37.456  -20.431  42.210 0.0000000000
53143  36.028  -20.604  41.331 0.0000000000
54330  35.480  -20.880  40.690 0.0000000000
54347  34.629  -19.961  40.055 0.0000000000
54348  34.362  -19.607  40.082 0.0000000000
54365  34.450  -19.590  39.649 0.0000000000
56635  32.275  -17.584  38.945 0.0000000000
57631  30.993  -16.929  37.201 0.0000000000
78215  45.350  2.534  19.859 0.0000000000
84929  55.511  6.706  18.725 0.0000000000
83840  54.168  6.244  19.437 0.0000000000
86158  53.150  7.853  18.034 0.0000000000
82782  51.359  6.011  19.789 0.0000000000
84933  51.846  6.437  18.903 0.0000000000
86165  51.236  8.028  17.350 0.0000000000
86166  50.336  7.928  16.958 0.0000000000
54410  27.533  -20.606  34.483 0.0000000000
54395  28.104  -21.163  35.475 0.0000000000
53250  26.845  -21.981  34.168 0.0000000000
51968  28.050  -23.050  37.139 0.0000000000
51981  28.091  -23.047  36.237 0.0000000000
50812  27.697  -23.922  36.111 0.0000000000
50824  26.442  -23.392  34.380 0.0000000000
49724  25.721  -24.278  33.364 0.0000000000
48636  24.975  -25.661  32.906 0.0000000000
47458  24.981  -25.726  33.586 0.0000000000
47459  24.484  -26.080  33.122 0.0000000000
47382  27.043  -26.666  39.033 0.0000000000
42181  24.931  -29.576  39.768 0.0000000000
43512  24.882  -29.341  39.326 0.0000000000
44778  24.868  -28.800  38.630 0.0000000000
43526  23.909  -29.458  38.251 0.0000000000
44798  25.123  -27.907  38.075 0.0000000000
46106  25.240  -27.285  37.714 0.0000000000
46152  24.728  -26.778  36.377 0.0000000000
46153  24.382  -27.082  35.809 0.0000000000
46177  23.660  -27.023  35.066 0.0000000000
46178  22.872  -27.338  34.579 0.0000000000
47443  23.375  -26.990  34.511 0.0000000000
38531  18.465  -33.114  42.895 0.0000000000
38532  17.675  -33.538  42.693 0.0000000000
37269  16.988  -33.730  42.589 0.0000000000
37270  16.398  -34.207  42.154 0.0000000000
75814  46.396  -0.139  30.493 0.0000000000
73572  41.832  -1.784  31.604 0.0000000000
72451  41.717  -2.016  31.921 0.0000000000
71349  39.916  -5.002  32.249 0.0000000000
70216  40.559  -7.332  35.150 0.0000000000
69042  40.433  -7.640  34.827 0.0000000000
69052  40.474  -8.302  34.753 0.0000000000
67947  39.852  -8.755  33.584 0.0000000000
65814  40.865  -10.694  32.737 0.0000000000
64747  42.065  -11.615  33.359 0.0000000000
63695  41.894  -12.378  33.027 0.0000000000
61779  39.965  -14.610  33.378 0.0000000000
61764  41.941  -13.446  35.378 0.0000000000
61765  41.005  -13.732  34.960 0.0000000000
60770  40.823  -15.080  35.724 0.0000000000
60778  40.525  -14.612  34.903 0.0000000000
61766  40.332  -14.337  34.377 0.0000000000
59716  40.034  -16.719  33.567 0.0000000000
58703  40.991  -18.154  33.588 0.0000000000
57675  41.710  -18.595  33.214 0.0000000000
58653  43.064  -17.207  39.711 0.0000000000
51895  41.126  -23.064  42.867 0.0000000000
51908  41.909  -23.238  41.872 0.0000000000
51927  40.257  -23.110  40.658 0.0000000000
50746  41.478  -23.298  41.409 0.0000000000
51906  43.538  -22.618  41.057 0.0000000000
51979  39.809  -21.414  37.254 0.0000000000
51966  40.241  -21.906  37.667 0.0000000000
50789  40.690  -22.953  38.244 0.0000000000
50799  40.713  -22.706  37.416 0.0000000000
50788  41.283  -23.294  38.523 0.0000000000
51924  43.611  -22.647  40.120 0.0000000000
55487  44.098  -20.189  40.893 0.0000000000
54344  43.810  -20.893  38.991 0.0000000000
57607  43.436  -18.265  39.933 0.0000000000
58654  42.981  -17.281  38.905 0.0000000000
56647  42.697  -19.859  37.952 0.0000000000
56648  42.284  -19.445  37.485 0.0000000000
56659  41.937  -19.878  36.415 0.0000000000
55581  42.422  -20.089  35.603 0.0000000000
51999  41.381  -21.896  34.549 0.0000000000
52031  41.460  -21.866  32.830 0.0000000000
53230  41.958  -21.195  34.608 0.0000000000
54392  42.540  -20.897  35.347 0.0000000000
75816  44.769  0.015  30.114 0.0000000000
75828  44.339  -0.128  29.301 0.0000000000
74743  42.574  -0.982  29.488 0.0000000000
74756  42.541  -0.204  28.420 0.0000000000
74766  42.261  -0.204  27.764 0.0000000000
74776  40.722  -1.578  25.834 0.0000000000
72491  40.060  -2.941  29.392 0.0000000000
72500  39.298  -3.953  27.950 0.0000000000
73628  40.318  -2.567  27.946 0.0000000000
94897  57.723  15.824  14.320 0.0000000000
94904  58.064  16.041  13.145 0.0000000000
37236  17.419  -33.743  43.795 0.0000000000
38533  17.050  -33.688  42.097 0.0000000000
43484  25.168  -29.505  39.930 0.0000000000
46130  22.675  -28.348  36.275 0.0000000000
49723  25.911  -23.836  34.134 0.0000000000
50747  41.056  -23.356  41.099 0.0000000000
50748  40.634  -23.330  40.706 0.0000000000
50773  42.637  -23.577  40.162 0.0000000000
50776  40.675  -23.220  39.090 0.0000000000
50787  42.110  -23.512  38.748 0.0000000000
50790  40.414  -22.514  37.975 0.0000000000
50798  41.191  -23.030  37.692 0.0000000000
50809  41.139  -22.894  36.809 0.0000000000
50818  40.813  -22.449  36.262 0.0000000000
50857  26.585  -23.422  31.570 0.0000000000
51885  37.393  -20.849  43.134 0.0000000000
51913  38.284  -20.612  41.807 0.0000000000
51926  42.512  -23.242  41.189 0.0000000000
51955  43.417  -22.585  38.468 0.0000000000
51959  39.439  -21.687  39.175 0.0000000000
51976  41.269  -22.782  36.280 0.0000000000
51977  40.563  -22.022  36.489 0.0000000000
51980  28.154  -22.669  36.606 0.0000000000
51989  40.717  -22.180  36.026 0.0000000000
51990  40.383  -21.704  36.155 0.0000000000
52013  41.779  -21.355  33.484 0.0000000000
52014  41.520  -21.724  33.420 0.0000000000
52033  40.707  -22.066  33.482 0.0000000000
53124  37.941  -20.454  42.099 0.0000000000
53144  35.445  -20.636  41.683 0.0000000000
53164  28.242  -22.669  40.773 0.0000000000
53208  39.429  -20.907  36.808 0.0000000000
53216  42.903  -21.519  35.692 0.0000000000
53220  28.336  -21.849  36.127 0.0000000000
53278  41.673  -21.578  31.697 0.0000000000
53281  39.990  -20.882  32.591 0.0000000000
53296  40.352  -20.923  32.097 0.0000000000
54316  28.272  -21.586  40.624 0.0000000000
54329  36.038  -20.979  40.341 0.0000000000
54333  33.589  -19.585  40.732 0.0000000000
54361  37.316  -20.414  38.277 0.0000000000
54384  37.365  -20.193  36.971 0.0000000000
54435  39.333  -20.542  32.680 0.0000000000
54436  38.890  -20.231  33.197 0.0000000000
55476  28.379  -19.165  42.477 0.0000000000
55504  33.731  -19.289  40.464 0.0000000000
55567  36.778  -19.427  36.766 0.0000000000
55572  27.799  -19.788  37.742 0.0000000000
56619  32.177  -17.659  39.872 0.0000000000
57585  30.152  -18.041  41.121 0.0000000000
57597  30.424  -18.043  40.895 0.0000000000
57700  34.818  -16.905  31.100 0.0000000000
58673  41.590  -17.089  37.281 0.0000000000
58718  32.564  -15.896  30.507 0.0000000000
58724  34.109  -16.288  30.256 0.0000000000
58733  34.323  -16.784  29.617 0.0000000000
60743  42.492  -15.566  38.444 0.0000000000
66876  42.001  -10.419  35.441 0.0000000000
69084  38.591  -7.184  31.479 0.0000000000
69085  38.370  -7.639  30.893 0.0000000000
72482  40.648  -2.395  30.504 0.0000000000
73643  39.513  -3.230  26.112 0.0000000000
74729  45.899  -0.271  30.683 0.0000000000
74755  43.280  0.002  28.556 0.0000000000
74768  40.986  -1.418  26.718 0.0000000000
75815  45.601  0.110  30.361 0.0000000000
75887  40.993  -0.570  23.860 0.0000000000
78097  50.506  2.929  26.143 0.0000000000
78202  46.481  2.711  21.422 0.0000000000
79398  50.913  3.762  21.559 0.0000000000
80444  48.959  2.675  29.022 0.0000000000
80557  51.147  3.853  20.666 0.0000000000
87274  51.731  8.361  17.407 0.0000000000
87279  51.912  8.825  17.253 0.0000000000
88407  53.555  10.041  16.859 0.0000000000
89495  54.480  9.834  17.234 0.0000000000
95916  58.578  17.238  15.140 0.0000000000
