#!ascii label  , from subject 3424 vox2ras=TkReg
309
17459  33.745  -66.575  13.524 0.0000000000
13576  37.190  -72.687  3.226 0.0000000000
15842  40.484  -69.686  11.195 0.0000000000
15891  35.012  -69.500  7.801 0.0000000000
10852  41.196  -75.602  7.135 0.0000000000
14362  41.880  -71.055  7.415 0.0000000000
11738  43.154  -74.192  8.452 0.0000000000
14387  35.091  -72.190  5.709 0.0000000000
17541  33.327  -67.396  5.843 0.0000000000
16642  36.802  -68.646  12.748 0.0000000000
15091  37.898  -70.217  9.229 0.0000000000
13537  38.881  -72.388  6.784 0.0000000000
11769  37.366  -74.978  7.048 0.0000000000
8698  38.510  -78.219  7.647 0.0000000000
20024  33.027  -63.814  16.094 0.0000000000
15799  35.776  -68.721  14.745 0.0000000000
15796  38.689  -70.060  13.469 0.0000000000
19261  33.288  -65.483  8.032 0.0000000000
13509  42.672  -72.395  8.598 0.0000000000
13564  35.609  -72.900  4.816 0.0000000000
15932  35.019  -69.902  3.898 0.0000000000
15827  38.571  -69.491  12.127 0.0000000000
15867  39.795  -69.934  9.498 0.0000000000
12638  41.930  -73.631  6.895 0.0000000000
14376  40.501  -71.591  6.974 0.0000000000
12651  39.679  -73.184  6.842 0.0000000000
12653  37.260  -73.842  7.063 0.0000000000
11755  39.192  -74.901  7.273 0.0000000000
9346  37.298  -77.647  6.427 0.0000000000
15771  35.682  -69.348  16.792 0.0000000000
15798  36.776  -69.078  14.477 0.0000000000
15018  37.596  -70.525  15.812 0.0000000000
15884  35.039  -69.066  8.716 0.0000000000
17525  33.521  -67.540  8.106 0.0000000000
19292  34.796  -65.545  5.379 0.0000000000
19281  34.104  -64.967  6.690 0.0000000000
15079  41.949  -69.881  10.297 0.0000000000
15878  41.443  -69.764  9.198 0.0000000000
15107  42.840  -71.126  8.491 0.0000000000
12636  42.731  -72.372  7.625 0.0000000000
10850  43.450  -75.366  7.611 0.0000000000
15122  34.926  -70.446  6.413 0.0000000000
15895  33.682  -68.790  6.589 0.0000000000
15912  33.788  -69.183  5.444 0.0000000000
17553  34.117  -67.600  4.215 0.0000000000
13595  38.004  -72.681  2.881 0.0000000000
16645  34.594  -67.536  12.894 0.0000000000
15858  36.199  -69.395  10.252 0.0000000000
15104  36.767  -70.283  8.180 0.0000000000
15111  40.329  -70.468  7.827 0.0000000000
15113  37.961  -70.631  7.539 0.0000000000
15120  37.230  -70.974  7.098 0.0000000000
13539  36.489  -72.740  6.642 0.0000000000
12654  36.200  -73.603  6.474 0.0000000000
11793  35.996  -74.489  5.103 0.0000000000
10010  39.503  -76.570  7.595 0.0000000000
10011  38.405  -76.672  7.439 0.0000000000
10015  36.795  -76.910  6.157 0.0000000000
11791  37.237  -74.945  4.254 0.0000000000
21885  32.763  -62.334  14.974 0.0000000000
19155  32.584  -65.330  14.579 0.0000000000
18249  33.499  -66.190  16.303 0.0000000000
17440  34.503  -67.301  14.204 0.0000000000
16631  36.117  -68.395  13.726 0.0000000000
15813  37.890  -69.026  12.936 0.0000000000
15811  39.540  -70.016  12.624 0.0000000000
15030  40.093  -70.882  13.585 0.0000000000
15060  41.063  -70.176  12.125 0.0000000000
19282  33.399  -65.588  7.000 0.0000000000
19185  33.144  -65.626  13.174 0.0000000000
19186  32.665  -64.992  12.829 0.0000000000
18313  33.505  -66.182  12.899 0.0000000000
13577  36.311  -72.874  3.908 0.0000000000
14411  35.817  -71.990  3.846 0.0000000000
15843  39.362  -69.743  11.244 0.0000000000
15854  40.073  -69.721  10.336 0.0000000000
11753  41.596  -74.543  6.862 0.0000000000
12650  40.931  -73.237  6.774 0.0000000000
11754  40.348  -74.690  6.904 0.0000000000
12640  39.413  -74.017  7.119 0.0000000000
10853  39.960  -75.671  7.302 0.0000000000
8712  38.487  -79.248  6.312 0.0000000000
15770  36.532  -69.981  16.448 0.0000000000
16708  34.580  -68.889  8.218 0.0000000000
16711  34.263  -68.936  7.646 0.0000000000
19279  36.281  -65.052  6.805 0.0000000000
15087  42.994  -70.689  9.329 0.0000000000
14350  42.935  -71.245  8.786 0.0000000000
12628  42.923  -73.073  8.046 0.0000000000
11751  43.394  -74.200  7.779 0.0000000000
10849  43.954  -74.860  7.857 0.0000000000
14381  34.768  -71.193  5.933 0.0000000000
15901  34.099  -69.725  5.834 0.0000000000
15125  34.393  -70.630  5.499 0.0000000000
16748  34.478  -68.542  3.925 0.0000000000
17573  34.461  -67.877  3.870 0.0000000000
18407  34.735  -66.542  4.166 0.0000000000
16643  35.907  -68.262  12.832 0.0000000000
16654  35.323  -68.167  12.271 0.0000000000
16653  36.026  -68.545  12.114 0.0000000000
15870  36.307  -69.714  9.444 0.0000000000
15092  37.387  -70.263  8.958 0.0000000000
15109  42.299  -70.625  7.997 0.0000000000
15100  40.788  -69.989  8.419 0.0000000000
14363  40.936  -70.977  7.366 0.0000000000
14377  39.351  -71.607  6.965 0.0000000000
14364  39.850  -71.034  7.364 0.0000000000
14366  38.150  -70.978  7.153 0.0000000000
15119  37.860  -70.966  7.119 0.0000000000
14378  38.077  -71.469  6.930 0.0000000000
14379  36.801  -71.729  6.782 0.0000000000
13538  37.647  -72.554  6.936 0.0000000000
12642  37.770  -74.535  7.215 0.0000000000
11770  36.503  -74.725  6.364 0.0000000000
11783  35.889  -74.328  5.675 0.0000000000
8074  40.134  -79.428  8.883 0.0000000000
8679  39.226  -78.430  8.034 0.0000000000
8678  40.087  -78.589  8.475 0.0000000000
9325  39.835  -77.970  8.146 0.0000000000
9339  39.042  -77.528  7.820 0.0000000000
9340  38.014  -77.560  7.348 0.0000000000
9350  37.437  -77.508  5.375 0.0000000000
9347  36.854  -77.248  6.022 0.0000000000
10019  37.136  -76.675  5.029 0.0000000000
10883  36.997  -75.623  4.723 0.0000000000
10882  37.439  -75.584  4.349 0.0000000000
20937  32.767  -63.377  15.563 0.0000000000
20046  32.433  -64.306  14.992 0.0000000000
19142  32.596  -65.109  15.555 0.0000000000
16604  34.598  -67.805  16.697 0.0000000000
17414  34.131  -67.030  16.473 0.0000000000
16617  34.471  -67.633  15.629 0.0000000000
17425  33.946  -66.914  15.467 0.0000000000
16632  35.047  -67.873  14.502 0.0000000000
15797  37.987  -69.663  13.983 0.0000000000
16630  37.178  -68.818  13.596 0.0000000000
15812  38.767  -69.665  12.899 0.0000000000
15051  39.226  -70.147  13.178 0.0000000000
14287  41.461  -71.306  13.362 0.0000000000
15049  41.274  -70.755  12.798 0.0000000000
16718  33.431  -68.269  6.290 0.0000000000
17531  33.185  -67.475  6.906 0.0000000000
18384  33.250  -66.498  6.429 0.0000000000
20210  34.633  -64.495  7.290 0.0000000000
13550  35.118  -72.344  5.309 0.0000000000
15132  34.720  -70.898  4.563 0.0000000000
15828  37.555  -69.088  12.015 0.0000000000
16652  36.662  -68.885  11.800 0.0000000000
15844  38.196  -69.698  11.202 0.0000000000
15090  38.892  -70.197  9.337 0.0000000000
13534  42.034  -72.141  6.798 0.0000000000
14375  41.507  -71.575  6.991 0.0000000000
13535  41.195  -72.250  6.744 0.0000000000
13536  40.091  -72.345  6.754 0.0000000000
12652  38.535  -73.340  7.094 0.0000000000
12641  38.379  -74.265  7.273 0.0000000000
11756  38.204  -75.048  7.285 0.0000000000
8699  38.000  -78.430  7.165 0.0000000000
8713  38.116  -78.879  6.535 0.0000000000
8717  37.847  -78.384  5.809 0.0000000000
16616  35.149  -68.546  15.844 0.0000000000
15785  36.087  -69.410  15.517 0.0000000000
15784  37.236  -70.016  15.277 0.0000000000
15783  37.859  -70.165  14.686 0.0000000000
16703  34.101  -68.010  8.937 0.0000000000
19293  34.152  -65.755  5.522 0.0000000000
19287  33.745  -65.695  6.122 0.0000000000
19286  34.536  -65.262  6.032 0.0000000000
19259  35.965  -65.091  7.569 0.0000000000
15841  41.341  -69.780  10.912 0.0000000000
15853  41.074  -69.654  10.213 0.0000000000
15089  41.686  -69.787  9.567 0.0000000000
15098  42.646  -70.505  8.710 0.0000000000
14361  42.558  -71.451  7.656 0.0000000000
13522  42.765  -71.968  7.808 0.0000000000
14373  42.499  -71.864  7.316 0.0000000000
12637  42.660  -72.962  7.346 0.0000000000
11752  42.725  -74.363  7.145 0.0000000000
15116  34.924  -69.847  7.049 0.0000000000
15894  34.212  -69.368  6.830 0.0000000000
15902  33.686  -68.995  6.025 0.0000000000
16728  33.612  -68.366  5.209 0.0000000000
15911  34.141  -69.508  4.805 0.0000000000
16727  33.988  -68.523  4.486 0.0000000000
17554  33.589  -67.232  5.002 0.0000000000
18392  34.307  -66.078  4.930 0.0000000000
18391  34.944  -65.790  4.786 0.0000000000
12714  37.761  -73.239  3.166 0.0000000000
17470  33.785  -66.852  12.760 0.0000000000
16655  34.713  -67.760  12.373 0.0000000000
15883  35.696  -69.629  8.711 0.0000000000
15890  35.946  -70.102  8.050 0.0000000000
15101  39.716  -70.177  8.577 0.0000000000
15112  39.187  -70.564  7.775 0.0000000000
15102  38.507  -70.334  8.439 0.0000000000
15114  36.669  -70.403  7.640 0.0000000000
15115  35.559  -70.209  7.296 0.0000000000
15121  36.075  -70.924  6.899 0.0000000000
14380  35.461  -71.867  6.275 0.0000000000
13549  35.398  -72.760  5.753 0.0000000000
12661  35.661  -73.540  5.608 0.0000000000
12672  35.721  -73.871  5.160 0.0000000000
12690  36.528  -73.925  4.149 0.0000000000
10007  42.892  -76.036  7.570 0.0000000000
10009  40.691  -76.487  7.604 0.0000000000
10854  38.829  -75.774  7.418 0.0000000000
10855  37.817  -75.837  7.273 0.0000000000
10014  36.947  -76.650  6.529 0.0000000000
10860  37.023  -75.837  6.776 0.0000000000
11782  36.329  -75.085  5.515 0.0000000000
11792  36.694  -74.882  4.674 0.0000000000
12689  37.370  -73.790  3.571 0.0000000000
12688  38.061  -74.331  3.491 0.0000000000
23952  32.853  -60.746  14.107 0.0000000000
22844  32.811  -61.612  14.564 0.0000000000
21915  32.457  -62.132  13.953 0.0000000000
20966  32.351  -63.267  14.451 0.0000000000
20071  32.364  -64.370  13.761 0.0000000000
19171  33.016  -65.796  13.815 0.0000000000
18240  34.187  -66.279  17.225 0.0000000000
19126  32.842  -65.027  16.239 0.0000000000
18262  32.847  -65.887  15.479 0.0000000000
18274  33.426  -66.494  14.663 0.0000000000
17457  34.780  -67.502  13.842 0.0000000000
16644  35.153  -67.749  13.229 0.0000000000
15826  39.648  -69.769  12.060 0.0000000000
15050  40.132  -70.436  12.981 0.0000000000
15061  40.179  -70.009  12.309 0.0000000000
15071  41.097  -69.844  11.491 0.0000000000
16712  33.647  -68.449  7.234 0.0000000000
18382  33.195  -66.500  7.524 0.0000000000
20211  33.749  -64.768  7.476 0.0000000000
9351  37.004  -77.387  5.842 0.0000000000
10012  37.439  -76.731  7.101 0.0000000000
10020  36.816  -76.846  5.635 0.0000000000
10861  36.593  -76.025  6.051 0.0000000000
10870  37.185  -76.132  4.711 0.0000000000
10871  36.762  -75.907  5.176 0.0000000000
10897  37.878  -75.488  4.031 0.0000000000
11750  43.877  -74.610  8.208 0.0000000000
11767  40.903  -74.046  6.796 0.0000000000
11768  40.256  -73.838  6.855 0.0000000000
11771  35.860  -73.958  6.106 0.0000000000
11811  37.754  -74.869  3.895 0.0000000000
11812  37.079  -74.499  4.067 0.0000000000
12627  42.828  -72.465  7.811 0.0000000000
12639  41.357  -73.875  6.808 0.0000000000
12648  42.352  -72.502  6.942 0.0000000000
12649  41.923  -72.776  6.810 0.0000000000
12655  35.728  -73.364  6.067 0.0000000000
12671  36.021  -73.944  4.660 0.0000000000
13523  42.623  -72.121  7.460 0.0000000000
13533  42.447  -72.202  7.130 0.0000000000
13540  35.821  -72.872  6.250 0.0000000000
13563  36.103  -73.404  4.383 0.0000000000
13565  34.998  -72.115  4.884 0.0000000000
13578  35.710  -72.391  4.201 0.0000000000
14288  40.684  -70.949  13.331 0.0000000000
14360  42.787  -71.426  8.207 0.0000000000
14365  38.752  -71.032  7.264 0.0000000000
14374  42.233  -71.699  7.145 0.0000000000
14388  34.756  -71.669  5.381 0.0000000000
14399  34.830  -71.643  4.755 0.0000000000
15032  38.238  -70.313  14.445 0.0000000000
15080  38.772  -70.155  9.760 0.0000000000
15088  42.452  -70.072  9.463 0.0000000000
15097  42.881  -70.910  8.697 0.0000000000
15099  41.790  -69.995  8.716 0.0000000000
15103  37.360  -70.304  8.404 0.0000000000
15108  42.766  -70.985  8.273 0.0000000000
15110  41.379  -70.418  7.852 0.0000000000
15141  35.595  -71.015  3.643 0.0000000000
15825  40.517  -69.834  11.855 0.0000000000
15865  41.181  -69.672  9.518 0.0000000000
15879  41.044  -69.763  9.046 0.0000000000
15881  37.116  -70.250  8.840 0.0000000000
15882  36.580  -70.135  8.646 0.0000000000
15889  36.478  -70.249  8.113 0.0000000000
16633  34.382  -67.283  14.841 0.0000000000
16709  34.049  -68.429  8.171 0.0000000000
17441  33.859  -66.723  14.416 0.0000000000
17442  33.531  -66.385  14.011 0.0000000000
17458  34.310  -67.230  13.427 0.0000000000
17469  34.211  -67.366  12.520 0.0000000000
17552  34.543  -67.186  3.936 0.0000000000
17572  34.945  -67.499  3.647 0.0000000000
18250  33.025  -65.590  16.165 0.0000000000
18261  33.366  -66.505  15.136 0.0000000000
18263  32.618  -65.569  15.141 0.0000000000
18275  33.063  -66.166  14.457 0.0000000000
18276  32.687  -65.807  14.910 0.0000000000
18296  33.372  -66.100  13.650 0.0000000000
18393  33.654  -66.493  5.403 0.0000000000
18408  33.922  -66.752  4.710 0.0000000000
18409  33.669  -66.814  5.009 0.0000000000
19115  33.986  -65.423  17.184 0.0000000000
19127  32.706  -64.768  15.999 0.0000000000
19141  32.775  -65.441  15.891 0.0000000000
19154  32.812  -65.686  14.130 0.0000000000
19172  32.725  -65.328  13.705 0.0000000000
19280  35.218  -64.841  6.835 0.0000000000
19285  35.407  -65.142  5.974 0.0000000000
19291  35.507  -65.396  5.213 0.0000000000
20013  32.862  -64.599  16.181 0.0000000000
20025  32.748  -64.315  15.877 0.0000000000
20187  33.414  -64.476  8.322 0.0000000000
22864  32.960  -61.056  14.525 0.0000000000
22865  32.692  -61.271  14.055 0.0000000000
23977  32.765  -60.881  13.755 0.0000000000
