#!ascii label  , from subject 3424 vox2ras=TkReg
248
76184  26.808  -11.589  -14.709 0.0000000000
65149  24.146  -21.398  -12.616 0.0000000000
82131  25.060  -6.616  -16.637 0.0000000000
92832  25.943  3.328  -19.380 0.0000000000
63063  22.736  -23.023  -12.061 0.0000000000
84483  28.149  -4.597  -16.735 0.0000000000
87647  28.309  -1.425  -17.818 0.0000000000
73810  24.108  -13.918  -15.151 0.0000000000
70407  25.429  -16.885  -13.683 0.0000000000
72666  27.247  -15.169  -14.501 0.0000000000
78501  29.504  -10.111  -16.129 0.0000000000
73842  29.023  -13.503  -16.590 0.0000000000
79627  25.838  -8.871  -15.643 0.0000000000
80929  28.891  -7.117  -16.598 0.0000000000
90651  26.119  1.407  -18.709 0.0000000000
89651  28.316  0.798  -19.669 0.0000000000
67241  25.936  -19.590  -13.644 0.0000000000
86639  27.308  -2.679  -16.889 0.0000000000
88637  26.927  -1.008  -17.511 0.0000000000
74961  25.659  -12.749  -14.737 0.0000000000
72668  25.189  -14.523  -14.188 0.0000000000
74960  26.669  -12.998  -14.501 0.0000000000
64128  23.496  -22.219  -12.448 0.0000000000
80909  25.295  -7.589  -16.286 0.0000000000
80907  27.401  -7.709  -15.784 0.0000000000
82129  27.027  -6.662  -16.040 0.0000000000
85626  29.286  -3.730  -18.485 0.0000000000
83322  29.729  -5.563  -18.442 0.0000000000
92834  23.920  3.486  -19.373 0.0000000000
90654  23.546  0.738  -18.859 0.0000000000
91751  25.514  2.558  -19.124 0.0000000000
92880  26.723  3.197  -23.727 0.0000000000
91805  27.502  2.244  -22.749 0.0000000000
90686  28.240  1.637  -20.440 0.0000000000
89706  28.127  0.617  -22.136 0.0000000000
88701  28.528  -0.294  -21.281 0.0000000000
69277  26.689  -17.486  -14.585 0.0000000000
68211  25.407  -18.724  -13.458 0.0000000000
63050  22.254  -23.288  -11.706 0.0000000000
83296  26.780  -5.616  -16.284 0.0000000000
85587  26.766  -3.894  -16.453 0.0000000000
86638  28.287  -2.610  -17.357 0.0000000000
86670  29.117  -2.374  -19.710 0.0000000000
70423  23.847  -15.825  -14.322 0.0000000000
71527  24.480  -15.414  -14.055 0.0000000000
71526  25.658  -15.522  -13.840 0.0000000000
70421  27.262  -16.858  -15.163 0.0000000000
77372  27.465  -10.824  -14.998 0.0000000000
76183  27.973  -12.081  -14.955 0.0000000000
76198  29.366  -11.891  -16.288 0.0000000000
76186  24.703  -11.616  -15.838 0.0000000000
77392  24.211  -10.432  -16.777 0.0000000000
77373  26.279  -10.675  -15.096 0.0000000000
79625  27.494  -9.198  -15.359 0.0000000000
80905  29.250  -8.448  -16.375 0.0000000000
80953  29.638  -7.637  -18.157 0.0000000000
83307  28.822  -5.647  -16.848 0.0000000000
82158  29.642  -6.481  -18.605 0.0000000000
88650  25.274  -0.516  -18.249 0.0000000000
93894  27.383  3.525  -20.242 0.0000000000
91749  27.297  2.516  -19.632 0.0000000000
90650  26.920  1.195  -18.730 0.0000000000
88648  27.455  -0.411  -17.873 0.0000000000
88647  28.309  -0.362  -18.550 0.0000000000
87688  28.737  -1.162  -20.271 0.0000000000
67220  24.113  -20.015  -12.715 0.0000000000
69256  23.689  -17.603  -13.476 0.0000000000
73821  28.013  -13.806  -14.958 0.0000000000
71542  27.679  -16.011  -15.826 0.0000000000
86641  25.134  -2.594  -17.385 0.0000000000
87632  25.783  -1.629  -17.543 0.0000000000
76168  26.368  -12.245  -14.633 0.0000000000
61924  21.282  -24.244  -10.780 0.0000000000
61944  21.761  -24.120  -11.156 0.0000000000
64127  24.425  -22.257  -12.648 0.0000000000
80908  26.317  -7.458  -15.890 0.0000000000
82130  25.986  -6.581  -16.293 0.0000000000
84533  29.220  -4.356  -20.089 0.0000000000
92833  24.982  3.412  -19.313 0.0000000000
91753  23.398  2.492  -19.295 0.0000000000
91752  24.491  2.306  -19.147 0.0000000000
90710  27.788  1.392  -22.429 0.0000000000
89707  27.621  0.443  -22.805 0.0000000000
68232  26.671  -18.520  -14.617 0.0000000000
65150  23.026  -21.374  -12.471 0.0000000000
84471  26.259  -4.837  -16.482 0.0000000000
85588  25.962  -3.990  -16.482 0.0000000000
87630  27.672  -1.931  -17.349 0.0000000000
86656  29.057  -2.622  -18.362 0.0000000000
93898  24.485  4.436  -19.528 0.0000000000
71528  23.726  -15.310  -14.776 0.0000000000
72669  24.183  -14.494  -14.760 0.0000000000
72667  26.374  -14.828  -14.114 0.0000000000
71525  26.705  -16.106  -14.197 0.0000000000
71524  27.513  -15.866  -14.917 0.0000000000
61942  22.718  -24.065  -11.598 0.0000000000
77371  28.703  -10.942  -15.541 0.0000000000
77390  29.489  -10.989  -16.144 0.0000000000
74972  24.153  -12.496  -16.218 0.0000000000
78503  24.637  -9.363  -16.480 0.0000000000
77391  24.726  -9.958  -16.213 0.0000000000
77374  25.063  -10.550  -15.739 0.0000000000
78481  25.983  -9.750  -15.484 0.0000000000
78480  26.954  -9.880  -15.142 0.0000000000
79626  26.649  -9.053  -15.363 0.0000000000
80906  28.610  -7.905  -16.151 0.0000000000
80884  27.996  -8.578  -15.637 0.0000000000
80928  29.502  -7.878  -16.924 0.0000000000
84484  27.473  -5.178  -16.461 0.0000000000
83308  27.956  -5.505  -16.557 0.0000000000
80970  29.603  -7.610  -19.366 0.0000000000
90652  25.146  1.167  -18.589 0.0000000000
89635  23.878  0.204  -18.641 0.0000000000
89634  24.761  0.308  -18.491 0.0000000000
88651  24.360  -0.625  -18.533 0.0000000000
89633  25.733  0.383  -18.369 0.0000000000
92873  27.692  3.118  -22.439 0.0000000000
93936  27.521  3.645  -22.757 0.0000000000
92847  27.598  3.120  -20.401 0.0000000000
92846  27.747  2.857  -20.627 0.0000000000
89652  27.787  1.240  -19.331 0.0000000000
89631  27.684  0.648  -18.764 0.0000000000
89632  26.724  0.495  -18.281 0.0000000000
89630  28.271  0.222  -19.064 0.0000000000
88663  28.615  -0.281  -19.424 0.0000000000
88702  28.270  -0.855  -21.765 0.0000000000
87705  28.434  -1.473  -21.477 0.0000000000
86687  28.815  -2.389  -20.896 0.0000000000
67221  23.343  -19.919  -12.830 0.0000000000
70408  24.151  -16.508  -13.790 0.0000000000
69255  24.856  -17.672  -13.455 0.0000000000
67242  24.840  -19.775  -13.074 0.0000000000
74969  28.828  -12.756  -15.736 0.0000000000
74970  28.254  -13.107  -15.137 0.0000000000
73820  28.487  -13.942  -15.776 0.0000000000
85612  26.150  -3.327  -16.717 0.0000000000
86640  26.182  -2.610  -17.055 0.0000000000
87631  26.846  -1.757  -17.328 0.0000000000
87648  27.469  -1.292  -17.532 0.0000000000
73809  24.730  -13.521  -14.921 0.0000000000
73808  25.962  -13.741  -14.382 0.0000000000
73807  27.200  -14.052  -14.484 0.0000000000
63062  23.134  -22.831  -12.252 0.0000000000
63049  23.212  -23.450  -12.053 0.0000000000
63061  23.863  -22.924  -12.434 0.0000000000
63048  24.291  -23.602  -12.133 0.0000000000
78500  30.113  -10.013  -16.806 0.0000000000
77389  30.038  -10.991  -16.940 0.0000000000
79649  24.567  -8.395  -16.708 0.0000000000
79648  25.170  -8.635  -16.111 0.0000000000
80886  26.519  -8.264  -15.594 0.0000000000
80887  25.785  -8.139  -15.833 0.0000000000
82128  28.061  -6.840  -16.309 0.0000000000
84497  29.486  -4.420  -18.136 0.0000000000
84482  29.167  -4.876  -17.449 0.0000000000
84515  29.445  -4.488  -19.151 0.0000000000
83340  29.383  -4.943  -19.840 0.0000000000
91735  24.783  1.645  -18.843 0.0000000000
91733  25.858  2.044  -18.967 0.0000000000
91806  26.946  2.208  -23.455 0.0000000000
91791  27.976  2.310  -21.914 0.0000000000
91778  28.033  2.298  -21.067 0.0000000000
90693  28.359  1.467  -21.182 0.0000000000
89673  28.621  0.750  -20.724 0.0000000000
88684  28.682  -0.023  -20.261 0.0000000000
88721  28.349  0.148  -21.824 0.0000000000
88722  27.998  -0.412  -22.222 0.0000000000
69254  26.032  -17.863  -13.854 0.0000000000
68210  26.160  -18.836  -13.938 0.0000000000
63051  21.648  -23.654  -11.214 0.0000000000
64110  21.981  -22.834  -11.731 0.0000000000
64129  22.373  -22.411  -12.092 0.0000000000
83298  24.852  -6.059  -16.875 0.0000000000
83297  25.460  -5.599  -16.649 0.0000000000
84470  27.063  -4.611  -16.351 0.0000000000
84469  27.573  -4.033  -16.617 0.0000000000
86619  27.025  -3.259  -16.561 0.0000000000
85611  27.955  -3.520  -16.879 0.0000000000
85610  28.837  -3.742  -17.557 0.0000000000
85641  29.245  -3.495  -19.371 0.0000000000
85659  29.091  -3.410  -20.458 0.0000000000
93897  25.508  4.265  -19.544 0.0000000000
71515  25.130  -16.119  -13.758 0.0000000000
71514  25.955  -16.327  -13.847 0.0000000000
71513  26.331  -16.439  -14.026 0.0000000000
70422  26.764  -16.849  -14.495 0.0000000000
69276  27.025  -17.835  -15.234 0.0000000000
76167  27.184  -12.367  -14.622 0.0000000000
76182  28.780  -11.911  -15.555 0.0000000000
74984  29.224  -12.750  -16.460 0.0000000000
76197  29.805  -11.912  -17.049 0.0000000000
74983  29.487  -12.784  -17.307 0.0000000000
73822  24.421  -13.026  -15.586 0.0000000000
74971  24.853  -12.501  -15.380 0.0000000000
76185  25.588  -11.653  -15.016 0.0000000000
77375  24.487  -11.017  -16.190 0.0000000000
78479  27.926  -9.985  -15.332 0.0000000000
78478  28.691  -9.852  -15.626 0.0000000000
80885  27.213  -8.529  -15.475 0.0000000000
79647  28.983  -8.986  -15.844 0.0000000000
79646  29.816  -9.098  -16.727 0.0000000000
79668  29.966  -8.681  -17.847 0.0000000000
83295  27.580  -6.033  -16.365 0.0000000000
83294  28.231  -6.081  -16.545 0.0000000000
82140  28.711  -6.447  -16.653 0.0000000000
83306  29.467  -5.640  -17.694 0.0000000000
82139  29.334  -6.667  -17.288 0.0000000000
87649  25.546  -1.047  -17.933 0.0000000000
93896  26.374  4.072  -19.717 0.0000000000
93909  27.121  4.474  -20.441 0.0000000000
92831  26.759  3.238  -19.623 0.0000000000
91750  26.442  2.309  -19.181 0.0000000000
90669  26.698  1.650  -18.935 0.0000000000
91748  27.663  2.422  -19.932 0.0000000000
90668  27.259  1.644  -19.172 0.0000000000
88649  26.250  -0.572  -17.819 0.0000000000
87667  28.909  -1.304  -18.945 0.0000000000
66246  23.610  -20.586  -12.618 0.0000000000
66245  24.475  -20.519  -12.773 0.0000000000
68212  24.310  -18.581  -13.204 0.0000000000
67219  24.494  -20.111  -12.837 0.0000000000
74959  27.569  -12.970  -14.745 0.0000000000
72681  27.980  -14.924  -15.272 0.0000000000
72680  28.389  -14.770  -16.036 0.0000000000
70406  26.295  -16.863  -14.077 0.0000000000
72682  23.803  -14.204  -15.329 0.0000000000
76166  27.588  -12.458  -14.742 0.0000000000
78502  25.178  -9.506  -15.897 0.0000000000
79624  28.226  -9.301  -15.518 0.0000000000
83309  27.450  -5.566  -16.404 0.0000000000
84481  29.457  -5.189  -17.647 0.0000000000
84496  29.647  -5.084  -17.927 0.0000000000
84514  29.699  -4.995  -18.625 0.0000000000
85586  27.317  -3.678  -16.568 0.0000000000
85613  25.374  -3.534  -16.917 0.0000000000
86620  26.684  -3.000  -16.685 0.0000000000
87706  28.113  -1.227  -22.085 0.0000000000
88638  26.470  -1.232  -17.529 0.0000000000
89686  28.454  0.694  -21.521 0.0000000000
90667  27.832  1.850  -19.753 0.0000000000
90709  28.206  1.407  -21.805 0.0000000000
91734  25.324  1.863  -18.891 0.0000000000
91768  27.832  2.468  -20.371 0.0000000000
91769  27.564  2.762  -20.047 0.0000000000
92855  27.844  2.684  -20.766 0.0000000000
92874  27.339  3.107  -23.098 0.0000000000
93895  27.069  3.882  -20.049 0.0000000000
94996  26.731  4.593  -20.112 0.0000000000
