#!ascii label  , from subject 3081 vox2ras=TkReg
1218
89705  -42.248  9.534  12.346 0.0000000000
87908  -57.214  8.039  1.691 0.0000000000
96230  -46.079  18.274  10.379 0.0000000000
89750  -51.581  9.346  10.111 0.0000000000
89664  -50.399  10.427  16.818 0.0000000000
90750  -46.218  11.402  3.398 0.0000000000
97003  -48.232  19.428  2.667 0.0000000000
97647  -42.954  20.654  8.537 0.0000000000
85761  -43.370  5.625  18.149 0.0000000000
88744  -46.613  8.804  11.272 0.0000000000
89824  -48.209  8.909  6.111 0.0000000000
90692  -44.517  10.971  7.671 0.0000000000
97602  -50.380  20.112  12.861 0.0000000000
96273  -49.771  18.625  6.421 0.0000000000
97654  -50.647  21.190  8.061 0.0000000000
96270  -45.997  19.025  6.210 0.0000000000
98984  -46.307  22.816  10.765 0.0000000000
88913  -52.446  8.573  0.184 0.0000000000
92153  -38.897  12.764  14.164 0.0000000000
93554  -41.846  14.779  10.050 0.0000000000
91473  -57.184  11.257  11.040 0.0000000000
91425  -51.333  11.564  14.218 0.0000000000
89671  -45.735  9.235  15.697 0.0000000000
91361  -46.864  11.883  20.231 0.0000000000
89885  -50.701  9.713  1.427 0.0000000000
92286  -49.851  12.809  -1.776 0.0000000000
94219  -46.519  15.666  6.621 0.0000000000
94265  -47.730  15.905  2.361 0.0000000000
93631  -46.047  14.451  -0.482 0.0000000000
94264  -43.987  15.670  2.000 0.0000000000
94923  -42.132  15.992  5.077 0.0000000000
89726  -44.427  9.063  11.845 0.0000000000
89762  -44.993  9.239  9.964 0.0000000000
90662  -43.381  10.771  9.692 0.0000000000
98951  -51.285  21.856  13.113 0.0000000000
97626  -52.094  20.665  10.172 0.0000000000
98310  -50.520  21.854  12.005 0.0000000000
97623  -47.746  20.987  10.226 0.0000000000
88916  -55.630  8.898  0.582 0.0000000000
92843  -38.739  13.793  16.268 0.0000000000
93525  -40.355  14.722  14.211 0.0000000000
92141  -51.730  12.376  16.532 0.0000000000
90602  -48.843  10.546  15.285 0.0000000000
91389  -48.709  12.113  17.715 0.0000000000
88644  -45.428  8.993  20.000 0.0000000000
88641  -41.647  9.315  19.538 0.0000000000
88657  -38.691  8.475  17.342 0.0000000000
88630  -40.106  8.816  20.063 0.0000000000
89793  -52.131  8.920  7.399 0.0000000000
89836  -46.944  9.548  5.129 0.0000000000
89839  -49.294  9.139  4.095 0.0000000000
89867  -48.148  9.733  2.281 0.0000000000
90795  -50.364  11.538  -0.670 0.0000000000
91558  -47.936  11.755  0.345 0.0000000000
94889  -43.864  16.827  9.719 0.0000000000
94211  -44.500  15.609  8.298 0.0000000000
95561  -45.734  17.413  8.258 0.0000000000
96294  -50.512  19.474  4.435 0.0000000000
95596  -49.029  17.392  4.531 0.0000000000
95625  -48.563  17.800  2.215 0.0000000000
94278  -47.424  15.669  -0.259 0.0000000000
95631  -46.482  17.741  0.634 0.0000000000
94276  -44.887  15.119  0.560 0.0000000000
95611  -46.076  17.453  1.994 0.0000000000
96952  -44.290  19.656  7.632 0.0000000000
95584  -44.561  17.579  6.173 0.0000000000
96251  -42.629  18.612  7.359 0.0000000000
95582  -40.989  16.811  5.769 0.0000000000
96949  -41.087  19.308  7.189 0.0000000000
88763  -48.794  8.692  10.323 0.0000000000
88793  -50.292  8.398  8.267 0.0000000000
88790  -47.432  8.490  8.726 0.0000000000
89807  -46.360  9.475  6.845 0.0000000000
91508  -45.468  11.751  5.703 0.0000000000
96901  -47.927  19.446  11.977 0.0000000000
96240  -47.803  18.745  8.915 0.0000000000
96927  -50.434  19.393  9.857 0.0000000000
97655  -52.160  20.553  7.807 0.0000000000
96983  -49.520  20.516  5.249 0.0000000000
96994  -47.530  19.512  4.858 0.0000000000
96956  -48.037  20.052  6.906 0.0000000000
97650  -46.498  20.645  8.647 0.0000000000
98347  -44.435  21.755  9.291 0.0000000000
88911  -50.246  8.505  -0.013 0.0000000000
91423  -39.796  11.392  12.824 0.0000000000
91468  -41.730  11.718  10.695 0.0000000000
92868  -40.409  13.682  11.828 0.0000000000
94191  -41.934  15.908  12.167 0.0000000000
95537  -43.921  17.647  12.014 0.0000000000
95506  -43.523  17.366  14.848 0.0000000000
96200  -45.581  18.386  12.960 0.0000000000
90665  -54.572  11.180  10.289 0.0000000000
91440  -54.214  12.352  12.615 0.0000000000
90646  -51.688  10.470  12.050 0.0000000000
89711  -48.405  9.629  12.821 0.0000000000
89692  -46.777  8.822  13.619 0.0000000000
86685  -48.723  6.638  14.595 0.0000000000
84037  -45.931  4.203  15.954 0.0000000000
88677  -46.612  8.056  16.892 0.0000000000
90549  -48.627  11.480  19.366 0.0000000000
90568  -45.744  10.818  18.422 0.0000000000
88695  -41.239  8.456  14.288 0.0000000000
88873  -55.582  8.965  3.349 0.0000000000
88837  -50.754  8.564  5.501 0.0000000000
89855  -52.495  9.067  3.281 0.0000000000
89889  -55.053  9.842  1.435 0.0000000000
90798  -52.838  10.926  -0.780 0.0000000000
90809  -51.816  11.159  -1.649 0.0000000000
90806  -49.180  11.120  -2.164 0.0000000000
92205  -43.145  12.710  8.928 0.0000000000
92220  -45.065  12.783  6.822 0.0000000000
92915  -46.280  13.247  5.652 0.0000000000
95575  -47.902  17.646  6.464 0.0000000000
93588  -47.628  15.471  4.690 0.0000000000
92929  -46.713  13.858  3.246 0.0000000000
92950  -47.858  14.479  -0.222 0.0000000000
93639  -48.255  14.295  -2.016 0.0000000000
90791  -46.636  10.926  -0.802 0.0000000000
94938  -45.635  17.280  4.428 0.0000000000
94246  -43.036  15.499  3.657 0.0000000000
92914  -42.249  13.477  4.697 0.0000000000
93585  -41.387  14.392  5.466 0.0000000000
94223  -40.133  15.442  6.121 0.0000000000
89725  -43.444  9.589  11.452 0.0000000000
89745  -43.431  10.196  10.322 0.0000000000
90644  -42.367  10.570  10.782 0.0000000000
98964  -51.074  22.156  12.679 0.0000000000
98309  -49.557  22.109  12.043 0.0000000000
88918  -56.789  8.753  0.791 0.0000000000
90574  -51.187  11.634  17.170 0.0000000000
92132  -49.925  12.463  17.470 0.0000000000
91382  -50.232  12.038  18.427 0.0000000000
89616  -42.490  9.788  20.501 0.0000000000
88631  -41.042  9.168  20.089 0.0000000000
89764  -53.027  9.721  9.351 0.0000000000
89763  -51.985  9.114  8.758 0.0000000000
90742  -46.684  10.200  4.265 0.0000000000
89851  -47.713  9.679  3.426 0.0000000000
90759  -47.289  10.571  2.405 0.0000000000
90767  -48.137  10.603  0.986 0.0000000000
91540  -46.698  11.574  2.248 0.0000000000
95546  -45.397  17.807  10.208 0.0000000000
95554  -45.305  17.508  9.052 0.0000000000
95547  -45.897  18.040  9.680 0.0000000000
97709  -49.842  20.239  3.566 0.0000000000
96314  -49.539  18.346  3.035 0.0000000000
97023  -48.601  19.028  2.025 0.0000000000
96332  -47.417  18.210  0.879 0.0000000000
96331  -47.055  18.490  1.063 0.0000000000
95623  -46.450  18.185  1.294 0.0000000000
96311  -47.139  18.841  2.608 0.0000000000
96938  -43.446  20.035  8.230 0.0000000000
96252  -43.535  18.857  7.287 0.0000000000
96937  -42.540  19.858  8.144 0.0000000000
96950  -42.097  19.170  7.713 0.0000000000
97646  -41.919  20.339  8.301 0.0000000000
88745  -47.450  8.557  11.302 0.0000000000
88777  -48.129  8.388  9.529 0.0000000000
88761  -46.884  8.535  10.541 0.0000000000
89775  -44.667  10.146  8.187 0.0000000000
89792  -46.050  9.223  8.105 0.0000000000
89791  -45.341  9.901  7.421 0.0000000000
89806  -45.762  10.089  6.723 0.0000000000
90704  -44.971  10.847  6.931 0.0000000000
96902  -48.929  19.480  11.923 0.0000000000
96915  -49.062  19.221  10.869 0.0000000000
96904  -50.895  19.710  11.608 0.0000000000
98339  -51.695  21.255  9.850 0.0000000000
97641  -52.316  20.862  8.817 0.0000000000
98362  -51.554  21.250  8.038 0.0000000000
97680  -50.904  20.734  5.873 0.0000000000
97668  -49.914  20.780  7.187 0.0000000000
97678  -49.315  20.492  6.487 0.0000000000
97653  -49.608  20.912  8.179 0.0000000000
98335  -47.289  21.565  10.705 0.0000000000
97636  -47.106  20.821  9.415 0.0000000000
97621  -46.267  21.227  10.050 0.0000000000
97634  -45.074  21.200  9.191 0.0000000000
98348  -45.449  21.608  9.762 0.0000000000
88912  -51.338  8.610  0.121 0.0000000000
91422  -39.053  11.823  12.718 0.0000000000
92183  -39.629  12.771  11.844 0.0000000000
92858  -39.999  13.378  12.872 0.0000000000
94181  -40.867  15.384  13.959 0.0000000000
93531  -41.065  15.388  12.754 0.0000000000
94183  -42.108  15.879  13.114 0.0000000000
94878  -42.772  16.434  11.874 0.0000000000
94864  -43.298  16.896  13.447 0.0000000000
96187  -43.159  18.148  15.267 0.0000000000
95512  -45.015  17.975  13.793 0.0000000000
96192  -45.207  18.504  14.412 0.0000000000
96881  -46.807  19.380  13.601 0.0000000000
96876  -45.629  19.307  14.504 0.0000000000
91482  -56.082  11.569  8.854 0.0000000000
91471  -56.051  11.867  10.274 0.0000000000
92166  -54.301  13.149  14.230 0.0000000000
91427  -52.887  12.672  13.869 0.0000000000
90628  -52.296  11.154  12.495 0.0000000000
90614  -51.254  11.153  13.601 0.0000000000
89713  -50.422  10.181  12.404 0.0000000000
90625  -50.050  10.436  13.536 0.0000000000
89673  -47.765  10.222  15.747 0.0000000000
89682  -46.930  9.124  14.810 0.0000000000
89681  -45.782  9.014  14.301 0.0000000000
85768  -44.668  5.526  16.843 0.0000000000
88664  -45.670  8.167  17.790 0.0000000000
89631  -47.334  10.346  19.569 0.0000000000
89652  -47.683  9.542  17.859 0.0000000000
90548  -47.966  11.191  19.859 0.0000000000
92116  -47.168  12.404  19.357 0.0000000000
91378  -46.080  11.756  19.178 0.0000000000
89669  -39.961  9.186  14.616 0.0000000000
88683  -40.197  8.661  15.205 0.0000000000
87868  -56.555  8.440  4.135 0.0000000000
88804  -49.467  8.461  7.465 0.0000000000
88805  -50.458  8.567  7.304 0.0000000000
88836  -49.743  8.500  5.599 0.0000000000
89869  -50.138  9.324  2.477 0.0000000000
89854  -50.581  8.952  3.436 0.0000000000
89871  -52.481  9.274  2.564 0.0000000000
89872  -53.579  9.320  2.391 0.0000000000
89887  -52.961  9.792  1.402 0.0000000000
90785  -54.418  10.665  0.177 0.0000000000
89901  -52.399  10.249  0.586 0.0000000000
91567  -49.977  12.224  -1.425 0.0000000000
91568  -50.926  11.652  -1.234 0.0000000000
91577  -50.358  12.131  -1.805 0.0000000000
90807  -50.102  11.116  -2.101 0.0000000000
92306  -50.003  12.643  -2.275 0.0000000000
92886  -41.840  13.575  9.688 0.0000000000
92204  -42.479  12.658  9.551 0.0000000000
92887  -42.935  13.574  9.097 0.0000000000
94218  -45.540  15.573  7.428 0.0000000000
93568  -44.990  14.488  7.450 0.0000000000
93569  -45.964  14.608  6.756 0.0000000000
92221  -45.691  13.232  6.378 0.0000000000
93577  -46.245  14.144  6.380 0.0000000000
96255  -48.896  18.498  7.780 0.0000000000
96271  -48.045  18.598  7.012 0.0000000000
96272  -48.810  18.506  6.745 0.0000000000
94951  -47.951  16.724  3.422 0.0000000000
94940  -48.049  16.887  4.358 0.0000000000
94247  -47.872  15.956  4.218 0.0000000000
93595  -47.070  14.698  4.246 0.0000000000
93612  -47.216  14.613  2.303 0.0000000000
92938  -46.770  13.849  2.037 0.0000000000
93621  -47.434  15.041  0.984 0.0000000000
94283  -46.730  15.192  -0.914 0.0000000000
94284  -48.018  15.357  -1.172 0.0000000000
93637  -47.025  14.336  -1.458 0.0000000000
92292  -47.239  12.606  -1.640 0.0000000000
92282  -46.530  13.166  -0.600 0.0000000000
91556  -46.181  11.468  -0.366 0.0000000000
92949  -45.762  13.524  0.120 0.0000000000
94269  -43.951  14.818  1.537 0.0000000000
93611  -44.062  13.720  1.714 0.0000000000
96980  -47.150  19.469  5.520 0.0000000000
95594  -46.154  18.262  4.231 0.0000000000
96289  -46.146  18.527  5.061 0.0000000000
94911  -43.447  16.670  6.158 0.0000000000
94237  -44.295  16.355  5.691 0.0000000000
94935  -42.506  15.467  4.601 0.0000000000
94245  -42.478  15.137  4.026 0.0000000000
94235  -41.989  15.115  4.895 0.0000000000
92913  -41.824  13.448  5.288 0.0000000000
94234  -41.149  15.351  5.086 0.0000000000
95570  -40.495  17.181  6.063 0.0000000000
94909  -40.516  16.657  5.795 0.0000000000
94908  -39.951  16.319  6.037 0.0000000000
94222  -39.637  15.566  6.718 0.0000000000
89727  -45.412  8.837  11.800 0.0000000000
88759  -45.503  9.143  10.337 0.0000000000
89746  -44.264  9.459  10.628 0.0000000000
89761  -44.274  10.032  9.376 0.0000000000
90676  -43.711  10.996  8.961 0.0000000000
96905  -51.733  19.967  11.525 0.0000000000
98312  -51.799  21.147  12.065 0.0000000000
98326  -51.767  21.102  11.100 0.0000000000
98338  -50.890  21.407  9.723 0.0000000000
97638  -49.283  21.097  9.194 0.0000000000
97612  -49.474  21.338  10.767 0.0000000000
98336  -48.259  21.445  10.918 0.0000000000
88914  -53.598  8.930  0.099 0.0000000000
92849  -38.811  13.215  14.872 0.0000000000
92154  -39.282  13.446  13.996 0.0000000000
92847  -39.388  14.059  15.628 0.0000000000
92147  -51.235  12.390  15.863 0.0000000000
90603  -49.606  11.046  15.061 0.0000000000
91406  -49.920  11.652  15.928 0.0000000000
90581  -48.230  11.269  16.759 0.0000000000
90589  -47.231  10.473  16.797 0.0000000000
86663  -44.103  6.805  18.216 0.0000000000
89608  -46.495  10.392  21.249 0.0000000000
88649  -41.295  8.617  18.610 0.0000000000
88658  -39.734  8.262  17.331 0.0000000000
88648  -40.221  8.395  18.416 0.0000000000
88639  -39.649  8.505  19.251 0.0000000000
89823  -47.655  9.137  5.685 0.0000000000
88853  -49.042  8.865  4.858 0.0000000000
89838  -48.407  9.220  4.185 0.0000000000
89852  -48.665  9.350  3.280 0.0000000000
89884  -49.650  9.723  1.614 0.0000000000
90781  -50.544  10.548  0.226 0.0000000000
90768  -49.335  10.197  0.789 0.0000000000
90779  -48.391  11.292  0.145 0.0000000000
92276  -48.766  12.476  -0.774 0.0000000000
94204  -43.041  15.718  9.681 0.0000000000
94210  -43.602  15.261  9.024 0.0000000000
94205  -43.864  16.065  9.065 0.0000000000
94212  -45.226  16.129  7.875 0.0000000000
94903  -46.405  16.612  7.040 0.0000000000
96284  -50.627  19.289  5.339 0.0000000000
95577  -49.448  18.105  5.710 0.0000000000
95597  -49.865  18.018  4.337 0.0000000000
95615  -49.456  17.738  3.229 0.0000000000
94959  -47.970  16.712  2.398 0.0000000000
94273  -47.682  15.691  1.496 0.0000000000
94968  -47.882  16.614  1.186 0.0000000000
94972  -47.026  16.666  0.288 0.0000000000
94277  -45.754  15.661  0.063 0.0000000000
93626  -45.400  14.428  0.311 0.0000000000
94271  -45.207  16.250  0.511 0.0000000000
94966  -45.038  16.667  1.051 0.0000000000
94958  -45.117  16.905  2.017 0.0000000000
96953  -45.420  19.809  7.443 0.0000000000
96269  -45.352  18.787  6.489 0.0000000000
96268  -44.350  18.522  6.751 0.0000000000
95573  -43.783  17.462  6.512 0.0000000000
95572  -42.774  17.337  6.442 0.0000000000
95583  -41.579  16.630  5.590 0.0000000000
96266  -42.143  17.888  6.865 0.0000000000
96250  -41.606  18.512  7.163 0.0000000000
96249  -40.744  18.528  6.592 0.0000000000
88764  -49.931  8.694  10.356 0.0000000000
88780  -51.014  8.719  9.073 0.0000000000
88778  -49.101  8.551  9.407 0.0000000000
88791  -48.367  8.341  8.587 0.0000000000
88802  -47.632  8.349  7.796 0.0000000000
88788  -45.939  8.927  9.207 0.0000000000
88801  -46.767  8.689  7.889 0.0000000000
89808  -47.240  8.964  6.448 0.0000000000
89822  -46.784  9.463  5.903 0.0000000000
90733  -46.354  9.994  5.325 0.0000000000
91516  -45.803  11.649  5.067 0.0000000000
96223  -46.602  18.734  10.976 0.0000000000
96231  -46.621  18.560  9.906 0.0000000000
96225  -48.149  19.194  10.495 0.0000000000
96939  -49.762  19.264  9.147 0.0000000000
96243  -50.461  19.117  8.072 0.0000000000
96918  -52.010  20.026  10.374 0.0000000000
96941  -51.326  19.528  8.406 0.0000000000
96258  -51.472  19.329  6.938 0.0000000000
96973  -51.368  20.136  6.078 0.0000000000
97703  -50.225  20.445  4.192 0.0000000000
96996  -48.710  20.213  4.047 0.0000000000
96301  -47.939  19.405  3.186 0.0000000000
96982  -48.786  20.261  5.086 0.0000000000
96981  -48.001  19.766  5.420 0.0000000000
96955  -47.215  19.936  7.049 0.0000000000
97652  -48.532  20.743  8.348 0.0000000000
97665  -46.878  20.244  7.849 0.0000000000
96954  -46.294  19.904  7.209 0.0000000000
97663  -45.095  20.276  8.081 0.0000000000
97648  -44.299  20.774  8.784 0.0000000000
98360  -43.476  21.637  8.903 0.0000000000
90622  -40.866  10.549  12.494 0.0000000000
90643  -41.809  10.930  11.157 0.0000000000
91454  -40.062  11.873  11.528 0.0000000000
92193  -40.516  13.057  10.651 0.0000000000
93545  -41.379  14.515  10.899 0.0000000000
92859  -40.332  14.112  12.940 0.0000000000
93538  -41.035  15.069  11.917 0.0000000000
93546  -41.611  15.368  10.975 0.0000000000
94887  -42.780  16.361  11.091 0.0000000000
94880  -43.898  17.118  10.643 0.0000000000
95539  -45.172  17.932  11.159 0.0000000000
94857  -43.161  16.800  14.292 0.0000000000
95517  -44.002  17.357  13.296 0.0000000000
96199  -45.145  17.922  12.801 0.0000000000
96211  -45.589  18.508  12.021 0.0000000000
96212  -46.484  19.071  11.970 0.0000000000
96888  -47.843  19.319  12.974 0.0000000000
96883  -48.347  19.495  13.652 0.0000000000
90679  -53.930  10.506  9.589 0.0000000000
89751  -52.601  10.014  10.512 0.0000000000
91441  -54.903  11.840  12.488 0.0000000000
91459  -56.061  11.964  11.511 0.0000000000
91457  -53.918  11.722  11.937 0.0000000000
90647  -52.643  10.974  11.710 0.0000000000
89733  -52.013  9.974  11.262 0.0000000000
89732  -50.528  9.645  11.478 0.0000000000
89731  -49.034  9.411  11.860 0.0000000000
89730  -47.966  9.007  12.018 0.0000000000
89694  -48.905  9.992  13.927 0.0000000000
89710  -47.383  9.225  12.785 0.0000000000
89709  -46.517  8.945  12.616 0.0000000000
88741  -44.986  8.640  12.280 0.0000000000
84039  -47.113  3.729  15.513 0.0000000000
86667  -45.151  6.851  17.091 0.0000000000
86676  -46.050  6.336  16.089 0.0000000000
85779  -46.983  5.584  15.271 0.0000000000
87710  -47.847  7.399  15.533 0.0000000000
88679  -48.333  8.766  16.652 0.0000000000
89654  -49.393  10.391  17.563 0.0000000000
92119  -49.268  12.393  18.858 0.0000000000
91387  -47.182  11.785  18.275 0.0000000000
89660  -46.030  10.035  17.081 0.0000000000
89689  -41.364  9.499  13.104 0.0000000000
89688  -40.622  9.830  13.331 0.0000000000
90599  -39.378  10.704  13.777 0.0000000000
90598  -38.690  10.929  14.293 0.0000000000
91403  -38.308  11.696  15.259 0.0000000000
87847  -57.375  7.587  4.393 0.0000000000
87870  -57.914  7.778  3.195 0.0000000000
88889  -57.119  8.941  2.116 0.0000000000
88794  -51.267  8.625  8.065 0.0000000000
88821  -51.538  8.855  6.359 0.0000000000
88854  -49.962  8.678  4.737 0.0000000000
88856  -52.009  8.816  4.664 0.0000000000
88857  -52.685  9.159  4.702 0.0000000000
89857  -54.136  8.936  3.385 0.0000000000
89874  -55.576  9.504  2.270 0.0000000000
89876  -57.027  9.391  1.342 0.0000000000
90787  -55.517  9.974  0.707 0.0000000000
89920  -54.640  10.193  -0.231 0.0000000000
89919  -53.529  10.014  -0.609 0.0000000000
90797  -52.256  11.262  -0.678 0.0000000000
91579  -52.151  11.273  -1.300 0.0000000000
89918  -52.249  10.324  -1.259 0.0000000000
89917  -51.019  9.937  -1.354 0.0000000000
89916  -49.895  9.775  -1.236 0.0000000000
89914  -48.074  9.510  -1.077 0.0000000000
90660  -42.128  11.129  10.486 0.0000000000
90675  -43.241  11.296  9.441 0.0000000000
91490  -43.924  11.933  8.236 0.0000000000
92893  -43.695  13.592  8.487 0.0000000000
92213  -44.407  12.785  7.637 0.0000000000
91491  -44.447  11.921  7.576 0.0000000000
92227  -45.152  12.268  6.541 0.0000000000
92228  -45.673  12.697  6.073 0.0000000000
92243  -45.939  12.432  4.365 0.0000000000
96253  -47.289  18.375  8.366 0.0000000000
95574  -47.018  17.415  6.787 0.0000000000
94913  -47.245  16.564  6.440 0.0000000000
94915  -48.567  17.310  5.670 0.0000000000
94227  -47.787  16.196  5.553 0.0000000000
94238  -47.281  15.239  5.565 0.0000000000
93587  -47.219  14.902  5.100 0.0000000000
92922  -46.637  14.008  4.184 0.0000000000
92253  -46.223  12.784  3.289 0.0000000000
92261  -46.653  12.648  1.997 0.0000000000
92284  -48.511  13.461  -0.896 0.0000000000
93627  -47.782  14.963  -0.085 0.0000000000
93633  -48.471  14.632  -1.224 0.0000000000
92964  -48.947  13.773  -2.156 0.0000000000
92303  -48.346  12.613  -2.389 0.0000000000
90804  -47.684  11.243  -1.512 0.0000000000
92943  -45.285  13.371  0.872 0.0000000000
96300  -47.124  18.696  3.693 0.0000000000
94950  -45.998  17.431  3.712 0.0000000000
94948  -44.046  16.330  3.038 0.0000000000
94926  -45.331  17.427  5.168 0.0000000000
94937  -44.477  16.566  4.242 0.0000000000
94253  -43.207  15.319  3.001 0.0000000000
93601  -42.949  14.270  3.573 0.0000000000
92921  -42.651  13.471  4.120 0.0000000000
92234  -42.103  12.543  5.123 0.0000000000
94922  -40.795  16.193  5.390 0.0000000000
94233  -40.555  15.378  5.595 0.0000000000
99000  -42.442  22.367  8.458 0.0000000000
98999  -41.544  21.696  7.713 0.0000000000
98370  -41.183  21.040  6.694 0.0000000000
97661  -40.373  19.369  6.270 0.0000000000
96965  -39.870  19.105  5.425 0.0000000000
89724  -42.692  9.998  11.102 0.0000000000
90624  -42.098  10.279  11.468 0.0000000000
88903  -57.038  8.587  1.116 0.0000000000
89675  -50.552  10.209  16.204 0.0000000000
90593  -51.120  10.935  16.234 0.0000000000
90583  -50.796  11.011  16.826 0.0000000000
91383  -50.637  11.988  17.913 0.0000000000
90562  -50.296  11.586  18.084 0.0000000000
89605  -43.197  10.247  21.113 0.0000000000
90741  -45.905  11.005  3.792 0.0000000000
90751  -46.577  10.947  3.113 0.0000000000
90758  -46.817  11.010  2.469 0.0000000000
91532  -46.381  11.865  2.962 0.0000000000
97004  -48.921  19.648  3.306 0.0000000000
97013  -49.111  19.067  2.706 0.0000000000
97012  -48.396  19.295  2.304 0.0000000000
96321  -47.945  18.962  1.413 0.0000000000
96312  -47.746  19.370  2.158 0.0000000000
96320  -47.145  18.797  1.658 0.0000000000
89790  -44.832  10.429  7.537 0.0000000000
96890  -49.714  19.801  12.716 0.0000000000
96903  -49.908  19.574  11.746 0.0000000000
96891  -50.567  19.908  12.359 0.0000000000
98350  -51.278  21.486  8.903 0.0000000000
98351  -52.058  21.354  8.757 0.0000000000
97669  -50.977  20.839  7.111 0.0000000000
97622  -46.722  21.079  10.134 0.0000000000
98334  -46.182  21.691  10.326 0.0000000000
98349  -45.850  21.403  9.928 0.0000000000
88898  -52.916  8.349  0.669 0.0000000000
87919  -52.145  8.114  0.926 0.0000000000
92162  -38.800  12.440  13.026 0.0000000000
92163  -39.361  13.136  13.399 0.0000000000
94175  -41.569  15.528  14.331 0.0000000000
94182  -41.399  15.566  13.418 0.0000000000
94176  -42.134  15.836  13.981 0.0000000000
94872  -42.702  16.433  12.793 0.0000000000
94863  -42.585  16.449  13.690 0.0000000000
96193  -45.869  18.768  14.183 0.0000000000
91472  -56.709  11.764  10.666 0.0000000000
91426  -52.179  11.737  13.776 0.0000000000
90626  -50.654  10.540  13.097 0.0000000000
90613  -50.534  11.086  13.972 0.0000000000
89672  -47.020  9.978  16.017 0.0000000000
88688  -45.331  8.821  14.965 0.0000000000
85762  -43.915  5.553  17.408 0.0000000000
89620  -46.726  10.387  20.402 0.0000000000
90547  -47.403  10.858  20.372 0.0000000000
90539  -47.406  11.456  20.305 0.0000000000
92110  -47.021  12.270  19.732 0.0000000000
91369  -46.032  11.694  19.789 0.0000000000
88673  -41.619  8.156  16.544 0.0000000000
88672  -40.471  8.133  16.352 0.0000000000
89827  -54.207  9.194  5.273 0.0000000000
88818  -48.598  8.632  6.665 0.0000000000
88819  -49.579  8.514  6.516 0.0000000000
88835  -48.633  8.815  5.697 0.0000000000
89870  -51.379  9.161  2.679 0.0000000000
89886  -51.881  9.652  1.525 0.0000000000
91576  -50.062  12.674  -1.817 0.0000000000
92296  -50.183  12.555  -2.108 0.0000000000
92295  -49.839  13.092  -2.021 0.0000000000
93555  -42.837  14.544  9.362 0.0000000000
93570  -46.646  15.137  6.315 0.0000000000
96256  -49.760  18.814  7.447 0.0000000000
94255  -47.831  15.935  3.335 0.0000000000
93604  -47.491  15.263  3.332 0.0000000000
93613  -47.491  15.196  2.432 0.0000000000
93622  -47.523  15.139  1.788 0.0000000000
94290  -46.913  14.794  -1.296 0.0000000000
93632  -46.537  14.431  -1.060 0.0000000000
92955  -46.635  13.666  -1.090 0.0000000000
92954  -46.293  13.672  -0.530 0.0000000000
92273  -46.184  12.582  -0.141 0.0000000000
93610  -43.785  14.156  1.875 0.0000000000
94263  -43.604  14.976  1.939 0.0000000000
93602  -43.418  14.254  2.829 0.0000000000
96282  -46.446  18.961  5.627 0.0000000000
94924  -43.545  16.384  5.247 0.0000000000
89747  -45.227  9.163  10.928 0.0000000000
89760  -43.713  10.492  9.613 0.0000000000
97599  -51.501  20.960  12.808 0.0000000000
98952  -51.487  21.500  12.919 0.0000000000
98311  -51.349  21.561  11.980 0.0000000000
98325  -50.782  21.369  10.855 0.0000000000
97613  -49.794  21.298  10.667 0.0000000000
98324  -49.614  21.462  11.224 0.0000000000
98977  -48.713  22.440  11.921 0.0000000000
98323  -48.798  21.747  11.514 0.0000000000
98322  -47.909  21.948  11.467 0.0000000000
88901  -55.722  8.403  1.100 0.0000000000
88900  -54.764  8.404  0.969 0.0000000000
88915  -54.629  9.043  0.405 0.0000000000
92846  -38.861  13.463  15.425 0.0000000000
92140  -50.874  12.418  16.542 0.0000000000
91407  -50.693  12.073  15.767 0.0000000000
91399  -50.314  12.184  16.409 0.0000000000
92131  -49.287  12.361  17.786 0.0000000000
91397  -48.899  11.711  16.925 0.0000000000
91396  -48.202  11.722  17.222 0.0000000000
90580  -47.589  11.188  17.146 0.0000000000
89627  -42.503  9.761  19.782 0.0000000000
88642  -42.175  9.518  19.376 0.0000000000
88650  -42.265  9.202  18.781 0.0000000000
89837  -47.571  9.374  4.570 0.0000000000
89868  -49.123  9.501  2.427 0.0000000000
89883  -48.795  9.841  1.575 0.0000000000
91550  -47.169  11.533  1.383 0.0000000000
91559  -48.548  11.884  -0.388 0.0000000000
94896  -45.091  16.748  8.221 0.0000000000
94902  -45.755  16.704  7.710 0.0000000000
96293  -50.248  18.623  4.722 0.0000000000
96303  -50.122  18.751  3.719 0.0000000000
96313  -48.984  18.497  2.570 0.0000000000
95614  -49.018  17.748  2.790 0.0000000000
95613  -48.416  17.267  2.614 0.0000000000
95624  -48.173  17.724  1.528 0.0000000000
95632  -47.499  17.361  0.689 0.0000000000
94971  -45.751  16.870  0.302 0.0000000000
95622  -45.717  17.508  1.132 0.0000000000
94965  -44.514  16.005  1.547 0.0000000000
96966  -45.062  19.236  7.039 0.0000000000
96267  -43.199  18.148  6.836 0.0000000000
96935  -41.403  19.672  7.573 0.0000000000
88803  -48.547  8.415  7.637 0.0000000000
88774  -45.682  9.032  9.806 0.0000000000
88816  -47.072  8.627  7.124 0.0000000000
90719  -45.810  10.530  5.929 0.0000000000
90732  -45.890  10.769  4.763 0.0000000000
96213  -47.109  19.233  11.607 0.0000000000
96224  -47.425  19.144  10.832 0.0000000000
96914  -48.303  19.264  11.233 0.0000000000
96916  -50.177  19.407  10.801 0.0000000000
96926  -49.428  19.346  9.876 0.0000000000
96940  -50.498  19.408  8.892 0.0000000000
97614  -51.955  20.562  11.324 0.0000000000
96943  -52.318  20.533  8.413 0.0000000000
96930  -52.290  20.327  8.999 0.0000000000
96942  -52.028  20.022  8.221 0.0000000000
96957  -51.585  19.538  7.568 0.0000000000
96958  -51.863  19.908  7.111 0.0000000000
96275  -51.408  19.625  6.466 0.0000000000
97690  -50.126  20.613  4.940 0.0000000000
97702  -49.546  20.458  3.988 0.0000000000
97689  -49.348  20.508  4.598 0.0000000000
96970  -48.575  20.143  6.172 0.0000000000
96969  -47.619  19.751  6.255 0.0000000000
97637  -48.194  20.883  9.348 0.0000000000
97651  -47.497  20.624  8.524 0.0000000000
97664  -45.948  20.267  7.974 0.0000000000
97633  -44.613  21.228  9.115 0.0000000000
98361  -44.071  21.354  9.055 0.0000000000
98346  -43.894  21.913  9.171 0.0000000000
87917  -50.303  7.955  0.681 0.0000000000
88910  -49.210  8.468  -0.050 0.0000000000
91436  -40.343  11.177  12.315 0.0000000000
91437  -40.940  10.899  12.076 0.0000000000
92184  -40.003  12.709  11.022 0.0000000000
92875  -40.371  13.329  10.896 0.0000000000
92876  -41.060  13.624  10.603 0.0000000000
92869  -40.993  14.221  11.310 0.0000000000
92852  -39.746  13.999  13.725 0.0000000000
92853  -40.278  14.446  13.503 0.0000000000
94190  -41.493  15.596  12.658 0.0000000000
93539  -41.636  15.609  11.573 0.0000000000
94203  -42.371  15.835  10.535 0.0000000000
94197  -42.158  15.943  11.342 0.0000000000
94873  -43.423  17.140  12.491 0.0000000000
94879  -43.489  16.983  11.400 0.0000000000
95538  -44.407  17.595  11.377 0.0000000000
94852  -42.986  16.716  15.067 0.0000000000
95510  -43.869  17.166  14.067 0.0000000000
95519  -45.228  18.023  13.284 0.0000000000
95518  -44.719  17.691  13.144 0.0000000000
96210  -45.216  18.118  12.369 0.0000000000
96201  -46.280  18.944  12.872 0.0000000000
96887  -47.018  19.526  12.933 0.0000000000
96882  -47.628  19.292  13.668 0.0000000000
96879  -48.004  19.254  14.154 0.0000000000
90696  -56.395  11.445  7.401 0.0000000000
91470  -55.421  11.467  9.851 0.0000000000
90680  -54.941  10.894  9.160 0.0000000000
90664  -53.791  10.796  10.636 0.0000000000
92174  -54.318  12.855  13.503 0.0000000000
91429  -54.585  12.505  13.755 0.0000000000
91458  -54.996  11.766  11.321 0.0000000000
89712  -49.706  9.958  12.841 0.0000000000
90611  -49.190  10.415  14.627 0.0000000000
89684  -48.746  10.179  14.690 0.0000000000
89693  -47.828  9.229  13.849 0.0000000000
89708  -45.798  8.819  12.406 0.0000000000
89691  -45.885  8.796  13.209 0.0000000000
87712  -49.176  8.062  14.954 0.0000000000
84026  -45.708  3.706  16.190 0.0000000000
84027  -46.615  3.225  15.966 0.0000000000
84028  -47.524  3.014  15.991 0.0000000000
84038  -46.292  3.975  15.743 0.0000000000
88652  -44.818  8.026  18.899 0.0000000000
87695  -44.687  7.495  18.304 0.0000000000
87696  -45.303  7.805  17.900 0.0000000000
88665  -46.423  8.540  17.588 0.0000000000
87702  -46.056  7.284  16.625 0.0000000000
86671  -46.206  6.850  16.275 0.0000000000
86677  -46.619  6.551  15.748 0.0000000000
86678  -47.507  6.496  15.265 0.0000000000
88678  -47.130  8.353  16.752 0.0000000000
89642  -48.066  10.283  18.698 0.0000000000
88667  -48.042  9.269  17.358 0.0000000000
89643  -48.744  10.458  18.358 0.0000000000
89662  -48.912  9.528  16.833 0.0000000000
90571  -49.270  10.657  18.155 0.0000000000
91373  -49.659  12.128  18.880 0.0000000000
91372  -48.966  12.144  19.372 0.0000000000
91379  -46.788  12.088  18.818 0.0000000000
92123  -47.470  12.455  18.969 0.0000000000
90569  -46.539  11.327  18.198 0.0000000000
90579  -46.802  10.714  17.430 0.0000000000
90578  -46.155  10.628  17.832 0.0000000000
88696  -42.255  8.395  14.604 0.0000000000
88710  -42.149  8.755  13.506 0.0000000000
88709  -41.334  9.021  13.575 0.0000000000
88708  -40.946  9.325  13.478 0.0000000000
89680  -39.825  9.779  14.114 0.0000000000
88671  -39.294  8.509  16.228 0.0000000000
89666  -37.994  10.400  15.726 0.0000000000
90588  -38.436  10.978  14.938 0.0000000000
90587  -38.137  10.932  15.483 0.0000000000
92145  -38.227  12.171  15.541 0.0000000000
86839  -57.670  6.424  4.703 0.0000000000
88860  -56.003  8.291  3.969 0.0000000000
87869  -57.006  8.400  3.945 0.0000000000
88874  -56.406  8.741  3.280 0.0000000000
88875  -57.078  8.472  2.917 0.0000000000
88888  -56.710  8.866  2.586 0.0000000000
88820  -50.592  8.676  6.404 0.0000000000
89840  -50.090  9.067  4.057 0.0000000000
88884  -51.830  8.887  3.304 0.0000000000
88869  -51.511  8.756  3.700 0.0000000000
88870  -52.335  8.904  3.817 0.0000000000
88871  -52.817  9.145  4.183 0.0000000000
89842  -54.051  9.148  4.501 0.0000000000
89856  -53.118  9.151  3.609 0.0000000000
89888  -54.056  10.074  1.160 0.0000000000
89873  -54.749  9.394  2.490 0.0000000000
89890  -55.784  9.786  1.362 0.0000000000
89891  -56.231  9.810  1.016 0.0000000000
90772  -55.407  10.047  1.016 0.0000000000
90784  -53.748  10.988  0.008 0.0000000000
90800  -54.741  10.402  0.021 0.0000000000
90799  -54.068  10.668  -0.238 0.0000000000
90782  -51.837  10.786  -0.020 0.0000000000
90796  -51.364  11.322  -0.583 0.0000000000
91578  -51.352  11.406  -1.433 0.0000000000
90810  -52.295  10.998  -1.474 0.0000000000
89931  -52.055  10.860  -1.624 0.0000000000
89930  -51.531  10.748  -1.671 0.0000000000
89928  -49.549  10.400  -1.682 0.0000000000
89915  -48.890  9.612  -1.164 0.0000000000
89927  -48.591  10.209  -1.520 0.0000000000
91479  -42.891  11.875  9.500 0.0000000000
91480  -43.402  11.912  8.880 0.0000000000
93561  -43.656  14.490  8.716 0.0000000000
93562  -44.270  14.480  8.005 0.0000000000
92900  -45.081  13.662  7.173 0.0000000000
92894  -44.321  13.629  7.792 0.0000000000
91500  -44.884  11.762  6.996 0.0000000000
92236  -46.224  12.759  5.180 0.0000000000
96239  -47.004  18.373  8.943 0.0000000000
95563  -47.333  18.201  6.997 0.0000000000
95587  -49.614  18.034  5.064 0.0000000000
95586  -49.024  17.555  5.417 0.0000000000
94928  -48.461  17.155  5.280 0.0000000000
94239  -47.744  15.794  5.128 0.0000000000
94927  -48.069  16.619  5.194 0.0000000000
94226  -47.361  15.670  5.999 0.0000000000
92244  -46.332  13.248  4.211 0.0000000000
92944  -47.339  13.754  0.607 0.0000000000
92951  -48.126  13.979  -0.541 0.0000000000
94272  -47.803  16.094  0.550 0.0000000000
94279  -47.977  15.354  -0.621 0.0000000000
94292  -48.108  14.884  -1.715 0.0000000000
94285  -48.301  14.926  -1.468 0.0000000000
93634  -48.415  14.417  -1.687 0.0000000000
92957  -48.677  13.884  -1.708 0.0000000000
92975  -49.144  13.242  -2.347 0.0000000000
92973  -48.116  13.006  -2.474 0.0000000000
91565  -46.655  11.590  -1.064 0.0000000000
91573  -47.435  11.739  -1.551 0.0000000000
90792  -47.080  10.593  -1.072 0.0000000000
90793  -47.548  10.182  -1.261 0.0000000000
90777  -46.479  10.505  -0.299 0.0000000000
93625  -45.093  14.912  0.435 0.0000000000
93620  -45.020  13.876  0.960 0.0000000000
92937  -44.254  13.212  1.775 0.0000000000
96291  -47.729  19.223  4.175 0.0000000000
94939  -46.049  17.724  3.900 0.0000000000
94949  -45.599  17.068  3.169 0.0000000000
96280  -45.009  18.248  6.151 0.0000000000
95585  -45.121  17.794  5.605 0.0000000000
94936  -43.213  15.848  4.178 0.0000000000
94947  -43.368  15.751  3.467 0.0000000000
93586  -42.113  14.340  4.807 0.0000000000
92235  -42.424  12.661  4.564 0.0000000000
92906  -41.581  13.384  5.990 0.0000000000
93576  -41.258  13.958  6.132 0.0000000000
94921  -40.247  15.841  5.660 0.0000000000
93574  -40.027  15.022  6.606 0.0000000000
99008  -41.388  21.972  6.599 0.0000000000
98358  -41.443  20.736  7.679 0.0000000000
97677  -40.764  20.477  5.668 0.0000000000
97676  -40.409  19.654  5.465 0.0000000000
89744  -42.835  10.420  10.575 0.0000000000
98963  -50.169  22.477  12.679 0.0000000000
98962  -49.422  22.874  12.390 0.0000000000
99568  -48.853  23.418  12.006 0.0000000000
88917  -56.357  8.767  0.746 0.0000000000
90584  -51.533  11.582  16.593 0.0000000000
92134  -51.291  12.261  17.155 0.0000000000
92139  -50.228  12.407  16.824 0.0000000000
92133  -50.775  12.293  17.479 0.0000000000
92127  -50.404  12.248  18.060 0.0000000000
92125  -49.049  12.461  18.364 0.0000000000
89626  -41.891  9.705  20.061 0.0000000000
88632  -41.521  9.513  20.056 0.0000000000
89780  -53.575  10.065  8.261 0.0000000000
89779  -52.806  9.524  8.117 0.0000000000
89778  -52.055  9.033  7.810 0.0000000000
90743  -47.300  9.909  3.960 0.0000000000
90752  -47.141  10.288  3.468 0.0000000000
91541  -46.932  11.119  2.114 0.0000000000
95553  -44.702  17.318  9.616 0.0000000000
97005  -49.901  19.592  3.419 0.0000000000
96304  -50.308  19.462  3.805 0.0000000000
97014  -49.708  18.957  3.156 0.0000000000
97024  -48.801  18.819  2.287 0.0000000000
96322  -48.595  18.439  2.043 0.0000000000
95612  -46.603  18.176  2.171 0.0000000000
96951  -43.096  19.406  7.690 0.0000000000
88746  -48.425  8.766  11.198 0.0000000000
88762  -47.824  8.440  10.445 0.0000000000
88776  -47.196  8.554  9.652 0.0000000000
89776  -45.334  9.397  8.840 0.0000000000
90705  -45.473  10.485  6.678 0.0000000000
90718  -45.356  11.057  6.311 0.0000000000
96917  -51.164  19.672  10.662 0.0000000000
97640  -52.178  21.010  9.425 0.0000000000
98352  -52.259  21.118  8.376 0.0000000000
98372  -51.965  20.959  7.435 0.0000000000
97670  -51.633  20.678  6.942 0.0000000000
98371  -51.724  21.008  7.495 0.0000000000
97679  -50.040  20.520  6.068 0.0000000000
96971  -49.239  20.420  5.790 0.0000000000
97667  -48.826  20.503  7.269 0.0000000000
97635  -46.048  21.092  9.586 0.0000000000
97649  -45.501  20.677  8.721 0.0000000000
87918  -51.345  8.013  0.784 0.0000000000
91435  -39.417  11.906  12.073 0.0000000000
91434  -39.063  12.130  12.320 0.0000000000
92171  -39.349  12.663  12.528 0.0000000000
92867  -39.830  13.170  12.310 0.0000000000
93530  -40.644  14.971  13.127 0.0000000000
95507  -44.173  17.728  14.450 0.0000000000
95511  -44.498  17.541  13.860 0.0000000000
95508  -44.696  17.997  14.253 0.0000000000
96195  -45.535  18.363  13.732 0.0000000000
96196  -46.151  18.779  13.636 0.0000000000
96877  -46.505  19.298  14.193 0.0000000000
91493  -56.824  11.747  7.999 0.0000000000
91483  -56.783  11.855  9.385 0.0000000000
92164  -53.405  13.033  13.978 0.0000000000
92172  -53.319  12.733  13.541 0.0000000000
91439  -53.054  12.061  12.782 0.0000000000
91438  -52.322  11.452  13.004 0.0000000000
90627  -51.679  10.867  12.966 0.0000000000
89695  -49.582  10.248  13.592 0.0000000000
90601  -48.244  10.409  15.716 0.0000000000
89683  -48.027  9.943  14.983 0.0000000000
89630  -46.198  9.659  19.460 0.0000000000
88653  -45.535  8.553  18.639 0.0000000000
88654  -46.250  8.957  18.354 0.0000000000
89641  -46.885  9.502  18.497 0.0000000000
88666  -47.446  8.946  17.319 0.0000000000
89651  -47.082  9.173  17.785 0.0000000000
89632  -47.930  10.655  19.380 0.0000000000
91371  -48.431  11.880  19.785 0.0000000000
91363  -48.401  12.254  19.666 0.0000000000
92111  -47.460  12.312  19.758 0.0000000000
91370  -46.636  12.115  19.517 0.0000000000
90558  -46.113  11.518  18.740 0.0000000000
88685  -42.415  8.239  15.623 0.0000000000
88694  -40.506  9.026  13.994 0.0000000000
88682  -39.464  8.793  15.549 0.0000000000
87846  -55.961  7.834  4.786 0.0000000000
88859  -55.043  8.639  4.460 0.0000000000
89853  -49.619  9.217  3.310 0.0000000000
88885  -52.099  9.007  3.114 0.0000000000
90771  -54.676  10.291  0.703 0.0000000000
89903  -53.862  10.680  0.469 0.0000000000
89902  -53.358  10.531  0.519 0.0000000000
90783  -52.811  10.851  -0.148 0.0000000000
90808  -50.827  11.394  -1.796 0.0000000000
90821  -50.315  11.600  -2.140 0.0000000000
90820  -49.912  11.646  -2.350 0.0000000000
90819  -49.510  11.741  -2.394 0.0000000000
92877  -41.458  13.025  10.255 0.0000000000
92195  -41.883  12.546  10.219 0.0000000000
94217  -44.789  15.040  7.722 0.0000000000
92901  -45.736  13.691  6.593 0.0000000000
92907  -46.331  13.689  6.048 0.0000000000
96241  -48.832  18.942  8.803 0.0000000000
96254  -47.846  18.417  7.950 0.0000000000
95595  -48.638  17.265  3.983 0.0000000000
94941  -48.318  17.063  4.857 0.0000000000
93596  -47.565  15.342  4.188 0.0000000000
93603  -47.136  14.594  3.314 0.0000000000
94291  -47.440  14.911  -1.454 0.0000000000
93638  -47.677  14.317  -1.790 0.0000000000
92963  -47.914  13.515  -2.271 0.0000000000
92962  -47.157  13.551  -1.598 0.0000000000
92283  -46.648  12.652  -0.921 0.0000000000
91557  -46.387  11.933  -0.773 0.0000000000
92274  -46.312  12.139  -0.568 0.0000000000
94270  -44.529  15.435  1.125 0.0000000000
93619  -44.545  14.297  1.110 0.0000000000
93618  -44.150  14.675  1.366 0.0000000000
96290  -46.869  18.979  4.722 0.0000000000
95593  -45.569  18.053  4.977 0.0000000000
94912  -44.250  16.641  6.264 0.0000000000
94225  -44.408  16.275  5.923 0.0000000000
94224  -44.028  16.059  5.919 0.0000000000
95569  -39.420  17.226  6.229 0.0000000000
89748  -45.839  9.136  11.282 0.0000000000
88760  -46.061  9.046  10.654 0.0000000000
90677  -44.254  10.671  8.492 0.0000000000
96892  -51.326  19.980  12.218 0.0000000000
97603  -50.913  20.325  12.717 0.0000000000
97604  -51.679  20.573  12.371 0.0000000000
98965  -51.455  21.581  12.621 0.0000000000
97639  -50.322  21.270  9.003 0.0000000000
97625  -50.035  21.265  9.980 0.0000000000
97624  -49.028  21.222  10.384 0.0000000000
98337  -48.914  21.449  11.026 0.0000000000
98321  -47.064  22.307  11.073 0.0000000000
92850  -39.254  13.799  14.671 0.0000000000
93524  -39.831  14.260  14.453 0.0000000000
93519  -40.068  14.374  15.115 0.0000000000
92148  -51.921  12.681  15.618 0.0000000000
91415  -50.878  11.706  14.875 0.0000000000
90604  -50.175  11.223  14.638 0.0000000000
91414  -50.254  11.549  15.250 0.0000000000
90592  -49.265  11.174  15.732 0.0000000000
91398  -49.737  12.107  16.774 0.0000000000
91405  -49.327  11.524  16.326 0.0000000000
90591  -48.695  10.981  16.187 0.0000000000
90590  -47.861  10.564  16.383 0.0000000000
89661  -46.791  10.212  16.867 0.0000000000
86665  -43.794  6.266  17.915 0.0000000000
87694  -44.047  7.186  18.735 0.0000000000
88643  -44.787  8.335  19.561 0.0000000000
88635  -45.350  9.193  20.686 0.0000000000
89619  -45.981  9.684  20.683 0.0000000000
88659  -40.860  8.330  17.486 0.0000000000
88640  -40.691  8.673  19.397 0.0000000000
88647  -39.160  8.485  18.287 0.0000000000
88834  -47.995  8.984  5.195 0.0000000000
88852  -48.297  8.973  4.881 0.0000000000
89900  -51.464  10.115  0.676 0.0000000000
90769  -50.031  9.968  0.978 0.0000000000
90780  -49.228  11.141  -0.209 0.0000000000
90794  -49.743  11.806  -0.815 0.0000000000
91566  -49.231  12.121  -0.854 0.0000000000
92285  -49.012  12.996  -1.438 0.0000000000
94895  -44.398  16.833  8.818 0.0000000000
96274  -50.759  19.219  6.296 0.0000000000
96283  -50.120  18.587  5.596 0.0000000000
95607  -49.683  17.820  3.697 0.0000000000
95606  -49.209  17.342  3.603 0.0000000000
95605  -48.688  17.055  3.456 0.0000000000
94967  -47.691  16.567  0.565 0.0000000000
94973  -47.592  16.822  0.600 0.0000000000
94282  -45.909  15.043  -0.387 0.0000000000
95630  -45.699  17.281  0.661 0.0000000000
94957  -44.435  16.252  2.020 0.0000000000
96967  -45.775  19.451  6.748 0.0000000000
94910  -42.480  16.786  5.728 0.0000000000
95571  -41.642  17.250  6.134 0.0000000000
96265  -41.089  17.891  6.532 0.0000000000
96248  -40.342  18.481  6.289 0.0000000000
88765  -50.698  8.747  9.900 0.0000000000
88779  -50.072  8.521  9.256 0.0000000000
88792  -49.310  8.441  8.434 0.0000000000
88817  -47.821  8.534  6.952 0.0000000000
88775  -46.355  8.735  9.794 0.0000000000
88789  -46.528  8.798  8.876 0.0000000000
89777  -45.954  9.058  8.749 0.0000000000
89809  -47.925  8.863  6.354 0.0000000000
90720  -46.312  9.834  6.006 0.0000000000
91524  -45.688  11.642  4.231 0.0000000000
96232  -47.538  18.928  9.786 0.0000000000
96233  -48.444  19.168  9.772 0.0000000000
96242  -49.710  18.955  8.358 0.0000000000
96257  -50.857  19.020  7.311 0.0000000000
96928  -51.336  19.647  9.595 0.0000000000
96919  -52.319  20.239  9.691 0.0000000000
96929  -52.060  19.883  9.254 0.0000000000
96972  -51.120  19.659  5.846 0.0000000000
96984  -51.076  19.989  5.141 0.0000000000
97681  -51.189  20.560  5.711 0.0000000000
97691  -50.877  20.563  4.949 0.0000000000
97704  -50.442  20.307  4.255 0.0000000000
96302  -48.487  19.691  3.601 0.0000000000
96292  -48.276  19.592  3.914 0.0000000000
96995  -48.184  19.765  4.576 0.0000000000
96968  -46.644  19.507  6.376 0.0000000000
97666  -47.822  20.361  7.647 0.0000000000
90623  -41.482  10.528  11.986 0.0000000000
91455  -41.036  11.465  11.478 0.0000000000
92185  -40.512  12.083  11.108 0.0000000000
92194  -41.005  12.486  10.654 0.0000000000
92885  -41.442  14.056  10.074 0.0000000000
93553  -41.443  14.227  10.400 0.0000000000
93537  -40.598  14.460  12.455 0.0000000000
94888  -43.192  16.531  10.455 0.0000000000
95545  -44.590  17.444  10.437 0.0000000000
95528  -44.146  17.581  12.656 0.0000000000
95529  -44.656  17.842  12.306 0.0000000000
95530  -45.001  18.037  11.828 0.0000000000
96222  -45.911  18.327  11.129 0.0000000000
96900  -47.275  19.389  12.319 0.0000000000
96889  -48.664  19.514  12.831 0.0000000000
96884  -49.172  19.835  13.377 0.0000000000
97588  -48.283  19.589  14.077 0.0000000000
90681  -55.482  11.176  8.571 0.0000000000
90694  -54.937  10.937  8.037 0.0000000000
90693  -54.206  10.518  8.558 0.0000000000
89765  -53.655  10.226  8.929 0.0000000000
90649  -54.211  11.291  11.179 0.0000000000
91456  -53.273  11.517  11.967 0.0000000000
90648  -53.503  11.130  11.430 0.0000000000
90663  -53.112  10.511  10.993 0.0000000000
89749  -50.678  9.106  10.461 0.0000000000
88747  -49.354  9.005  11.069 0.0000000000
89729  -47.014  8.969  11.967 0.0000000000
90612  -49.740  10.583  14.192 0.0000000000
89728  -46.204  9.053  11.797 0.0000000000
89707  -44.096  9.023  12.540 0.0000000000
89706  -43.527  9.216  12.394 0.0000000000
89674  -49.952  9.628  16.049 0.0000000000
83170  -48.767  2.577  16.340 0.0000000000
84029  -48.127  2.829  16.073 0.0000000000
84040  -48.313  3.337  15.598 0.0000000000
86666  -44.499  6.534  17.461 0.0000000000
85769  -45.499  5.555  16.378 0.0000000000
86670  -45.641  6.605  16.542 0.0000000000
85770  -45.857  5.191  16.074 0.0000000000
84920  -46.573  4.679  15.505 0.0000000000
84921  -47.660  4.528  15.123 0.0000000000
85787  -47.783  5.564  14.849 0.0000000000
86684  -48.064  6.263  14.754 0.0000000000
86679  -48.144  6.896  15.091 0.0000000000
87705  -48.182  8.029  15.891 0.0000000000
88689  -48.612  8.318  15.904 0.0000000000
88680  -49.074  9.259  16.504 0.0000000000
89663  -49.683  9.975  16.829 0.0000000000
90572  -49.931  10.900  17.705 0.0000000000
91381  -48.291  12.239  18.317 0.0000000000
91380  -47.622  12.160  18.566 0.0000000000
91388  -47.822  11.829  17.869 0.0000000000
90570  -47.156  11.421  17.766 0.0000000000
91377  -45.499  11.492  19.395 0.0000000000
90557  -45.520  11.331  18.940 0.0000000000
90567  -45.113  10.828  18.703 0.0000000000
89649  -44.900  10.059  18.010 0.0000000000
89650  -45.675  10.395  17.835 0.0000000000
89659  -45.129  9.508  16.768 0.0000000000
89690  -41.786  9.227  13.155 0.0000000000
89704  -41.208  10.000  12.671 0.0000000000
89703  -40.764  10.212  12.860 0.0000000000
90610  -40.407  10.562  12.972 0.0000000000
90600  -40.066  10.365  13.529 0.0000000000
90609  -39.897  10.869  13.232 0.0000000000
91412  -38.746  11.638  13.547 0.0000000000
91404  -38.462  11.780  14.526 0.0000000000
89678  -38.627  10.518  14.743 0.0000000000
92146  -38.524  12.619  15.205 0.0000000000
92138  -38.597  13.123  15.760 0.0000000000
91386  -37.602  11.720  16.299 0.0000000000
92137  -38.113  12.654  15.938 0.0000000000
92842  -37.991  13.244  16.342 0.0000000000
87849  -58.364  6.775  3.563 0.0000000000
87848  -58.153  7.092  3.891 0.0000000000
87871  -58.379  7.048  3.302 0.0000000000
87889  -58.394  6.887  2.713 0.0000000000
88876  -57.477  8.254  2.331 0.0000000000
88890  -57.196  8.566  1.622 0.0000000000
88806  -51.478  8.840  7.195 0.0000000000
88838  -51.726  8.799  5.536 0.0000000000
88839  -52.894  9.155  5.846 0.0000000000
88858  -54.536  8.903  3.978 0.0000000000
88872  -54.884  8.969  3.463 0.0000000000
88886  -55.183  9.190  3.029 0.0000000000
89858  -55.650  9.384  2.862 0.0000000000
89875  -56.386  9.351  2.068 0.0000000000
89892  -56.655  9.401  0.808 0.0000000000
89907  -56.380  9.142  0.649 0.0000000000
89906  -55.482  9.704  0.360 0.0000000000
90786  -54.976  10.263  0.437 0.0000000000
89921  -54.951  10.131  -0.053 0.0000000000
89905  -54.329  9.588  -0.156 0.0000000000
89904  -53.704  9.441  -0.334 0.0000000000
88927  -53.196  9.188  -0.373 0.0000000000
91569  -51.833  11.477  -1.099 0.0000000000
91570  -52.349  11.352  -1.057 0.0000000000
88926  -52.378  9.360  -0.433 0.0000000000
88925  -51.244  9.338  -0.595 0.0000000000
88924  -50.130  9.146  -0.675 0.0000000000
89929  -50.550  10.569  -1.720 0.0000000000
88923  -49.099  9.076  -0.605 0.0000000000
90661  -42.745  10.923  10.025 0.0000000000
91469  -42.343  11.811  10.114 0.0000000000
90691  -44.146  11.289  8.193 0.0000000000
92212  -43.773  12.755  8.304 0.0000000000
91507  -45.160  11.734  6.378 0.0000000000
92252  -45.798  12.219  3.867 0.0000000000
95555  -46.186  17.962  8.918 0.0000000000
95562  -46.591  17.874  7.747 0.0000000000
95576  -48.806  17.749  6.027 0.0000000000
94914  -48.018  16.822  5.844 0.0000000000
93578  -46.744  14.688  5.977 0.0000000000
92908  -46.709  14.304  5.576 0.0000000000
92916  -46.650  13.878  5.139 0.0000000000
92237  -46.507  13.461  4.740 0.0000000000
91549  -46.784  12.055  1.685 0.0000000000
92267  -47.024  12.522  1.218 0.0000000000
93628  -48.221  14.947  -0.648 0.0000000000
92956  -48.531  13.835  -1.212 0.0000000000
92294  -49.235  13.579  -1.909 0.0000000000
92965  -49.421  13.313  -2.204 0.0000000000
92304  -48.896  12.728  -2.431 0.0000000000
91575  -48.632  11.434  -2.054 0.0000000000
92293  -47.814  12.565  -2.175 0.0000000000
91574  -48.204  11.846  -1.983 0.0000000000
90805  -48.110  10.833  -1.534 0.0000000000
89926  -47.867  9.971  -1.362 0.0000000000
92942  -44.782  13.288  1.385 0.0000000000
92265  -44.934  12.427  1.323 0.0000000000
95604  -46.450  17.910  3.262 0.0000000000
95603  -46.266  17.580  2.630 0.0000000000
94254  -43.873  15.930  2.496 0.0000000000
96281  -45.639  18.509  5.714 0.0000000000
94925  -44.676  16.752  5.479 0.0000000000
92927  -43.098  13.414  3.517 0.0000000000
94252  -42.685  14.774  3.640 0.0000000000
91515  -42.583  12.122  4.423 0.0000000000
92226  -41.778  12.449  5.749 0.0000000000
93584  -40.818  14.887  5.496 0.0000000000
98992  -44.356  22.822  9.612 0.0000000000
98991  -43.777  22.367  9.217 0.0000000000
99001  -43.259  22.343  8.848 0.0000000000
98359  -42.094  21.236  8.620 0.0000000000
99605  -42.279  23.170  7.773 0.0000000000
97645  -41.347  19.981  7.629 0.0000000000
97662  -40.717  20.116  6.764 0.0000000000
96948  -40.335  18.806  6.346 0.0000000000
84912  -45.742  4.669  16.128 0.0000000000
84913  -46.077  4.929  15.887 0.0000000000
84919  -46.112  4.486  15.842 0.0000000000
84931  -48.326  4.922  14.777 0.0000000000
85777  -45.782  6.037  16.168 0.0000000000
85778  -46.127  5.616  15.829 0.0000000000
86669  -45.062  6.226  16.823 0.0000000000
86853  -58.508  6.428  3.238 0.0000000000
87692  -44.325  7.737  19.112 0.0000000000
87698  -45.043  7.253  17.581 0.0000000000
87699  -45.666  7.552  17.229 0.0000000000
87700  -46.279  7.784  16.936 0.0000000000
87703  -46.686  7.513  16.360 0.0000000000
87704  -47.560  7.887  16.141 0.0000000000
87709  -47.196  7.217  15.730 0.0000000000
87711  -48.601  7.717  15.275 0.0000000000
87716  -49.107  7.397  14.675 0.0000000000
88728  -45.289  8.726  12.769 0.0000000000
88742  -45.373  8.711  12.305 0.0000000000
88743  -46.183  9.083  11.251 0.0000000000
88887  -55.392  9.356  2.830 0.0000000000
89640  -46.169  9.235  18.703 0.0000000000
89653  -48.657  9.927  17.562 0.0000000000
89734  -52.613  10.315  11.154 0.0000000000
89841  -53.202  9.251  4.575 0.0000000000
89859  -55.939  9.328  2.830 0.0000000000
89877  -57.182  9.086  0.970 0.0000000000
89893  -56.937  9.011  0.687 0.0000000000
89908  -56.689  8.929  0.665 0.0000000000
90550  -49.238  11.649  19.079 0.0000000000
90559  -48.309  10.895  19.260 0.0000000000
90560  -48.922  10.929  18.872 0.0000000000
90561  -49.718  11.435  18.537 0.0000000000
90573  -50.651  11.424  17.516 0.0000000000
90582  -50.354  10.702  17.183 0.0000000000
90645  -50.952  10.388  12.357 0.0000000000
90678  -53.279  10.316  10.209 0.0000000000
90770  -54.150  10.656  0.431 0.0000000000
90773  -55.852  9.946  1.021 0.0000000000
90801  -55.138  10.108  0.256 0.0000000000
91362  -47.885  12.084  20.162 0.0000000000
91390  -49.334  12.183  17.375 0.0000000000
91391  -51.108  12.013  17.471 0.0000000000
91392  -51.499  12.090  16.983 0.0000000000
91408  -51.314  12.272  15.400 0.0000000000
91424  -40.123  10.966  12.849 0.0000000000
91453  -39.689  12.294  11.594 0.0000000000
91481  -55.520  11.272  9.109 0.0000000000
91492  -56.324  11.509  7.984 0.0000000000
91531  -45.955  11.820  3.577 0.0000000000
91564  -46.455  11.102  -0.663 0.0000000000
91586  -48.612  12.298  -2.359 0.0000000000
91587  -49.046  12.013  -2.407 0.0000000000
91588  -49.791  12.191  -2.429 0.0000000000
91589  -50.289  12.091  -2.200 0.0000000000
92112  -48.039  12.373  19.643 0.0000000000
92117  -47.801  12.478  19.299 0.0000000000
92118  -48.544  12.443  19.173 0.0000000000
92124  -48.136  12.445  18.819 0.0000000000
92126  -49.957  12.413  18.302 0.0000000000
92142  -52.321  12.565  16.255 0.0000000000
92165  -53.787  13.284  14.111 0.0000000000
92170  -38.944  12.277  12.537 0.0000000000
92173  -53.745  12.874  13.457 0.0000000000
92305  -49.534  12.823  -2.338 0.0000000000
92974  -48.577  13.199  -2.424 0.0000000000
94236  -44.096  16.344  5.549 0.0000000000
96936  -41.725  19.713  7.826 0.0000000000
96985  -51.119  20.456  5.392 0.0000000000
96997  -50.654  20.120  4.544 0.0000000000
97006  -50.420  19.969  3.953 0.0000000000
97627  -52.306  20.616  9.451 0.0000000000
97656  -52.355  20.927  8.239 0.0000000000
97692  -51.039  20.638  5.286 0.0000000000
97710  -50.242  20.212  3.816 0.0000000000
97711  -50.406  20.207  3.999 0.0000000000
98303  -51.371  21.300  13.047 0.0000000000
98304  -51.593  21.180  12.671 0.0000000000
98363  -52.124  21.131  7.890 0.0000000000
98364  -52.299  21.118  8.151 0.0000000000
