#!ascii label  , from subject 3081 vox2ras=TkReg
875
65514  -22.182  -15.572  -19.675 0.5555555820
65531  -22.801  -15.516  -20.374 0.6666666865
66760  -23.817  -14.394  -21.424 0.7777777910
68920  -23.743  -12.632  -21.953 0.8888888955
67927  -25.746  -13.073  -22.652 0.8888888955
64452  -21.937  -16.383  -19.351 0.5555555820
66722  -21.818  -15.028  -19.496 0.5555555820
66739  -22.160  -14.601  -20.075 0.6666666865
67874  -22.578  -13.954  -20.695 0.8888888955
66761  -24.655  -14.235  -21.952 0.8888888955
68921  -24.255  -13.053  -22.174 0.8888888955
69918  -25.288  -11.632  -22.996 1.0000000000
68958  -26.030  -12.288  -23.101 0.8888888955
70930  -25.759  -11.308  -24.021 1.0000000000
67872  -21.442  -13.529  -19.923 0.7777777910
68918  -22.156  -12.048  -21.230 1.0000000000
70891  -22.296  -10.927  -21.661 1.0000000000
69898  -23.192  -12.076  -21.863 1.0000000000
70909  -23.770  -10.359  -22.950 1.0000000000
69897  -22.700  -11.505  -21.783 1.0000000000
70910  -24.769  -10.753  -22.857 1.0000000000
70928  -24.594  -10.225  -23.595 1.0000000000
70943  -25.871  -10.153  -24.156 1.0000000000
70927  -24.175  -9.892  -23.527 1.0000000000
71934  -24.918  -10.076  -24.101 1.0000000000
72932  -25.255  -8.324  -25.002 1.0000000000
72933  -26.305  -8.344  -25.164 0.7777777910
70890  -21.879  -10.430  -21.636 0.8888888955
71932  -23.828  -9.506  -23.528 1.0000000000
71917  -22.535  -9.528  -22.598 1.0000000000
71918  -23.212  -9.573  -22.965 1.0000000000
72931  -24.332  -8.531  -24.466 1.0000000000
71946  -24.918  -8.912  -24.414 1.0000000000
72946  -25.740  -7.979  -25.315 1.0000000000
73922  -27.362  -7.647  -25.047 0.7777777910
71915  -21.431  -8.999  -21.984 0.5555555820
73903  -21.924  -7.120  -23.254 0.7777777910
73890  -22.139  -8.051  -22.808 0.8888888955
73905  -23.123  -7.923  -23.606 1.0000000000
72916  -23.431  -8.597  -23.606 1.0000000000
73918  -23.343  -7.584  -24.288 1.0000000000
73919  -24.153  -7.613  -25.024 1.0000000000
73933  -25.040  -7.466  -25.495 1.0000000000
73934  -25.850  -7.369  -25.477 0.8888888955
74887  -25.770  -6.663  -25.593 1.0000000000
74880  -26.214  -6.469  -25.535 0.8888888955
75859  -27.339  -5.574  -25.172 0.7777777910
74848  -28.548  -6.227  -24.281 0.6666666865
75860  -28.083  -5.902  -24.974 0.6666666865
73865  -20.191  -7.359  -21.095 0.4444444478
73889  -21.615  -7.594  -22.688 0.7777777910
74846  -21.475  -6.437  -23.299 0.6666666865
74862  -22.371  -6.510  -24.149 0.7777777910
73917  -22.785  -7.123  -24.293 0.8888888955
74863  -23.239  -6.572  -24.853 0.8888888955
73932  -24.541  -7.093  -25.431 1.0000000000
74877  -23.688  -6.055  -25.387 1.0000000000
75871  -24.606  -6.081  -25.636 1.0000000000
74886  -25.398  -6.461  -25.626 1.0000000000
76996  -25.919  -5.345  -26.265 0.8888888955
75872  -26.316  -5.623  -25.793 0.7777777910
75858  -26.747  -5.263  -25.572 0.7777777910
75841  -28.505  -5.232  -24.488 0.5555555820
76965  -27.073  -4.856  -25.280 0.7777777910
76966  -27.877  -4.815  -24.950 0.6666666865
75840  -20.915  -5.425  -23.433 0.6666666865
74845  -20.780  -5.968  -22.979 0.6666666865
74861  -21.917  -5.945  -24.061 0.7777777910
75855  -21.510  -5.423  -24.067 0.7777777910
75857  -22.837  -5.961  -24.699 0.8888888955
75869  -23.200  -5.471  -25.322 0.8888888955
75878  -24.761  -5.102  -26.330 1.0000000000
75879  -25.149  -5.654  -25.839 0.8888888955
76995  -25.392  -4.508  -26.428 0.8888888955
76982  -26.349  -4.709  -26.158 0.8888888955
76964  -26.735  -4.830  -25.692 0.7777777910
78035  -25.775  -4.029  -26.015 0.7777777910
78036  -26.441  -3.761  -25.463 0.7777777910
78017  -27.254  -4.110  -25.108 0.7777777910
76948  -28.450  -4.408  -24.584 0.6666666865
76944  -20.508  -4.564  -23.243 0.6666666865
75839  -20.514  -5.382  -22.653 0.5555555820
76962  -21.154  -4.543  -23.842 0.7777777910
76963  -21.691  -4.530  -24.533 0.8888888955
76978  -22.278  -4.434  -25.138 0.8888888955
76979  -23.052  -4.350  -25.550 1.0000000000
76980  -23.711  -4.772  -25.844 1.0000000000
76994  -24.334  -4.424  -26.376 1.0000000000
79084  -26.485  -2.520  -25.529 0.7777777910
78037  -27.273  -3.101  -25.033 0.6666666865
78038  -28.098  -2.662  -25.295 0.5555555820
78018  -28.221  -3.587  -24.907 0.5555555820
77993  -20.710  -3.881  -23.680 0.7777777910
77992  -20.091  -3.549  -23.156 0.6666666865
78033  -22.411  -3.390  -25.391 1.0000000000
78034  -23.227  -3.370  -25.914 1.0000000000
78052  -24.684  -3.382  -26.691 0.8888888955
79095  -24.965  -2.293  -26.707 0.8888888955
78053  -25.431  -3.271  -26.516 0.8888888955
80138  -26.809  -1.433  -25.726 0.7777777910
79085  -27.445  -2.139  -25.389 0.7777777910
80153  -25.956  -1.299  -25.776 0.7777777910
80139  -27.668  -1.237  -25.466 0.5555555820
79086  -28.224  -1.878  -25.280 0.5555555820
79015  -18.467  -2.191  -21.392 0.4444444478
79037  -19.581  -2.430  -22.928 0.5555555820
79063  -20.553  -2.359  -24.117 0.7777777910
78032  -21.686  -3.083  -25.016 1.0000000000
79080  -21.934  -2.304  -25.372 1.0000000000
79082  -23.403  -2.668  -26.268 0.8888888955
79093  -23.149  -1.848  -26.388 0.8888888955
79094  -24.006  -2.305  -26.484 0.8888888955
81900  -20.060  0.984  -24.374 0.6666666865
80988  -19.119  -0.558  -22.804 0.6666666865
80135  -21.379  -0.637  -25.247 0.7777777910
80136  -22.312  -1.068  -25.605 0.8888888955
80148  -22.622  -0.532  -25.985 0.7777777910
80149  -22.761  -0.944  -26.437 0.7777777910
80150  -23.558  -1.144  -26.582 0.8888888955
81059  -24.027  -0.248  -27.049 0.7777777910
80151  -24.334  -1.283  -26.322 0.8888888955
81060  -24.728  -0.327  -26.433 0.7777777910
81061  -25.608  -0.420  -26.181 0.6666666865
81938  -25.151  0.510  -26.346 0.6666666865
81939  -26.102  0.405  -26.264 0.6666666865
81042  -26.482  -0.467  -26.126 0.5555555820
82785  -25.790  1.414  -25.839 0.6666666865
82772  -26.351  0.881  -25.834 0.5555555820
81922  -27.505  0.485  -25.634 0.5555555820
81044  -27.980  -0.396  -25.399 0.4444444478
82773  -26.750  1.408  -25.682 0.5555555820
81902  -21.587  2.285  -23.819 0.3333333433
82733  -20.836  2.296  -23.364 0.3333333433
82766  -21.072  2.135  -24.980 0.5555555820
81901  -20.486  1.467  -24.644 0.6666666865
82767  -21.690  2.079  -25.554 0.5555555820
81918  -22.004  1.029  -26.094 0.7777777910
81934  -22.539  0.417  -26.096 0.7777777910
81920  -22.909  1.655  -26.620 0.6666666865
81058  -23.285  -0.144  -26.502 0.6666666865
81936  -23.339  0.937  -26.721 0.6666666865
81937  -24.334  0.607  -26.703 0.6666666865
82784  -24.710  1.641  -26.247 0.6666666865
82786  -26.230  1.880  -25.740 0.6666666865
83626  -27.103  2.385  -25.563 0.5555555820
82753  -21.633  2.320  -24.680 0.4444444478
81903  -22.112  1.979  -24.173 0.4444444478
83605  -22.404  2.705  -25.405 0.5555555820
83621  -21.994  2.392  -25.801 0.5555555820
82768  -22.065  2.079  -26.203 0.6666666865
81919  -22.574  1.471  -26.508 0.6666666865
82782  -23.166  1.829  -26.587 0.6666666865
82783  -23.797  1.646  -26.508 0.6666666865
83638  -25.308  2.327  -26.014 0.6666666865
84479  -26.192  2.655  -26.289 0.6666666865
84464  -26.402  3.211  -26.209 0.5555555820
82754  -22.566  2.294  -24.927 0.4444444478
83623  -22.909  3.212  -25.978 0.6666666865
82769  -22.679  2.266  -26.397 0.6666666865
83624  -23.758  2.996  -26.029 0.6666666865
82770  -23.314  2.469  -26.382 0.6666666865
84478  -25.801  2.757  -26.523 0.6666666865
67893  -23.181  -13.603  -21.299 0.8888888955
68905  -22.256  -12.993  -20.707 1.0000000000
68919  -22.640  -12.612  -21.316 1.0000000000
69916  -23.797  -11.485  -22.305 1.0000000000
70911  -25.207  -11.113  -23.025 1.0000000000
74825  -20.500  -6.484  -22.245 0.5555555820
76943  -19.916  -4.439  -22.381 0.5555555820
80080  -18.278  -1.366  -21.705 0.5555555820
78013  -20.542  -3.220  -23.785 0.7777777910
79096  -25.823  -2.241  -26.292 0.8888888955
80065  -17.709  -1.198  -20.820 0.2222222239
81043  -27.285  -0.448  -25.896 0.6666666865
81057  -22.849  -0.085  -26.116 0.7777777910
83622  -22.296  2.604  -25.887 0.6666666865
74799  -19.698  -6.378  -21.363 0.4444444478
83627  -27.948  2.440  -25.033 0.5555555820
81904  -22.847  1.548  -24.548 0.2222222239
84465  -27.408  3.382  -25.402 0.5555555820
63365  -22.293  -17.470  -19.580 0.5555555820
63382  -23.420  -17.320  -20.331 0.5555555820
65532  -23.771  -15.407  -21.040 0.5555555820
65533  -24.373  -15.706  -21.050 0.5555555820
66783  -25.564  -14.009  -22.571 0.7777777910
66798  -25.938  -13.503  -22.694 0.8888888955
65555  -24.257  -14.813  -21.457 0.6666666865
67928  -26.400  -13.045  -22.630 0.7777777910
69936  -26.186  -11.572  -23.650 0.8888888955
64451  -21.478  -16.327  -18.720 0.4444444478
66705  -20.884  -14.786  -18.823 0.5555555820
70944  -26.325  -10.767  -24.128 1.0000000000
67855  -20.768  -13.494  -19.087 0.2222222239
68882  -21.325  -12.989  -19.864 0.6666666865
71949  -27.540  -9.867  -24.290 0.8888888955
72934  -27.401  -8.785  -24.783 0.6666666865
73923  -28.093  -7.995  -24.502 0.6666666865
69880  -21.183  -11.387  -20.633 0.5555555820
74868  -28.665  -7.275  -24.190 0.6666666865
70867  -20.972  -10.482  -20.577 0.4444444478
75842  -29.168  -5.503  -24.016 0.5555555820
72874  -20.709  -8.543  -21.284 0.2222222239
77998  -28.718  -3.890  -24.438 0.5555555820
75791  -19.593  -5.404  -20.636 0.3333333433
79044  -28.834  -3.234  -24.497 0.5555555820
77968  -18.711  -3.301  -21.614 0.4444444478
79066  -29.144  -1.858  -24.472 0.4444444478
77942  -18.735  -3.092  -20.767 0.3333333433
80122  -28.675  -1.527  -24.796 0.5555555820
82714  -21.099  2.100  -22.109 0.3333333433
83585  -20.621  2.423  -22.219 0.3333333433
83570  -19.365  2.332  -21.987 0.4444444478
82774  -27.712  1.450  -25.342 0.4444444478
84445  -28.338  3.449  -24.831 0.2222222239
83625  -24.557  2.618  -26.149 0.6666666865
84477  -25.140  2.925  -26.344 0.6666666865
84463  -25.365  3.481  -26.412 0.6666666865
85318  -26.807  4.388  -25.620 0.4444444478
84460  -23.515  3.647  -25.669 0.5555555820
65513  -21.598  -15.524  -19.159 0.5555555820
64467  -22.500  -16.393  -19.979 0.5555555820
64468  -23.209  -16.351  -20.491 0.6666666865
66740  -23.052  -14.594  -20.822 0.7777777910
68940  -24.231  -12.066  -22.320 1.0000000000
67894  -24.065  -13.552  -21.821 0.8888888955
68942  -25.460  -12.349  -22.766 1.0000000000
67915  -25.150  -13.224  -22.552 0.8888888955
66782  -24.967  -13.768  -22.435 0.8888888955
66721  -21.176  -14.495  -19.390 0.6666666865
67873  -22.036  -13.572  -20.367 0.8888888955
66738  -21.626  -14.072  -19.976 0.5555555820
67892  -22.541  -13.345  -20.862 0.8888888955
67914  -24.613  -13.420  -22.283 0.8888888955
68941  -24.683  -12.514  -22.444 1.0000000000
69935  -25.663  -11.611  -23.460 1.0000000000
69917  -24.711  -11.582  -22.610 1.0000000000
70929  -25.137  -10.965  -24.151 1.0000000000
66720  -20.729  -13.969  -19.219 0.5555555820
67856  -20.991  -13.489  -19.516 0.6666666865
68904  -21.691  -12.555  -20.549 0.8888888955
69896  -21.751  -11.489  -21.239 0.8888888955
69915  -23.234  -10.934  -22.320 1.0000000000
70908  -22.682  -10.426  -22.319 1.0000000000
71933  -24.522  -9.460  -24.004 1.0000000000
72917  -24.038  -9.021  -23.891 1.0000000000
71947  -25.447  -9.457  -24.399 1.0000000000
71948  -26.499  -9.544  -24.439 0.8888888955
70907  -22.191  -9.973  -22.212 1.0000000000
71895  -21.500  -9.949  -21.555 0.5555555820
69895  -21.423  -10.954  -21.204 0.6666666865
70889  -21.266  -10.458  -21.176 0.5555555820
72899  -22.998  -9.034  -22.892 1.0000000000
71916  -21.833  -9.449  -22.107 0.8888888955
72930  -23.766  -8.131  -24.419 1.0000000000
73920  -24.675  -8.027  -25.083 1.0000000000
72945  -25.479  -7.804  -25.376 1.0000000000
73921  -26.657  -7.074  -25.259 0.8888888955
74866  -27.384  -6.532  -25.055 0.7777777910
74867  -28.041  -6.934  -24.712 0.6666666865
71894  -21.150  -9.499  -21.396 0.5555555820
72896  -21.112  -8.518  -22.037 0.6666666865
72897  -21.722  -8.563  -22.467 0.6666666865
74847  -22.060  -6.914  -23.567 0.8888888955
73904  -22.511  -7.539  -23.459 0.8888888955
72898  -22.538  -8.598  -22.862 0.8888888955
72915  -22.917  -8.159  -23.361 1.0000000000
74864  -23.674  -7.131  -24.967 1.0000000000
74879  -24.875  -6.615  -25.604 1.0000000000
75880  -25.817  -5.992  -25.695 0.8888888955
74865  -26.764  -6.074  -25.355 0.8888888955
74826  -21.096  -7.026  -22.526 0.5555555820
73888  -20.712  -7.651  -22.053 0.3333333433
74878  -24.119  -6.600  -25.384 1.0000000000
75870  -24.204  -5.527  -25.813 1.0000000000
78016  -26.749  -4.483  -25.546 0.7777777910
75856  -22.302  -5.412  -24.682 0.8888888955
75817  -19.998  -5.489  -21.850 0.4444444478
78015  -21.870  -3.788  -24.876 0.8888888955
76993  -23.672  -4.065  -26.038 1.0000000000
78051  -23.884  -3.394  -26.440 0.8888888955
79083  -25.879  -3.181  -25.866 0.7777777910
79065  -28.784  -2.500  -24.943 0.5555555820
77991  -19.318  -3.393  -22.379 0.5555555820
79038  -20.197  -2.740  -23.499 0.6666666865
78014  -21.218  -3.466  -24.309 0.8888888955
79097  -26.291  -1.877  -25.888 0.8888888955
80152  -25.180  -1.326  -26.115 0.8888888955
79016  -18.719  -2.422  -22.179 0.5555555820
79062  -20.058  -2.082  -23.555 0.5555555820
79064  -21.287  -2.289  -24.741 1.0000000000
80121  -21.521  -1.474  -25.116 0.7777777910
80119  -20.291  -1.503  -23.833 0.7777777910
80140  -28.209  -1.123  -25.087 0.5555555820
82730  -18.816  1.511  -22.435 0.5555555820
81004  -18.869  0.193  -22.789 0.5555555820
81884  -20.148  2.191  -24.192 0.4444444478
81006  -20.178  -0.165  -24.099 0.6666666865
81040  -20.818  0.253  -25.194 0.6666666865
80120  -20.696  -0.974  -24.569 0.7777777910
80081  -18.892  -1.429  -22.543 0.7777777910
80987  -18.287  -0.334  -22.165 0.6666666865
81041  -21.723  0.145  -25.523 0.7777777910
81072  -24.416  -0.002  -26.812 0.6666666865
81950  -24.697  0.208  -26.575 0.6666666865
81921  -26.823  0.398  -26.087 0.5555555820
81923  -28.311  0.499  -25.193 0.4444444478
82732  -20.005  2.374  -23.466 0.4444444478
81917  -21.349  1.223  -25.266 0.6666666865
83639  -25.952  2.291  -25.947 0.6666666865
83640  -26.434  2.331  -25.857 0.6666666865
83604  -22.002  2.521  -25.472 0.5555555820
82771  -24.011  2.300  -26.271 0.6666666865
76942  -19.320  -3.988  -21.809 0.4444444478
80974  -17.211  -0.078  -20.499 0.3333333433
76924  -19.669  -4.681  -21.512 0.4444444478
85319  -27.970  4.397  -25.265 0.3333333433
63381  -22.793  -16.921  -20.182 0.5555555820
65575  -25.997  -14.442  -22.518 0.6666666865
63364  -21.713  -16.918  -19.052 0.4444444478
70945  -27.222  -10.772  -23.744 0.7777777910
64442  -21.066  -16.392  -18.110 0.3333333433
65497  -20.827  -14.866  -18.580 0.4444444478
69881  -21.412  -11.874  -20.707 0.7777777910
72853  -20.679  -8.563  -20.600 0.1111111119
75792  -19.582  -5.524  -21.171 0.4444444478
76903  -19.576  -4.738  -20.990 0.3333333433
76923  -19.082  -4.117  -21.232 0.3333333433
83548  -18.507  2.303  -20.598 0.3333333433
63385  -26.434  -17.581  -20.586 0.4444444478
62207  -28.574  -18.009  -19.181 0.2222222239
62202  -23.661  -18.284  -20.150 0.4444444478
62222  -24.646  -18.149  -20.415 0.4444444478
63383  -24.465  -17.264  -20.622 0.4444444478
63384  -25.397  -17.413  -20.724 0.4444444478
64471  -26.122  -16.698  -21.069 0.4444444478
64473  -28.149  -16.572  -20.409 0.2222222239
64491  -24.786  -15.862  -21.045 0.4444444478
64492  -25.301  -15.680  -21.394 0.4444444478
65534  -25.948  -15.861  -21.516 0.4444444478
64494  -28.066  -15.677  -20.652 0.1111111119
64474  -29.287  -16.129  -20.357 0.1111111119
65536  -27.203  -15.992  -21.053 0.3333333433
65535  -26.732  -15.950  -21.300 0.3333333433
65559  -27.543  -15.294  -21.233 0.3333333433
65537  -28.811  -15.595  -20.509 0.2222222239
65557  -25.715  -14.982  -22.028 0.4444444478
65558  -26.670  -15.143  -21.982 0.3333333433
65556  -24.764  -15.175  -21.481 0.5555555820
67895  -27.601  -13.388  -22.039 0.2222222239
67896  -28.033  -13.343  -21.579 0.1111111119
67897  -28.998  -13.353  -21.251 0.1111111119
66764  -27.442  -14.207  -22.062 0.3333333433
67929  -27.161  -12.518  -22.973 0.5555555820
68960  -27.486  -11.890  -23.375 0.6666666865
68944  -28.674  -12.045  -22.366 0.4444444478
69948  -27.218  -11.437  -23.508 0.6666666865
70913  -29.263  -10.206  -22.714 0.3333333433
70932  -28.277  -10.340  -23.086 0.5555555820
71936  -28.562  -9.638  -23.979 0.5555555820
71937  -28.974  -9.711  -23.281 0.5555555820
72919  -29.373  -8.749  -23.814 0.3333333433
73906  -29.376  -7.606  -23.882 0.4444444478
73924  -28.934  -8.258  -24.403 0.4444444478
74849  -29.219  -6.557  -23.808 0.4444444478
84462  -24.480  3.411  -26.031 0.5555555820
85317  -25.501  4.513  -26.082 0.5555555820
62223  -25.598  -18.146  -20.411 0.4444444478
63368  -27.443  -17.671  -20.092 0.2222222239
66765  -28.267  -14.232  -21.245 0.2222222239
66766  -29.160  -14.168  -20.694 0.1111111119
68922  -27.878  -12.692  -22.032 0.4444444478
68923  -28.718  -12.580  -21.701 0.3333333433
67917  -27.122  -13.266  -22.449 0.4444444478
69919  -27.925  -11.536  -23.073 0.6666666865
69938  -27.931  -10.981  -22.771 0.4444444478
72920  -29.922  -8.419  -23.441 0.3333333433
74850  -29.940  -6.895  -23.457 0.4444444478
76950  -29.616  -4.627  -23.517 0.4444444478
85316  -24.711  4.148  -26.107 0.5555555820
85297  -24.729  4.859  -26.208 0.5555555820
64469  -24.182  -16.342  -20.737 0.4444444478
69921  -29.338  -11.171  -22.186 0.2222222239
61041  -25.400  -19.649  -19.346 0.4444444478
61058  -25.930  -18.823  -19.587 0.4444444478
62206  -27.667  -18.156  -19.563 0.2222222239
61061  -28.893  -18.718  -18.721 0.1111111119
62201  -22.896  -18.450  -19.725 0.4444444478
61056  -23.899  -19.016  -19.918 0.4444444478
64453  -28.427  -16.879  -20.097 0.1111111119
64475  -30.049  -15.804  -20.270 0.1111111119
65561  -29.137  -14.879  -20.454 0.1111111119
66742  -30.420  -14.260  -20.498 0.1111111119
67898  -29.982  -13.262  -20.649 0.1111111119
68924  -29.703  -12.353  -21.404 0.1111111119
69899  -29.832  -11.589  -21.839 0.2222222239
72900  -29.847  -8.668  -23.347 0.2222222239
72901  -30.421  -8.410  -23.044 0.2222222239
73907  -30.022  -7.904  -23.542 0.3333333433
75843  -29.825  -5.819  -23.482 0.4444444478
76949  -28.947  -4.561  -24.183 0.4444444478
81855  -17.640  0.634  -21.230 0.4444444478
83606  -23.225  3.043  -25.309 0.4444444478
85314  -23.709  3.784  -25.722 0.5555555820
85315  -24.142  3.915  -25.714 0.5555555820
85298  -25.046  5.050  -26.362 0.5555555820
86211  -25.163  5.510  -26.418 0.5555555820
85296  -24.249  4.609  -25.511 0.5555555820
63366  -22.960  -17.949  -20.119 0.4444444478
66762  -25.197  -14.600  -21.983 0.5555555820
66799  -26.080  -13.685  -22.714 0.6666666865
68959  -26.784  -12.064  -23.376 0.6666666865
72935  -28.392  -9.044  -24.482 0.5555555820
72936  -28.977  -8.813  -24.357 0.5555555820
77999  -29.069  -3.694  -23.874 0.4444444478
66785  -26.980  -14.022  -22.514 0.3333333433
65576  -26.315  -14.630  -22.387 0.3333333433
63367  -27.020  -17.794  -20.409 0.4444444478
62205  -26.764  -18.336  -20.150 0.3333333433
62224  -26.200  -18.172  -20.364 0.4444444478
63369  -28.241  -17.291  -19.837 0.1111111119
62203  -24.242  -18.614  -20.155 0.4444444478
61070  -25.124  -18.454  -20.230 0.4444444478
64470  -25.188  -16.453  -20.966 0.4444444478
63386  -27.287  -17.236  -20.388 0.4444444478
64472  -27.045  -16.599  -20.807 0.4444444478
63387  -27.760  -17.183  -20.166 0.2222222239
64493  -27.524  -15.999  -20.726 0.2222222239
64455  -29.865  -16.475  -19.764 0.1111111119
66763  -26.780  -14.433  -22.397 0.3333333433
65560  -28.453  -14.956  -20.692 0.2222222239
66767  -29.812  -14.070  -20.627 0.1111111119
68943  -27.928  -12.261  -22.907 0.4444444478
69920  -28.487  -11.145  -22.704 0.3333333433
70914  -29.996  -10.436  -22.320 0.1111111119
70912  -28.695  -10.468  -22.856 0.4444444478
70931  -27.958  -10.326  -23.869 0.5555555820
72918  -28.901  -9.100  -24.265 0.5555555820
71919  -29.664  -9.165  -23.068 0.3333333433
61071  -25.485  -18.584  -20.086 0.4444444478
62204  -25.994  -18.466  -20.168 0.4444444478
68945  -29.277  -11.975  -21.938 0.2222222239
61057  -24.862  -18.860  -19.883 0.4444444478
61059  -26.954  -18.749  -19.149 0.4444444478
61060  -27.927  -18.654  -18.798 0.2222222239
61055  -23.397  -18.785  -19.763 0.4444444478
64454  -28.876  -16.794  -20.037 0.1111111119
63370  -29.213  -17.299  -19.460 0.1111111119
65538  -29.716  -15.221  -20.443 0.1111111119
55464  -27.884  -24.680  -15.017 0.1111111119
56593  -23.911  -23.352  -17.604 0.3333333433
56568  -25.849  -23.411  -16.451 0.2222222239
55485  -26.317  -23.998  -15.814 0.2222222239
55486  -27.401  -23.954  -15.609 0.1111111119
58741  -22.346  -21.630  -17.379 0.3333333433
57614  -22.907  -22.345  -17.398 0.3333333433
56592  -23.172  -23.021  -17.376 0.3333333433
57617  -25.788  -22.396  -17.477 0.3333333433
57618  -26.776  -22.096  -17.213 0.2222222239
56569  -26.872  -23.296  -16.178 0.2222222239
56570  -27.967  -23.314  -16.165 0.1111111119
57589  -27.376  -22.624  -16.622 0.2222222239
61025  -21.234  -19.723  -17.422 0.2222222239
59901  -21.939  -20.310  -18.004 0.2222222239
59877  -21.558  -20.818  -17.284 0.2222222239
58742  -23.253  -21.727  -17.695 0.3333333433
57615  -23.691  -22.609  -17.761 0.3333333433
58743  -24.216  -21.892  -17.940 0.3333333433
61038  -22.098  -19.506  -18.473 0.2222222239
59902  -22.898  -20.254  -18.421 0.3333333433
61039  -23.157  -19.392  -19.303 0.3333333433
59903  -23.885  -20.514  -19.062 0.3333333433
59879  -23.598  -21.059  -18.175 0.3333333433
59881  -25.593  -21.162  -18.530 0.3333333433
59904  -24.977  -20.586  -19.201 0.3333333433
59882  -26.511  -20.889  -18.186 0.3333333433
58746  -27.196  -21.290  -17.535 0.1111111119
62187  -21.647  -18.598  -18.269 0.2222222239
63355  -21.865  -18.035  -18.859 0.3333333433
61040  -24.343  -19.686  -19.494 0.3333333433
59905  -25.919  -20.290  -18.699 0.3333333433
59883  -27.186  -20.621  -17.884 0.1111111119
63341  -21.421  -17.235  -17.543 0.3333333433
63354  -21.566  -17.409  -18.411 0.3333333433
61042  -26.313  -19.406  -18.773 0.3333333433
61043  -27.315  -19.367  -18.498 0.3333333433
74831  -30.481  -6.184  -22.994 0.2222222239
79045  -29.264  -2.592  -23.992 0.3333333433
78000  -29.873  -3.411  -23.269 0.2222222239
57586  -25.075  -23.210  -17.331 0.3333333433
57587  -25.453  -23.026  -17.111 0.3333333433
59878  -22.623  -20.930  -17.764 0.3333333433
59880  -24.588  -21.208  -18.499 0.3333333433
58744  -25.240  -21.984  -18.181 0.3333333433
58745  -26.244  -21.732  -17.996 0.3333333433
62188  -22.220  -18.616  -19.114 0.3333333433
55462  -25.740  -24.796  -15.589 0.1111111119
55463  -26.818  -24.773  -15.387 0.1111111119
56564  -22.495  -23.177  -16.734 0.3333333433
56565  -23.346  -23.654  -17.100 0.3333333433
56566  -24.095  -23.789  -17.128 0.3333333433
55484  -25.204  -23.939  -15.934 0.3333333433
54404  -28.347  -25.571  -14.640 0.1111111119
55487  -28.489  -23.979  -15.577 0.1111111119
59876  -21.000  -20.398  -17.108 0.2222222239
56571  -29.044  -23.358  -16.171 0.1111111119
57619  -27.820  -22.001  -17.136 0.1111111119
58747  -28.285  -21.293  -17.453 0.1111111119
58763  -28.333  -20.659  -17.785 0.1111111119
59907  -27.799  -20.219  -18.169 0.1111111119
75823  -30.356  -5.146  -23.034 0.2222222239
80105  -29.741  -1.464  -24.050 0.2222222239
79046  -30.170  -2.232  -23.433 0.2222222239
65476  -20.817  -15.629  -17.853 0.2222222239
68881  -21.123  -12.429  -19.765 0.5555555820
65498  -21.048  -15.350  -18.559 0.3333333433
76930  -30.273  -4.275  -23.046 0.2222222239
57616  -24.785  -22.929  -17.700 0.3333333433
56567  -24.936  -23.552  -17.014 0.3333333433
57613  -22.192  -22.311  -16.983 0.2222222239
56591  -22.716  -22.713  -17.117 0.3333333433
57588  -26.310  -22.716  -16.735 0.2222222239
57590  -28.511  -22.508  -16.536 0.1111111119
62174  -21.174  -18.376  -17.487 0.2222222239
57620  -28.589  -21.739  -16.826 0.1111111119
59906  -26.776  -20.059  -18.205 0.3333333433
54402  -26.216  -25.640  -15.283 0.1111111119
55482  -23.556  -24.313  -16.762 0.3333333433
55483  -24.336  -24.189  -16.450 0.3333333433
58740  -21.598  -21.626  -17.037 0.2222222239
57612  -21.513  -22.092  -16.686 0.2222222239
74832  -31.129  -6.468  -22.426 0.1111111119
75825  -31.397  -5.700  -22.120 0.1111111119
75824  -30.923  -5.491  -22.515 0.1111111119
76931  -30.836  -4.481  -22.560 0.1111111119
76909  -31.282  -4.193  -22.085 0.1111111119
77976  -31.120  -3.586  -22.470 0.1111111119
77975  -30.579  -3.725  -22.841 0.1111111119
81027  -28.669  -0.536  -24.787 0.2222222239
79023  -30.702  -2.889  -22.866 0.1111111119
81905  -29.063  0.466  -24.597 0.1111111119
82758  -28.489  1.468  -24.777 0.1111111119
81028  -29.492  -0.497  -24.331 0.1111111119
82759  -29.235  1.471  -24.138 0.1111111119
84461  -23.624  3.638  -25.892 0.4444444478
84442  -23.912  3.778  -25.266 0.4444444478
85295  -23.914  3.901  -25.568 0.4444444478
83609  -28.766  2.483  -24.461 0.1111111119
85299  -28.847  4.434  -24.642 0.1111111119
86195  -24.802  5.316  -26.377 0.4444444478
86194  -24.386  5.489  -26.029 0.4444444478
87154  -24.411  5.975  -26.334 0.4444444478
87164  -24.526  6.261  -26.917 0.4444444478
87165  -25.659  6.365  -26.394 0.4444444478
86212  -26.144  5.499  -25.640 0.2222222239
87166  -27.016  6.476  -25.589 0.2222222239
86213  -27.535  5.418  -25.399 0.2222222239
91776  -27.419  10.321  -26.793 0.1111111119
119554  -28.661  9.287  -25.893 0.1111111119
87176  -29.000  6.908  -25.674 0.1111111119
84443  -24.809  4.014  -24.714 0.4444444478
86193  -23.945  5.608  -25.120 0.4444444478
87163  -23.741  6.677  -26.893 0.4444444478
88203  -24.008  7.213  -27.289 0.4444444478
89160  -23.733  8.282  -27.093 0.3333333433
88205  -26.427  7.334  -26.071 0.3333333433
89163  -27.152  8.220  -25.863 0.1111111119
88206  -28.136  7.383  -26.057 0.1111111119
85283  -24.656  5.231  -24.607 0.2222222239
87153  -23.903  6.368  -25.768 0.3333333433
88204  -25.184  7.180  -27.070 0.4444444478
89173  -24.008  8.676  -27.520 0.2222222239
89161  -24.472  8.061  -27.118 0.2222222239
89162  -25.807  8.325  -26.425 0.2222222239
90144  -26.841  8.746  -26.106 0.1111111119
90155  -24.067  9.546  -27.542 0.1111111119
89174  -24.831  8.812  -27.139 0.1111111119
90156  -25.405  9.490  -26.993 0.1111111119
90145  -27.436  8.886  -25.814 0.1111111119
90157  -26.473  9.211  -26.417 0.1111111119
87138  -23.289  6.166  -24.895 0.3333333433
87139  -23.719  6.705  -24.507 0.3333333433
88196  -23.738  7.461  -25.198 0.3333333433
88202  -23.550  7.346  -26.546 0.3333333433
91019  -25.002  10.193  -27.374 0.1111111119
91020  -26.579  10.259  -26.708 0.1111111119
92503  -26.538  11.499  -27.680 0.1111111119
87111  -24.004  6.766  -22.093 0.1111111119
88170  -23.866  7.653  -22.266 0.1111111119
88185  -24.114  7.628  -23.750 0.2222222239
89152  -24.262  8.395  -24.518 0.2222222239
90136  -24.212  9.378  -25.461 0.2222222239
89159  -23.521  8.358  -26.075 0.3333333433
90142  -23.539  9.477  -27.035 0.1111111119
91017  -23.047  10.727  -27.424 0.1111111119
91026  -23.314  10.883  -28.281 0.1111111119
91018  -24.204  10.223  -27.703 0.1111111119
91027  -24.265  10.699  -28.087 0.1111111119
91783  -24.994  11.428  -27.534 0.1111111119
91028  -25.630  10.797  -27.345 0.1111111119
91785  -27.584  10.912  -27.342 0.1111111119
119555  -27.929  9.912  -26.861 0.1111111119
89124  -23.677  8.646  -21.191 0.1111111119
89139  -23.847  8.585  -22.888 0.1111111119
90110  -24.258  9.440  -22.413 0.1111111119
90998  -24.728  10.381  -24.724 0.1111111119
91752  -24.350  11.350  -25.576 0.1111111119
91006  -23.754  10.502  -26.195 0.1111111119
92453  -24.264  12.400  -25.662 0.1111111119
91761  -23.481  11.596  -26.635 0.1111111119
92462  -23.999  12.678  -26.715 0.1111111119
91775  -23.241  11.825  -27.817 0.1111111119
90968  -24.831  9.828  -22.406 0.1111111119
90969  -25.340  9.968  -22.233 0.1111111119
91720  -25.264  9.981  -22.914 0.1111111119
90985  -25.032  10.586  -23.892 0.1111111119
92439  -24.923  12.261  -24.533 0.1111111119
91753  -25.126  11.300  -24.834 0.1111111119
91743  -26.141  11.608  -23.456 0.1111111119
91722  -26.476  11.144  -22.768 0.1111111119
92440  -25.856  12.170  -23.799 0.1111111119
74833  -31.612  -6.181  -21.911 0.1111111119
75799  -31.383  -4.948  -22.129 0.1111111119
76910  -31.806  -4.391  -21.751 0.1111111119
86196  -28.592  5.337  -25.053 0.1111111119
84446  -29.199  3.478  -24.283 0.1111111119
86210  -24.677  5.717  -26.480 0.4444444478
88214  -28.732  7.004  -25.812 0.2222222239
89164  -28.273  8.657  -25.724 0.1111111119
88207  -29.225  8.077  -25.900 0.1111111119
119559  -27.455  10.047  -26.532 0.1111111119
91741  -25.351  10.308  -23.476 0.1111111119
92454  -24.611  11.833  -25.113 0.1111111119
92419  -26.432  11.984  -23.319 0.1111111119
75801  -32.533  -5.577  -21.303 0.1111111119
75800  -31.954  -5.408  -21.750 0.1111111119
90111  -24.770  9.713  -21.475 0.1111111119
90124  -25.151  9.613  -20.926 0.1111111119
90970  -26.076  10.009  -22.196 0.1111111119
91742  -25.546  11.167  -23.784 0.1111111119
73891  -30.627  -7.252  -23.073 0.1111111119
75779  -33.150  -5.253  -20.712 0.1111111119
77952  -32.094  -3.617  -21.410 0.1111111119
77951  -31.596  -3.568  -21.944 0.1111111119
79004  -31.827  -2.954  -21.661 0.1111111119
79024  -31.445  -2.649  -22.274 0.1111111119
80106  -30.336  -1.296  -23.386 0.1111111119
80088  -30.814  -1.718  -22.696 0.1111111119
81013  -30.157  -0.559  -23.730 0.1111111119
81906  -29.766  0.294  -23.832 0.1111111119
82760  -29.933  1.528  -23.545 0.1111111119
83610  -29.466  2.531  -23.702 0.1111111119
87168  -29.773  6.339  -25.013 0.1111111119
87177  -29.501  6.907  -25.581 0.1111111119
86178  -24.082  6.126  -24.298 0.2222222239
89165  -29.404  9.062  -25.703 0.1111111119
86151  -24.910  6.523  -22.922 0.1111111119
119564  -28.482  10.092  -27.108 0.1111111119
119556  -28.771  10.384  -27.498 0.1111111119
87097  -24.232  6.915  -21.393 0.1111111119
89110  -24.251  8.214  -20.326 0.1111111119
89125  -24.825  9.055  -20.639 0.1111111119
89126  -25.802  8.734  -20.656 0.1111111119
89142  -26.522  9.084  -21.120 0.1111111119
93145  -23.658  13.359  -26.463 0.1111111119
92482  -23.967  12.338  -27.347 0.1111111119
92483  -25.239  12.277  -27.282 0.1111111119
90986  -26.491  9.557  -21.864 0.1111111119
93110  -24.546  13.228  -24.643 0.1111111119
94409  -23.649  15.098  -24.810 0.1111111119
80123  -29.147  -1.181  -24.469 0.1111111119
87167  -28.622  6.414  -25.494 0.2222222239
91029  -26.580  10.793  -27.252 0.1111111119
91007  -27.698  9.526  -26.116 0.1111111119
87155  -29.182  5.905  -24.948 0.1111111119
89175  -25.605  8.978  -26.680 0.2222222239
86177  -23.463  6.202  -24.593 0.3333333433
87125  -24.289  6.960  -23.358 0.1111111119
90143  -23.735  8.934  -27.454 0.1111111119
90154  -23.335  10.142  -27.927 0.1111111119
90166  -23.577  10.474  -28.164 0.1111111119
91784  -26.401  11.259  -27.488 0.1111111119
91789  -26.935  11.234  -27.625 0.1111111119
92500  -26.012  11.784  -27.697 0.1111111119
87112  -24.947  6.665  -21.999 0.1111111119
88159  -23.476  7.280  -21.049 0.1111111119
91782  -23.870  11.585  -28.361 0.1111111119
92499  -24.497  11.979  -27.919 0.1111111119
92498  -23.734  12.081  -28.179 0.1111111119
90123  -24.320  9.389  -23.808 0.1111111119
90984  -24.793  9.981  -23.345 0.1111111119
93125  -23.697  13.335  -25.790 0.1111111119
90112  -25.415  9.882  -21.787 0.1111111119
91721  -25.858  10.249  -23.029 0.1111111119
92438  -24.484  12.763  -25.009 0.1111111119
93756  -23.872  13.831  -25.018 0.1111111119
74809  -31.571  -6.819  -22.000 0.1111111119
76911  -32.456  -4.568  -21.185 0.1111111119
88215  -29.111  7.314  -25.791 0.1111111119
88208  -30.161  8.510  -25.671 0.1111111119
93131  -23.307  13.574  -26.211 0.1111111119
93111  -25.525  13.250  -24.135 0.1111111119
90125  -25.715  9.552  -21.467 0.1111111119
87156  -29.554  5.903  -24.750 0.1111111119
88216  -29.963  7.649  -25.649 0.1111111119
90146  -29.867  9.570  -25.789 0.1111111119
85258  -25.699  6.037  -23.136 0.1111111119
90159  -29.081  9.852  -26.257 0.1111111119
89091  -23.717  7.397  -20.500 0.1111111119
93772  -23.139  14.109  -25.590 0.1111111119
55460  -23.820  -24.978  -16.298 0.2222222239
69857  -20.893  -11.353  -20.061 0.2222222239
70843  -20.802  -10.663  -20.013 0.2222222239
66704  -20.745  -14.354  -18.756 0.3333333433
68903  -21.256  -12.060  -20.420 0.3333333433
82755  -23.706  1.782  -25.008 0.2222222239
83550  -20.107  2.107  -20.840 0.2222222239
81845  -16.956  0.830  -19.382 0.1111111119
81856  -19.226  0.934  -20.937 0.1111111119
81886  -22.373  0.925  -24.067 0.1111111119
82756  -24.714  2.145  -24.895 0.1111111119
84444  -25.309  3.387  -24.565 0.1111111119
84427  -25.360  4.899  -24.016 0.1111111119
65475  -20.760  -14.963  -18.227 0.2222222239
68863  -20.965  -12.966  -18.922 0.2222222239
73864  -19.574  -6.803  -20.890 0.2222222239
73845  -20.330  -7.536  -20.444 0.1111111119
73844  -19.616  -6.964  -20.435 0.3333333433
83607  -24.100  3.060  -24.833 0.3333333433
83608  -24.976  2.954  -24.846 0.1111111119
81887  -23.495  0.942  -23.925 0.1111111119
82734  -24.122  1.280  -24.093 0.1111111119
82735  -24.637  1.326  -24.548 0.1111111119
55459  -22.992  -25.015  -16.661 0.1111111119
54401  -25.151  -25.619  -15.376 0.1111111119
54398  -22.627  -25.501  -15.869 0.1111111119
55480  -22.132  -23.800  -16.530 0.1111111119
57585  -21.742  -22.642  -16.545 0.1111111119
65427  -21.423  -15.109  -17.532 0.1111111119
76902  -19.200  -4.186  -20.651 0.2222222239
77943  -18.693  -3.588  -21.032 0.2222222239
76901  -18.979  -3.536  -20.581 0.2222222239
77920  -19.422  -3.280  -20.675 0.2222222239
55458  -21.981  -24.457  -16.140 0.1111111119
71871  -20.863  -9.580  -20.584 0.1111111119
54397  -21.639  -25.379  -15.450 0.1111111119
54399  -23.467  -25.707  -16.120 0.1111111119
54400  -24.257  -25.700  -15.828 0.1111111119
55461  -24.665  -24.802  -15.749 0.1111111119
55457  -21.039  -24.492  -15.492 0.1111111119
56554  -21.194  -23.975  -15.927 0.1111111119
56563  -21.418  -23.378  -16.291 0.1111111119
57584  -21.005  -22.403  -16.375 0.1111111119
58717  -21.070  -21.618  -16.666 0.1111111119
59859  -21.169  -21.237  -16.986 0.1111111119
65451  -21.537  -15.538  -17.468 0.1111111119
67794  -21.726  -14.280  -18.055 0.1111111119
70832  -21.175  -10.930  -19.774 0.1111111119
78981  -19.552  -2.845  -20.949 0.2222222239
80055  -18.627  -1.224  -20.547 0.1111111119
78979  -18.740  -2.082  -20.747 0.2222222239
80054  -17.866  -0.947  -20.242 0.1111111119
67838  -20.774  -13.777  -18.552 0.1111111119
61024  -20.809  -20.276  -17.006 0.1111111119
61007  -21.044  -19.267  -16.686 0.1111111119
64421  -21.220  -16.269  -17.702 0.1111111119
55481  -22.773  -24.100  -16.683 0.1111111119
69843  -21.154  -11.881  -19.588 0.1111111119
66682  -20.932  -14.424  -18.182 0.1111111119
66654  -21.289  -14.608  -17.789 0.1111111119
68864  -21.522  -12.839  -18.898 0.1111111119
76883  -19.618  -4.038  -20.362 0.1111111119
56562  -20.781  -22.954  -16.073 0.1111111119
65452  -22.467  -15.526  -17.083 0.1111111119
68824  -21.150  -14.041  -18.259 0.1111111119
78999  -19.932  -2.492  -21.339 0.1111111119
80066  -19.340  -1.447  -21.159 0.1111111119
82713  -21.069  1.713  -21.593 0.1111111119
74763  -19.882  -6.344  -19.798 0.1111111119
81857  -19.771  1.291  -21.553 0.1111111119
81868  -20.815  1.219  -22.595 0.1111111119
81885  -21.436  1.473  -23.397 0.1111111119
56594  -24.435  -23.430  -17.407 0.3333333433
58762  -27.756  -20.806  -17.729 0.1111111119
62221  -24.021  -17.791  -20.456 0.4444444478
65426  -21.225  -14.945  -17.602 0.1111111119
65450  -20.948  -15.234  -17.665 0.1111111119
66635  -20.956  -14.983  -17.610 0.1111111119
66636  -21.351  -15.025  -17.760 0.1111111119
66741  -29.658  -14.527  -20.539 0.1111111119
66784  -26.432  -13.943  -22.659 0.3333333433
67793  -21.319  -14.230  -18.171 0.1111111119
67818  -20.886  -13.998  -18.456 0.1111111119
67916  -26.635  -13.451  -22.599 0.3333333433
68825  -21.474  -14.021  -18.226 0.1111111119
68845  -21.115  -13.695  -18.355 0.1111111119
68967  -26.975  -11.681  -23.518 0.6666666865
68968  -27.173  -11.818  -23.458 0.6666666865
69937  -27.657  -11.016  -23.265 0.6666666865
69947  -26.766  -11.380  -23.642 0.6666666865
70933  -28.798  -10.183  -22.986 0.4444444478
71935  -28.109  -9.915  -24.195 0.5555555820
71950  -28.183  -9.637  -24.297 0.5555555820
73940  -25.203  -6.899  -25.633 1.0000000000
73941  -25.465  -6.987  -25.604 1.0000000000
74798  -19.470  -6.270  -20.748 0.3333333433
75868  -22.617  -4.976  -25.338 0.8888888955
76882  -19.226  -3.651  -20.544 0.2222222239
76981  -25.885  -4.435  -26.319 0.8888888955
77919  -19.027  -3.038  -20.637 0.2222222239
77967  -18.500  -2.894  -21.127 0.2222222239
78980  -19.168  -2.352  -20.715 0.2222222239
78997  -18.517  -1.983  -20.953 0.2222222239
78998  -19.441  -2.327  -21.049 0.1111111119
79081  -22.678  -2.355  -25.960 1.0000000000
80053  -17.246  -0.286  -19.889 0.1111111119
80064  -17.323  -0.452  -20.158 0.3333333433
80097  -19.696  -1.262  -23.275 0.7777777910
80098  -20.179  -0.770  -23.798 0.7777777910
80137  -22.683  -1.582  -26.189 0.8888888955
80963  -16.888  0.135  -19.792 0.3333333433
80964  -17.335  0.080  -19.698 0.1111111119
80975  -17.668  -0.507  -21.285 0.3333333433
81005  -19.617  0.050  -23.485 0.5555555820
81025  -19.997  0.542  -24.088 0.6666666865
81026  -20.343  0.361  -24.541 0.6666666865
81056  -22.457  0.017  -25.771 0.7777777910
81073  -24.601  -0.006  -26.659 0.6666666865
81846  -17.628  0.793  -19.617 0.1111111119
81847  -18.391  0.815  -20.374 0.1111111119
81854  -16.954  0.873  -20.133 0.1111111119
81866  -18.434  0.799  -22.267 0.4444444478
81867  -20.319  1.147  -21.998 0.1111111119
81882  -19.156  0.990  -22.969 0.5555555820
81883  -19.825  1.391  -23.821 0.6666666865
81935  -22.758  0.630  -26.397 0.7777777910
81949  -24.504  0.216  -26.728 0.6666666865
82689  -17.384  1.220  -19.458 0.1111111119
82690  -18.092  1.584  -20.125 0.3333333433
82691  -19.263  1.772  -20.595 0.1111111119
82692  -20.389  2.061  -20.678 0.2222222239
82693  -21.014  2.220  -20.454 0.2222222239
82700  -17.326  1.303  -19.763 0.1111111119
82701  -17.808  1.670  -20.574 0.3333333433
82702  -19.804  1.743  -21.039 0.1111111119
82703  -20.784  1.695  -20.970 0.1111111119
82704  -21.170  2.217  -21.034 0.1111111119
82711  -18.400  1.639  -21.640 0.5555555820
82712  -18.951  1.977  -22.145 0.5555555820
82731  -19.560  1.803  -22.736 0.5555555820
82752  -20.623  2.405  -24.281 0.4444444478
83549  -19.165  2.278  -20.598 0.2222222239
83551  -20.672  2.285  -20.581 0.2222222239
83558  -18.549  2.394  -21.216 0.3333333433
83559  -19.224  2.546  -21.087 0.2222222239
83560  -20.048  2.363  -21.058 0.2222222239
83561  -20.805  2.468  -20.711 0.2222222239
83569  -18.802  2.175  -21.729 0.5555555820
83571  -20.035  2.449  -21.722 0.3333333433
83572  -20.833  2.541  -21.372 0.3333333433
83583  -19.709  2.430  -22.802 0.4444444478
83584  -20.021  2.424  -22.676 0.3333333433
86192  -23.396  5.951  -24.682 0.3333333433
87098  -25.144  6.772  -21.336 0.1111111119
87152  -23.267  5.972  -25.150 0.3333333433
88139  -24.153  7.199  -20.836 0.1111111119
89109  -23.625  7.782  -20.409 0.1111111119
89140  -25.501  9.273  -20.893 0.1111111119
89141  -26.086  9.055  -21.095 0.1111111119
90126  -26.431  9.318  -21.456 0.1111111119
90158  -27.149  9.110  -26.051 0.1111111119
90167  -23.787  10.249  -27.921 0.1111111119
90999  -25.131  10.852  -24.319 0.1111111119
91788  -26.732  11.356  -27.678 0.1111111119
92504  -26.890  11.491  -27.800 0.1111111119
93109  -24.270  13.163  -25.312 0.1111111119
