#!ascii label  , from subject 3081 vox2ras=TkReg
1493
16449  45.153  -63.639  -12.334 0.2000000030
17429  45.331  -63.192  -11.148 0.2000000030
16450  43.762  -63.487  -12.222 0.2000000030
15421  46.323  -63.853  -13.207 0.1000000015
16402  45.091  -63.553  -10.533 0.3000000119
16423  45.745  -63.311  -11.568 0.2000000030
16448  46.157  -63.646  -12.416 0.1000000015
16447  46.742  -63.030  -12.855 0.1000000015
19560  46.852  -60.585  -14.007 0.1000000015
16470  46.627  -63.129  -13.806 0.1000000015
18528  47.170  -61.264  -14.288 0.1000000015
17428  46.526  -62.400  -11.376 0.1000000015
18480  46.574  -61.564  -11.988 0.1000000015
16422  46.487  -63.064  -11.691 0.2000000030
17450  47.013  -62.244  -12.408 0.1000000015
18509  47.100  -61.132  -13.088 0.1000000015
19561  46.171  -60.551  -13.514 0.1000000015
19611  44.419  -60.395  -14.770 0.2000000030
19583  45.265  -60.484  -14.113 0.2000000030
19582  46.124  -60.415  -14.460 0.2000000030
19638  42.634  -60.591  -15.170 0.2000000030
19661  42.185  -60.389  -16.417 0.1000000015
18578  41.608  -60.426  -16.736 0.1000000015
19639  41.666  -60.496  -15.206 0.2000000030
19662  40.984  -60.489  -16.009 0.2000000030
18600  40.656  -60.526  -17.153 0.1000000015
18617  41.014  -60.683  -17.697 0.2000000030
18510  46.037  -60.879  -12.502 0.1000000015
19562  45.135  -60.665  -13.106 0.1000000015
19585  43.145  -60.466  -13.439 0.2000000030
19612  43.405  -60.461  -14.480 0.3000000119
19683  39.622  -60.088  -16.848 0.3000000119
19682  40.061  -60.047  -17.251 0.2000000030
20686  40.208  -59.476  -17.704 0.2000000030
19696  42.454  -60.221  -18.375 0.2000000030
19613  42.357  -60.430  -14.297 0.3000000119
19584  44.244  -60.496  -13.768 0.2000000030
19663  39.786  -60.246  -16.099 0.3000000119
20688  38.707  -59.014  -17.011 0.3000000119
21686  38.387  -58.551  -16.830 0.3000000119
20687  39.316  -59.447  -17.215 0.3000000119
21701  39.955  -58.662  -17.831 0.2000000030
20705  40.856  -59.529  -18.222 0.2000000030
20704  41.901  -59.320  -18.753 0.2000000030
20673  37.784  -58.958  -15.711 0.4000000060
19664  39.147  -60.086  -15.569 0.3000000119
20672  38.576  -59.478  -16.184 0.3000000119
19640  40.578  -60.467  -15.140 0.2000000030
21702  39.025  -58.355  -17.354 0.3000000119
21700  40.439  -59.055  -18.063 0.2000000030
22648  39.835  -57.601  -17.772 0.2000000030
21714  40.885  -58.533  -18.390 0.2000000030
22629  37.240  -57.291  -15.676 0.3000000119
21687  37.749  -58.291  -16.243 0.3000000119
23557  39.231  -56.900  -17.317 0.2000000030
23556  40.114  -56.496  -17.582 0.2000000030
23555  41.127  -56.156  -17.845 0.1000000015
22663  41.390  -57.564  -18.463 0.2000000030
22647  40.739  -56.993  -18.159 0.2000000030
23540  37.289  -56.058  -15.762 0.3000000119
23547  37.852  -56.628  -16.370 0.3000000119
22637  37.749  -57.427  -16.350 0.3000000119
24478  38.075  -55.304  -16.343 0.2000000030
23546  38.700  -56.271  -16.818 0.3000000119
25445  38.641  -54.318  -16.381 0.2000000030
22636  38.399  -57.496  -16.909 0.3000000119
24477  39.210  -55.278  -16.829 0.1000000015
24487  39.458  -56.025  -17.248 0.1000000015
24486  40.267  -55.301  -17.370 0.1000000015
25444  39.567  -54.636  -16.966 0.1000000015
23570  41.743  -56.710  -18.304 0.1000000015
25440  36.968  -54.327  -15.308 0.3000000119
24473  37.403  -55.102  -15.665 0.2000000030
25439  37.876  -54.333  -15.948 0.2000000030
27405  37.835  -52.393  -15.144 0.2000000030
28372  38.208  -51.916  -15.252 0.1000000015
25438  38.264  -54.087  -16.094 0.1000000015
27404  38.617  -52.679  -15.700 0.1000000015
25455  40.240  -54.130  -17.405 0.1000000015
25454  41.244  -54.482  -17.888 0.1000000015
28371  38.701  -51.731  -15.548 0.1000000015
27403  39.034  -52.097  -15.945 0.1000000015
27415  39.033  -52.842  -16.139 0.1000000015
27414  39.560  -52.532  -16.576 0.1000000015
26442  39.474  -53.677  -16.821 0.1000000015
27424  40.075  -52.689  -17.200 0.1000000015
26452  40.097  -53.153  -17.324 0.1000000015
28370  39.341  -51.432  -15.931 0.1000000015
26451  40.990  -53.512  -17.825 0.1000000015
29341  38.770  -50.978  -15.326 0.1000000015
17467  47.224  -62.194  -13.581 0.1000000015
19637  43.521  -60.548  -15.516 0.1000000015
15225  38.600  -64.909  1.563 0.5000000000
15210  38.939  -64.867  2.489 0.5000000000
15243  37.448  -64.502  -0.062 0.5000000000
14128  36.776  -65.716  3.287 0.2000000030
14127  37.727  -65.586  3.429 0.2000000030
15176  37.212  -64.900  3.510 0.3000000119
15175  38.028  -64.843  3.482 0.3000000119
15194  38.483  -64.585  3.144 0.5000000000
15211  38.076  -64.293  2.407 0.5000000000
15212  37.385  -63.905  1.980 0.5000000000
15226  37.794  -64.548  1.214 0.5000000000
15242  38.612  -65.060  0.067 0.5000000000
15254  39.177  -64.848  -1.519 0.5000000000
15253  40.148  -65.031  -2.020 0.5000000000
15177  36.256  -64.819  3.344 0.3000000119
16234  36.995  -64.139  3.406 0.3000000119
16249  37.660  -64.075  3.189 0.5000000000
15227  36.943  -64.038  1.056 0.5000000000
15255  38.059  -64.473  -1.267 0.5000000000
13236  41.767  -66.729  -3.667 0.4000000060
13222  41.333  -66.204  -3.424 0.5000000000
14248  40.801  -65.643  -3.218 0.5000000000
15270  40.170  -65.038  -2.882 0.5000000000
12227  42.484  -67.259  -3.868 0.4000000060
15195  35.753  -65.263  2.997 0.3000000119
16235  36.260  -63.893  3.307 0.4000000060
16250  36.725  -63.196  2.994 0.4000000060
16265  37.374  -63.626  2.667 0.5000000000
16266  36.638  -63.147  2.065 0.5000000000
16281  36.220  -63.470  0.859 0.5000000000
15244  36.545  -64.075  -0.085 0.5000000000
15256  37.003  -64.066  -1.320 0.5000000000
15272  38.324  -64.134  -2.586 0.6000000238
15271  39.410  -64.558  -2.707 0.5000000000
13255  43.150  -67.287  -5.270 0.4000000060
12245  42.915  -67.468  -4.503 0.4000000060
13237  40.987  -66.372  -3.990 0.5000000000
17275  31.796  -64.296  -0.183 0.1000000015
16269  32.584  -63.569  1.301 0.1000000015
15215  33.256  -64.198  1.487 0.1000000015
16268  33.208  -64.031  2.094 0.1000000015
16254  33.029  -63.397  2.270 0.1000000015
15196  35.352  -64.770  2.847 0.2000000030
15197  34.510  -64.435  2.574 0.1000000015
15178  35.865  -64.348  3.268 0.3000000119
16236  35.661  -63.974  3.216 0.4000000060
16251  35.878  -63.221  3.002 0.4000000060
17235  36.413  -62.042  2.536 0.4000000060
17252  36.407  -61.974  1.894 0.5000000000
16267  36.082  -62.748  1.455 0.5000000000
16282  35.488  -63.010  0.736 0.5000000000
15273  37.644  -64.206  -2.013 0.5000000000
13256  41.923  -67.216  -4.759 0.4000000060
13254  43.980  -67.055  -5.388 0.5000000000
13161  29.407  -66.397  1.091 0.1000000015
14182  30.162  -65.464  0.253 0.1000000015
15247  30.916  -64.846  0.100 0.1000000015
16284  31.229  -64.047  0.382 0.1000000015
17255  31.943  -63.431  0.402 0.1000000015
16270  31.206  -63.570  1.109 0.1000000015
16255  31.959  -63.346  2.234 0.1000000015
15231  30.759  -64.146  0.714 0.1000000015
19309  34.120  -60.973  2.181 0.2000000030
19329  33.505  -60.438  1.643 0.2000000030
15214  33.787  -64.586  2.018 0.1000000015
16253  33.990  -63.705  2.583 0.1000000015
17238  33.801  -62.622  2.388 0.1000000015
18244  34.521  -61.560  2.376 0.2000000030
17237  35.027  -62.597  2.677 0.1000000015
18243  35.503  -61.295  2.612 0.2000000030
19308  34.878  -60.348  2.370 0.2000000030
19328  34.572  -59.656  1.869 0.2000000030
16252  35.052  -63.783  2.916 0.2000000030
17236  36.109  -62.111  2.950 0.3000000119
18242  36.154  -61.199  2.592 0.3000000119
18263  36.329  -61.238  2.215 0.4000000060
17253  35.659  -62.066  1.273 0.4000000060
15292  37.850  -63.896  -4.722 0.5000000000
16334  38.384  -63.775  -3.951 0.5000000000
16326  38.141  -63.643  -3.547 0.5000000000
15291  38.497  -64.273  -4.325 0.5000000000
15283  38.815  -64.056  -3.486 0.5000000000
15257  36.321  -63.915  -0.822 0.5000000000
16293  35.755  -63.577  -0.313 0.5000000000
14262  40.251  -65.850  -3.838 0.5000000000
15290  38.989  -64.896  -4.122 0.5000000000
15282  39.441  -64.826  -3.585 0.5000000000
16314  37.825  -63.605  -3.130 0.5000000000
14249  39.978  -65.410  -3.594 0.5000000000
13141  29.047  -66.329  1.858 0.1000000015
14183  29.713  -65.592  0.782 0.1000000015
15233  29.727  -65.078  1.173 0.1000000015
15218  29.655  -64.424  1.667 0.1000000015
16258  28.763  -63.821  3.057 0.1000000015
15232  30.183  -64.793  0.821 0.1000000015
15217  30.474  -64.090  1.181 0.1000000015
16256  30.809  -63.140  2.165 0.1000000015
17240  31.622  -62.511  2.491 0.1000000015
18246  32.393  -61.779  2.246 0.1000000015
17239  32.688  -62.623  2.417 0.1000000015
18266  32.934  -61.303  1.833 0.2000000030
18245  33.452  -61.650  2.111 0.2000000030
19307  35.751  -60.373  2.336 0.3000000119
20352  35.102  -59.581  2.173 0.2000000030
19306  36.166  -60.714  2.250 0.3000000119
20351  35.362  -59.870  2.274 0.2000000030
18264  36.102  -61.159  1.758 0.4000000060
19327  35.952  -60.335  1.816 0.3000000119
18265  35.552  -61.391  1.336 0.4000000060
18288  35.620  -60.885  1.469 0.4000000060
17342  37.318  -62.976  -4.744 0.5000000000
17334  37.183  -62.677  -4.382 0.5000000000
16327  37.355  -63.158  -3.679 0.5000000000
17273  35.159  -62.495  0.626 0.5000000000
18375  36.376  -61.096  -4.664 0.5000000000
18365  36.158  -61.597  -4.135 0.5000000000
17325  36.728  -62.438  -3.928 0.5000000000
17326  35.451  -62.412  -3.335 0.5000000000
16328  36.469  -63.112  -3.243 0.6000000238
16315  37.203  -63.744  -2.617 0.5000000000
16302  36.638  -63.776  -2.016 0.5000000000
13272  44.312  -66.817  -6.289 0.4000000060
17221  29.013  -62.459  3.807 0.1000000015
16237  29.168  -62.868  3.298 0.1000000015
17220  29.620  -62.390  3.305 0.1000000015
16271  30.168  -63.674  1.705 0.1000000015
16272  29.731  -63.798  1.922 0.1000000015
17242  29.916  -62.513  2.854 0.1000000015
17241  30.551  -62.380  2.690 0.1000000015
17219  30.153  -62.089  3.105 0.1000000015
18247  31.342  -61.393  2.347 0.1000000015
18268  31.621  -60.750  1.792 0.2000000030
19330  32.148  -60.254  1.387 0.2000000030
20369  32.698  -59.319  0.780 0.2000000030
21459  37.446  -59.380  -1.934 0.2000000030
20367  34.892  -59.110  1.750 0.2000000030
21495  36.813  -59.461  -2.124 0.2000000030
20441  36.265  -59.586  -1.959 0.2000000030
20442  35.727  -59.514  -1.630 0.2000000030
20443  35.210  -59.874  -1.283 0.2000000030
20366  35.409  -59.564  1.888 0.2000000030
20466  36.183  -59.470  -2.168 0.2000000030
20467  35.619  -59.486  -2.382 0.2000000030
20468  35.247  -59.838  -1.947 0.2000000030
19395  34.627  -60.277  -1.001 0.2000000030
19396  34.197  -60.606  -0.973 0.4000000060
20487  35.182  -59.573  -3.188 0.2000000030
20488  34.945  -59.794  -2.524 0.3000000119
19415  34.678  -60.259  -1.982 0.4000000060
18330  34.202  -60.980  -1.413 0.4000000060
18331  34.038  -60.807  -0.917 0.5000000000
18289  35.016  -61.217  0.835 0.4000000060
17274  34.952  -62.042  0.807 0.5000000000
19452  35.824  -60.411  -4.517 0.5000000000
19438  35.305  -60.103  -3.763 0.4000000060
19439  34.747  -60.309  -3.073 0.4000000060
18367  34.685  -60.963  -3.215 0.4000000060
17317  34.565  -62.224  -2.264 0.5000000000
17306  34.326  -61.913  -0.962 0.5000000000
17292  34.890  -62.356  0.322 0.5000000000
18366  35.344  -61.021  -3.736 0.5000000000
16329  35.854  -63.058  -2.906 0.5000000000
16316  36.253  -63.461  -2.484 0.5000000000
16303  36.032  -63.696  -1.534 0.5000000000
16304  35.138  -63.303  -1.253 0.5000000000
18215  28.237  -61.914  4.828 0.1000000015
17206  28.485  -62.624  4.481 0.1000000015
18228  28.725  -61.787  4.267 0.1000000015
19278  28.856  -60.464  4.151 0.1000000015
18227  29.294  -61.665  3.748 0.1000000015
19294  29.430  -60.670  3.546 0.1000000015
18226  29.867  -61.538  3.304 0.1000000015
19312  29.865  -60.288  2.907 0.1000000015
19311  30.572  -60.533  2.452 0.1000000015
19331  31.291  -60.227  1.620 0.2000000030
22414  37.565  -58.590  -1.746 0.1000000015
21460  36.613  -59.260  -1.760 0.2000000030
21389  35.145  -58.931  1.380 0.2000000030
21461  35.739  -58.825  -1.367 0.1000000015
19353  35.391  -60.448  1.258 0.3000000119
20390  35.375  -59.723  1.259 0.2000000030
20415  34.945  -59.357  -0.467 0.1000000015
19375  34.670  -60.132  -0.233 0.1000000015
19354  34.987  -60.310  0.549 0.2000000030
16318  34.785  -62.947  -1.821 0.5000000000
16305  34.648  -62.670  -1.207 0.5000000000
16295  34.586  -62.383  -0.586 0.5000000000
16294  35.026  -62.751  -0.214 0.5000000000
17316  35.092  -62.588  -2.682 0.5000000000
16317  35.324  -63.070  -2.352 0.5000000000
18207  27.834  -61.570  5.405 0.1000000015
20330  28.401  -60.160  5.187 0.1000000015
20329  28.617  -59.921  4.636 0.1000000015
20344  29.078  -59.716  3.995 0.1000000015
20353  29.995  -59.618  2.488 0.1000000015
21377  29.595  -58.777  2.801 0.1000000015
20371  30.757  -59.646  1.881 0.2000000030
20370  31.472  -59.502  1.065 0.2000000030
21391  32.496  -58.641  0.554 0.2000000030
20392  33.254  -58.727  0.514 0.2000000030
20368  33.998  -59.107  1.218 0.2000000030
23341  37.074  -57.129  -1.940 0.1000000015
22415  36.383  -58.176  -1.614 0.1000000015
20414  35.375  -59.299  -1.078 0.1000000015
21410  35.309  -59.054  1.036 0.1000000015
21428  35.159  -58.532  -0.769 0.1000000015
20391  35.007  -59.497  0.452 0.2000000030
21344  28.420  -58.799  5.762 0.1000000015
21358  28.450  -59.495  5.192 0.1000000015
22297  29.256  -57.530  6.478 0.1000000015
21357  28.686  -58.827  4.702 0.1000000015
23247  29.700  -57.245  4.714 0.1000000015
22327  29.200  -57.899  4.205 0.1000000015
22338  29.491  -57.933  3.231 0.1000000015
21370  29.230  -58.779  3.684 0.1000000015
22346  30.453  -57.685  1.964 0.1000000015
21393  30.850  -58.612  1.398 0.1000000015
22359  31.069  -57.663  1.290 0.1000000015
21392  31.813  -58.403  0.773 0.2000000030
20393  32.786  -58.707  0.480 0.2000000030
21431  33.341  -57.757  0.134 0.2000000030
21412  33.900  -58.205  0.439 0.2000000030
21390  34.604  -58.755  1.131 0.2000000030
23340  38.268  -57.191  -1.775 0.1000000015
23342  35.930  -56.947  -1.801 0.1000000015
22416  35.313  -57.797  -1.213 0.1000000015
21429  34.869  -58.562  -0.283 0.1000000015
21411  34.706  -58.634  0.411 0.2000000030
23226  29.805  -56.792  5.699 0.1000000015
23246  30.538  -56.417  4.560 0.1000000015
22326  29.912  -57.208  3.807 0.1000000015
22337  29.986  -57.226  2.772 0.1000000015
22358  31.582  -57.540  0.895 0.1000000015
21414  32.015  -57.798  0.624 0.2000000030
22377  31.986  -57.194  0.576 0.1000000015
22376  32.563  -57.283  0.299 0.2000000030
21413  32.684  -58.033  0.249 0.2000000030
22393  33.106  -57.189  0.057 0.1000000015
25213  35.779  -54.819  -1.709 0.1000000015
24274  35.230  -55.979  -1.947 0.1000000015
25214  34.680  -55.055  -1.552 0.1000000015
24275  34.553  -56.011  -1.377 0.1000000015
23317  33.459  -56.361  -0.329 0.1000000015
22392  33.993  -57.365  -0.019 0.1000000015
21430  33.622  -57.604  0.127 0.1000000015
24272  37.668  -55.865  -1.973 0.1000000015
24273  36.631  -55.723  -1.980 0.1000000015
24299  34.828  -56.322  -1.630 0.1000000015
23344  34.729  -56.573  -1.250 0.1000000015
22417  34.849  -57.112  -0.989 0.1000000015
22391  34.762  -57.845  -0.350 0.1000000015
22375  34.450  -57.991  0.187 0.1000000015
23343  35.115  -56.734  -1.524 0.1000000015
24197  30.814  -55.986  2.879 0.1000000015
23269  30.761  -56.590  2.286 0.1000000015
23268  31.025  -56.304  1.929 0.1000000015
23301  31.774  -56.283  0.633 0.1000000015
26180  34.712  -53.530  -0.361 0.1000000015
25186  33.424  -54.753  -0.324 0.1000000015
25187  32.721  -55.150  -0.063 0.1000000015
24235  32.213  -55.780  0.353 0.1000000015
26178  36.847  -53.812  -0.589 0.1000000015
26179  35.786  -53.484  -0.537 0.1000000015
25185  34.248  -54.422  -0.747 0.1000000015
24253  33.269  -55.513  -0.367 0.1000000015
23318  32.771  -56.399  -0.021 0.1000000015
26204  36.213  -54.005  -1.223 0.1000000015
25184  35.173  -54.063  -1.185 0.1000000015
24252  33.948  -55.522  -0.825 0.1000000015
24206  31.216  -55.691  2.175 0.1000000015
25129  31.917  -54.520  2.117 0.1000000015
25142  31.763  -55.151  1.210 0.1000000015
25140  32.848  -53.990  1.498 0.1000000015
25141  32.066  -54.813  1.099 0.1000000015
24236  31.801  -55.856  0.625 0.1000000015
26156  35.372  -53.120  0.371 0.1000000015
26157  34.397  -53.367  0.592 0.1000000015
26158  33.668  -53.870  0.922 0.1000000015
26181  33.794  -53.923  0.002 0.1000000015
16233  37.498  -64.449  3.422 0.4000000060
16283  32.482  -63.842  0.294 0.1000000015
14169  29.414  -65.528  1.476 0.1000000015
19326  36.272  -60.772  2.030 0.3000000119
16335  37.790  -63.461  -4.305 0.5000000000
14150  28.969  -65.332  2.320 0.1000000015
15198  29.191  -64.386  2.305 0.1000000015
16257  29.501  -63.377  2.537 0.1000000015
18267  32.311  -61.071  1.747 0.1000000015
17335  36.755  -61.851  -4.587 0.5000000000
18380  36.547  -61.365  -5.079 0.5000000000
18376  36.006  -60.983  -4.282 0.5000000000
18248  30.475  -61.469  2.888 0.1000000015
21496  36.087  -59.168  -2.414 0.2000000030
18309  34.235  -60.950  -0.311 0.4000000060
18347  34.474  -61.040  -2.574 0.5000000000
17293  34.453  -62.051  0.089 0.5000000000
20504  35.527  -59.452  -4.029 0.5000000000
17327  34.742  -61.569  -3.145 0.5000000000
19279  28.331  -60.923  4.684 0.1000000015
19295  28.880  -61.103  4.028 0.1000000015
19293  30.102  -60.888  3.085 0.1000000015
20354  29.519  -59.651  3.218 0.1000000015
19310  31.158  -60.634  2.059 0.1000000015
19332  30.966  -60.252  2.036 0.2000000030
19270  28.014  -60.611  5.623 0.1000000015
20321  28.263  -59.827  5.713 0.1000000015
21376  30.271  -58.724  2.186 0.1000000015
22390  35.073  -58.038  -0.770 0.1000000015
21343  28.653  -58.484  5.252 0.1000000015
21333  28.233  -58.964  6.756 0.1000000015
22313  28.760  -58.080  6.034 0.1000000015
23205  29.791  -56.921  6.461 0.1000000015
22312  29.040  -57.932  5.347 0.1000000015
22347  29.892  -58.034  2.544 0.1000000015
23282  30.828  -57.130  1.693 0.1000000015
23259  30.451  -56.550  3.345 0.1000000015
23281  31.207  -56.646  1.333 0.1000000015
23300  32.409  -56.697  0.321 0.1000000015
25212  36.927  -54.506  -1.583 0.1000000015
23316  34.357  -56.663  -0.688 0.1000000015
22374  34.652  -58.155  0.103 0.1000000015
24182  31.444  -55.564  4.341 0.1000000015
24183  30.812  -55.917  3.700 0.1000000015
24196  31.291  -55.458  3.306 0.1000000015
24216  31.608  -55.569  1.004 0.1000000015
25161  32.306  -55.014  0.456 0.1000000015
25160  32.878  -54.384  0.429 0.1000000015
24254  32.842  -55.848  -0.168 0.1000000015
24205  31.728  -54.991  2.905 0.1000000015
25130  31.658  -55.108  1.519 0.1000000015
24215  32.006  -55.264  0.708 0.1000000015
26115  33.434  -53.714  2.065 0.1000000015
26155  36.422  -53.294  0.246 0.1000000015
13157  38.746  -66.811  1.073 0.1000000015
13156  39.422  -67.410  1.574 0.1000000015
13137  38.963  -67.200  2.286 0.1000000015
13114  38.903  -66.962  3.175 0.1000000015
13097  38.305  -66.258  3.330 0.1000000015
13138  37.699  -66.641  1.867 0.1000000015
13116  36.926  -66.337  2.577 0.1000000015
12148  40.221  -67.923  1.263 0.2000000030
12129  39.926  -67.689  2.428 0.1000000015
12147  40.825  -68.282  1.440 0.2000000030
12130  39.413  -67.378  2.940 0.1000000015
14126  38.576  -65.640  3.502 0.1000000015
11208  40.666  -68.410  0.729 0.2000000030
12128  40.913  -67.995  1.908 0.2000000030
13096  39.143  -66.456  3.448 0.2000000030
12112  40.588  -67.489  2.815 0.2000000030
13094  40.277  -66.645  3.281 0.2000000030
14125  39.368  -65.728  3.402 0.3000000119
15174  38.801  -65.113  3.446 0.3000000119
14146  39.820  -65.552  3.005 0.3000000119
15192  39.339  -65.315  3.197 0.3000000119
13112  41.014  -67.274  2.691 0.2000000030
13113  40.737  -66.780  2.902 0.2000000030
11206  41.879  -68.984  0.490 0.2000000030
14145  40.480  -65.994  2.602 0.2000000030
12127  41.831  -67.865  1.645 0.2000000030
9567  41.944  -70.432  -3.340 0.1000000015
11223  41.163  -68.815  -0.045 0.2000000030
11207  41.009  -68.624  0.972 0.2000000030
14164  39.669  -65.497  2.085 0.3000000119
10431  42.304  -69.431  -1.539 0.1000000015
11222  41.882  -69.282  -0.599 0.1000000015
13134  41.413  -67.178  2.294 0.2000000030
13135  41.139  -66.520  2.036 0.2000000030
10442  42.010  -69.818  -2.509 0.1000000015
10418  42.383  -69.202  -0.743 0.2000000030
10401  42.276  -68.954  0.128 0.2000000030
9566  42.373  -70.151  -3.165 0.1000000015
10451  43.302  -69.311  -3.440 0.2000000030
9556  42.244  -70.084  -2.898 0.1000000015
10441  42.659  -69.646  -2.601 0.1000000015
12126  42.749  -68.088  1.214 0.2000000030
13154  41.716  -67.111  1.143 0.2000000030
13155  41.117  -66.458  0.977 0.2000000030
14163  40.499  -66.071  1.581 0.4000000060
14192  41.240  -66.201  -0.138 0.4000000060
14177  39.176  -65.413  1.127 0.4000000060
11204  43.158  -68.326  0.123 0.3000000119
12145  43.047  -67.801  0.684 0.3000000119
11221  43.022  -68.635  -0.452 0.2000000030
11220  43.494  -68.266  -0.686 0.4000000060
14193  40.293  -65.573  -0.215 0.4000000060
14194  39.517  -65.415  0.247 0.4000000060
13153  42.463  -67.321  0.410 0.3000000119
13170  43.125  -67.294  -0.825 0.4000000060
12162  43.369  -67.857  -0.167 0.3000000119
21457  40.076  -58.736  -1.750 0.1000000015
21458  38.103  -59.260  -1.983 0.1000000015
14191  41.699  -66.340  -0.422 0.4000000060
13189  42.500  -66.609  -1.240 0.4000000060
13171  42.601  -66.954  -0.406 0.3000000119
13172  41.998  -66.587  -0.047 0.4000000060
14211  41.837  -66.261  -1.010 0.4000000060
22445  39.617  -58.668  -2.116 0.1000000015
15241  39.542  -65.240  -0.560 0.4000000060
14213  40.053  -65.203  -1.162 0.5000000000
14212  40.926  -65.561  -1.295 0.5000000000
21493  38.181  -59.360  -2.102 0.1000000015
21494  37.805  -59.370  -2.077 0.1000000015
21519  37.948  -58.892  -2.410 0.1000000015
21518  38.303  -59.208  -2.209 0.1000000015
22447  37.264  -58.831  -2.488 0.1000000015
13174  38.198  -66.626  -0.354 0.1000000015
13098  37.502  -66.183  3.181 0.1000000015
13115  38.049  -66.580  2.740 0.1000000015
13158  37.300  -66.156  0.704 0.1000000015
13139  36.578  -66.158  1.627 0.1000000015
14147  36.254  -65.977  2.752 0.1000000015
12166  39.414  -67.507  0.120 0.1000000015
12146  42.426  -67.694  1.093 0.2000000030
14176  39.919  -65.765  0.900 0.4000000060
13173  41.551  -66.572  0.507 0.3000000119
22446  38.556  -59.090  -2.132 0.1000000015
14179  36.412  -65.762  0.760 0.1000000015
9727  34.775  -70.683  -11.196 0.1000000015
9728  34.175  -70.501  -11.359 0.1000000015
11361  35.183  -68.922  -9.884 0.1000000015
10555  35.237  -69.685  -10.598 0.1000000015
9750  34.512  -71.023  -11.971 0.1000000015
9751  33.909  -70.909  -11.856 0.1000000015
8837  33.647  -72.104  -12.394 0.1000000015
7247  32.218  -73.807  -4.114 0.1000000015
5875  35.075  -75.166  -12.489 0.1000000015
6597  34.500  -74.363  -12.428 0.1000000015
9726  35.612  -70.267  -10.513 0.1000000015
7350  34.055  -73.522  -12.676 0.1000000015
10556  34.308  -69.761  -10.697 0.1000000015
8048  33.773  -72.767  -12.643 0.1000000015
10543  35.766  -69.408  -10.275 0.1000000015
7955  32.057  -72.960  -2.931 0.1000000015
6490  32.623  -74.721  -4.146 0.1000000015
8683  31.903  -71.726  -1.031 0.1000000015
8699  32.241  -72.089  -1.661 0.1000000015
7228  32.608  -74.078  -3.439 0.1000000015
5764  33.437  -76.249  -5.388 0.1000000015
4578  35.264  -76.915  -8.955 0.1000000015
5192  35.521  -75.930  -11.665 0.1000000015
11378  36.453  -69.575  -10.323 0.1000000015
11360  36.155  -69.114  -10.004 0.1000000015
5732  33.251  -75.622  -3.858 0.1000000015
7920  32.347  -72.184  -0.459 0.1000000015
8709  32.318  -72.678  -2.312 0.1000000015
7211  33.059  -74.065  -2.555 0.1000000015
6476  33.436  -75.590  -2.876 0.1000000015
5106  33.736  -77.137  -4.923 0.1000000015
5112  34.656  -77.194  -6.628 0.1000000015
4551  34.971  -77.320  -7.259 0.1000000015
4567  35.215  -76.905  -7.891 0.1000000015
5159  35.465  -76.432  -9.727 0.1000000015
5175  35.605  -76.225  -10.900 0.1000000015
5845  35.558  -75.821  -10.340 0.1000000015
6595  35.492  -74.865  -12.103 0.1000000015
8030  34.442  -72.881  -12.149 0.1000000015
8793  34.595  -71.297  -10.913 0.1000000015
9749  34.691  -71.202  -11.847 0.1000000015
8819  34.420  -71.841  -12.124 0.1000000015
8835  34.257  -72.542  -12.444 0.1000000015
9725  36.447  -70.181  -10.319 0.1000000015
10554  36.125  -69.736  -10.428 0.1000000015
5084  33.898  -77.160  -3.386 0.1000000015
7897  31.959  -71.734  0.712 0.1000000015
7938  32.867  -73.173  -1.623 0.1000000015
6459  33.501  -75.497  -2.462 0.1000000015
5731  33.548  -76.132  -3.034 0.1000000015
5099  33.765  -77.366  -4.137 0.1000000015
4524  34.763  -77.104  -5.625 0.1000000015
4550  35.303  -77.093  -7.016 0.1000000015
5795  35.661  -75.964  -7.909 0.1000000015
7919  33.426  -73.271  -0.467 0.1000000015
7197  33.391  -74.102  -1.773 0.1000000015
7210  33.498  -74.808  -2.054 0.1000000015
5142  35.528  -76.383  -8.533 0.1000000015
6566  34.797  -74.821  -11.195 0.1000000015
6579  35.513  -74.955  -11.869 0.1000000015
6580  35.269  -74.670  -11.842 0.1000000015
7336  34.231  -73.471  -11.524 0.1000000015
6581  34.601  -74.264  -11.596 0.1000000015
8018  34.414  -72.249  -11.726 0.1000000015
8031  34.319  -72.805  -11.717 0.1000000015
7335  34.691  -73.889  -12.063 0.1000000015
8803  34.617  -71.472  -11.601 0.1000000015
9702  35.871  -70.513  -9.924 0.1000000015
10553  36.834  -69.762  -10.374 0.1000000015
9700  37.738  -70.250  -9.597 0.1000000015
9724  37.056  -70.140  -10.198 0.1000000015
5069  33.901  -76.620  -2.525 0.1000000015
4493  33.945  -77.564  -3.950 0.1000000015
7896  33.040  -72.663  0.763 0.1000000015
7196  33.697  -74.721  -1.324 0.1000000015
6443  33.675  -75.574  -1.593 0.1000000015
5714  33.754  -76.190  -2.057 0.1000000015
4492  34.314  -77.409  -4.012 0.1000000015
4523  35.176  -76.974  -6.040 0.1000000015
5774  35.587  -75.964  -6.603 0.1000000015
5819  35.347  -75.726  -8.643 0.1000000015
5836  35.151  -75.550  -9.678 0.1000000015
6548  34.502  -75.075  -8.811 0.1000000015
6557  34.544  -74.966  -10.205 0.1000000015
7324  33.532  -73.490  -10.570 0.1000000015
9703  34.778  -70.803  -10.136 0.1000000015
9704  33.893  -70.980  -9.602 0.1000000015
8794  33.804  -71.460  -10.171 0.1000000015
8014  33.401  -72.458  -10.199 0.1000000015
8019  33.890  -72.707  -11.247 0.1000000015
9678  34.954  -70.379  -8.910 0.1000000015
8804  34.176  -71.977  -10.986 0.1000000015
9701  36.780  -70.382  -9.796 0.1000000015
7838  32.092  -71.765  3.893 0.1000000015
7858  31.491  -71.853  2.771 0.1000000015
7877  31.462  -71.817  1.960 0.1000000015
7150  33.849  -73.188  1.519 0.1000000015
7165  34.099  -73.948  0.487 0.1000000015
5083  34.651  -76.844  -3.413 0.1000000015
7857  32.558  -72.298  2.728 0.1000000015
7181  33.890  -74.354  -0.587 0.1000000015
5684  33.989  -76.022  -0.593 0.1000000015
5068  34.305  -76.704  -2.488 0.1000000015
5098  34.944  -76.900  -4.346 0.1000000015
5097  35.611  -76.404  -4.820 0.1000000015
5105  35.466  -76.453  -5.777 0.1000000015
5082  35.506  -76.300  -3.797 0.1000000015
5762  35.830  -75.941  -5.327 0.1000000015
5796  35.104  -75.514  -7.638 0.1000000015
5775  34.878  -75.315  -6.480 0.1000000015
6549  33.534  -74.270  -8.418 0.1000000015
6558  33.717  -74.371  -9.729 0.1000000015
8015  33.029  -72.561  -9.288 0.1000000015
7320  33.133  -73.317  -9.208 0.1000000015
9677  36.132  -70.390  -8.874 0.1000000015
5667  34.795  -75.501  0.168 0.1000000015
5682  35.346  -75.493  -0.603 0.1000000015
8609  32.358  -71.943  4.179 0.1000000015
7856  33.632  -72.764  2.593 0.1000000015
7131  34.340  -73.365  2.158 0.1000000015
6404  34.364  -74.834  -0.174 0.1000000015
5683  34.383  -76.169  -0.638 0.1000000015
5054  35.201  -76.108  -1.291 0.1000000015
5713  36.193  -75.549  -2.570 0.1000000015
7875  33.016  -72.652  1.863 0.1000000015
6423  34.443  -75.530  -0.312 0.1000000015
5700  34.102  -76.500  -0.966 0.1000000015
6487  35.867  -75.516  -4.282 0.1000000015
5763  35.474  -75.524  -5.537 0.1000000015
6507  34.267  -74.661  -6.291 0.1000000015
7316  32.996  -73.503  -8.032 0.1000000015
8012  32.798  -72.353  -8.745 0.1000000015
9680  33.030  -71.040  -8.418 0.1000000015
8783  33.368  -71.264  -9.145 0.1000000015
8795  33.113  -71.947  -9.379 0.1000000015
9679  33.763  -70.530  -8.721 0.1000000015
10530  34.082  -70.131  -8.368 0.1000000015
7148  35.370  -74.450  1.985 0.1000000015
7837  33.073  -72.316  3.657 0.1000000015
7130  35.099  -73.687  2.524 0.1000000015
5651  34.935  -75.406  0.978 0.1000000015
7820  31.682  -72.668  4.863 0.1000000015
7819  32.777  -72.332  4.585 0.1000000015
6386  35.047  -75.037  1.461 0.1000000015
5699  35.899  -75.375  -1.770 0.1000000015
6473  36.519  -75.314  -3.040 0.1000000015
5730  36.195  -75.623  -3.227 0.1000000015
6488  35.311  -75.104  -4.453 0.1000000015
6497  34.735  -74.891  -5.521 0.1000000015
6529  33.338  -73.990  -7.386 0.1000000015
7306  32.970  -73.409  -7.290 0.1000000015
8010  32.529  -72.262  -7.975 0.1000000015
9654  33.431  -70.350  -8.167 0.1000000015
8784  32.806  -71.695  -8.560 0.1000000015
10519  34.544  -69.890  -7.856 0.1000000015
9652  35.922  -70.156  -7.987 0.1000000015
7835  34.939  -73.224  3.532 0.1000000015
7129  35.989  -74.219  2.712 0.1000000015
6402  36.374  -74.584  0.403 0.1000000015
7836  34.107  -72.688  3.556 0.1000000015
5650  35.310  -75.214  1.253 0.1000000015
6441  36.926  -74.644  -1.477 0.1000000015
6456  36.645  -74.812  -2.513 0.1000000015
6474  36.179  -75.178  -3.550 0.1000000015
6489  34.409  -74.416  -4.784 0.1000000015
7263  33.067  -73.307  -5.866 0.1000000015
6508  33.571  -74.149  -6.522 0.1000000015
7264  32.627  -72.736  -6.285 0.1000000015
7282  33.151  -73.567  -6.762 0.1000000015
8775  32.552  -71.360  -7.635 0.1000000015
8000  32.508  -72.275  -6.900 0.1000000015
9630  32.614  -70.561  -7.061 0.1000000015
10504  32.990  -69.844  -6.748 0.1000000015
10521  32.985  -70.188  -7.411 0.1000000015
9655  33.060  -70.536  -7.918 0.1000000015
10517  36.063  -70.072  -7.342 0.1000000015
10498  38.139  -70.182  -6.418 0.1000000015
6421  37.192  -74.393  -0.386 0.1000000015
7817  34.667  -72.764  4.436 0.1000000015
6422  36.303  -74.668  -0.686 0.1000000015
7245  34.531  -74.237  -3.900 0.1000000015
7246  33.629  -73.490  -4.520 0.1000000015
9609  32.517  -70.475  -6.074 0.1000000015
8760  32.397  -71.327  -6.479 0.1000000015
10503  33.889  -69.470  -6.994 0.1000000015
10502  34.784  -69.497  -6.995 0.1000000015
10501  35.551  -69.659  -6.838 0.1000000015
10486  37.689  -69.249  -6.107 0.1000000015
10484  39.465  -69.490  -5.297 0.1000000015
7096  35.750  -73.276  4.437 0.1000000015
7112  35.679  -73.597  3.342 0.1000000015
6352  37.250  -74.172  3.079 0.1000000015
6384  37.321  -74.385  1.457 0.1000000015
7179  37.874  -73.880  -0.486 0.1000000015
7194  37.569  -74.027  -1.136 0.1000000015
6367  37.082  -74.386  2.452 0.1000000015
7208  36.650  -73.838  -2.119 0.1000000015
6457  36.109  -74.397  -2.837 0.1000000015
6458  35.479  -74.162  -2.875 0.1000000015
7983  32.773  -72.095  -4.784 0.1000000015
7991  32.535  -72.159  -5.675 0.1000000015
13242  35.785  -66.679  -4.442 0.1000000015
12232  35.719  -67.492  -4.939 0.1000000015
11300  35.802  -68.284  -5.587 0.1000000015
11301  35.030  -68.772  -5.799 0.1000000015
10472  34.193  -69.022  -5.235 0.1000000015
9588  32.687  -70.427  -5.013 0.1000000015
8743  32.411  -71.154  -5.570 0.1000000015
12231  36.505  -67.173  -4.932 0.1000000015
12249  36.391  -67.759  -5.397 0.1000000015
10489  32.905  -69.903  -5.625 0.1000000015
13241  36.676  -66.517  -4.289 0.1000000015
12230  37.392  -67.189  -4.723 0.1000000015
11299  36.811  -68.331  -5.842 0.1000000015
11316  35.089  -69.146  -6.484 0.1000000015
13240  37.601  -66.567  -3.971 0.1000000015
13239  38.246  -66.771  -3.561 0.1000000015
12247  38.016  -67.817  -5.216 0.1000000015
11315  35.751  -69.051  -6.343 0.1000000015
11297  38.632  -68.564  -5.357 0.1000000015
11314  36.582  -69.007  -6.231 0.1000000015
11268  39.929  -68.229  -3.494 0.1000000015
10470  40.190  -69.244  -4.307 0.1000000015
7110  37.295  -73.770  3.704 0.1000000015
6351  37.678  -74.069  3.023 0.1000000015
7127  38.147  -73.786  2.788 0.1000000015
6383  38.002  -74.305  1.620 0.1000000015
6366  37.869  -74.255  2.187 0.1000000015
7162  38.197  -73.923  0.379 0.1000000015
7180  37.678  -73.686  -0.800 0.1000000015
7195  37.250  -73.746  -1.551 0.1000000015
7209  35.609  -73.691  -2.456 0.1000000015
7226  34.834  -73.756  -3.033 0.1000000015
7227  34.153  -73.441  -3.586 0.1000000015
7982  33.190  -72.370  -4.274 0.1000000015
9587  33.185  -70.290  -4.380 0.1000000015
11285  35.357  -67.965  -4.962 0.1000000015
11286  34.805  -68.395  -4.685 0.1000000015
10474  32.918  -69.997  -5.147 0.1000000015
13207  38.373  -66.650  -2.183 0.1000000015
13223  38.469  -66.733  -2.946 0.1000000015
7094  37.656  -73.410  4.699 0.1000000015
7126  38.239  -73.304  3.368 0.1000000015
7109  38.003  -73.580  3.769 0.1000000015
7893  38.042  -73.135  0.750 0.1000000015
7146  38.319  -73.811  1.604 0.1000000015
7916  37.947  -73.567  0.054 0.1000000015
7917  37.582  -73.205  -0.405 0.1000000015
7935  37.480  -73.546  -1.087 0.1000000015
7936  36.887  -73.038  -1.324 0.1000000015
7968  34.254  -73.024  -3.032 0.1000000015
8708  33.763  -72.006  -3.075 0.1000000015
7969  33.703  -72.618  -3.520 0.1000000015
9570  33.582  -70.457  -3.711 0.1000000015
8717  33.943  -70.940  -3.250 0.1000000015
8718  33.370  -71.531  -3.605 0.1000000015
12233  35.123  -67.693  -4.564 0.1000000015
10456  33.570  -69.993  -4.212 0.1000000015
8719  32.894  -71.390  -4.180 0.1000000015
13226  35.924  -66.023  -3.716 0.1000000015
13243  35.150  -67.083  -4.402 0.1000000015
10473  33.292  -69.704  -4.883 0.1000000015
13225  36.835  -66.067  -3.446 0.1000000015
7833  38.231  -72.788  3.727 0.1000000015
7872  38.165  -72.906  2.132 0.1000000015
7894  37.301  -72.660  0.368 0.1000000015
7918  36.712  -72.388  -0.431 0.1000000015
7951  35.907  -72.860  -1.947 0.1000000015
7952  34.868  -72.746  -2.508 0.1000000015
10455  34.138  -69.499  -3.941 0.1000000015
9569  34.443  -70.403  -3.125 0.1000000015
14250  36.896  -65.881  -2.627 0.1000000015
13191  38.166  -66.574  -1.408 0.1000000015
7853  37.575  -72.565  2.825 0.1000000015
7873  37.284  -72.603  1.510 0.1000000015
7895  36.368  -72.301  0.604 0.1000000015
8698  36.040  -71.969  -1.314 0.1000000015
8706  35.380  -71.806  -2.110 0.1000000015
8707  34.367  -71.527  -2.785 0.1000000015
13227  34.924  -66.339  -3.761 0.1000000015
12215  34.387  -67.460  -3.911 0.1000000015
13192  37.454  -66.276  -1.199 0.1000000015
8681  35.641  -71.632  -0.308 0.1000000015
9544  35.571  -71.308  -1.088 0.1000000015
9557  35.445  -71.308  -1.618 0.1000000015
9558  35.021  -70.725  -2.233 0.1000000015
14235  36.478  -65.733  -1.964 0.1000000015
11269  34.242  -68.616  -3.417 0.1000000015
14214  37.198  -66.091  -1.443 0.1000000015
9545  35.159  -70.761  -1.310 0.1000000015
9527  35.315  -71.110  -0.786 0.1000000015
10432  34.673  -70.196  -1.758 0.1000000015
10445  34.016  -69.037  -2.251 0.1000000015
10444  34.453  -69.599  -2.611 0.1000000015
14252  35.229  -65.600  -2.990 0.1000000015
13176  37.038  -65.954  -0.716 0.1000000015
11255  34.240  -68.906  -2.719 0.1000000015
12216  33.487  -67.197  -3.168 0.1000000015
11270  33.764  -67.932  -3.294 0.1000000015
5193  35.107  -76.683  -11.439 0.1000000015
5204  35.562  -75.562  -11.974 0.1000000015
6596  35.048  -74.547  -12.259 0.1000000015
7349  34.389  -73.554  -12.396 0.1000000015
8046  34.278  -72.926  -12.479 0.1000000015
8820  34.068  -71.528  -12.277 0.1000000015
8821  33.197  -71.486  -11.790 0.1000000015
8836  34.128  -72.257  -12.527 0.1000000015
7970  31.610  -72.672  -3.544 0.1000000015
5876  34.355  -75.175  -12.341 0.1000000015
5205  35.379  -75.763  -12.110 0.1000000015
7954  32.525  -73.282  -2.494 0.1000000015
5751  33.476  -76.607  -4.177 0.1000000015
6477  33.212  -75.067  -3.136 0.1000000015
6460  33.354  -74.854  -2.571 0.1000000015
4538  34.603  -77.070  -6.009 0.1000000015
5113  34.110  -76.782  -6.175 0.1000000015
4511  34.048  -77.509  -4.482 0.1000000015
4537  35.012  -77.250  -6.448 0.1000000015
5835  35.590  -75.978  -9.250 0.1000000015
5846  35.118  -75.341  -10.789 0.1000000015
4509  35.096  -76.887  -5.235 0.1000000015
5111  35.424  -76.720  -6.571 0.1000000015
5124  35.488  -76.501  -7.421 0.1000000015
7937  33.557  -73.878  -1.187 0.1000000015
6567  34.073  -74.344  -10.906 0.1000000015
5056  34.005  -76.531  -1.873 0.1000000015
7876  32.166  -72.130  1.748 0.1000000015
6424  33.971  -75.434  -0.800 0.1000000015
5055  34.433  -76.442  -1.411 0.1000000015
5067  35.313  -76.181  -2.497 0.1000000015
5750  35.847  -75.607  -4.802 0.1000000015
6528  34.100  -74.815  -7.353 0.1000000015
9653  35.373  -70.167  -8.228 0.1000000015
9676  37.224  -70.528  -8.940 0.1000000015
5666  35.416  -75.319  0.739 0.1000000015
5044  34.932  -76.248  -0.891 0.1000000015
7149  34.641  -74.125  1.432 0.1000000015
6403  34.510  -74.993  0.717 0.1000000015
5749  36.010  -75.782  -4.310 0.1000000015
7317  32.766  -72.875  -8.395 0.1000000015
6442  35.977  -74.843  -1.212 0.1000000015
5712  36.507  -75.324  -2.805 0.1000000015
6498  33.891  -74.208  -5.566 0.1000000015
7307  32.667  -72.929  -7.552 0.1000000015
7283  32.738  -73.080  -6.764 0.1000000015
10520  33.561  -70.046  -7.861 0.1000000015
10518  35.357  -69.926  -7.513 0.1000000015
9629  36.567  -70.199  -7.270 0.1000000015
6385  36.027  -74.894  1.767 0.1000000015
6368  36.479  -74.447  2.488 0.1000000015
7207  37.143  -74.229  -1.817 0.1000000015
6475  35.432  -74.546  -3.417 0.1000000015
7990  32.947  -72.723  -4.997 0.1000000015
10500  36.415  -69.825  -6.725 0.1000000015
10499  37.469  -69.802  -6.432 0.1000000015
7111  36.454  -73.698  3.633 0.1000000015
6440  37.604  -74.189  -0.761 0.1000000015
10485  38.350  -69.599  -6.041 0.1000000015
11313  37.240  -69.000  -6.081 0.1000000015
11298  37.709  -68.587  -5.770 0.1000000015
10471  39.546  -68.960  -4.651 0.1000000015
6400  38.068  -74.159  0.212 0.1000000015
10487  34.361  -69.004  -6.306 0.1000000015
10488  33.433  -69.228  -5.982 0.1000000015
12248  37.147  -67.709  -5.438 0.1000000015
12229  38.454  -67.468  -4.342 0.1000000015
13224  37.698  -66.312  -2.842 0.1000000015
12246  38.521  -67.954  -4.985 0.1000000015
11296  39.224  -68.668  -4.896 0.1000000015
11267  40.552  -68.644  -3.221 0.1000000015
11282  40.026  -68.611  -3.812 0.1000000015
9571  32.899  -70.882  -4.172 0.1000000015
13208  37.783  -66.343  -1.911 0.1000000015
7953  34.114  -72.390  -2.892 0.1000000015
14251  36.148  -65.739  -2.835 0.1000000015
14234  37.210  -66.054  -1.893 0.1000000015
13188  43.175  -67.071  -1.738 0.3000000119
14231  42.126  -66.267  -1.583 0.3000000119
14232  41.723  -65.803  -1.945 0.4000000060
14233  40.882  -65.425  -2.352 0.4000000060
13205  42.388  -66.436  -2.164 0.3000000119
14328  43.564  -65.748  -9.291 0.1000000015
13305  45.171  -66.161  -8.781 0.1000000015
13290  45.578  -66.292  -8.249 0.2000000030
13271  45.031  -66.372  -7.162 0.3000000119
14263  39.433  -65.559  -4.357 0.4000000060
12180  43.790  -67.756  -1.355 0.3000000119
13273  43.547  -66.786  -6.073 0.4000000060
13274  42.511  -66.913  -5.942 0.4000000060
12270  45.179  -66.628  -7.381 0.2000000030
14287  43.885  -66.297  -6.915 0.3000000119
13275  41.387  -66.859  -5.826 0.4000000060
13238  40.211  -66.235  -4.369 0.4000000060
13286  45.535  -66.217  -7.704 0.3000000119
14289  41.942  -66.404  -6.647 0.4000000060
13276  40.408  -66.594  -5.774 0.4000000060
13277  39.819  -66.372  -5.695 0.4000000060
15355  43.079  -64.792  -9.595 0.1000000015
14264  38.669  -64.998  -4.464 0.5000000000
14316  46.013  -65.630  -8.084 0.2000000030
14285  45.137  -65.854  -7.333 0.3000000119
14290  40.926  -66.408  -6.601 0.4000000060
14288  42.953  -66.438  -6.850 0.4000000060
14291  39.838  -66.265  -6.450 0.4000000060
14292  38.845  -65.576  -6.395 0.4000000060
14271  39.330  -65.955  -5.505 0.5000000000
15354  44.299  -64.744  -9.558 0.2000000030
14327  44.763  -65.635  -9.234 0.2000000030
14326  45.669  -65.456  -9.078 0.2000000030
14302  45.649  -65.520  -7.695 0.2000000030
14304  44.216  -65.477  -7.353 0.3000000119
14305  43.319  -65.612  -7.330 0.3000000119
15376  43.742  -64.204  -9.822 0.1000000015
14307  41.460  -65.853  -7.133 0.4000000060
14286  44.634  -66.076  -7.111 0.3000000119
14306  42.325  -65.659  -7.231 0.4000000060
14272  38.517  -65.302  -5.244 0.5000000000
15301  37.652  -64.533  -5.335 0.5000000000
16344  37.437  -63.410  -5.028 0.4000000060
14309  39.607  -65.623  -7.159 0.4000000060
14293  38.336  -65.358  -5.921 0.5000000000
14273  38.065  -65.183  -5.696 0.5000000000
16345  36.615  -63.598  -5.642 0.4000000060
14325  46.089  -65.316  -8.623 0.2000000030
14301  46.283  -65.138  -7.988 0.2000000030
14303  45.007  -65.388  -7.478 0.4000000060
15323  45.528  -64.719  -7.798 0.2000000030
15324  44.597  -64.690  -7.691 0.4000000060
15325  43.692  -64.804  -7.611 0.3000000119
15312  38.541  -65.334  -6.804 0.5000000000
15302  36.898  -64.267  -5.909 0.5000000000
15327  41.464  -64.891  -7.648 0.4000000060
14308  40.568  -65.753  -7.224 0.4000000060
15313  38.045  -65.183  -6.434 0.5000000000
15353  45.444  -64.688  -9.517 0.2000000030
14324  46.312  -64.915  -8.527 0.2000000030
17343  36.820  -62.416  -5.176 0.4000000060
15322  46.169  -64.864  -7.911 0.2000000030
15326  42.723  -64.871  -7.695 0.3000000119
15351  46.437  -64.474  -8.879 0.2000000030
16360  45.051  -64.302  -8.053 0.3000000119
15339  43.984  -64.265  -7.924 0.4000000060
15329  38.850  -64.967  -7.418 0.5000000000
15314  37.180  -64.622  -6.416 0.5000000000
16391  45.015  -64.169  -9.854 0.2000000030
15352  46.146  -64.685  -9.231 0.2000000030
15328  40.162  -64.980  -7.684 0.4000000060
16346  36.004  -63.467  -6.183 0.5000000000
17344  35.526  -62.637  -5.948 0.4000000060
21521  35.667  -58.762  -3.182 0.4000000060
15373  46.484  -64.042  -9.534 0.2000000030
15337  46.058  -64.346  -8.196 0.2000000030
15338  45.539  -64.166  -8.199 0.2000000030
15341  42.269  -64.118  -8.193 0.4000000060
15343  38.328  -64.251  -7.884 0.5000000000
15331  36.822  -64.404  -7.117 0.5000000000
17408  43.232  -63.300  -10.886 0.2000000030
15340  43.244  -64.211  -8.118 0.4000000060
15330  37.674  -64.621  -7.326 0.5000000000
16424  44.725  -63.252  -11.340 0.2000000030
21544  35.576  -58.609  -4.323 0.4000000060
19451  36.307  -60.784  -5.051 0.4000000060
18381  36.050  -61.544  -5.385 0.4000000060
16376  44.943  -63.691  -8.382 0.4000000060
15375  45.656  -64.021  -10.068 0.2000000030
16374  46.422  -63.974  -8.642 0.2000000030
16375  45.828  -63.701  -8.497 0.2000000030
15374  46.173  -64.063  -9.879 0.2000000030
20509  35.620  -59.522  -4.850 0.4000000060
19455  35.637  -60.566  -5.236 0.4000000060
18382  35.046  -61.508  -5.663 0.4000000060
16362  40.722  -64.256  -8.052 0.3000000119
16365  37.102  -64.108  -7.671 0.5000000000
16354  35.643  -63.446  -6.708 0.5000000000
17345  34.871  -61.968  -6.092 0.4000000060
16377  43.886  -63.618  -8.318 0.4000000060
15342  41.419  -63.980  -8.253 0.4000000060
16380  40.730  -63.314  -8.454 0.3000000119
16363  39.833  -64.136  -8.067 0.4000000060
16378  42.863  -63.380  -8.394 0.4000000060
16383  37.203  -63.339  -8.253 0.5000000000
16390  46.485  -63.609  -9.363 0.2000000030
16367  35.582  -63.048  -7.492 0.5000000000
16381  39.565  -63.208  -8.408 0.4000000060
16364  39.002  -64.015  -8.071 0.5000000000
16366  36.324  -63.737  -7.446 0.5000000000
16382  38.426  -63.386  -8.348 0.5000000000
13206  41.853  -66.001  -2.426 0.4000000060
13257  40.727  -66.788  -4.933 0.4000000060
19454  36.244  -61.023  -5.228 0.4000000060
16384  36.214  -62.907  -8.098 0.5000000000
12208  44.100  -67.754  -3.205 0.3000000119
12209  43.517  -67.335  -3.152 0.3000000119
13219  43.094  -67.030  -2.922 0.2000000030
13220  42.625  -66.760  -2.834 0.2000000030
11295  44.028  -68.644  -5.213 0.2000000030
12224  44.245  -67.781  -4.366 0.3000000119
12243  44.164  -67.387  -4.896 0.3000000119
12244  43.654  -67.422  -4.666 0.3000000119
11311  44.372  -67.848  -6.212 0.2000000030
12242  44.346  -67.409  -5.489 0.2000000030
13253  44.249  -67.155  -5.494 0.2000000030
12280  45.315  -66.701  -7.687 0.2000000030
15424  43.586  -64.403  -13.129 0.1000000015
18482  44.594  -60.796  -11.028 0.1000000015
10440  43.601  -69.029  -2.227 0.1000000015
12194  44.181  -67.892  -2.218 0.2000000030
12195  43.743  -67.441  -2.346 0.2000000030
11265  44.252  -68.110  -2.766 0.2000000030
10469  42.754  -69.905  -4.225 0.1000000015
10468  43.407  -69.263  -4.576 0.1000000015
11281  43.867  -68.570  -4.116 0.2000000030
10482  42.759  -69.657  -5.026 0.1000000015
10497  42.522  -69.644  -5.857 0.1000000015
16403  43.848  -63.630  -10.488 0.1000000015
17451  43.089  -63.228  -11.884 0.1000000015
16400  46.491  -63.233  -10.351 0.1000000015
17389  46.398  -62.571  -9.791 0.1000000015
18438  44.862  -61.654  -9.605 0.1000000015
18439  43.866  -61.628  -9.478 0.1000000015
17405  46.437  -62.372  -10.586 0.1000000015
18437  45.728  -61.706  -9.920 0.1000000015
18461  44.310  -61.170  -9.823 0.1000000015
18460  44.892  -60.992  -10.115 0.1000000015
19518  43.616  -60.829  -9.883 0.1000000015
19503  41.454  -60.111  -9.671 0.1000000015
19519  42.703  -60.224  -10.131 0.1000000015
11266  43.902  -68.542  -3.060 0.2000000030
17368  44.323  -62.889  -8.601 0.1000000015
16401  45.999  -63.466  -10.675 0.1000000015
17366  46.136  -63.173  -9.016 0.1000000015
17370  42.528  -62.500  -8.814 0.2000000030
17371  41.419  -62.298  -8.959 0.3000000119
17373  39.114  -62.336  -8.743 0.3000000119
17391  44.622  -62.278  -9.095 0.1000000015
18440  42.829  -61.838  -9.220 0.1000000015
18417  39.704  -61.577  -9.076 0.3000000119
19502  42.625  -60.845  -9.572 0.1000000015
18442  40.531  -61.267  -9.371 0.2000000030
18443  39.513  -60.694  -9.279 0.3000000119
19504  40.153  -59.919  -9.406 0.1000000015
18444  38.770  -60.417  -9.267 0.4000000060
20559  41.086  -59.555  -10.242 0.1000000015
20560  40.429  -59.335  -9.892 0.1000000015
20561  39.486  -59.256  -9.778 0.3000000119
12164  40.833  -68.619  -0.248 0.1000000015
16385  35.661  -62.531  -7.955 0.4000000060
17375  36.885  -62.262  -8.589 0.4000000060
17374  37.984  -62.383  -8.755 0.4000000060
18445  38.046  -60.576  -9.166 0.4000000060
18446  37.277  -60.652  -9.061 0.4000000060
19507  37.538  -59.889  -9.249 0.5000000000
19505  39.176  -59.777  -9.419 0.3000000119
20563  37.804  -59.061  -9.411 0.5000000000
20573  40.369  -59.446  -10.748 0.2000000030
20562  38.571  -59.014  -9.644 0.4000000060
19537  41.776  -60.030  -11.442 0.1000000015
20572  41.092  -59.799  -10.965 0.1000000015
20574  39.553  -59.122  -10.491 0.2000000030
19564  42.793  -60.644  -12.106 0.1000000015
20587  39.516  -59.493  -11.417 0.2000000030
19563  43.984  -60.863  -12.727 0.1000000015
19565  41.460  -60.431  -12.380 0.1000000015
17348  34.748  -62.133  -6.595 0.4000000060
18397  34.830  -61.883  -7.589 0.4000000060
17376  35.926  -62.141  -8.396 0.4000000060
18420  36.476  -61.211  -8.755 0.4000000060
18421  35.188  -61.436  -8.204 0.4000000060
20564  36.933  -59.189  -9.328 0.4000000060
19508  36.736  -60.130  -8.995 0.4000000060
21611  37.871  -58.590  -9.778 0.4000000060
20575  38.830  -58.774  -10.219 0.3000000119
19567  39.796  -60.281  -12.741 0.2000000030
20607  40.157  -59.950  -12.196 0.2000000030
20588  38.500  -59.011  -11.148 0.2000000030
19587  40.837  -60.427  -13.312 0.1000000015
19581  46.659  -60.694  -14.784 0.1000000015
18399  33.831  -60.792  -7.149 0.4000000060
18386  33.961  -61.018  -6.722 0.4000000060
18422  34.448  -60.793  -7.940 0.4000000060
19489  35.827  -60.305  -8.737 0.4000000060
19490  34.820  -60.184  -8.442 0.4000000060
20549  35.525  -59.231  -8.812 0.4000000060
21613  36.626  -58.337  -9.350 0.4000000060
20565  36.258  -58.947  -9.167 0.4000000060
22578  36.957  -57.863  -9.624 0.3000000119
21622  37.423  -58.112  -10.205 0.4000000060
22588  37.221  -57.870  -9.856 0.4000000060
20589  37.834  -58.836  -11.451 0.3000000119
21631  37.692  -58.557  -10.989 0.3000000119
21621  38.160  -58.546  -10.184 0.4000000060
19589  39.156  -60.391  -13.656 0.2000000030
20609  38.615  -59.649  -12.150 0.2000000030
19586  41.985  -60.425  -13.288 0.2000000030
17498  46.285  -61.631  -15.676 0.1000000015
18544  46.761  -61.223  -15.066 0.1000000015
19609  46.078  -60.440  -15.317 0.1000000015
20510  34.929  -59.574  -5.286 0.3000000119
19464  33.671  -60.300  -6.594 0.4000000060
19457  33.766  -59.948  -5.956 0.3000000119
19492  33.749  -59.800  -7.709 0.4000000060
21577  34.216  -57.960  -7.912 0.4000000060
20550  34.357  -59.034  -8.226 0.4000000060
21597  34.659  -58.116  -8.400 0.4000000060
21614  35.968  -58.410  -9.100 0.4000000060
21596  35.241  -58.142  -8.840 0.4000000060
22579  36.119  -57.484  -9.411 0.3000000119
21649  36.327  -58.193  -12.619 0.3000000119
21648  36.822  -58.478  -11.921 0.3000000119
22607  36.383  -57.813  -11.410 0.3000000119
22593  36.532  -57.594  -10.705 0.3000000119
22589  36.863  -57.561  -10.046 0.3000000119
20658  38.731  -60.073  -14.890 0.2000000030
20644  38.200  -59.827  -14.021 0.2000000030
21657  37.253  -59.120  -13.251 0.3000000119
20611  37.064  -58.866  -12.479 0.2000000030
21647  37.503  -58.723  -11.614 0.3000000119
21632  36.978  -58.053  -10.930 0.3000000119
19616  39.346  -60.423  -14.193 0.2000000030
20628  37.812  -59.552  -13.040 0.2000000030
19615  40.218  -60.504  -14.211 0.2000000030
21560  34.439  -58.633  -5.153 0.3000000119
20511  34.009  -59.470  -5.579 0.4000000060
19456  34.347  -60.500  -5.765 0.3000000119
22540  33.399  -57.090  -6.315 0.3000000119
21569  33.317  -58.184  -6.570 0.4000000060
22549  34.256  -57.194  -8.004 0.4000000060
22550  33.677  -57.133  -7.343 0.4000000060
21578  33.644  -58.246  -7.401 0.4000000060
23479  35.113  -56.319  -8.911 0.3000000119
22563  35.433  -57.422  -9.003 0.4000000060
22564  34.834  -57.297  -8.579 0.4000000060
23518  35.018  -56.387  -12.268 0.3000000119
23509  34.971  -56.241  -11.637 0.2000000030
23499  35.362  -56.516  -10.870 0.2000000030
23490  35.604  -56.478  -9.916 0.2000000030
23478  35.460  -56.858  -9.181 0.3000000119
21659  36.098  -57.983  -13.062 0.3000000119
23508  35.346  -56.832  -11.783 0.3000000119
22594  35.825  -57.328  -11.204 0.2000000030
22590  36.059  -57.150  -10.335 0.2000000030
20659  37.900  -59.386  -15.037 0.2000000030
21667  36.678  -58.230  -14.317 0.3000000119
22619  36.211  -57.846  -13.757 0.3000000119
21658  36.683  -58.639  -13.150 0.3000000119
21559  35.251  -58.860  -5.011 0.3000000119
24394  34.424  -55.314  -7.838 0.3000000119
25390  34.604  -54.931  -10.365 0.2000000030
25374  34.773  -54.711  -9.461 0.2000000030
24408  34.868  -55.488  -8.726 0.2000000030
26390  34.539  -54.262  -11.016 0.2000000030
24418  35.170  -55.713  -9.692 0.2000000030
22476  35.813  -58.168  -3.752 0.2000000030
21676  37.297  -58.447  -15.175 0.3000000119
19641  39.605  -60.381  -15.035 0.2000000030
13221  41.827  -66.235  -2.950 0.3000000119
12226  43.241  -67.507  -3.901 0.3000000119
11238  43.771  -68.503  -1.547 0.2000000030
13204  43.127  -67.008  -2.510 0.2000000030
16379  41.878  -63.242  -8.507 0.3000000119
17367  45.323  -62.939  -8.705 0.1000000015
18385  34.397  -61.407  -6.303 0.3000000119
17369  43.388  -62.804  -8.605 0.3000000119
11280  44.255  -68.080  -3.694 0.2000000030
12225  43.856  -67.658  -4.038 0.3000000119
11294  44.485  -68.068  -4.802 0.1000000015
19517  44.267  -60.905  -10.022 0.1000000015
11252  44.059  -68.426  -2.291 0.2000000030
18436  46.239  -61.882  -10.370 0.1000000015
17390  45.584  -62.363  -9.334 0.1000000015
17392  43.675  -62.312  -8.990 0.1000000015
18441  41.756  -61.437  -9.360 0.1000000015
17372  40.249  -62.196  -8.918 0.3000000119
18415  42.214  -62.055  -9.102 0.2000000030
17395  40.821  -61.906  -9.204 0.3000000119
18418  38.685  -61.341  -9.049 0.4000000060
18419  37.564  -61.419  -8.945 0.4000000060
17394  41.132  -61.744  -9.287 0.3000000119
19538  41.019  -60.150  -11.854 0.2000000030
20586  40.418  -59.820  -11.694 0.2000000030
19476  34.046  -60.674  -7.575 0.4000000060
20626  39.479  -60.311  -12.866 0.2000000030
19477  33.712  -60.189  -7.454 0.4000000060
20610  37.621  -59.106  -12.046 0.2000000030
20518  33.500  -59.328  -6.242 0.4000000060
20530  33.556  -59.272  -7.377 0.4000000060
22608  35.783  -57.595  -12.323 0.3000000119
21666  37.424  -59.008  -13.997 0.2000000030
21561  33.690  -58.574  -5.657 0.4000000060
23464  34.430  -56.382  -8.119 0.4000000060
23491  35.369  -56.327  -9.419 0.2000000030
24447  34.728  -55.828  -12.226 0.2000000030
24435  34.690  -55.685  -11.540 0.2000000030
23500  34.944  -56.075  -11.162 0.2000000030
24417  35.309  -56.010  -10.152 0.2000000030
22528  33.590  -57.568  -5.543 0.3000000119
22527  33.936  -58.099  -5.216 0.2000000030
22503  33.779  -56.982  -5.099 0.3000000119
21545  35.101  -58.227  -4.770 0.2000000030
12261  44.580  -67.011  -6.609 0.1000000015
10430  43.042  -69.030  -1.315 0.1000000015
12281  44.946  -67.187  -7.921 0.1000000015
12260  44.933  -66.741  -7.105 0.1000000015
12271  44.851  -67.066  -7.199 0.1000000015
23403  37.338  -57.621  -3.349 0.1000000015
22501  35.705  -57.593  -4.372 0.1000000015
22500  36.408  -57.204  -4.004 0.1000000015
23427  36.172  -56.539  -4.424 0.1000000015
22502  34.410  -57.505  -4.887 0.1000000015
23429  34.104  -56.391  -4.877 0.2000000030
23428  35.078  -56.479  -4.577 0.1000000015
24349  35.700  -55.494  -4.494 0.2000000030
24350  34.583  -55.358  -4.718 0.2000000030
23448  33.517  -56.420  -5.545 0.2000000030
25280  36.340  -54.557  -4.427 0.2000000030
25281  35.334  -54.424  -4.620 0.2000000030
24371  34.068  -54.954  -5.203 0.2000000030
23460  33.540  -56.153  -6.554 0.2000000030
24389  33.836  -55.236  -6.798 0.2000000030
23465  33.931  -55.921  -7.356 0.2000000030
25337  34.552  -54.448  -7.629 0.1000000015
25279  37.380  -54.647  -4.363 0.2000000030
24372  33.641  -55.227  -5.888 0.2000000030
25303  33.905  -54.682  -6.146 0.2000000030
25325  34.285  -54.404  -6.656 0.1000000015
26309  34.669  -53.680  -6.687 0.1000000015
24388  34.238  -54.954  -7.249 0.1000000015
22475  36.575  -58.036  -3.281 0.1000000015
23426  37.188  -56.797  -3.909 0.1000000015
21677  36.833  -57.700  -14.976 0.2000000030
22620  35.800  -57.397  -13.400 0.2000000030
22626  36.033  -57.324  -13.928 0.2000000030
22630  36.779  -57.202  -15.090 0.2000000030
23541  36.676  -56.583  -15.191 0.2000000030
23527  35.322  -56.614  -13.166 0.2000000030
23535  36.249  -56.212  -14.521 0.2000000030
23536  35.862  -56.784  -13.949 0.2000000030
23528  35.103  -56.476  -12.683 0.2000000030
24466  35.682  -55.865  -13.933 0.1000000015
24465  36.097  -55.375  -14.480 0.2000000030
24456  35.210  -55.554  -13.266 0.2000000030
24446  34.827  -55.389  -12.718 0.2000000030
25429  36.327  -54.689  -14.759 0.1000000015
26429  35.696  -53.583  -13.951 0.1000000015
25430  35.613  -54.655  -13.957 0.1000000015
26427  36.919  -53.029  -14.863 0.1000000015
26437  37.457  -53.364  -15.297 0.1000000015
24348  36.783  -55.619  -4.463 0.1000000015
25421  34.738  -54.545  -12.505 0.1000000015
27388  35.641  -52.913  -13.488 0.1000000015
25420  34.908  -54.786  -12.938 0.1000000015
27395  36.627  -52.720  -14.452 0.1000000015
27396  36.081  -53.006  -14.148 0.1000000015
27394  37.258  -52.498  -14.750 0.1000000015
28363  36.863  -51.893  -14.261 0.1000000015
28361  38.313  -51.280  -15.065 0.1000000015
25277  39.441  -54.590  -4.494 0.1000000015
25278  38.409  -54.648  -4.456 0.1000000015
26375  34.530  -53.987  -10.212 0.1000000015
26408  34.687  -54.089  -12.078 0.1000000015
26420  35.071  -53.797  -13.098 0.1000000015
26407  34.879  -53.461  -12.497 0.1000000015
27387  36.232  -52.311  -13.845 0.1000000015
29332  37.540  -50.766  -14.222 0.1000000015
28350  37.151  -51.150  -14.042 0.1000000015
26263  36.931  -53.670  -4.366 0.1000000015
27325  35.215  -52.451  -10.627 0.1000000015
27326  34.710  -53.178  -10.177 0.1000000015
28321  35.705  -51.792  -11.549 0.1000000015
27353  35.146  -52.574  -11.709 0.1000000015
27375  34.782  -53.198  -12.041 0.1000000015
27354  34.661  -53.339  -11.124 0.1000000015
28340  35.583  -52.103  -12.294 0.1000000015
29312  36.683  -50.641  -12.533 0.1000000015
28339  36.179  -51.380  -12.508 0.1000000015
28352  35.794  -52.083  -13.090 0.1000000015
30268  37.507  -49.804  -12.693 0.1000000015
29311  37.117  -50.207  -12.472 0.1000000015
29321  36.571  -50.846  -13.022 0.1000000015
29320  37.319  -50.364  -13.438 0.1000000015
26261  38.949  -53.656  -4.462 0.1000000015
26262  37.934  -53.700  -4.249 0.1000000015
29292  37.206  -50.266  -11.825 0.1000000015
28320  36.482  -50.961  -11.588 0.1000000015
30248  37.390  -49.988  -12.256 0.1000000015
26357  34.828  -53.591  -9.274 0.1000000015
24474  36.638  -55.472  -15.173 0.1000000015
26428  36.438  -53.653  -14.745 0.1000000015
28351  36.520  -51.377  -13.502 0.1000000015
29319  37.839  -50.059  -13.871 0.1000000015
19694  44.294  -60.442  -18.698 0.1000000015
20701  44.055  -59.972  -19.415 0.1000000015
18613  44.327  -60.703  -19.223 0.1000000015
18598  44.415  -61.525  -18.156 0.1000000015
17522  42.770  -62.195  -16.725 0.1000000015
17523  41.533  -62.302  -16.511 0.1000000015
16512  39.327  -63.013  -16.068 0.1000000015
17521  44.132  -61.799  -17.160 0.1000000015
20702  43.754  -59.797  -19.214 0.1000000015
20703  42.976  -59.540  -18.877 0.1000000015
19680  43.031  -60.369  -17.529 0.1000000015
19679  44.166  -60.462  -17.605 0.1000000015
18597  44.843  -61.087  -18.103 0.1000000015
19708  44.177  -60.091  -19.584 0.1000000015
19697  41.392  -60.377  -18.220 0.1000000015
19681  41.976  -60.594  -17.650 0.1000000015
20718  43.394  -59.048  -19.485 0.1000000015
20720  42.267  -58.757  -18.986 0.1000000015
21713  42.088  -58.221  -18.883 0.1000000015
21729  42.970  -58.193  -19.293 0.1000000015
21712  42.625  -57.703  -18.952 0.1000000015
19695  43.491  -60.172  -18.433 0.1000000015
16513  38.484  -63.232  -16.390 0.1000000015
4510  34.547  -77.254  -4.802 0.1000000015
4525  34.271  -77.262  -5.310 0.1000000015
4536  35.242  -77.075  -6.525 0.1000000015
5043  35.174  -76.078  -0.885 0.1000000015
5160  35.185  -76.832  -9.678 0.1000000015
5698  36.559  -75.165  -2.303 0.1000000015
5701  33.888  -76.291  -1.135 0.1000000015
5729  36.423  -75.521  -2.986 0.1000000015
5818  35.628  -76.006  -8.583 0.1000000015
5862  35.440  -75.377  -11.598 0.1000000015
5863  35.234  -75.033  -11.409 0.1000000015
5874  35.470  -75.187  -12.202 0.1000000015
6401  37.752  -74.255  0.485 0.1000000015
6420  37.892  -74.171  -0.120 0.1000000015
7128  36.782  -74.188  3.038 0.1000000015
7145  38.289  -73.277  2.644 0.1000000015
7147  38.036  -74.284  1.200 0.1000000015
7163  38.190  -74.118  0.897 0.1000000015
7164  34.411  -74.405  0.889 0.1000000015
7193  37.764  -74.014  -0.820 0.1000000015
7212  32.444  -73.536  -3.011 0.1000000015
7229  32.053  -73.352  -3.598 0.1000000015
7321  32.889  -72.779  -8.901 0.1000000015
7832  38.344  -73.013  3.691 0.1000000015
7851  38.303  -72.993  3.214 0.1000000015
7852  38.122  -72.786  3.069 0.1000000015
7855  34.405  -73.169  2.869 0.1000000015
7871  38.255  -72.955  2.765 0.1000000015
7921  31.748  -71.751  0.040 0.1000000015
8047  34.168  -72.887  -12.617 0.1000000015
8592  32.493  -72.122  4.298 0.1000000015
8593  32.244  -72.165  4.368 0.1000000015
8608  32.618  -71.996  4.093 0.1000000015
8728  32.917  -71.760  -4.297 0.1000000015
8729  32.640  -71.409  -4.781 0.1000000015
9555  42.442  -69.962  -2.892 0.1000000015
10402  42.172  -69.098  -0.163 0.2000000030
10417  42.550  -68.934  -0.335 0.2000000030
10429  43.537  -68.905  -1.666 0.1000000015
10452  42.681  -69.965  -3.445 0.1000000015
10453  41.658  -70.041  -3.156 0.1000000015
10531  33.773  -70.207  -8.321 0.1000000015
10542  36.025  -69.441  -10.280 0.1000000015
11190  42.978  -68.370  0.838 0.2000000030
11191  42.334  -68.514  1.123 0.2000000030
11192  41.529  -68.461  1.337 0.2000000030
11193  41.077  -68.370  1.448 0.2000000030
11205  42.606  -68.713  0.328 0.2000000030
11224  40.836  -68.608  0.475 0.2000000030
11237  44.162  -68.198  -1.996 0.2000000030
11239  43.328  -68.591  -0.991 0.4000000060
11251  44.224  -68.145  -2.299 0.2000000030
11284  38.877  -68.157  -4.791 0.1000000015
12100  40.225  -67.034  3.324 0.2000000030
12101  39.654  -66.963  3.379 0.2000000030
12102  39.299  -66.921  3.340 0.2000000030
12111  41.155  -67.564  2.343 0.2000000030
12113  39.878  -67.403  3.144 0.1000000015
12114  39.438  -67.170  3.239 0.1000000015
12125  43.138  -68.106  0.953 0.3000000119
12144  43.213  -68.094  0.562 0.3000000119
12149  39.483  -67.394  1.039 0.1000000015
12163  42.919  -67.510  -0.071 0.3000000119
12165  40.474  -68.370  0.081 0.2000000030
12179  44.092  -68.067  -1.750 0.2000000030
12181  40.877  -68.524  -0.897 0.1000000015
12210  42.901  -67.135  -3.301 0.3000000119
12211  42.319  -66.814  -3.295 0.4000000060
13095  39.837  -66.522  3.401 0.2000000030
13136  39.649  -67.595  1.956 0.1000000015
13190  42.271  -66.566  -0.688 0.4000000060
13193  37.164  -66.097  -0.896 0.1000000015
13258  39.903  -66.364  -5.060 0.4000000060
13304  45.716  -65.835  -8.695 0.2000000030
14124  40.174  -66.167  3.242 0.2000000030
14129  36.068  -65.556  3.039 0.3000000119
14165  39.106  -65.136  1.846 0.5000000000
14175  40.599  -66.053  0.615 0.4000000060
14210  42.156  -66.358  -1.326 0.4000000060
14215  36.921  -65.922  -1.203 0.1000000015
14247  41.446  -65.739  -2.600 0.4000000060
14315  46.272  -65.151  -8.297 0.2000000030
15173  39.120  -65.257  3.347 0.3000000119
15193  39.045  -64.972  3.161 0.3000000119
15209  39.358  -65.215  2.831 0.3000000119
15216  30.796  -63.875  0.984 0.1000000015
15281  40.090  -65.206  -3.283 0.5000000000
15300  38.298  -64.781  -4.785 0.5000000000
15321  46.349  -64.921  -8.064 0.2000000030
15336  46.314  -64.725  -8.312 0.2000000030
15344  37.731  -64.006  -7.966 0.5000000000
16353  36.418  -64.025  -6.466 0.5000000000
16361  44.493  -64.140  -8.111 0.4000000060
16392  44.400  -63.995  -9.953 0.2000000030
16425  43.763  -63.314  -11.289 0.1000000015
16505  38.888  -63.413  -15.580 0.1000000015
17254  35.273  -61.691  1.107 0.4000000060
17256  31.521  -63.621  0.307 0.1000000015
17324  37.167  -62.700  -4.007 0.5000000000
17347  35.126  -62.722  -6.908 0.5000000000
17353  35.208  -62.300  -7.627 0.4000000060
17354  34.738  -62.189  -7.198 0.4000000060
17377  35.473  -62.128  -8.074 0.4000000060
17393  43.094  -62.364  -8.898 0.2000000030
17406  45.583  -63.265  -10.931 0.2000000030
17407  45.307  -63.257  -10.851 0.3000000119
17430  45.065  -63.133  -10.925 0.3000000119
17525  39.876  -62.660  -16.321 0.1000000015
18310  34.147  -60.713  -0.726 0.4000000060
18398  34.325  -61.470  -7.281 0.4000000060
18414  42.527  -62.146  -9.058 0.2000000030
18416  40.146  -61.689  -9.149 0.3000000119
18579  41.222  -60.505  -16.665 0.1000000015
18580  40.520  -60.478  -16.555 0.1000000015
18599  41.424  -60.540  -17.164 0.1000000015
18601  40.067  -60.394  -16.814 0.3000000119
18616  41.417  -60.713  -17.752 0.2000000030
19376  34.343  -60.516  -0.650 0.4000000060
19463  34.046  -60.829  -6.319 0.4000000060
19491  33.996  -60.089  -8.034 0.4000000060
19501  43.236  -61.234  -9.508 0.1000000015
19506  38.341  -59.763  -9.366 0.4000000060
19534  44.193  -60.803  -10.328 0.1000000015
19566  40.377  -60.228  -12.467 0.2000000030
19588  39.737  -60.437  -13.313 0.2000000030
19614  41.272  -60.368  -14.243 0.2000000030
19698  40.671  -60.147  -17.731 0.2000000030
20529  33.900  -58.635  -7.741 0.4000000060
20548  36.262  -59.564  -9.018 0.4000000060
20551  33.865  -59.570  -7.867 0.4000000060
20585  41.079  -59.955  -11.460 0.2000000030
20608  39.646  -59.985  -12.342 0.2000000030
20627  38.846  -60.243  -13.133 0.2000000030
20629  37.237  -59.118  -12.792 0.2000000030
20643  38.796  -60.299  -13.983 0.2000000030
20671  39.269  -59.863  -16.615 0.3000000119
20719  42.622  -58.931  -19.211 0.1000000015
21388  35.300  -59.267  1.453 0.2000000030
21612  37.278  -58.359  -9.642 0.3000000119
21623  36.985  -57.787  -10.447 0.4000000060
21630  38.306  -58.699  -10.605 0.3000000119
21715  40.244  -58.130  -18.142 0.2000000030
21730  42.486  -58.530  -19.109 0.1000000015
22577  37.183  -58.024  -9.676 0.3000000119
22625  36.395  -57.240  -14.482 0.2000000030
22649  39.079  -57.585  -17.382 0.3000000119
22664  40.577  -57.747  -18.243 0.2000000030
23369  34.974  -56.523  -1.636 0.1000000015
23370  34.861  -56.571  -1.458 0.1000000015
23517  35.263  -56.812  -12.452 0.2000000030
24207  30.904  -56.085  2.452 0.1000000015
24298  35.035  -56.356  -1.792 0.1000000015
24351  33.849  -55.638  -5.134 0.2000000030
24395  34.104  -55.361  -7.312 0.2000000030
24425  35.317  -56.183  -10.386 0.2000000030
24426  34.935  -55.781  -10.663 0.2000000030
24457  34.929  -56.064  -12.771 0.2000000030
24476  39.669  -55.074  -17.046 0.1000000015
25326  33.854  -54.864  -6.368 0.2000000030
25399  34.486  -54.992  -11.316 0.2000000030
25409  34.770  -55.065  -12.661 0.2000000030
25410  34.629  -55.048  -12.274 0.2000000030
25446  38.171  -54.639  -16.251 0.2000000030
26421  34.811  -54.290  -12.679 0.1000000015
26436  38.330  -53.689  -15.886 0.1000000015
26438  36.912  -53.754  -15.189 0.2000000030
26443  38.945  -53.294  -16.218 0.1000000015
27374  35.225  -52.844  -12.625 0.1000000015
28362  37.686  -51.525  -14.649 0.1000000015
29293  36.817  -50.461  -12.097 0.1000000015
30247  37.766  -49.753  -12.087 0.1000000015
