#!ascii label  , from subject 3970 vox2ras=TkReg
1857
46214  -28.032  -45.832  80.818 0.0000000000
64614  -44.857  -29.059  67.315 0.0000000000
56519  -35.295  -36.937  73.044 0.0000000000
40479  1.026  -52.494  78.252 0.0000000000
47272  -18.200  -47.011  79.078 0.0000000000
48357  -3.302  -45.283  76.847 0.0000000000
45131  -4.173  -49.331  85.256 0.0000000000
59568  -41.506  -34.167  69.397 0.0000000000
52720  0.743  -40.873  69.230 0.0000000000
37395  0.357  -57.446  85.786 0.0000000000
49424  -30.173  -45.134  74.783 0.0000000000
46276  -22.825  -47.834  77.212 0.0000000000
49354  -21.750  -45.014  81.732 0.0000000000
69557  -47.197  -24.404  66.474 0.0000000000
60577  -37.424  -33.994  71.549 0.0000000000
41476  -15.311  -53.460  73.234 0.0000000000
52648  0.451  -41.075  74.760 0.0000000000
43269  -4.588  -49.930  76.186 0.0000000000
45300  -4.131  -47.885  71.882 0.0000000000
42402  1.315  -51.061  73.971 0.0000000000
35316  -8.672  -57.051  85.090 0.0000000000
35258  -3.595  -56.066  88.720 0.0000000000
53583  -33.385  -40.013  74.609 0.0000000000
51448  -19.563  -42.452  84.172 0.0000000000
51554  -17.515  -42.741  77.243 0.0000000000
47246  -3.017  -47.496  80.808 0.0000000000
41379  -5.167  -51.846  80.798 0.0000000000
61554  -43.746  -32.718  67.877 0.0000000000
36444  -11.544  -57.502  80.751 0.0000000000
38510  -12.079  -55.122  76.711 0.0000000000
50526  -1.830  -43.077  72.496 0.0000000000
47467  -1.537  -46.353  67.242 0.0000000000
45103  -7.175  -48.602  87.504 0.0000000000
40393  -4.171  -53.649  86.299 0.0000000000
39424  -0.606  -55.144  80.985 0.0000000000
116440  -30.229  -45.623  81.148 0.0000000000
45220  -28.159  -48.323  78.211 0.0000000000
45222  -29.283  -47.089  77.596 0.0000000000
45190  -25.553  -48.346  79.947 0.0000000000
45247  -25.005  -48.969  75.618 0.0000000000
46213  -24.384  -46.580  81.103 0.0000000000
67675  -45.745  -26.551  66.952 0.0000000000
64616  -41.927  -29.793  65.685 0.0000000000
66752  -42.526  -27.243  65.291 0.0000000000
68611  -44.141  -25.127  64.770 0.0000000000
58527  -35.483  -35.625  72.225 0.0000000000
55602  -32.577  -37.566  71.137 0.0000000000
57536  -33.523  -36.127  70.408 0.0000000000
59545  -34.864  -34.382  70.073 0.0000000000
41424  -1.987  -52.026  77.455 0.0000000000
43265  -1.388  -50.938  75.404 0.0000000000
40501  1.705  -51.589  76.410 0.0000000000
38556  0.580  -53.836  73.788 0.0000000000
38530  1.042  -54.182  75.948 0.0000000000
35362  -7.186  -57.446  82.579 0.0000000000
35298  -5.212  -57.771  85.857 0.0000000000
52637  -32.744  -41.620  75.623 0.0000000000
50481  -29.441  -43.446  77.199 0.0000000000
50501  -28.981  -43.639  74.108 0.0000000000
53567  -29.731  -41.270  75.457 0.0000000000
53593  -31.051  -40.458  73.592 0.0000000000
51438  -22.788  -42.712  85.968 0.0000000000
49387  -20.873  -44.136  77.176 0.0000000000
50464  -20.686  -43.030  78.956 0.0000000000
71588  -46.245  -22.471  63.565 0.0000000000
74527  -46.627  -20.148  63.536 0.0000000000
45148  -3.663  -48.537  82.971 0.0000000000
45165  -5.722  -48.898  80.894 0.0000000000
44140  -5.763  -49.692  82.801 0.0000000000
59602  -42.628  -33.795  68.758 0.0000000000
58553  -38.416  -34.642  67.711 0.0000000000
58578  -39.605  -34.040  66.335 0.0000000000
60654  -41.182  -33.634  65.935 0.0000000000
36415  -13.929  -57.266  83.081 0.0000000000
37452  -14.094  -56.354  80.579 0.0000000000
48355  0.861  -44.954  76.564 0.0000000000
49428  0.685  -43.774  74.382 0.0000000000
49432  -3.120  -44.363  74.515 0.0000000000
44296  -0.472  -49.022  70.287 0.0000000000
46376  -2.995  -47.290  69.534 0.0000000000
45355  0.651  -47.759  68.229 0.0000000000
45102  -8.981  -50.106  88.417 0.0000000000
37380  0.122  -57.356  88.275 0.0000000000
39377  -3.852  -54.965  88.602 0.0000000000
39398  -1.832  -55.415  85.768 0.0000000000
40406  -2.137  -54.621  83.521 0.0000000000
38408  0.446  -56.380  83.650 0.0000000000
48347  -29.129  -45.482  76.903 0.0000000000
50393  -22.830  -44.300  85.187 0.0000000000
49335  -23.281  -46.056  83.781 0.0000000000
47273  -21.464  -46.905  79.294 0.0000000000
71558  -47.393  -22.523  65.812 0.0000000000
69598  -45.251  -23.701  63.983 0.0000000000
59529  -39.490  -34.033  70.516 0.0000000000
59563  -36.928  -34.307  69.105 0.0000000000
46296  -18.049  -47.868  75.162 0.0000000000
44216  -17.340  -49.607  76.014 0.0000000000
52683  1.500  -41.297  71.500 0.0000000000
47309  -5.704  -46.732  76.856 0.0000000000
48383  -5.543  -45.605  74.372 0.0000000000
44247  -4.697  -48.931  74.233 0.0000000000
44258  -1.030  -50.162  72.714 0.0000000000
42435  1.505  -51.185  71.755 0.0000000000
38390  -9.932  -54.762  87.585 0.0000000000
40368  -8.493  -54.018  88.770 0.0000000000
35267  -6.146  -56.987  87.616 0.0000000000
36372  -2.678  -57.603  86.974 0.0000000000
55567  -34.668  -38.692  74.111 0.0000000000
54684  -31.764  -39.030  72.022 0.0000000000
50421  -18.286  -43.688  81.740 0.0000000000
50422  -21.759  -43.681  83.143 0.0000000000
52554  -19.331  -42.200  81.194 0.0000000000
49376  -17.488  -44.540  78.176 0.0000000000
48293  0.964  -46.075  78.830 0.0000000000
47229  -0.110  -46.923  81.386 0.0000000000
48321  -3.171  -45.981  78.550 0.0000000000
46257  -5.744  -48.021  78.838 0.0000000000
43235  -5.320  -50.949  78.746 0.0000000000
41392  -2.064  -52.578  79.160 0.0000000000
63523  -44.541  -30.784  67.317 0.0000000000
62499  -42.126  -31.738  65.177 0.0000000000
37398  -11.722  -56.642  85.751 0.0000000000
35366  -10.504  -58.223  82.939 0.0000000000
36441  -8.385  -56.949  80.970 0.0000000000
42357  -16.393  -52.071  76.855 0.0000000000
40482  -15.642  -53.668  77.434 0.0000000000
39440  -14.495  -54.722  79.919 0.0000000000
37471  -11.732  -56.456  78.391 0.0000000000
37468  -8.802  -56.255  78.969 0.0000000000
51572  1.639  -42.345  75.886 0.0000000000
50523  1.228  -42.785  72.904 0.0000000000
51645  -1.590  -42.231  70.418 0.0000000000
48422  -5.496  -45.146  71.603 0.0000000000
50563  -4.328  -43.578  69.324 0.0000000000
51708  -2.101  -42.783  66.613 0.0000000000
44108  -5.535  -49.437  86.571 0.0000000000
41335  -6.188  -52.992  88.634 0.0000000000
41339  -5.797  -52.130  87.888 0.0000000000
42280  -5.688  -51.246  85.030 0.0000000000
40409  -4.360  -52.874  83.510 0.0000000000
40422  -2.632  -52.905  81.459 0.0000000000
39456  -0.398  -53.855  78.816 0.0000000000
36400  3.420  -57.759  83.763 0.0000000000
37416  2.756  -57.063  81.913 0.0000000000
38499  0.949  -55.420  76.994 0.0000000000
46230  -28.374  -45.997  80.589 0.0000000000
48271  -28.879  -45.020  82.047 0.0000000000
46263  -27.075  -46.956  79.270 0.0000000000
45207  -28.121  -46.849  78.788 0.0000000000
46247  -26.403  -47.120  79.491 0.0000000000
45205  -26.945  -48.205  79.461 0.0000000000
48287  -27.429  -45.577  81.117 0.0000000000
47256  -26.077  -46.342  80.437 0.0000000000
66740  -45.784  -27.509  67.322 0.0000000000
64612  -43.288  -29.844  66.440 0.0000000000
65723  -42.687  -28.433  65.911 0.0000000000
66746  -44.044  -27.408  66.624 0.0000000000
67682  -43.988  -26.129  66.051 0.0000000000
57528  -35.410  -36.393  72.549 0.0000000000
58508  -36.908  -36.055  74.409 0.0000000000
57518  -36.335  -36.470  73.954 0.0000000000
56533  -33.362  -36.936  70.733 0.0000000000
56524  -34.484  -37.048  71.560 0.0000000000
58537  -35.032  -35.561  71.602 0.0000000000
41423  -1.011  -52.600  77.694 0.0000000000
41450  -0.338  -51.939  76.401 0.0000000000
41434  1.021  -51.638  77.350 0.0000000000
39510  1.216  -53.127  76.063 0.0000000000
39492  1.216  -53.168  77.171 0.0000000000
36421  -5.960  -57.371  81.520 0.0000000000
36403  -5.847  -57.461  83.088 0.0000000000
52611  -30.639  -42.464  77.543 0.0000000000
52619  -29.469  -42.540  76.705 0.0000000000
52621  -30.917  -42.146  76.892 0.0000000000
52636  -31.867  -41.852  75.597 0.0000000000
73576  -47.238  -21.291  64.332 0.0000000000
73584  -46.608  -20.906  63.018 0.0000000000
75413  -46.817  -19.738  64.763 0.0000000000
45141  -4.186  -49.134  83.989 0.0000000000
45150  -5.102  -49.064  83.026 0.0000000000
44133  -5.343  -49.494  83.595 0.0000000000
59587  -42.195  -34.028  69.012 0.0000000000
59570  -43.451  -33.966  69.954 0.0000000000
58547  -39.776  -34.442  68.393 0.0000000000
58564  -39.137  -34.119  67.193 0.0000000000
59585  -40.265  -33.907  68.062 0.0000000000
59600  -41.018  -33.635  67.858 0.0000000000
38426  -15.196  -55.388  82.991 0.0000000000
39426  -14.739  -54.816  81.200 0.0000000000
48263  -18.449  -45.921  81.432 0.0000000000
46243  -18.282  -47.712  79.411 0.0000000000
53653  1.271  -40.551  69.820 0.0000000000
49384  -0.953  -45.070  76.694 0.0000000000
49414  -0.833  -44.350  75.219 0.0000000000
49416  -3.219  -44.716  75.508 0.0000000000
44295  0.669  -49.339  69.593 0.0000000000
45331  -0.286  -48.512  69.484 0.0000000000
44307  1.097  -49.060  68.789 0.0000000000
45112  -9.039  -48.981  86.358 0.0000000000
44103  -9.693  -50.560  88.241 0.0000000000
37390  1.121  -57.156  87.329 0.0000000000
38392  -0.747  -56.286  87.227 0.0000000000
38400  -0.716  -56.786  85.991 0.0000000000
39401  -1.195  -55.817  84.944 0.0000000000
37402  0.665  -56.881  85.084 0.0000000000
47276  -29.810  -44.889  78.852 0.0000000000
47302  -29.457  -46.272  77.263 0.0000000000
48309  -30.500  -44.931  79.331 0.0000000000
49379  -29.964  -44.409  78.878 0.0000000000
45173  -23.847  -48.342  79.972 0.0000000000
46211  -23.228  -48.042  81.162 0.0000000000
46260  -21.891  -47.877  78.384 0.0000000000
47300  -21.427  -46.638  77.296 0.0000000000
70528  -47.069  -23.511  66.049 0.0000000000
69555  -45.534  -24.329  65.665 0.0000000000
68626  -44.281  -24.517  63.764 0.0000000000
69571  -45.963  -23.770  65.711 0.0000000000
71566  -46.485  -22.826  64.739 0.0000000000
60601  -38.723  -33.984  70.359 0.0000000000
60579  -39.613  -34.173  71.557 0.0000000000
60547  -38.877  -34.135  72.491 0.0000000000
60598  -36.312  -33.970  71.240 0.0000000000
59562  -35.698  -34.122  69.097 0.0000000000
59547  -37.363  -34.131  69.958 0.0000000000
59548  -38.374  -34.066  69.730 0.0000000000
53576  0.045  -40.516  74.423 0.0000000000
53604  1.465  -40.231  72.803 0.0000000000
53586  1.667  -40.878  73.058 0.0000000000
45228  -5.758  -48.350  76.681 0.0000000000
46294  -5.607  -47.774  75.370 0.0000000000
44215  -4.670  -49.660  75.701 0.0000000000
42390  0.408  -50.407  75.041 0.0000000000
43301  -1.691  -50.241  74.126 0.0000000000
43299  -0.057  -50.539  73.614 0.0000000000
43333  0.171  -50.475  71.697 0.0000000000
42418  1.525  -51.189  72.863 0.0000000000
40544  2.011  -52.411  73.073 0.0000000000
35291  -8.936  -55.840  86.232 0.0000000000
36359  -8.387  -55.531  87.577 0.0000000000
35289  -7.627  -56.783  86.489 0.0000000000
35311  -4.053  -57.949  85.362 0.0000000000
36382  -3.970  -57.673  86.541 0.0000000000
35295  -2.220  -57.953  85.950 0.0000000000
36380  -1.856  -57.749  86.514 0.0000000000
54648  -34.284  -39.427  74.488 0.0000000000
53582  -32.801  -40.557  74.269 0.0000000000
54657  -31.151  -40.058  72.977 0.0000000000
53595  -32.759  -39.703  73.915 0.0000000000
54672  -33.167  -38.740  72.865 0.0000000000
51434  -19.005  -42.776  85.177 0.0000000000
50390  -18.526  -43.590  84.795 0.0000000000
51447  -18.745  -42.710  83.662 0.0000000000
50423  -21.993  -44.714  83.319 0.0000000000
50404  -22.268  -44.302  84.218 0.0000000000
50442  -21.597  -43.848  81.866 0.0000000000
51539  -19.091  -42.020  78.034 0.0000000000
52588  -19.585  -42.144  79.610 0.0000000000
52600  -18.435  -42.239  78.780 0.0000000000
51507  -18.123  -42.936  79.921 0.0000000000
50471  -17.347  -43.685  77.647 0.0000000000
48361  -17.336  -45.668  76.175 0.0000000000
47231  -1.992  -47.732  81.811 0.0000000000
47245  -2.047  -47.185  80.770 0.0000000000
47263  -1.328  -46.487  79.742 0.0000000000
47265  -2.972  -46.866  80.025 0.0000000000
48323  -4.512  -46.565  78.759 0.0000000000
46236  -4.527  -47.345  79.938 0.0000000000
43212  -5.943  -50.545  81.003 0.0000000000
44164  -5.757  -49.886  79.352 0.0000000000
42332  -5.436  -51.306  79.907 0.0000000000
41411  -3.409  -51.469  78.820 0.0000000000
41377  -3.580  -52.142  80.261 0.0000000000
62492  -44.210  -31.899  67.579 0.0000000000
62494  -46.174  -31.202  68.371 0.0000000000
61555  -44.780  -32.541  68.498 0.0000000000
60643  -42.209  -33.208  67.078 0.0000000000
60671  -41.086  -32.963  65.090 0.0000000000
61559  -42.781  -32.557  66.581 0.0000000000
62496  -43.045  -31.733  66.351 0.0000000000
38406  -12.487  -56.090  84.165 0.0000000000
36428  -12.550  -57.682  82.080 0.0000000000
35367  -11.745  -58.161  82.915 0.0000000000
36426  -10.813  -57.715  81.355 0.0000000000
35377  -9.121  -57.838  82.084 0.0000000000
36442  -9.419  -56.926  80.532 0.0000000000
42378  -16.210  -52.058  74.926 0.0000000000
42367  -16.631  -51.458  76.241 0.0000000000
41453  -16.144  -53.091  75.464 0.0000000000
38535  -12.770  -55.112  75.623 0.0000000000
39476  -15.376  -54.423  76.579 0.0000000000
38482  -14.021  -55.534  77.202 0.0000000000
39457  -14.549  -54.702  78.498 0.0000000000
38481  -12.784  -55.746  77.313 0.0000000000
38460  -13.005  -56.211  77.964 0.0000000000
38480  -11.775  -55.234  77.431 0.0000000000
38477  -8.835  -55.427  77.530 0.0000000000
51552  2.281  -43.000  76.543 0.0000000000
50509  -0.755  -43.334  73.319 0.0000000000
50495  1.061  -43.654  74.073 0.0000000000
50525  -0.748  -43.047  72.693 0.0000000000
51628  -0.666  -42.377  71.569 0.0000000000
51629  -1.696  -42.660  71.693 0.0000000000
46332  -5.231  -47.238  72.694 0.0000000000
48408  -5.599  -45.317  72.585 0.0000000000
46344  -4.883  -47.134  71.734 0.0000000000
47448  -2.202  -46.509  67.855 0.0000000000
48474  -3.804  -45.542  68.588 0.0000000000
48489  -3.010  -45.554  67.708 0.0000000000
50572  -3.389  -43.437  67.931 0.0000000000
49543  -2.434  -44.499  66.662 0.0000000000
49560  -0.972  -43.903  65.694 0.0000000000
45110  -6.358  -48.793  87.518 0.0000000000
38374  -7.151  -54.837  88.748 0.0000000000
116381  -7.594  -52.831  89.096 0.0000000000
116374  -5.351  -54.172  88.640 0.0000000000
39388  -3.600  -54.582  87.549 0.0000000000
40378  -4.985  -53.886  88.377 0.0000000000
40389  -4.909  -53.686  87.119 0.0000000000
42268  -5.835  -51.706  86.699 0.0000000000
41347  -5.286  -52.662  85.534 0.0000000000
42279  -5.518  -52.078  84.759 0.0000000000
40403  -4.028  -53.250  84.588 0.0000000000
39419  -1.257  -55.076  81.959 0.0000000000
40413  -2.617  -53.357  82.682 0.0000000000
40420  -1.556  -54.386  81.231 0.0000000000
40431  -1.434  -54.080  80.301 0.0000000000
39438  -0.337  -54.468  79.822 0.0000000000
36407  4.763  -58.402  82.413 0.0000000000
36409  3.310  -57.267  82.836 0.0000000000
116447  -30.922  -46.384  81.389 0.0000000000
44221  -28.095  -49.314  75.889 0.0000000000
45248  -28.842  -48.819  75.840 0.0000000000
45221  -28.829  -47.670  77.969 0.0000000000
46264  -28.977  -46.153  79.067 0.0000000000
45202  -24.245  -48.730  78.433 0.0000000000
44204  -25.530  -49.140  77.358 0.0000000000
44206  -27.051  -49.415  77.143 0.0000000000
45174  -24.875  -47.991  80.425 0.0000000000
68602  -46.447  -25.129  66.297 0.0000000000
66751  -42.129  -27.852  64.817 0.0000000000
67693  -42.705  -26.154  64.267 0.0000000000
68615  -43.268  -25.484  63.489 0.0000000000
67694  -43.484  -25.608  64.612 0.0000000000
68601  -45.247  -25.173  66.000 0.0000000000
60545  -36.841  -34.184  72.268 0.0000000000
59502  -37.737  -34.463  73.311 0.0000000000
59501  -37.003  -34.675  73.201 0.0000000000
59458  -38.009  -35.403  74.879 0.0000000000
55600  -31.205  -37.970  70.743 0.0000000000
56531  -31.983  -37.283  70.523 0.0000000000
56541  -32.069  -36.755  70.118 0.0000000000
58545  -32.918  -35.541  69.813 0.0000000000
59560  -33.116  -34.493  69.148 0.0000000000
58542  -34.329  -35.475  70.720 0.0000000000
59527  -35.193  -34.715  71.046 0.0000000000
42365  -3.074  -50.926  77.000 0.0000000000
43267  -2.962  -50.800  75.897 0.0000000000
41452  -2.205  -51.995  75.984 0.0000000000
42374  0.264  -51.042  76.077 0.0000000000
41462  2.256  -51.359  75.393 0.0000000000
40545  1.353  -52.844  73.313 0.0000000000
39531  1.409  -53.067  74.915 0.0000000000
38547  0.816  -54.093  74.821 0.0000000000
35331  -7.773  -57.445  84.396 0.0000000000
35299  -6.823  -57.506  85.618 0.0000000000
35329  -6.027  -57.481  84.078 0.0000000000
52653  -33.480  -40.789  75.017 0.0000000000
49406  -29.164  -44.933  76.156 0.0000000000
49439  -29.610  -44.229  74.217 0.0000000000
50490  -28.732  -43.561  75.282 0.0000000000
52649  -28.574  -41.993  75.255 0.0000000000
53578  -28.831  -41.210  74.835 0.0000000000
53568  -30.439  -41.160  75.143 0.0000000000
52651  -31.949  -41.543  74.814 0.0000000000
51436  -21.006  -42.690  85.625 0.0000000000
49378  -21.209  -44.943  79.123 0.0000000000
50454  -21.063  -43.663  80.346 0.0000000000
49377  -20.892  -44.058  78.328 0.0000000000
51557  -20.108  -42.515  76.604 0.0000000000
72605  -45.566  -22.095  62.066 0.0000000000
72604  -45.195  -21.520  61.372 0.0000000000
73590  -45.369  -20.567  61.427 0.0000000000
75445  -45.111  -18.842  60.814 0.0000000000
46202  -3.150  -47.998  81.566 0.0000000000
46218  -4.928  -48.301  80.877 0.0000000000
45156  -4.553  -48.503  81.934 0.0000000000
44145  -5.955  -49.717  81.549 0.0000000000
42302  -5.813  -51.213  81.722 0.0000000000
60632  -43.068  -33.439  68.323 0.0000000000
59589  -43.860  -33.789  69.648 0.0000000000
57581  -38.444  -34.388  65.539 0.0000000000
58589  -39.176  -34.419  65.385 0.0000000000
59641  -39.912  -34.338  65.005 0.0000000000
59612  -40.043  -33.912  66.295 0.0000000000
60642  -41.312  -33.424  67.260 0.0000000000
38413  -13.548  -55.793  83.850 0.0000000000
38421  -14.540  -55.883  83.506 0.0000000000
36447  -14.057  -57.218  81.995 0.0000000000
36465  -13.081  -57.267  80.667 0.0000000000
40504  -12.345  -53.937  74.809 0.0000000000
39474  -10.869  -54.679  76.905 0.0000000000
49382  1.976  -44.656  76.562 0.0000000000
49395  1.807  -44.329  75.943 0.0000000000
49396  1.085  -44.483  75.765 0.0000000000
49430  -0.687  -43.976  74.577 0.0000000000
50511  -2.938  -43.872  73.223 0.0000000000
45317  -2.250  -48.703  70.887 0.0000000000
46360  -3.656  -47.518  70.520 0.0000000000
45332  -1.432  -48.535  69.973 0.0000000000
46392  -1.114  -47.454  68.523 0.0000000000
46408  -1.035  -47.101  67.989 0.0000000000
46162  -8.519  -47.235  85.426 0.0000000000
46151  -8.141  -47.652  86.554 0.0000000000
45100  -7.999  -49.469  88.005 0.0000000000
35264  -1.726  -57.107  88.498 0.0000000000
37368  -3.194  -55.776  89.350 0.0000000000
38382  -1.658  -56.445  88.206 0.0000000000
38388  -2.124  -56.004  87.418 0.0000000000
39395  -2.775  -54.524  86.279 0.0000000000
40401  -2.687  -54.213  85.052 0.0000000000
39403  -2.314  -54.684  84.985 0.0000000000
39413  -1.276  -55.451  83.331 0.0000000000
38424  -0.751  -55.603  82.309 0.0000000000
47342  -30.407  -46.265  74.462 0.0000000000
45250  -30.066  -47.743  75.753 0.0000000000
46300  -30.339  -47.072  75.650 0.0000000000
48363  -29.540  -45.568  76.267 0.0000000000
49390  -29.179  -44.770  77.445 0.0000000000
50475  -30.476  -43.414  78.578 0.0000000000
49355  -21.971  -45.996  82.779 0.0000000000
47227  -23.894  -47.130  82.223 0.0000000000
48264  -22.101  -47.075  81.831 0.0000000000
48306  -21.434  -45.958  80.115 0.0000000000
48329  -21.160  -45.901  78.713 0.0000000000
68655  -43.974  -24.490  62.579 0.0000000000
70563  -45.670  -23.255  63.775 0.0000000000
71577  -46.909  -22.444  64.505 0.0000000000
59550  -40.108  -34.176  69.651 0.0000000000
59531  -41.243  -34.270  70.914 0.0000000000
59503  -40.550  -34.265  71.733 0.0000000000
59561  -34.292  -33.956  68.956 0.0000000000
59582  -37.783  -34.461  68.023 0.0000000000
59584  -39.187  -34.413  68.441 0.0000000000
46284  -18.157  -47.056  77.065 0.0000000000
44203  -18.192  -48.520  77.273 0.0000000000
44217  -18.037  -48.872  76.057 0.0000000000
43270  -16.374  -51.345  74.257 0.0000000000
53619  1.938  -40.399  71.486 0.0000000000
52705  1.003  -40.941  70.108 0.0000000000
48358  -4.358  -45.367  76.715 0.0000000000
49418  -4.975  -45.214  75.677 0.0000000000
47322  -5.697  -46.810  75.413 0.0000000000
46306  -5.497  -47.567  74.442 0.0000000000
45284  -3.874  -48.715  72.778 0.0000000000
44229  -3.025  -50.160  74.732 0.0000000000
44244  -1.990  -50.074  73.838 0.0000000000
44274  -2.773  -48.975  72.460 0.0000000000
44272  -0.765  -50.087  72.004 0.0000000000
41333  -9.424  -52.704  88.404 0.0000000000
39385  -8.853  -54.171  88.631 0.0000000000
37372  -7.994  -55.068  88.433 0.0000000000
35260  -5.564  -56.597  88.033 0.0000000000
35287  -5.475  -57.331  86.650 0.0000000000
37387  -4.817  -57.132  87.227 0.0000000000
35274  -3.152  -56.941  87.887 0.0000000000
36363  -1.320  -57.605  87.434 0.0000000000
37386  0.361  -57.859  87.562 0.0000000000
36386  0.931  -58.273  86.530 0.0000000000
55577  -34.982  -37.480  73.278 0.0000000000
55569  -36.043  -37.508  74.468 0.0000000000
55561  -35.558  -38.839  74.998 0.0000000000
50516  -29.831  -43.763  73.215 0.0000000000
55585  -31.037  -38.632  71.270 0.0000000000
55575  -33.496  -38.343  72.458 0.0000000000
49317  -18.315  -44.683  82.980 0.0000000000
49352  -18.355  -44.833  80.669 0.0000000000
51451  -22.526  -43.458  85.463 0.0000000000
50391  -21.934  -43.478  84.547 0.0000000000
51460  -20.443  -42.486  83.141 0.0000000000
51495  -20.956  -43.056  80.922 0.0000000000
51477  -20.531  -42.547  82.297 0.0000000000
52538  -19.954  -42.295  82.568 0.0000000000
51476  -18.358  -42.792  81.266 0.0000000000
49351  -18.150  -44.311  79.883 0.0000000000
48304  -17.994  -45.219  78.630 0.0000000000
47310  -17.786  -46.618  76.508 0.0000000000
76434  -45.306  -18.091  60.984 0.0000000000
77439  -45.303  -16.900  59.997 0.0000000000
77452  -45.910  -16.419  59.572 0.0000000000
48317  1.079  -45.557  77.784 0.0000000000
48339  -0.931  -45.374  77.409 0.0000000000
48275  0.213  -46.459  79.941 0.0000000000
48295  -1.327  -46.157  79.050 0.0000000000
48341  -3.281  -45.497  77.656 0.0000000000
48342  -4.192  -45.770  77.917 0.0000000000
46272  -5.797  -47.596  77.628 0.0000000000
45214  -5.831  -48.598  77.660 0.0000000000
46238  -5.557  -48.317  80.114 0.0000000000
44175  -5.706  -49.649  78.589 0.0000000000
43246  -4.838  -50.635  77.598 0.0000000000
42345  -3.948  -51.211  78.239 0.0000000000
41410  -2.128  -51.994  78.502 0.0000000000
41409  -1.043  -52.796  78.433 0.0000000000
64607  -45.193  -29.842  67.432 0.0000000000
60670  -40.275  -33.786  64.802 0.0000000000
61569  -40.657  -32.641  64.529 0.0000000000
62505  -40.778  -31.734  64.614 0.0000000000
63531  -41.977  -30.746  65.555 0.0000000000
63528  -43.186  -30.695  66.357 0.0000000000
37392  -10.375  -55.407  86.321 0.0000000000
35317  -9.652  -57.105  85.372 0.0000000000
36404  -12.706  -57.438  84.231 0.0000000000
35334  -10.871  -58.144  85.129 0.0000000000
35333  -9.719  -58.066  84.863 0.0000000000
36423  -7.677  -57.336  81.785 0.0000000000
44188  -18.228  -49.840  77.561 0.0000000000
43248  -17.510  -50.781  77.729 0.0000000000
42348  -17.398  -51.444  78.971 0.0000000000
40505  -16.018  -54.143  75.031 0.0000000000
41425  -16.153  -52.633  77.552 0.0000000000
41396  -16.369  -52.671  79.445 0.0000000000
41395  -15.801  -53.236  79.285 0.0000000000
40448  -15.456  -53.759  79.802 0.0000000000
39427  -15.078  -54.358  81.077 0.0000000000
38443  -14.213  -55.537  80.231 0.0000000000
37451  -13.229  -56.949  79.897 0.0000000000
37449  -11.043  -57.010  79.030 0.0000000000
38479  -10.852  -54.975  77.564 0.0000000000
37470  -10.686  -56.141  78.493 0.0000000000
37448  -10.096  -56.745  79.223 0.0000000000
37446  -8.201  -56.396  79.812 0.0000000000
52631  1.383  -42.030  75.356 0.0000000000
50486  1.564  -43.509  75.012 0.0000000000
51584  1.905  -42.831  74.397 0.0000000000
51594  1.764  -42.314  73.451 0.0000000000
51608  1.540  -42.041  72.534 0.0000000000
51643  -0.008  -41.538  70.883 0.0000000000
52707  -0.474  -41.441  69.538 0.0000000000
49433  -4.254  -44.602  74.714 0.0000000000
49456  -4.483  -43.980  72.856 0.0000000000
50542  -3.874  -43.568  71.837 0.0000000000
46378  -4.584  -46.672  70.003 0.0000000000
49488  -4.844  -44.569  69.878 0.0000000000
51647  -3.495  -43.010  70.652 0.0000000000
51660  -2.838  -42.593  69.690 0.0000000000
52723  -1.716  -41.853  68.545 0.0000000000
52738  -1.239  -41.757  67.850 0.0000000000
51707  -0.886  -42.539  66.273 0.0000000000
43164  -8.765  -51.263  88.857 0.0000000000
44091  -8.143  -50.717  89.183 0.0000000000
44094  -7.093  -50.183  88.939 0.0000000000
40365  -4.647  -54.212  88.910 0.0000000000
42255  -5.863  -52.370  88.775 0.0000000000
43176  -6.296  -50.314  88.020 0.0000000000
43178  -6.246  -50.158  87.263 0.0000000000
44117  -5.711  -49.850  86.050 0.0000000000
44126  -5.596  -49.949  85.030 0.0000000000
43195  -5.677  -50.585  84.415 0.0000000000
41353  -5.577  -51.693  83.016 0.0000000000
41356  -5.061  -52.217  82.143 0.0000000000
40408  -3.347  -53.278  83.678 0.0000000000
40414  -3.571  -52.711  82.535 0.0000000000
41362  -3.986  -52.266  81.080 0.0000000000
40433  -2.447  -52.884  80.449 0.0000000000
40446  -1.193  -53.393  79.124 0.0000000000
40464  0.609  -53.006  78.186 0.0000000000
36393  2.017  -58.308  85.612 0.0000000000
35320  2.799  -58.185  84.401 0.0000000000
37400  2.172  -57.399  84.798 0.0000000000
37407  2.215  -56.911  83.787 0.0000000000
37414  1.309  -56.558  82.966 0.0000000000
38430  0.669  -56.049  81.429 0.0000000000
37439  2.189  -56.593  80.025 0.0000000000
38441  0.645  -55.703  80.679 0.0000000000
38452  0.277  -54.739  79.122 0.0000000000
38470  0.611  -54.419  78.038 0.0000000000
39472  1.029  -53.322  78.154 0.0000000000
38529  0.902  -55.343  75.859 0.0000000000
37540  1.428  -56.241  74.636 0.0000000000
46215  -28.654  -45.534  81.205 0.0000000000
47241  -28.134  -45.432  81.233 0.0000000000
46249  -27.616  -46.577  79.796 0.0000000000
46229  -27.374  -46.321  80.287 0.0000000000
46248  -26.769  -46.983  79.468 0.0000000000
47258  -27.590  -45.863  80.793 0.0000000000
47257  -26.931  -46.150  80.571 0.0000000000
65719  -45.116  -28.252  67.252 0.0000000000
65712  -45.859  -28.622  67.564 0.0000000000
65717  -43.410  -28.790  66.470 0.0000000000
65718  -44.343  -28.499  66.987 0.0000000000
66747  -44.934  -27.429  66.988 0.0000000000
57529  -35.852  -36.505  73.277 0.0000000000
56520  -35.866  -36.834  73.681 0.0000000000
56518  -34.684  -37.327  72.436 0.0000000000
56525  -34.949  -36.874  72.256 0.0000000000
57533  -34.916  -36.611  71.936 0.0000000000
41422  0.230  -52.638  77.825 0.0000000000
41435  0.049  -52.468  77.007 0.0000000000
41421  1.066  -51.942  77.862 0.0000000000
40491  1.360  -52.251  77.256 0.0000000000
45130  -3.374  -49.308  84.963 0.0000000000
45142  -4.835  -49.359  84.314 0.0000000000
59569  -42.508  -34.108  69.686 0.0000000000
59552  -41.865  -34.293  70.220 0.0000000000
59567  -40.400  -34.225  68.851 0.0000000000
58555  -39.680  -34.154  68.070 0.0000000000
59586  -41.212  -33.973  68.668 0.0000000000
40428  -14.559  -53.541  82.559 0.0000000000
39423  -15.019  -54.267  81.965 0.0000000000
47251  -18.329  -46.960  79.882 0.0000000000
47236  -18.447  -47.036  80.993 0.0000000000
53673  1.134  -40.464  68.853 0.0000000000
48356  -2.747  -45.189  76.701 0.0000000000
49399  -2.139  -45.019  76.341 0.0000000000
49400  -3.274  -45.075  76.264 0.0000000000
43177  -10.027  -50.930  87.872 0.0000000000
38399  -0.241  -56.899  85.619 0.0000000000
38403  -0.031  -56.526  84.979 0.0000000000
116443  -31.042  -45.577  79.843 0.0000000000
48310  -31.215  -44.832  79.690 0.0000000000
45188  -23.487  -48.423  78.958 0.0000000000
45187  -23.003  -48.291  79.116 0.0000000000
46261  -22.800  -48.146  78.204 0.0000000000
69556  -46.311  -24.264  65.993 0.0000000000
70527  -46.521  -23.552  65.725 0.0000000000
60578  -38.533  -34.004  71.374 0.0000000000
60599  -36.952  -34.010  70.887 0.0000000000
60600  -37.882  -33.984  70.635 0.0000000000
53575  0.904  -40.941  74.162 0.0000000000
53587  1.012  -40.531  73.540 0.0000000000
52663  1.385  -41.094  73.715 0.0000000000
45227  -5.495  -49.196  76.216 0.0000000000
45241  -5.467  -48.733  75.589 0.0000000000
42403  0.388  -50.840  74.052 0.0000000000
43298  0.700  -50.893  73.273 0.0000000000
41498  2.162  -51.766  72.320 0.0000000000
41486  2.180  -51.610  73.389 0.0000000000
35301  -8.523  -56.620  85.765 0.0000000000
35290  -8.516  -56.202  86.557 0.0000000000
35300  -7.621  -57.103  85.759 0.0000000000
35310  -2.933  -58.010  85.380 0.0000000000
54647  -33.744  -39.681  74.549 0.0000000000
53585  -34.806  -39.879  74.955 0.0000000000
53584  -34.164  -39.986  74.970 0.0000000000
47357  -30.436  -46.080  73.724 0.0000000000
54659  -33.263  -39.329  73.930 0.0000000000
51435  -19.969  -42.550  85.427 0.0000000000
50443  -21.856  -44.786  82.316 0.0000000000
49353  -21.635  -44.369  81.280 0.0000000000
51555  -18.259  -42.141  76.975 0.0000000000
52609  -19.020  -42.014  78.410 0.0000000000
51538  -18.179  -42.249  78.015 0.0000000000
51524  -18.070  -42.559  78.577 0.0000000000
50478  -17.227  -43.618  76.547 0.0000000000
47232  -2.675  -47.797  81.480 0.0000000000
47230  -1.051  -47.257  81.707 0.0000000000
47266  -4.009  -47.046  79.784 0.0000000000
47247  -3.700  -47.479  80.494 0.0000000000
42316  -5.604  -51.341  80.654 0.0000000000
42315  -5.114  -51.700  80.088 0.0000000000
41394  -4.193  -51.724  79.603 0.0000000000
41378  -4.529  -52.008  80.515 0.0000000000
61560  -43.433  -32.230  67.070 0.0000000000
60644  -43.099  -32.920  67.332 0.0000000000
36427  -11.749  -57.807  81.536 0.0000000000
36425  -9.785  -57.463  81.356 0.0000000000
36443  -10.526  -57.315  80.586 0.0000000000
42392  -15.641  -52.964  73.557 0.0000000000
41465  -15.934  -53.338  74.103 0.0000000000
38534  -12.199  -54.766  75.999 0.0000000000
38512  -13.692  -55.505  75.962 0.0000000000
38511  -12.835  -55.363  76.489 0.0000000000
50470  2.546  -43.330  76.835 0.0000000000
51612  -1.237  -42.925  72.291 0.0000000000
50540  -2.285  -42.844  71.888 0.0000000000
45301  -4.804  -47.609  72.219 0.0000000000
46343  -4.331  -47.513  71.412 0.0000000000
47449  -2.889  -46.084  68.094 0.0000000000
48488  -2.430  -45.924  67.492 0.0000000000
48508  -2.695  -45.163  67.086 0.0000000000
48507  -1.961  -45.694  66.931 0.0000000000
49542  -1.292  -44.751  65.978 0.0000000000
47466  -0.847  -46.380  66.817 0.0000000000
35259  -5.510  -55.132  88.750 0.0000000000
40388  -3.826  -54.114  87.000 0.0000000000
40394  -5.007  -53.198  86.267 0.0000000000
40398  -4.559  -53.221  85.476 0.0000000000
40397  -3.676  -53.625  85.552 0.0000000000
39420  -1.795  -54.436  82.036 0.0000000000
39425  -1.043  -54.551  80.553 0.0000000000
34254  6.242  -59.810  81.717 0.0000000000
35368  6.003  -59.034  82.384 0.0000000000
35369  5.936  -58.196  81.909 0.0000000000
44207  -27.882  -49.264  77.084 0.0000000000
45234  -28.633  -48.760  77.062 0.0000000000
46250  -28.763  -46.254  79.938 0.0000000000
46251  -30.176  -45.367  80.164 0.0000000000
45203  -25.259  -48.884  78.841 0.0000000000
45218  -24.805  -48.846  77.648 0.0000000000
44178  -25.791  -49.147  78.778 0.0000000000
45219  -27.675  -48.628  78.789 0.0000000000
44192  -26.950  -49.241  78.326 0.0000000000
44193  -27.643  -49.120  77.961 0.0000000000
44220  -27.216  -49.533  76.029 0.0000000000
45176  -25.946  -47.026  79.649 0.0000000000
46227  -25.706  -46.781  80.073 0.0000000000
45189  -24.547  -48.567  79.473 0.0000000000
68585  -45.789  -25.805  66.469 0.0000000000
68603  -47.211  -25.111  66.750 0.0000000000
68586  -46.638  -25.777  66.834 0.0000000000
63539  -41.365  -30.774  65.227 0.0000000000
64624  -41.354  -29.708  65.209 0.0000000000
66760  -42.248  -27.135  64.655 0.0000000000
67686  -43.029  -26.124  65.024 0.0000000000
67683  -44.896  -26.356  66.575 0.0000000000
59500  -36.101  -34.692  72.326 0.0000000000
58509  -37.526  -35.602  74.489 0.0000000000
58492  -37.566  -36.088  75.158 0.0000000000
55601  -31.872  -37.710  71.021 0.0000000000
56542  -32.715  -36.852  70.401 0.0000000000
57541  -32.789  -36.454  70.167 0.0000000000
57540  -32.115  -36.084  69.772 0.0000000000
58541  -33.661  -35.513  70.169 0.0000000000
58538  -35.391  -34.918  71.827 0.0000000000
59528  -35.766  -34.280  71.494 0.0000000000
42354  -2.679  -51.393  77.148 0.0000000000
42364  -2.752  -51.331  76.405 0.0000000000
41437  -2.094  -52.059  76.620 0.0000000000
41449  0.953  -51.471  76.556 0.0000000000
42373  1.301  -50.745  75.825 0.0000000000
41448  1.747  -51.252  76.134 0.0000000000
40513  2.104  -52.212  75.297 0.0000000000
40512  1.987  -51.737  75.957 0.0000000000
38546  0.815  -55.264  74.707 0.0000000000
35349  -7.781  -57.570  83.504 0.0000000000
35330  -6.979  -57.566  84.306 0.0000000000
35348  -7.069  -57.481  83.342 0.0000000000
52638  -33.413  -41.050  75.680 0.0000000000
49389  -29.135  -44.162  76.865 0.0000000000
49405  -29.003  -44.263  75.782 0.0000000000
50480  -29.122  -43.471  76.447 0.0000000000
52634  -29.912  -41.740  76.253 0.0000000000
52633  -29.179  -42.170  76.227 0.0000000000
53566  -29.149  -41.588  75.674 0.0000000000
53579  -29.653  -40.742  74.645 0.0000000000
51437  -21.924  -42.819  85.824 0.0000000000
49388  -20.911  -45.030  77.959 0.0000000000
71602  -45.768  -22.592  62.655 0.0000000000
71614  -45.052  -22.462  61.439 0.0000000000
73591  -45.857  -21.162  62.170 0.0000000000
74536  -46.117  -20.096  62.384 0.0000000000
46192  -3.810  -48.450  82.571 0.0000000000
46203  -4.098  -48.321  81.803 0.0000000000
45151  -5.534  -49.280  82.728 0.0000000000
45158  -5.608  -49.155  82.123 0.0000000000
43204  -5.947  -50.480  82.173 0.0000000000
60620  -43.531  -33.556  68.966 0.0000000000
59588  -43.205  -33.828  69.187 0.0000000000
58563  -38.522  -34.417  67.043 0.0000000000
58565  -39.634  -34.004  67.212 0.0000000000
57561  -38.933  -34.101  66.542 0.0000000000
58577  -39.221  -34.114  66.311 0.0000000000
58590  -39.697  -34.219  65.746 0.0000000000
59601  -41.986  -33.702  68.492 0.0000000000
60631  -41.809  -33.420  67.883 0.0000000000
38425  -14.518  -54.841  83.329 0.0000000000
38432  -14.641  -55.513  81.512 0.0000000000
37432  -14.432  -56.593  81.803 0.0000000000
36446  -13.452  -57.291  81.511 0.0000000000
37431  -13.757  -57.006  80.827 0.0000000000
39517  -11.755  -54.074  75.672 0.0000000000
39537  -11.299  -54.015  75.169 0.0000000000
48354  1.272  -44.771  76.344 0.0000000000
48353  1.549  -44.640  76.209 0.0000000000
49397  0.248  -44.787  76.018 0.0000000000
49415  -2.040  -44.423  75.342 0.0000000000
49431  -1.909  -44.116  74.297 0.0000000000
50498  -1.283  -43.838  74.104 0.0000000000
49445  -3.021  -44.139  73.736 0.0000000000
45316  -1.534  -48.923  70.534 0.0000000000
45330  0.352  -48.554  69.057 0.0000000000
45344  -1.162  -47.933  69.153 0.0000000000
45343  -0.060  -47.906  68.612 0.0000000000
46391  -0.461  -47.413  68.207 0.0000000000
45354  1.137  -47.720  67.886 0.0000000000
44105  -8.856  -49.542  87.197 0.0000000000
45105  -8.498  -48.938  87.077 0.0000000000
46144  -8.138  -48.194  87.020 0.0000000000
45096  -8.429  -49.817  88.458 0.0000000000
35263  -0.787  -57.598  88.543 0.0000000000
37376  -1.650  -56.774  88.759 0.0000000000
37375  -0.350  -56.639  89.222 0.0000000000
38397  -1.382  -56.196  86.682 0.0000000000
38393  -1.681  -56.059  87.044 0.0000000000
39391  -2.588  -55.275  86.801 0.0000000000
39394  -2.187  -55.329  86.311 0.0000000000
39399  -2.464  -54.602  85.696 0.0000000000
38410  -0.620  -55.926  84.097 0.0000000000
39406  -1.086  -55.694  84.246 0.0000000000
38417  -0.760  -55.753  83.084 0.0000000000
38416  -0.231  -56.065  82.962 0.0000000000
46327  -30.314  -46.852  73.429 0.0000000000
46313  -30.344  -47.131  74.583 0.0000000000
45235  -29.303  -48.247  76.946 0.0000000000
45249  -29.437  -48.235  75.791 0.0000000000
45236  -29.941  -47.731  76.831 0.0000000000
47301  -29.225  -45.834  77.329 0.0000000000
47315  -30.043  -46.241  76.440 0.0000000000
48364  -30.080  -45.912  75.848 0.0000000000
47314  -29.418  -45.882  76.743 0.0000000000
50466  -30.198  -43.846  78.738 0.0000000000
50424  -22.266  -45.446  83.262 0.0000000000
48267  -24.771  -45.920  81.683 0.0000000000
47239  -24.275  -46.601  81.639 0.0000000000
46210  -22.340  -47.767  80.654 0.0000000000
47237  -22.273  -47.483  81.208 0.0000000000
47252  -21.729  -47.136  80.387 0.0000000000
48281  -21.677  -46.811  80.962 0.0000000000
48362  -21.153  -46.035  76.463 0.0000000000
72564  -47.503  -21.696  65.380 0.0000000000
68616  -43.712  -25.106  64.053 0.0000000000
68625  -43.710  -24.954  63.267 0.0000000000
69582  -44.968  -23.917  64.347 0.0000000000
68642  -44.083  -24.482  63.096 0.0000000000
69597  -44.686  -24.109  63.555 0.0000000000
69615  -45.097  -23.770  63.394 0.0000000000
70578  -45.358  -23.406  62.844 0.0000000000
71567  -47.043  -22.563  65.087 0.0000000000
59530  -40.383  -34.161  70.676 0.0000000000
60548  -39.851  -34.264  72.584 0.0000000000
60549  -40.728  -34.409  72.700 0.0000000000
59477  -37.947  -34.915  74.027 0.0000000000
60518  -38.366  -34.321  73.347 0.0000000000
59544  -33.820  -34.808  69.876 0.0000000000
60608  -33.419  -34.124  68.678 0.0000000000
59581  -36.631  -34.285  68.075 0.0000000000
59549  -39.294  -34.012  69.597 0.0000000000
59565  -38.933  -34.087  68.879 0.0000000000
45244  -18.090  -48.123  75.858 0.0000000000
45243  -17.626  -48.650  75.385 0.0000000000
43285  -16.816  -50.509  73.937 0.0000000000
54663  0.746  -39.681  72.787 0.0000000000
53603  2.015  -40.483  72.235 0.0000000000
54674  2.080  -39.968  71.825 0.0000000000
52692  1.684  -40.799  71.250 0.0000000000
53635  1.366  -40.683  70.338 0.0000000000
52693  1.330  -40.980  70.796 0.0000000000
48373  -5.523  -45.978  76.490 0.0000000000
48372  -5.445  -45.616  75.809 0.0000000000
47323  -5.698  -46.371  76.246 0.0000000000
45256  -5.207  -48.524  74.643 0.0000000000
45270  -4.807  -48.539  73.647 0.0000000000
45269  -4.094  -48.897  73.401 0.0000000000
43266  -2.171  -50.994  75.527 0.0000000000
43283  -3.316  -50.353  75.445 0.0000000000
43281  -1.862  -50.446  75.001 0.0000000000
43320  -1.228  -50.251  73.565 0.0000000000
44259  -1.643  -49.930  73.200 0.0000000000
44260  -2.922  -49.155  73.123 0.0000000000
44273  -2.102  -49.320  72.081 0.0000000000
43332  0.881  -50.723  71.272 0.0000000000
39552  1.094  -53.114  73.846 0.0000000000
39567  0.902  -53.511  73.006 0.0000000000
40386  -10.196  -53.866  88.113 0.0000000000
38389  -9.251  -54.657  87.814 0.0000000000
35269  -7.542  -56.098  87.708 0.0000000000
37377  -8.034  -55.262  88.181 0.0000000000
36351  -7.139  -55.882  88.181 0.0000000000
36350  -6.438  -55.938  88.426 0.0000000000
35261  -6.480  -56.258  88.210 0.0000000000
34219  -6.395  -57.622  86.010 0.0000000000
34218  -5.804  -57.417  86.050 0.0000000000
36381  -3.285  -57.706  86.528 0.0000000000
36373  -3.892  -57.566  86.884 0.0000000000
36365  -3.488  -57.304  87.361 0.0000000000
35275  -4.214  -56.854  87.710 0.0000000000
36364  -2.330  -57.430  87.437 0.0000000000
36388  -0.706  -57.689  86.323 0.0000000000
36379  -0.374  -58.107  87.060 0.0000000000
36387  0.067  -57.909  85.932 0.0000000000
55576  -34.213  -38.033  72.923 0.0000000000
55568  -35.370  -37.995  74.069 0.0000000000
49438  -29.233  -43.976  74.403 0.0000000000
50502  -29.543  -43.945  73.807 0.0000000000
54670  -31.669  -39.655  72.641 0.0000000000
54669  -30.581  -39.647  72.481 0.0000000000
54683  -30.876  -39.239  71.880 0.0000000000
54660  -33.849  -38.775  73.534 0.0000000000
54673  -33.650  -38.456  72.925 0.0000000000
50402  -18.364  -43.614  83.331 0.0000000000
49334  -18.374  -44.831  81.765 0.0000000000
50441  -18.251  -44.233  81.196 0.0000000000
50403  -21.866  -43.535  84.130 0.0000000000
51450  -21.691  -43.112  84.765 0.0000000000
51461  -21.179  -42.917  83.373 0.0000000000
50453  -20.714  -43.062  79.866 0.0000000000
51510  -20.772  -43.066  80.261 0.0000000000
52571  -19.857  -42.251  80.644 0.0000000000
52555  -19.947  -42.279  81.637 0.0000000000
52537  -19.372  -42.270  82.098 0.0000000000
52553  -18.772  -42.293  80.837 0.0000000000
50463  -17.679  -43.683  78.615 0.0000000000
50452  -18.007  -43.658  79.515 0.0000000000
49363  -17.910  -44.401  79.065 0.0000000000
48345  -17.912  -45.972  77.514 0.0000000000
48327  -17.590  -45.416  77.799 0.0000000000
48374  -17.204  -45.523  75.137 0.0000000000
47325  -17.438  -46.590  75.413 0.0000000000
75438  -45.960  -18.914  62.079 0.0000000000
75437  -45.489  -18.644  61.389 0.0000000000
77440  -45.597  -16.740  60.636 0.0000000000
78375  -46.309  -15.903  60.869 0.0000000000
48318  0.034  -45.676  78.105 0.0000000000
48319  -1.143  -45.759  78.261 0.0000000000
47243  -0.301  -46.592  80.201 0.0000000000
48296  -2.216  -46.221  79.162 0.0000000000
48320  -2.240  -45.791  78.350 0.0000000000
46256  -5.351  -47.404  78.995 0.0000000000
46271  -5.550  -47.267  78.443 0.0000000000
46219  -5.412  -48.517  80.709 0.0000000000
43224  -5.426  -51.043  79.209 0.0000000000
43236  -5.532  -50.343  78.649 0.0000000000
43247  -5.528  -50.123  78.052 0.0000000000
42356  -4.337  -50.974  77.928 0.0000000000
42346  -4.721  -51.149  78.395 0.0000000000
41393  -2.948  -51.910  79.470 0.0000000000
64606  -44.574  -30.197  67.247 0.0000000000
63524  -45.764  -30.578  67.838 0.0000000000
56507  -36.656  -37.295  74.909 0.0000000000
59624  -40.209  -34.096  65.589 0.0000000000
60669  -39.691  -34.048  64.397 0.0000000000
60653  -40.560  -33.899  65.460 0.0000000000
61562  -41.822  -32.608  65.409 0.0000000000
61570  -41.395  -32.143  64.898 0.0000000000
62506  -41.486  -31.381  65.003 0.0000000000
62497  -43.657  -31.354  66.922 0.0000000000
63529  -43.791  -30.697  66.916 0.0000000000
64613  -44.042  -29.858  67.028 0.0000000000
38402  -10.930  -55.490  85.729 0.0000000000
37397  -11.002  -56.143  85.665 0.0000000000
35303  -9.996  -56.338  85.580 0.0000000000
35318  -10.662  -57.239  85.991 0.0000000000
37411  -13.966  -56.471  83.803 0.0000000000
37410  -13.380  -56.505  84.015 0.0000000000
36405  -13.558  -57.088  83.787 0.0000000000
35353  -11.994  -58.205  84.180 0.0000000000
35352  -10.799  -58.324  83.989 0.0000000000
35351  -9.631  -58.071  83.812 0.0000000000
35350  -8.654  -57.695  83.623 0.0000000000
35365  -9.418  -58.113  82.870 0.0000000000
36424  -8.749  -57.291  81.524 0.0000000000
35376  -8.232  -57.610  82.195 0.0000000000
36440  -7.566  -57.006  81.069 0.0000000000
44202  -18.148  -49.241  76.859 0.0000000000
44189  -18.258  -49.015  77.916 0.0000000000
44201  -17.755  -50.110  77.005 0.0000000000
42366  -16.355  -52.190  75.951 0.0000000000
42358  -16.965  -51.466  77.170 0.0000000000
43237  -17.529  -51.107  78.252 0.0000000000
41426  -16.692  -52.043  77.610 0.0000000000
39542  -15.294  -54.609  74.350 0.0000000000
39521  -15.298  -54.639  74.749 0.0000000000
41414  -16.564  -52.306  78.395 0.0000000000
41413  -15.909  -52.969  78.462 0.0000000000
40468  -15.405  -53.583  78.666 0.0000000000
40467  -15.010  -54.042  78.910 0.0000000000
40447  -14.826  -54.217  79.476 0.0000000000
39441  -15.079  -54.210  80.245 0.0000000000
37490  -12.168  -55.980  77.799 0.0000000000
37472  -12.860  -56.387  78.784 0.0000000000
37450  -12.142  -57.095  79.251 0.0000000000
39498  -10.289  -54.656  76.515 0.0000000000
39473  -10.467  -54.769  77.093 0.0000000000
38458  -9.295  -55.758  78.185 0.0000000000
38459  -10.187  -55.551  78.114 0.0000000000
37469  -9.693  -56.268  78.763 0.0000000000
37447  -9.140  -56.513  79.779 0.0000000000
52617  1.276  -41.982  76.407 0.0000000000
52618  0.638  -41.400  76.365 0.0000000000
49412  0.978  -43.979  74.984 0.0000000000
49411  1.370  -43.887  75.207 0.0000000000
50487  1.234  -43.767  74.798 0.0000000000
50507  1.039  -43.125  73.133 0.0000000000
50494  1.676  -43.176  73.764 0.0000000000
50506  1.474  -42.718  73.091 0.0000000000
51609  0.967  -42.558  72.526 0.0000000000
51627  0.326  -41.929  71.579 0.0000000000
51644  -0.518  -41.810  70.842 0.0000000000
52695  -0.180  -41.466  70.286 0.0000000000
52696  -0.797  -41.733  70.100 0.0000000000
49434  -5.079  -45.027  75.049 0.0000000000
49457  -5.086  -44.303  72.569 0.0000000000
50529  -4.555  -43.940  72.541 0.0000000000
49467  -5.182  -44.323  71.447 0.0000000000
46377  -3.621  -47.263  69.989 0.0000000000
46395  -3.922  -46.787  69.616 0.0000000000
49504  -4.036  -44.552  68.531 0.0000000000
48453  -4.478  -45.560  69.270 0.0000000000
49476  -4.778  -44.003  69.889 0.0000000000
50553  -4.134  -43.333  70.711 0.0000000000
51661  -3.628  -42.876  70.063 0.0000000000
51676  -3.608  -43.014  69.158 0.0000000000
51709  -2.829  -43.034  66.997 0.0000000000
51674  -2.464  -42.359  68.214 0.0000000000
52739  -1.934  -42.048  67.821 0.0000000000
51690  -1.616  -42.154  67.121 0.0000000000
52754  -0.842  -41.831  67.118 0.0000000000
45121  -5.082  -49.228  86.479 0.0000000000
41332  -9.051  -52.713  88.353 0.0000000000
43165  -9.042  -51.289  88.669 0.0000000000
42249  -8.373  -52.871  88.739 0.0000000000
43168  -7.128  -52.438  89.218 0.0000000000
43169  -7.813  -52.463  89.216 0.0000000000
43162  -7.339  -51.275  89.309 0.0000000000
44090  -7.318  -50.678  89.249 0.0000000000
43167  -6.406  -51.180  89.608 0.0000000000
38378  -3.900  -55.133  88.902 0.0000000000
38372  -4.176  -54.384  89.280 0.0000000000
39378  -3.978  -54.243  89.252 0.0000000000
41338  -5.575  -53.024  87.932 0.0000000000
41334  -5.675  -53.231  88.345 0.0000000000
42261  -5.798  -51.787  88.543 0.0000000000
43175  -5.888  -50.870  88.558 0.0000000000
42264  -5.953  -51.334  87.717 0.0000000000
42265  -6.156  -50.641  87.491 0.0000000000
42273  -5.843  -51.053  86.047 0.0000000000
43188  -5.746  -50.471  85.494 0.0000000000
44116  -5.326  -49.588  85.720 0.0000000000
42287  -5.449  -52.225  84.040 0.0000000000
42288  -5.637  -51.490  83.798 0.0000000000
41352  -5.284  -52.316  83.221 0.0000000000
41357  -5.530  -51.754  82.373 0.0000000000
40415  -4.571  -52.540  82.655 0.0000000000
40407  -2.597  -54.084  83.945 0.0000000000
40402  -3.199  -53.749  84.763 0.0000000000
40421  -2.030  -53.825  81.507 0.0000000000
40423  -3.493  -52.472  81.595 0.0000000000
41361  -3.102  -52.483  80.840 0.0000000000
39439  -0.669  -54.089  79.513 0.0000000000
40445  -0.929  -53.744  79.335 0.0000000000
40465  -0.092  -53.462  78.336 0.0000000000
39455  0.056  -53.860  78.570 0.0000000000
35321  2.220  -58.793  85.130 0.0000000000
35337  3.962  -58.334  83.424 0.0000000000
36392  2.608  -57.933  84.671 0.0000000000
37399  2.790  -57.434  84.181 0.0000000000
37412  2.665  -57.051  82.675 0.0000000000
37413  2.097  -56.826  82.872 0.0000000000
37417  2.006  -56.784  81.986 0.0000000000
37418  1.279  -56.443  82.097 0.0000000000
37440  1.312  -56.169  80.305 0.0000000000
38451  0.753  -55.509  79.649 0.0000000000
37460  1.456  -56.266  79.186 0.0000000000
38469  0.959  -55.620  78.276 0.0000000000
38500  1.061  -54.231  77.069 0.0000000000
46231  -29.732  -45.312  81.342 0.0000000000
45206  -27.472  -47.601  79.066 0.0000000000
45194  -27.909  -46.588  79.451 0.0000000000
45191  -26.263  -47.564  79.751 0.0000000000
45204  -26.132  -48.762  79.580 0.0000000000
46262  -27.037  -47.441  79.342 0.0000000000
48286  -26.551  -45.794  81.012 0.0000000000
46228  -26.418  -46.748  79.835 0.0000000000
48270  -28.109  -44.939  81.686 0.0000000000
67676  -46.759  -26.553  67.389 0.0000000000
64617  -42.590  -29.782  66.017 0.0000000000
66745  -43.185  -27.375  66.116 0.0000000000
67681  -43.201  -26.446  65.599 0.0000000000
58528  -36.345  -35.805  73.166 0.0000000000
57502  -36.919  -36.615  74.792 0.0000000000
55603  -33.180  -37.402  71.107 0.0000000000
56523  -33.822  -37.363  71.296 0.0000000000
56534  -33.991  -37.064  71.093 0.0000000000
57537  -34.091  -36.563  70.956 0.0000000000
57532  -34.660  -36.277  71.445 0.0000000000
57527  -35.086  -36.081  71.965 0.0000000000
41436  -1.143  -52.523  76.814 0.0000000000
40502  1.572  -52.119  76.290 0.0000000000
36412  -6.761  -57.425  82.346 0.0000000000
35347  -6.645  -57.436  82.962 0.0000000000
36411  -5.651  -57.525  82.296 0.0000000000
36420  -4.980  -57.856  81.747 0.0000000000
52610  -30.244  -42.737  77.571 0.0000000000
51559  -29.606  -42.960  77.193 0.0000000000
52620  -29.960  -42.307  76.965 0.0000000000
52635  -30.824  -41.722  75.820 0.0000000000
52622  -31.850  -42.106  76.434 0.0000000000
52623  -32.454  -41.934  76.194 0.0000000000
50479  -20.740  -43.271  76.394 0.0000000000
72583  -47.040  -22.056  64.111 0.0000000000
72594  -46.202  -21.802  62.826 0.0000000000
72582  -46.855  -21.547  63.606 0.0000000000
73575  -47.000  -20.764  63.918 0.0000000000
74512  -47.016  -20.034  64.923 0.0000000000
45140  -3.347  -48.873  83.730 0.0000000000
45149  -4.277  -48.598  82.729 0.0000000000
58554  -39.250  -34.465  68.004 0.0000000000
59599  -40.096  -33.795  67.145 0.0000000000
39421  -14.401  -54.349  83.100 0.0000000000
39422  -14.854  -54.446  82.434 0.0000000000
48254  -18.456  -45.847  82.667 0.0000000000
54696  1.669  -39.490  70.238 0.0000000000
53652  1.530  -40.071  69.558 0.0000000000
49383  -0.345  -45.029  76.397 0.0000000000
49398  -0.993  -44.692  76.029 0.0000000000
44283  0.553  -49.827  70.255 0.0000000000
45342  0.925  -48.400  68.588 0.0000000000
44106  -9.208  -49.841  87.147 0.0000000000
44102  -9.379  -50.169  88.080 0.0000000000
37385  0.902  -57.470  87.733 0.0000000000
38386  0.083  -56.312  88.200 0.0000000000
38396  -0.216  -57.019  86.961 0.0000000000
38401  -1.198  -56.346  86.236 0.0000000000
39397  -1.368  -55.915  85.576 0.0000000000
38404  -0.628  -56.229  84.984 0.0000000000
38409  0.030  -56.267  84.031 0.0000000000
46265  -28.937  -45.923  78.393 0.0000000000
46277  -29.593  -46.629  77.373 0.0000000000
47290  -29.310  -45.316  78.249 0.0000000000
47289  -29.395  -44.999  78.041 0.0000000000
48330  -29.538  -44.905  77.871 0.0000000000
49368  -30.540  -44.645  79.361 0.0000000000
44233  -25.686  -49.376  75.398 0.0000000000
46225  -24.061  -47.840  80.809 0.0000000000
46212  -24.147  -47.075  81.300 0.0000000000
46224  -22.944  -48.272  80.292 0.0000000000
46245  -22.502  -48.147  79.182 0.0000000000
46244  -21.752  -47.662  79.080 0.0000000000
47288  -21.305  -46.658  78.205 0.0000000000
46274  -21.547  -47.292  77.836 0.0000000000
70540  -46.914  -23.119  65.516 0.0000000000
68612  -44.812  -24.639  65.253 0.0000000000
68617  -44.522  -24.504  64.517 0.0000000000
69570  -45.239  -23.868  65.185 0.0000000000
70538  -45.428  -23.483  64.875 0.0000000000
70550  -45.704  -23.216  64.520 0.0000000000
70539  -46.168  -23.217  65.247 0.0000000000
60519  -39.263  -34.238  73.422 0.0000000000
59546  -36.101  -34.070  70.372 0.0000000000
59564  -38.015  -34.192  68.980 0.0000000000
45257  -17.681  -48.230  74.534 0.0000000000
53605  0.916  -40.098  73.150 0.0000000000
52682  1.909  -41.188  71.902 0.0000000000
46282  -5.780  -47.445  76.765 0.0000000000
46295  -5.780  -47.147  76.117 0.0000000000
44231  -4.676  -49.259  74.805 0.0000000000
42391  -0.642  -50.604  75.171 0.0000000000
43280  -1.106  -50.427  74.721 0.0000000000
43279  -0.310  -50.579  74.399 0.0000000000
43300  -0.858  -50.411  73.915 0.0000000000
43319  -0.673  -50.243  73.017 0.0000000000
43334  -0.237  -50.347  72.342 0.0000000000
43318  0.211  -50.442  72.729 0.0000000000
43317  0.891  -50.808  72.284 0.0000000000
40560  1.597  -52.612  71.944 0.0000000000
37388  -9.267  -55.365  86.834 0.0000000000
37383  -9.002  -55.146  87.345 0.0000000000
36367  -8.630  -55.733  87.102 0.0000000000
35278  -7.776  -56.338  87.263 0.0000000000
35277  -6.808  -56.902  87.124 0.0000000000
35297  -4.391  -57.809  86.120 0.0000000000
35296  -3.095  -57.887  86.013 0.0000000000
36389  -1.607  -57.857  86.104 0.0000000000
55560  -34.911  -39.185  74.618 0.0000000000
51589  -28.336  -42.773  74.699 0.0000000000
53581  -31.991  -41.048  74.020 0.0000000000
53594  -32.098  -40.154  73.437 0.0000000000
53608  -32.236  -39.678  73.129 0.0000000000
54671  -32.547  -39.332  73.045 0.0000000000
54658  -32.833  -39.399  73.670 0.0000000000
51459  -18.475  -42.833  82.384 0.0000000000
50405  -22.993  -45.256  84.499 0.0000000000
51526  -19.758  -42.181  78.833 0.0000000000
51509  -20.386  -42.595  80.012 0.0000000000
52587  -19.070  -42.025  79.656 0.0000000000
52569  -18.712  -42.154  80.092 0.0000000000
52585  -18.243  -42.491  79.321 0.0000000000
51523  -18.016  -42.973  79.001 0.0000000000
49386  -17.250  -44.768  77.048 0.0000000000
49402  -17.252  -44.597  75.845 0.0000000000
73609  -43.956  -20.941  59.855 0.0000000000
47244  -1.151  -46.904  80.589 0.0000000000
47264  -2.134  -46.637  79.944 0.0000000000
48297  -3.016  -46.386  79.363 0.0000000000
48322  -3.961  -46.389  78.888 0.0000000000
47283  -4.360  -46.722  79.071 0.0000000000
47267  -4.661  -47.203  79.591 0.0000000000
44151  -5.909  -49.779  80.325 0.0000000000
43225  -5.644  -50.735  79.668 0.0000000000
42331  -5.152  -51.383  79.247 0.0000000000
41412  -4.331  -51.380  78.854 0.0000000000
62493  -45.203  -31.542  67.960 0.0000000000
61556  -45.753  -31.950  68.530 0.0000000000
60655  -42.165  -32.891  66.097 0.0000000000
61563  -42.491  -32.150  65.800 0.0000000000
37404  -11.996  -56.425  85.111 0.0000000000
36429  -13.565  -57.360  82.375 0.0000000000
36414  -12.916  -57.640  83.218 0.0000000000
35380  -11.849  -58.030  82.110 0.0000000000
35379  -11.159  -58.108  82.097 0.0000000000
35378  -10.136  -58.061  82.042 0.0000000000
37430  -8.776  -56.683  80.453 0.0000000000
43271  -16.703  -50.811  75.281 0.0000000000
43259  -17.083  -50.675  76.584 0.0000000000
42379  -16.468  -51.618  75.605 0.0000000000
39519  -13.113  -55.022  74.781 0.0000000000
39520  -14.356  -55.145  75.082 0.0000000000
38536  -13.427  -55.318  75.288 0.0000000000
39500  -14.682  -55.098  76.280 0.0000000000
39475  -14.935  -54.647  77.352 0.0000000000
40481  -15.083  -54.121  78.154 0.0000000000
38461  -13.850  -55.794  78.638 0.0000000000
38478  -9.827  -55.017  77.371 0.0000000000
38457  -8.425  -55.916  78.276 0.0000000000
51571  1.913  -42.859  75.527 0.0000000000
50496  0.189  -43.519  73.980 0.0000000000
50508  0.179  -43.065  73.271 0.0000000000
51596  0.496  -42.962  73.048 0.0000000000
51610  0.134  -42.717  72.520 0.0000000000
51611  -0.727  -42.831  72.248 0.0000000000
47352  -5.582  -46.597  73.580 0.0000000000
48395  -5.633  -45.676  73.378 0.0000000000
47367  -5.513  -46.379  72.575 0.0000000000
47380  -5.454  -46.135  71.669 0.0000000000
47430  -2.546  -46.712  68.433 0.0000000000
47432  -4.032  -46.280  69.253 0.0000000000
47431  -3.078  -46.413  68.558 0.0000000000
50573  -3.768  -43.670  68.385 0.0000000000
49524  -3.520  -44.511  67.838 0.0000000000
50586  -3.161  -43.840  67.279 0.0000000000
50607  -2.527  -43.544  66.644 0.0000000000
50606  -1.667  -43.549  66.054 0.0000000000
39375  -7.934  -54.363  88.692 0.0000000000
40373  -7.938  -53.906  88.744 0.0000000000
39380  -6.983  -54.247  88.831 0.0000000000
40381  -7.124  -53.607  88.850 0.0000000000
40380  -6.080  -53.663  88.743 0.0000000000
39384  -3.979  -54.527  88.351 0.0000000000
40384  -4.241  -54.187  87.801 0.0000000000
41342  -5.331  -53.336  87.620 0.0000000000
41343  -5.665  -52.623  87.333 0.0000000000
40390  -5.344  -53.060  86.800 0.0000000000
41345  -5.503  -52.519  86.408 0.0000000000
42272  -5.607  -51.863  85.746 0.0000000000
41350  -5.092  -52.833  84.440 0.0000000000
39414  -1.769  -54.820  82.887 0.0000000000
40412  -2.147  -54.145  82.747 0.0000000000
40432  -1.872  -53.477  80.214 0.0000000000
35336  4.645  -58.636  82.998 0.0000000000
36399  4.254  -58.125  83.149 0.0000000000
37406  2.847  -57.207  83.451 0.0000000000
36408  4.037  -57.628  82.725 0.0000000000
36419  3.508  -57.360  81.828 0.0000000000
45208  -28.647  -46.461  78.158 0.0000000000
47277  -29.532  -45.248  79.135 0.0000000000
45201  -23.512  -48.446  78.132 0.0000000000
45217  -23.879  -48.571  77.551 0.0000000000
45233  -24.925  -48.873  76.593 0.0000000000
44218  -25.618  -49.205  76.388 0.0000000000
44191  -26.079  -49.276  78.147 0.0000000000
44205  -26.248  -49.330  77.247 0.0000000000
44219  -26.367  -49.427  76.206 0.0000000000
47240  -24.605  -46.290  81.002 0.0000000000
47255  -25.227  -46.340  80.579 0.0000000000
46226  -24.798  -46.881  80.601 0.0000000000
65722  -42.119  -28.791  65.387 0.0000000000
65730  -41.723  -28.474  64.812 0.0000000000
66758  -41.173  -27.697  63.950 0.0000000000
66759  -41.883  -27.370  64.164 0.0000000000
67704  -42.761  -26.023  63.300 0.0000000000
68600  -44.390  -25.313  65.407 0.0000000000
60576  -36.683  -34.022  71.627 0.0000000000
60546  -37.775  -34.097  72.552 0.0000000000
59476  -37.083  -35.383  73.924 0.0000000000
56532  -32.636  -37.140  70.665 0.0000000000
58544  -32.174  -35.619  69.549 0.0000000000
59559  -32.301  -35.069  69.350 0.0000000000
52632  0.526  -41.314  75.451 0.0000000000
43257  -3.580  -50.560  76.792 0.0000000000
43268  -3.860  -50.036  75.947 0.0000000000
43256  -3.043  -50.891  76.362 0.0000000000
42377  -2.410  -51.465  75.850 0.0000000000
42376  -1.730  -51.554  75.771 0.0000000000
41451  -1.369  -52.036  76.170 0.0000000000
42375  -0.729  -51.288  75.811 0.0000000000
41473  2.229  -51.525  74.341 0.0000000000
40528  2.217  -52.046  73.851 0.0000000000
41474  2.260  -52.034  74.266 0.0000000000
40529  1.876  -52.469  74.163 0.0000000000
38555  0.728  -55.136  73.455 0.0000000000
35315  -7.726  -57.327  85.140 0.0000000000
35314  -6.916  -57.598  85.246 0.0000000000
34232  -6.533  -57.887  85.738 0.0000000000
34231  -6.192  -57.677  85.666 0.0000000000
36395  -5.240  -57.641  83.746 0.0000000000
35312  -5.344  -57.700  85.377 0.0000000000
35327  -3.822  -58.100  84.590 0.0000000000
52654  -34.136  -40.418  75.360 0.0000000000
52639  -34.068  -40.887  75.870 0.0000000000
49423  -29.737  -44.756  75.144 0.0000000000
49440  -30.162  -44.888  74.261 0.0000000000
49422  -29.138  -44.122  74.820 0.0000000000
51558  -29.222  -42.784  76.437 0.0000000000
51577  -28.747  -42.788  75.745 0.0000000000
52665  -28.173  -41.741  73.936 0.0000000000
53580  -30.890  -40.930  74.462 0.0000000000
52650  -31.205  -41.451  75.151 0.0000000000
51449  -20.548  -42.598  84.265 0.0000000000
49365  -21.488  -44.736  80.383 0.0000000000
50465  -21.048  -44.083  79.405 0.0000000000
50472  -20.645  -43.168  77.500 0.0000000000
51540  -19.964  -42.406  77.748 0.0000000000
51556  -19.227  -42.144  76.789 0.0000000000
51573  -17.548  -42.666  76.139 0.0000000000
72615  -44.708  -21.846  60.753 0.0000000000
73610  -44.378  -21.450  60.322 0.0000000000
73598  -44.570  -20.933  60.641 0.0000000000
74543  -44.278  -20.269  60.397 0.0000000000
74544  -44.752  -19.893  60.782 0.0000000000
74535  -45.510  -19.547  61.450 0.0000000000
75422  -46.708  -19.451  64.163 0.0000000000
46201  -2.489  -47.947  81.849 0.0000000000
46217  -4.149  -47.730  80.601 0.0000000000
46204  -4.677  -48.465  81.557 0.0000000000
45164  -5.303  -48.601  81.031 0.0000000000
45157  -5.064  -48.672  81.753 0.0000000000
41364  -5.407  -51.794  81.488 0.0000000000
60633  -43.968  -33.066  68.513 0.0000000000
57560  -38.748  -34.148  66.821 0.0000000000
57580  -38.138  -34.368  65.731 0.0000000000
58601  -39.164  -34.587  64.883 0.0000000000
59623  -39.594  -34.427  65.193 0.0000000000
59625  -40.500  -33.892  66.172 0.0000000000
59613  -40.593  -33.609  66.807 0.0000000000
39412  -13.470  -55.121  83.476 0.0000000000
38414  -14.195  -56.118  83.709 0.0000000000
37415  -14.398  -56.436  83.419 0.0000000000
37419  -14.783  -56.445  82.933 0.0000000000
36430  -14.311  -57.059  82.530 0.0000000000
36445  -12.471  -57.522  81.089 0.0000000000
36464  -12.323  -57.318  80.218 0.0000000000
40535  -14.683  -53.894  72.991 0.0000000000
39571  -13.648  -53.793  73.092 0.0000000000
39557  -13.939  -54.242  73.372 0.0000000000
39539  -12.942  -54.228  74.167 0.0000000000
39518  -12.378  -54.331  75.211 0.0000000000
38533  -11.754  -54.637  76.339 0.0000000000
39499  -11.213  -54.592  76.355 0.0000000000
49381  2.322  -44.387  76.769 0.0000000000
49394  2.335  -44.129  76.368 0.0000000000
49413  0.233  -44.329  75.114 0.0000000000
49429  0.202  -43.898  74.489 0.0000000000
50497  -0.670  -43.639  74.041 0.0000000000
50510  -1.844  -43.737  73.436 0.0000000000
50527  -2.916  -43.502  72.569 0.0000000000
45299  -3.011  -48.678  71.908 0.0000000000
45318  -3.395  -47.849  70.978 0.0000000000
45333  -2.671  -47.806  69.996 0.0000000000
45345  -1.904  -47.906  69.472 0.0000000000
46393  -2.308  -47.245  68.876 0.0000000000
46409  -1.687  -47.093  68.299 0.0000000000
47447  -0.962  -46.770  67.430 0.0000000000
47194  -7.909  -46.915  85.963 0.0000000000
45104  -7.926  -48.624  87.389 0.0000000000
45099  -7.575  -49.065  87.709 0.0000000000
36356  -3.002  -56.455  89.085 0.0000000000
36349  -3.297  -56.003  89.297 0.0000000000
36348  -2.888  -56.259  89.355 0.0000000000
37367  -2.708  -56.573  88.766 0.0000000000
38376  -2.423  -55.964  88.072 0.0000000000
38381  -0.775  -56.115  88.547 0.0000000000
39383  -3.289  -55.126  87.772 0.0000000000
39387  -3.009  -55.212  87.339 0.0000000000
39392  -3.142  -54.511  86.878 0.0000000000
40392  -3.334  -54.013  86.323 0.0000000000
40396  -2.947  -54.055  85.656 0.0000000000
39408  -2.200  -54.809  84.255 0.0000000000
39402  -1.793  -55.292  84.921 0.0000000000
39407  -1.719  -55.258  83.977 0.0000000000
39418  -0.810  -55.382  81.751 0.0000000000
45261  -28.901  -48.586  74.857 0.0000000000
46288  -30.195  -47.044  76.638 0.0000000000
47328  -30.287  -46.364  75.380 0.0000000000
48377  -30.148  -45.546  75.272 0.0000000000
48376  -29.740  -45.180  75.711 0.0000000000
50474  -29.902  -43.678  77.961 0.0000000000
51542  -30.797  -42.907  78.432 0.0000000000
48266  -23.274  -46.935  82.919 0.0000000000
46200  -23.925  -47.362  81.811 0.0000000000
48257  -23.309  -47.340  82.686 0.0000000000
48283  -21.813  -46.317  82.049 0.0000000000
49367  -21.620  -45.739  81.717 0.0000000000
49366  -21.557  -45.441  80.997 0.0000000000
48346  -21.078  -45.905  77.573 0.0000000000
68654  -43.655  -24.854  62.134 0.0000000000
71576  -46.326  -22.764  64.245 0.0000000000
71589  -46.725  -22.468  64.122 0.0000000000
72573  -47.278  -21.848  64.722 0.0000000000
59551  -40.938  -34.267  69.908 0.0000000000
58552  -38.090  -34.737  67.687 0.0000000000
59583  -38.640  -34.405  68.303 0.0000000000
59566  -39.659  -34.364  68.700 0.0000000000
47287  -18.118  -46.725  78.360 0.0000000000
46258  -18.141  -47.535  78.554 0.0000000000
45230  -18.134  -47.820  77.161 0.0000000000
44232  -17.160  -49.381  74.582 0.0000000000
42393  -15.918  -52.167  73.741 0.0000000000
42404  -15.460  -52.537  73.035 0.0000000000
41489  -14.651  -53.357  72.745 0.0000000000
54662  1.831  -39.931  72.250 0.0000000000
53634  1.645  -40.350  70.588 0.0000000000
49401  -3.831  -45.172  76.409 0.0000000000
48371  -4.840  -45.261  75.982 0.0000000000
47336  -5.627  -46.567  74.526 0.0000000000
47337  -5.594  -46.887  73.948 0.0000000000
46319  -5.380  -47.441  73.562 0.0000000000
45285  -4.822  -48.020  72.719 0.0000000000
44214  -4.084  -49.930  75.558 0.0000000000
44230  -3.693  -49.975  74.994 0.0000000000
43302  -2.226  -50.278  74.601 0.0000000000
44245  -2.596  -49.874  74.235 0.0000000000
44246  -3.863  -49.127  73.997 0.0000000000
44261  -3.700  -48.981  73.310 0.0000000000
45283  -3.137  -48.871  72.591 0.0000000000
45298  -2.339  -48.949  71.583 0.0000000000
44286  -2.021  -49.128  71.374 0.0000000000
44285  -1.303  -49.378  70.976 0.0000000000
44271  -0.164  -50.255  71.447 0.0000000000
44284  0.062  -49.890  70.847 0.0000000000
40376  -9.199  -53.162  88.329 0.0000000000
40374  -8.776  -54.189  89.259 0.0000000000
37378  -8.423  -55.065  88.110 0.0000000000
37373  -8.253  -54.959  88.752 0.0000000000
38379  -8.036  -55.087  88.910 0.0000000000
37365  -7.124  -55.072  88.718 0.0000000000
37370  -6.496  -55.447  88.629 0.0000000000
116375  -5.262  -56.075  88.369 0.0000000000
35288  -6.532  -57.224  86.303 0.0000000000
35276  -5.879  -57.159  87.095 0.0000000000
34216  -4.748  -57.566  86.521 0.0000000000
116376  -5.573  -56.996  87.500 0.0000000000
35266  -4.269  -56.397  88.285 0.0000000000
35265  -3.025  -57.001  88.663 0.0000000000
35273  -2.071  -57.162  87.922 0.0000000000
35284  -0.664  -57.679  87.433 0.0000000000
36371  -1.401  -57.680  87.035 0.0000000000
37391  0.492  -57.602  86.863 0.0000000000
37396  -0.309  -57.458  86.062 0.0000000000
56514  -35.626  -37.281  73.808 0.0000000000
49451  -30.232  -44.526  73.384 0.0000000000
50515  -29.066  -43.166  72.984 0.0000000000
55586  -31.788  -38.317  71.510 0.0000000000
55587  -32.515  -38.087  71.615 0.0000000000
54685  -32.471  -38.671  72.160 0.0000000000
54686  -33.026  -38.392  72.115 0.0000000000
55588  -33.416  -37.913  71.732 0.0000000000
55589  -34.172  -37.599  71.882 0.0000000000
49302  -18.353  -44.613  84.411 0.0000000000
48280  -18.370  -45.966  80.276 0.0000000000
50392  -22.232  -43.730  84.722 0.0000000000
51478  -21.127  -43.032  82.093 0.0000000000
51494  -20.504  -42.540  81.229 0.0000000000
52526  -19.969  -42.368  83.410 0.0000000000
52525  -19.375  -42.325  83.063 0.0000000000
52524  -18.895  -42.423  82.575 0.0000000000
51493  -18.380  -42.549  80.437 0.0000000000
51475  -18.223  -43.307  81.063 0.0000000000
50420  -18.231  -43.547  81.125 0.0000000000
49364  -18.220  -45.108  79.597 0.0000000000
48305  -18.251  -46.114  79.130 0.0000000000
47299  -18.082  -46.541  77.562 0.0000000000
47311  -18.067  -46.600  77.041 0.0000000000
46297  -17.926  -47.334  75.733 0.0000000000
75458  -44.545  -18.923  60.079 0.0000000000
76443  -45.376  -17.541  60.864 0.0000000000
77451  -45.115  -17.015  59.458 0.0000000000
77453  -46.480  -16.264  59.284 0.0000000000
48338  0.214  -45.276  76.960 0.0000000000
49385  -1.571  -45.234  76.952 0.0000000000
48340  -2.189  -45.381  77.331 0.0000000000
48294  -0.175  -46.306  79.215 0.0000000000
47262  -0.790  -46.389  79.560 0.0000000000
48359  -5.203  -45.935  77.131 0.0000000000
47308  -5.519  -46.359  77.124 0.0000000000
48343  -4.764  -46.304  78.241 0.0000000000
47296  -5.542  -46.670  77.748 0.0000000000
47297  -5.772  -47.080  77.248 0.0000000000
44200  -5.672  -49.126  76.897 0.0000000000
44199  -5.203  -49.775  76.531 0.0000000000
46237  -5.092  -47.540  79.785 0.0000000000
45181  -5.823  -49.040  79.505 0.0000000000
45199  -5.835  -48.972  78.423 0.0000000000
44186  -5.599  -49.667  77.550 0.0000000000
44185  -5.139  -50.137  77.010 0.0000000000
43245  -4.037  -50.644  77.312 0.0000000000
42355  -3.675  -50.896  77.527 0.0000000000
42344  -2.909  -51.338  77.988 0.0000000000
40480  0.361  -52.977  78.097 0.0000000000
56515  -36.235  -36.980  74.297 0.0000000000
60682  -39.423  -33.762  63.937 0.0000000000
60683  -40.058  -33.045  64.085 0.0000000000
61577  -40.163  -32.195  64.050 0.0000000000
62514  -40.252  -31.391  64.212 0.0000000000
63538  -40.788  -30.781  64.750 0.0000000000
62500  -42.577  -31.323  65.777 0.0000000000
63532  -42.575  -30.708  65.909 0.0000000000
37389  -9.738  -55.185  86.902 0.0000000000
36376  -9.878  -55.440  86.150 0.0000000000
35302  -9.378  -56.198  85.764 0.0000000000
37405  -12.729  -56.563  84.298 0.0000000000
36396  -12.475  -57.040  84.790 0.0000000000
35335  -11.964  -57.749  85.255 0.0000000000
35332  -8.758  -57.409  84.469 0.0000000000
35363  -7.745  -57.566  82.731 0.0000000000
36413  -7.341  -57.440  82.233 0.0000000000
36422  -6.735  -57.290  81.656 0.0000000000
36439  -6.713  -57.043  81.046 0.0000000000
45200  -18.269  -48.348  78.744 0.0000000000
44176  -18.558  -49.216  78.912 0.0000000000
44187  -17.981  -50.317  77.550 0.0000000000
43239  -18.501  -50.171  78.984 0.0000000000
42336  -17.577  -51.394  79.742 0.0000000000
40537  -15.457  -54.290  73.781 0.0000000000
41438  -16.120  -52.915  76.582 0.0000000000
39501  -15.361  -54.617  75.657 0.0000000000
40492  -16.078  -53.953  76.175 0.0000000000
42335  -17.087  -51.989  79.134 0.0000000000
42321  -16.963  -52.173  80.176 0.0000000000
41383  -16.502  -52.936  80.616 0.0000000000
40434  -15.524  -53.976  80.966 0.0000000000
37473  -13.684  -56.229  79.586 0.0000000000
36463  -11.333  -57.269  79.897 0.0000000000
38509  -11.449  -54.805  76.902 0.0000000000
37489  -11.331  -55.576  77.987 0.0000000000
37488  -10.776  -55.483  78.065 0.0000000000
36462  -10.347  -57.068  79.795 0.0000000000
36461  -9.744  -56.805  79.807 0.0000000000
37429  -8.270  -56.652  80.461 0.0000000000
37467  -7.929  -56.233  79.059 0.0000000000
37428  -7.502  -56.743  80.467 0.0000000000
52647  1.249  -41.461  74.444 0.0000000000
50477  2.338  -43.659  76.232 0.0000000000
52630  1.738  -42.548  74.818 0.0000000000
52646  1.792  -42.126  74.301 0.0000000000
52662  1.677  -41.567  73.573 0.0000000000
52674  1.753  -41.403  72.744 0.0000000000
51625  1.575  -41.592  71.946 0.0000000000
51626  1.193  -41.839  71.887 0.0000000000
52684  1.020  -41.470  71.283 0.0000000000
52694  0.531  -41.290  70.691 0.0000000000
52706  0.274  -41.179  69.786 0.0000000000
52721  0.001  -41.196  68.831 0.0000000000
49417  -4.279  -45.078  75.775 0.0000000000
49447  -5.214  -44.802  73.770 0.0000000000
49446  -4.152  -44.145  73.555 0.0000000000
50512  -3.511  -44.001  73.301 0.0000000000
46361  -4.217  -47.315  70.822 0.0000000000
46362  -4.996  -46.641  70.889 0.0000000000
47394  -5.418  -45.916  70.851 0.0000000000
48454  -4.932  -45.168  69.879 0.0000000000
48435  -5.300  -45.111  70.693 0.0000000000
50554  -4.666  -43.745  71.322 0.0000000000
50541  -3.010  -43.108  71.621 0.0000000000
51646  -2.783  -42.748  70.821 0.0000000000
51675  -3.117  -42.838  68.592 0.0000000000
51659  -2.218  -42.206  69.170 0.0000000000
52708  -1.307  -41.743  69.444 0.0000000000
52722  -0.883  -41.457  68.685 0.0000000000
52737  -0.387  -41.405  67.818 0.0000000000
52753  0.038  -41.601  66.712 0.0000000000
51706  0.110  -42.182  66.015 0.0000000000
50605  -1.063  -43.156  65.852 0.0000000000
51727  -0.118  -42.631  65.815 0.0000000000
45132  -4.865  -49.374  85.482 0.0000000000
43174  -9.894  -51.050  88.232 0.0000000000
43170  -9.121  -50.900  88.743 0.0000000000
44093  -9.084  -51.031  89.001 0.0000000000
42257  -7.887  -52.928  89.160 0.0000000000
44092  -8.740  -50.809  88.970 0.0000000000
44096  -8.705  -50.307  88.879 0.0000000000
44095  -8.081  -49.944  88.907 0.0000000000
44100  -7.581  -49.700  88.580 0.0000000000
44099  -7.031  -49.550  88.246 0.0000000000
37369  -4.179  -55.107  89.178 0.0000000000
37364  -5.046  -54.623  88.897 0.0000000000
40379  -5.410  -53.720  88.532 0.0000000000
40370  -4.103  -53.964  89.086 0.0000000000
40371  -4.783  -53.729  88.594 0.0000000000
42248  -6.060  -52.573  88.890 0.0000000000
43166  -5.852  -51.137  89.581 0.0000000000
43173  -6.239  -50.344  88.927 0.0000000000
44104  -6.478  -49.439  87.683 0.0000000000
44109  -6.049  -49.504  86.986 0.0000000000
42269  -6.140  -50.866  86.925 0.0000000000
43182  -6.003  -50.293  86.451 0.0000000000
44125  -5.262  -49.608  84.662 0.0000000000
44134  -5.588  -49.945  83.944 0.0000000000
43200  -5.772  -50.550  83.293 0.0000000000
42295  -5.754  -51.198  82.717 0.0000000000
41355  -4.278  -52.366  81.897 0.0000000000
41363  -4.804  -52.132  81.311 0.0000000000
41376  -2.676  -52.493  79.988 0.0000000000
41375  -2.026  -53.072  79.603 0.0000000000
41391  -1.465  -53.081  78.926 0.0000000000
40466  -0.800  -53.246  78.543 0.0000000000
41408  -0.248  -53.144  78.107 0.0000000000
36385  1.689  -58.441  86.714 0.0000000000
37394  1.192  -57.713  85.889 0.0000000000
34236  3.828  -58.857  83.513 0.0000000000
35339  2.693  -58.662  84.421 0.0000000000
37393  1.719  -57.903  85.632 0.0000000000
37401  1.389  -57.133  85.031 0.0000000000
37409  0.791  -56.617  84.379 0.0000000000
37408  1.312  -56.643  83.988 0.0000000000
38415  0.450  -56.312  82.915 0.0000000000
38422  0.498  -56.170  82.064 0.0000000000
38431  0.103  -55.591  81.203 0.0000000000
36433  3.679  -57.358  80.674 0.0000000000
37423  2.883  -57.003  80.891 0.0000000000
37424  2.081  -56.577  81.069 0.0000000000
38442  0.133  -55.038  80.267 0.0000000000
34217  -5.136  -57.536  86.400 0.0000000000
34223  -4.802  -57.677  86.321 0.0000000000
34224  -5.308  -57.676  86.031 0.0000000000
34230  -5.655  -57.568  85.698 0.0000000000
35262  -0.192  -57.587  88.367 0.0000000000
35268  -6.864  -56.417  87.807 0.0000000000
35270  -0.566  -57.170  88.093 0.0000000000
35271  -0.497  -57.400  87.816 0.0000000000
35272  -1.140  -57.523  87.845 0.0000000000
35279  -8.315  -56.098  87.071 0.0000000000
35283  -0.405  -57.581  87.334 0.0000000000
35285  -4.404  -57.616  86.539 0.0000000000
35286  -4.724  -57.454  86.739 0.0000000000
35313  -6.310  -57.506  84.861 0.0000000000
35319  -11.568  -57.366  85.805 0.0000000000
35338  3.264  -58.331  83.857 0.0000000000
35361  -6.905  -57.439  82.563 0.0000000000
35375  -7.647  -57.489  82.280 0.0000000000
36347  -5.838  -55.927  88.520 0.0000000000
36352  -7.834  -55.620  87.990 0.0000000000
36353  -0.268  -57.371  88.899 0.0000000000
36354  -1.187  -57.047  89.027 0.0000000000
36355  -2.485  -56.654  88.977 0.0000000000
36357  -7.482  -55.923  87.927 0.0000000000
36358  -7.983  -55.677  87.782 0.0000000000
36360  -0.160  -57.387  88.228 0.0000000000
36361  -0.136  -57.040  88.118 0.0000000000
36362  -0.997  -57.919  87.285 0.0000000000
36366  -8.209  -55.951  87.319 0.0000000000
36368  -8.955  -55.568  86.784 0.0000000000
36369  0.018  -57.245  87.510 0.0000000000
36370  -0.269  -57.961  86.924 0.0000000000
36374  -8.842  -55.787  86.577 0.0000000000
36375  -9.304  -55.555  86.339 0.0000000000
36383  -9.716  -55.773  85.768 0.0000000000
36384  -10.410  -56.076  85.608 0.0000000000
36390  -11.327  -56.824  86.024 0.0000000000
36391  -12.093  -57.084  85.659 0.0000000000
36397  -13.045  -56.941  84.237 0.0000000000
36398  4.521  -58.313  82.795 0.0000000000
36406  -14.153  -56.886  83.465 0.0000000000
36416  -14.419  -56.876  83.089 0.0000000000
37366  -7.827  -54.800  88.433 0.0000000000
37371  -7.234  -55.355  88.514 0.0000000000
37374  0.148  -57.284  88.738 0.0000000000
37379  -8.911  -54.778  87.875 0.0000000000
37381  0.417  -57.064  88.285 0.0000000000
37382  -8.612  -55.343  87.541 0.0000000000
37384  -9.485  -54.929  87.397 0.0000000000
37425  1.283  -56.271  81.255 0.0000000000
38373  -4.508  -54.096  89.331 0.0000000000
38375  -7.865  -54.631  88.648 0.0000000000
38377  -3.319  -55.795  88.516 0.0000000000
38380  -8.564  -55.205  89.175 0.0000000000
38383  -2.727  -55.917  87.888 0.0000000000
38384  -8.803  -54.880  88.836 0.0000000000
38385  -8.975  -54.539  88.154 0.0000000000
38387  -1.050  -56.306  87.802 0.0000000000
38391  0.595  -56.708  87.808 0.0000000000
38395  1.071  -56.833  87.577 0.0000000000
38407  -13.072  -56.229  84.044 0.0000000000
38423  -0.279  -55.763  81.978 0.0000000000
39373  -4.255  -54.130  89.801 0.0000000000
39374  -4.397  -53.934  89.424 0.0000000000
39376  -7.919  -54.346  89.044 0.0000000000
39379  -4.217  -53.922  89.536 0.0000000000
39381  -8.697  -54.517  88.892 0.0000000000
39382  -8.832  -54.674  89.234 0.0000000000
39386  -9.126  -54.196  88.244 0.0000000000
39389  -9.714  -54.361  88.049 0.0000000000
39538  -11.665  -53.844  75.291 0.0000000000
39541  -14.920  -54.747  74.186 0.0000000000
40366  -4.931  -54.092  88.680 0.0000000000
40367  -8.068  -53.928  88.882 0.0000000000
40369  -8.742  -53.709  88.837 0.0000000000
40372  -5.099  -53.886  88.528 0.0000000000
40375  -8.723  -53.970  88.556 0.0000000000
40377  -4.163  -54.054  88.436 0.0000000000
40382  -8.979  -54.178  88.441 0.0000000000
40383  -9.335  -53.684  88.345 0.0000000000
40385  -4.904  -53.784  87.934 0.0000000000
40503  -12.137  -53.851  75.228 0.0000000000
40517  -11.845  -53.705  74.772 0.0000000000
40519  -15.226  -54.535  73.940 0.0000000000
40520  -15.537  -54.367  74.129 0.0000000000
40551  -13.912  -53.636  72.746 0.0000000000
41329  -8.291  -53.435  88.810 0.0000000000
41330  -8.551  -53.064  88.602 0.0000000000
41331  -5.849  -53.065  88.500 0.0000000000
41463  2.338  -51.975  74.706 0.0000000000
41464  -15.636  -53.265  73.629 0.0000000000
41475  -14.895  -53.622  72.963 0.0000000000
41477  -15.608  -54.051  73.678 0.0000000000
42250  -5.942  -52.525  88.985 0.0000000000
42251  -5.968  -52.237  89.200 0.0000000000
42252  -8.442  -52.102  88.863 0.0000000000
42253  -8.662  -52.068  88.647 0.0000000000
42254  -9.229  -51.868  88.475 0.0000000000
42256  -5.833  -51.566  89.268 0.0000000000
42260  -5.831  -52.546  88.396 0.0000000000
42347  -17.236  -51.552  78.233 0.0000000000
42389  1.722  -50.698  74.867 0.0000000000
43161  -6.943  -51.033  89.331 0.0000000000
43163  -8.170  -51.725  89.196 0.0000000000
43171  -9.482  -51.068  88.539 0.0000000000
43172  -5.822  -51.023  89.217 0.0000000000
43249  -18.169  -50.362  78.105 0.0000000000
43250  -18.390  -49.744  78.263 0.0000000000
43258  -4.550  -50.176  76.649 0.0000000000
43282  -2.754  -50.447  75.021 0.0000000000
44097  -9.175  -50.512  88.644 0.0000000000
44098  -9.586  -50.707  88.420 0.0000000000
44101  -8.932  -49.810  87.685 0.0000000000
44139  -5.484  -49.342  83.023 0.0000000000
44177  -25.511  -49.079  78.592 0.0000000000
44179  -26.483  -49.177  79.012 0.0000000000
44190  -25.490  -49.095  78.202 0.0000000000
44294  1.206  -49.418  68.860 0.0000000000
44297  -1.157  -49.009  70.396 0.0000000000
45097  -8.623  -49.794  88.582 0.0000000000
45098  -8.905  -50.259  88.708 0.0000000000
45101  -8.616  -49.790  88.056 0.0000000000
45106  -8.873  -49.370  86.902 0.0000000000
45172  -23.139  -48.348  79.522 0.0000000000
45175  -25.618  -47.324  80.019 0.0000000000
45192  -26.538  -47.397  79.579 0.0000000000
45193  -27.473  -46.802  79.234 0.0000000000
45215  -18.097  -48.097  77.896 0.0000000000
45216  -23.276  -48.199  77.586 0.0000000000
45229  -18.150  -48.374  76.586 0.0000000000
45242  -5.761  -47.880  76.091 0.0000000000
45263  -30.160  -47.611  74.995 0.0000000000
45319  -4.017  -47.630  71.275 0.0000000000
45334  -3.349  -47.611  70.359 0.0000000000
46142  -7.362  -47.904  87.149 0.0000000000
46143  -7.789  -47.969  87.097 0.0000000000
46191  -3.147  -48.453  82.873 0.0000000000
46199  -23.685  -47.723  81.543 0.0000000000
46216  -3.518  -47.698  80.831 0.0000000000
46223  -21.974  -47.734  79.880 0.0000000000
46246  -22.938  -48.253  78.848 0.0000000000
46259  -21.515  -47.289  78.557 0.0000000000
46273  -18.133  -47.291  77.757 0.0000000000
46307  -5.571  -47.123  74.093 0.0000000000
46320  -5.524  -47.159  73.859 0.0000000000
46379  -5.117  -46.341  70.425 0.0000000000
46394  -3.350  -46.893  69.290 0.0000000000
47225  -22.505  -47.436  81.902 0.0000000000
47226  -23.296  -47.731  82.220 0.0000000000
47238  -22.898  -47.946  81.595 0.0000000000
47253  -21.777  -46.166  81.346 0.0000000000
47254  -21.624  -46.230  81.641 0.0000000000
47274  -21.504  -45.954  81.244 0.0000000000
47275  -21.556  -46.185  81.323 0.0000000000
47284  -4.890  -46.949  78.920 0.0000000000
47298  -17.931  -46.284  77.116 0.0000000000
47353  -5.547  -46.990  73.693 0.0000000000
47412  -4.776  -45.969  69.591 0.0000000000
47413  -5.196  -45.897  70.133 0.0000000000
48255  -22.367  -47.206  82.100 0.0000000000
48256  -22.607  -47.223  82.413 0.0000000000
48265  -22.193  -46.780  82.278 0.0000000000
48282  -21.713  -46.474  81.658 0.0000000000
48284  -24.924  -45.997  80.916 0.0000000000
48298  -3.509  -46.636  79.508 0.0000000000
48307  -21.604  -46.049  81.118 0.0000000000
48308  -21.589  -45.992  81.521 0.0000000000
48328  -18.113  -45.960  78.145 0.0000000000
48335  2.041  -44.739  76.761 0.0000000000
48336  1.791  -44.835  76.653 0.0000000000
48344  -17.548  -45.814  77.044 0.0000000000
48360  -5.545  -46.248  76.762 0.0000000000
48387  -30.295  -45.535  74.352 0.0000000000
48473  -3.205  -45.895  68.242 0.0000000000
48490  -3.650  -45.077  68.126 0.0000000000
49380  -30.638  -44.332  79.242 0.0000000000
49444  -2.434  -44.033  73.647 0.0000000000
49450  -29.843  -44.085  73.684 0.0000000000
49477  -4.997  -44.258  70.514 0.0000000000
49487  -4.536  -44.734  69.281 0.0000000000
49523  -3.062  -44.748  67.254 0.0000000000
50440  -18.182  -43.707  80.632 0.0000000000
50444  -21.885  -45.308  82.542 0.0000000000
50473  -29.319  -43.706  77.150 0.0000000000
50476  2.536  -43.982  76.604 0.0000000000
50522  1.339  -42.548  72.787 0.0000000000
50524  -0.289  -42.876  72.743 0.0000000000
50528  -3.885  -43.810  72.738 0.0000000000
50543  -4.589  -43.901  72.070 0.0000000000
50552  -3.374  -43.062  70.960 0.0000000000
50587  -3.499  -43.896  67.844 0.0000000000
50631  -1.059  -43.465  65.789 0.0000000000
51492  -18.180  -43.018  80.661 0.0000000000
51508  -18.358  -42.384  79.847 0.0000000000
51525  -19.345  -42.053  78.555 0.0000000000
51537  -17.699  -42.918  78.190 0.0000000000
51541  -30.135  -43.069  77.803 0.0000000000
51595  0.668  -42.891  72.875 0.0000000000
51630  -2.472  -42.789  71.502 0.0000000000
51691  -2.410  -42.474  67.382 0.0000000000
51692  -3.038  -42.937  67.703 0.0000000000
52536  -18.818  -42.392  81.718 0.0000000000
52570  -19.227  -42.100  80.331 0.0000000000
52586  -18.643  -42.147  79.424 0.0000000000
52599  -18.167  -42.548  78.923 0.0000000000
52601  -19.144  -42.035  78.862 0.0000000000
52602  -19.510  -42.083  79.092 0.0000000000
52608  -18.774  -42.059  78.398 0.0000000000
52766  0.741  -41.914  66.031 0.0000000000
53609  -32.452  -39.675  73.392 0.0000000000
54661  2.156  -40.079  72.070 0.0000000000
57572  -38.440  -34.215  66.283 0.0000000000
57573  -38.813  -34.157  66.021 0.0000000000
57582  -38.861  -34.321  65.585 0.0000000000
58491  -37.146  -36.331  74.809 0.0000000000
58526  -35.200  -35.783  71.933 0.0000000000
58546  -39.592  -34.606  68.321 0.0000000000
58576  -38.268  -34.312  66.549 0.0000000000
60544  -36.397  -34.160  72.065 0.0000000000
60575  -36.178  -34.084  71.815 0.0000000000
60630  -41.350  -33.485  67.743 0.0000000000
66741  -46.643  -27.593  67.674 0.0000000000
66769  -41.471  -27.238  63.634 0.0000000000
67687  -43.702  -25.732  65.213 0.0000000000
67692  -42.331  -26.509  63.709 0.0000000000
69583  -45.289  -23.586  64.339 0.0000000000
70549  -45.303  -23.547  64.580 0.0000000000
78405  -46.244  -16.192  59.783 0.0000000000
78406  -46.678  -16.059  59.661 0.0000000000
78427  -46.772  -16.190  59.198 0.0000000000
116377  -6.647  -55.161  88.757 0.0000000000
116378  -6.108  -52.727  88.701 0.0000000000
116379  -6.271  -52.411  89.148 0.0000000000
116380  -8.072  -53.473  88.850 0.0000000000
116382  -8.209  -52.819  89.057 0.0000000000
116442  -31.291  -46.114  81.025 0.0000000000
