#!ascii label  , from subject 3970 vox2ras=TkReg
783
61337  -26.104  -33.334  9.406 0.4285714328
62246  -26.922  -32.474  9.281 0.2857142985
62245  -26.182  -32.806  8.754 0.4285714328
63229  -27.798  -31.897  8.959 0.4285714328
63228  -27.162  -32.046  8.512 0.2857142985
63246  -28.207  -31.475  8.612 0.4285714328
65345  -28.174  -30.673  7.697 0.4285714328
65366  -28.605  -29.326  7.337 0.4285714328
66406  -28.323  -28.268  6.022 0.5714285970
66395  -28.548  -28.498  6.558 0.5714285970
66385  -28.813  -28.496  7.310 0.4285714328
67350  -29.220  -27.880  7.759 0.2857142985
67364  -29.066  -27.601  7.035 0.7142857313
67365  -29.533  -27.222  7.646 0.7142857313
68296  -30.395  -26.156  7.702 0.7142857313
69223  -31.000  -25.764  7.887 0.4285714328
68295  -29.696  -26.482  7.132 0.7142857313
68283  -30.022  -26.755  7.854 0.5714285970
69242  -31.721  -25.241  7.612 0.5714285970
69241  -30.697  -25.425  7.118 0.5714285970
70229  -31.744  -24.622  6.975 0.5714285970
70230  -32.615  -24.524  7.472 0.5714285970
69243  -32.608  -25.260  7.991 0.4285714328
70243  -33.568  -23.768  7.316 0.5714285970
70244  -34.685  -23.997  7.371 0.5714285970
70241  -31.793  -24.031  6.304 0.7142857313
71254  -34.517  -23.099  6.852 0.7142857313
71255  -35.583  -23.318  6.546 0.5714285970
70242  -32.596  -23.828  6.872 0.5714285970
70240  -30.910  -24.354  5.815 0.5714285970
71253  -33.477  -23.037  6.696 0.8571428657
71252  -32.573  -23.201  6.234 0.7142857313
71251  -31.756  -23.362  5.646 0.5714285970
72247  -36.269  -22.504  5.650 0.7142857313
71266  -36.359  -23.527  5.552 0.5714285970
72232  -35.335  -22.374  6.295 0.7142857313
73237  -36.513  -21.789  4.470 0.5714285970
72231  -34.360  -22.314  6.407 0.7142857313
72248  -36.444  -22.734  4.232 0.5714285970
72230  -33.368  -22.277  6.082 0.5714285970
73224  -34.347  -21.629  6.065 0.7142857313
73236  -36.051  -21.570  5.720 0.7142857313
74198  -36.503  -20.824  4.771 0.7142857313
74179  -34.884  -21.233  5.963 0.7142857313
75159  -36.703  -20.091  3.682 0.7142857313
74211  -36.456  -21.125  3.204 0.5714285970
74197  -35.502  -20.717  5.705 0.7142857313
73223  -33.830  -21.364  5.858 0.5714285970
75160  -36.383  -20.465  2.034 0.5714285970
75177  -36.563  -20.682  0.821 0.5714285970
75144  -35.412  -19.596  5.507 0.8571428657
74196  -34.596  -20.387  5.706 0.8571428657
76139  -36.692  -19.391  2.623 0.7142857313
75145  -36.394  -19.785  5.004 0.8571428657
77124  -36.757  -18.209  3.180 0.8571428657
77137  -36.621  -18.701  1.673 0.5714285970
76138  -36.679  -18.984  4.071 0.8571428657
78986  -36.701  -16.085  2.980 0.8571428657
79000  -36.648  -16.582  1.786 0.8571428657
79880  -36.619  -14.645  3.291 0.8571428657
79865  -36.641  -14.745  5.042 1.0000000000
78974  -36.663  -15.610  4.253 1.0000000000
78075  -36.674  -16.963  3.713 0.8571428657
79866  -36.645  -14.483  4.324 1.0000000000
80847  -36.611  -13.817  4.817 1.0000000000
81846  -35.749  -12.779  6.097 0.7142857313
80829  -36.386  -14.051  5.376 1.0000000000
81847  -36.430  -13.026  5.340 1.0000000000
84598  -36.048  -9.621  5.535 1.0000000000
84597  -35.454  -9.617  5.626 0.8571428657
85453  -34.005  -8.689  4.992 0.8571428657
85454  -35.063  -8.848  5.190 1.0000000000
87014  -33.478  -7.179  3.549 0.8571428657
86221  -34.140  -7.750  3.737 0.8571428657
86216  -34.022  -8.241  4.348 1.0000000000
87801  -33.039  -5.552  3.791 0.8571428657
87016  -33.329  -6.446  3.275 0.8571428657
88643  -32.904  -4.388  3.261 0.7142857313
87800  -32.305  -5.670  4.497 0.5714285970
88642  -31.784  -4.014  3.673 0.7142857313
89383  -32.144  -3.280  2.832 0.5714285970
88640  -28.960  -4.400  2.845 0.5714285970
88634  -31.325  -4.907  4.169 0.5714285970
89380  -28.321  -3.530  1.941 0.4285714328
90142  -28.645  -2.351  2.003 0.4285714328
90143  -30.071  -2.082  2.780 0.4285714328
90136  -27.372  -2.589  3.846 0.2857142985
90139  -27.439  -2.621  2.467 0.2857142985
90131  -27.974  -2.627  5.441 0.2857142985
76155  -36.416  -19.763  1.165 0.5714285970
78085  -36.702  -17.411  2.396 0.8571428657
79896  -36.622  -15.446  2.185 0.8571428657
82835  -36.345  -11.731  5.608 0.8571428657
90133  -30.118  -2.307  7.209 0.1428571492
62262  -26.550  -32.372  8.388 0.2857142985
63264  -27.134  -31.603  7.519 0.2857142985
63245  -27.645  -31.514  8.092 0.2857142985
64305  -27.946  -31.057  7.825 0.4285714328
65346  -28.747  -29.987  8.045 0.4285714328
64325  -27.458  -31.122  7.140 0.2857142985
65380  -28.552  -28.974  6.893 0.4285714328
65379  -28.142  -29.485  6.490 0.5714285970
68305  -28.934  -26.963  5.930 0.2857142985
68294  -29.162  -27.018  6.522 0.7142857313
69254  -30.432  -25.170  6.242 0.5714285970
70232  -34.555  -24.986  7.745 0.4285714328
70228  -31.092  -24.696  6.497 0.7142857313
71250  -30.992  -23.772  5.348 0.5714285970
73253  -36.276  -22.080  2.808 0.5714285970
72229  -32.501  -22.691  5.811 0.5714285970
73225  -35.094  -21.618  6.085 0.7142857313
73235  -33.069  -21.737  5.740 0.8571428657
77123  -36.489  -17.860  4.381 1.0000000000
79879  -36.536  -14.048  2.830 1.0000000000
78973  -36.330  -15.720  5.228 1.0000000000
82834  -35.413  -11.568  6.113 0.7142857313
83737  -34.959  -10.486  5.950 0.7142857313
83749  -36.751  -10.681  4.969 1.0000000000
82833  -34.313  -11.465  6.197 0.7142857313
86220  -33.413  -7.464  3.902 0.8571428657
85461  -34.692  -8.346  4.445 1.0000000000
85462  -35.616  -8.421  4.567 1.0000000000
88641  -30.379  -4.107  3.536 0.7142857313
89382  -30.898  -3.183  3.132 0.7142857313
90867  -28.207  -1.836  1.555 0.4285714328
90868  -28.982  -1.104  1.949 0.4285714328
90848  -28.092  -1.755  4.472 0.2857142985
90859  -27.928  -1.670  2.073 0.4285714328
68320  -29.292  -26.300  5.668 0.4285714328
69253  -29.802  -25.716  5.909 0.4285714328
90141  -27.818  -2.569  1.550 0.4285714328
89381  -29.506  -3.257  2.788 0.7142857313
90855  -27.994  -1.766  3.282 0.2857142985
62224  -27.006  -32.733  9.905 0.4285714328
62247  -27.636  -32.232  9.492 0.4285714328
63244  -26.890  -31.948  7.873 0.2857142985
64340  -27.600  -30.410  6.521 0.2857142985
65365  -28.179  -30.214  7.149 0.4285714328
67374  -28.728  -27.677  6.277 0.2857142985
68306  -29.482  -26.390  6.266 0.5714285970
69240  -29.977  -25.803  6.544 0.5714285970
70231  -33.596  -24.628  7.773 0.4285714328
72246  -32.833  -22.251  5.808 0.7142857313
74177  -34.128  -20.859  5.762 0.8571428657
76124  -36.116  -18.718  5.046 0.8571428657
78074  -36.384  -16.738  4.759 1.0000000000
80828  -35.947  -13.893  5.895 1.0000000000
88635  -32.442  -4.806  4.074 0.7142857313
88639  -27.800  -4.759  1.926 0.4285714328
89379  -27.398  -3.656  1.895 0.2857142985
90132  -29.310  -2.385  6.524 0.1428571492
83738  -36.049  -10.438  5.755 1.0000000000
92390  -29.664  1.046  0.917 0.2857142985
93065  -30.042  1.773  2.647 0.1428571492
91595  -29.852  -0.296  2.578 0.2857142985
92393  -30.569  0.842  0.219 0.2857142985
92380  -29.588  0.996  2.976 0.1428571492
93056  -29.733  1.928  3.524 0.1428571492
90860  -28.592  -0.857  2.819 0.1428571492
91585  -28.972  0.182  3.481 0.1428571492
90878  -31.886  -1.275  0.717 0.2857142985
91605  -30.415  0.004  1.311 0.2857142985
88654  -33.419  -4.142  -0.374 0.2857142985
89394  -32.761  -2.800  1.057 0.2857142985
92368  -29.406  1.154  3.986 0.1428571492
90869  -30.356  -0.920  2.465 0.2857142985
88648  -33.347  -4.428  0.994 0.2857142985
87821  -34.241  -6.113  0.496 0.1428571492
89388  -32.966  -3.619  1.479 0.2857142985
90153  -32.350  -2.180  1.257 0.2857142985
90145  -32.045  -2.572  2.127 0.2857142985
90877  -31.213  -0.992  1.732 0.2857142985
87041  -37.140  -6.427  0.445 0.1428571492
87039  -35.281  -6.490  0.415 0.1428571492
87820  -33.803  -5.564  0.540 0.4285714328
86231  -36.373  -7.280  2.533 0.2857142985
87029  -33.803  -6.231  1.619 0.4285714328
88645  -33.250  -4.520  2.169 0.2857142985
86233  -37.754  -7.842  2.258 0.1428571492
87031  -35.059  -6.794  1.276 0.2857142985
87813  -33.494  -5.496  1.768 0.4285714328
87018  -34.535  -7.205  2.747 0.5714285970
87807  -33.318  -5.481  2.820 0.7142857313
85469  -37.960  -8.867  2.733 0.1428571492
86228  -36.910  -7.929  3.144 0.1428571492
87022  -33.566  -6.355  2.417 0.7142857313
87019  -35.229  -7.247  2.762 0.4285714328
83761  -37.976  -9.744  2.503 0.2857142985
84614  -37.946  -9.390  2.937 0.7142857313
87017  -33.902  -7.073  2.999 0.7142857313
85455  -35.968  -8.986  5.230 0.8571428657
85467  -36.825  -8.114  3.532 0.8571428657
86226  -34.957  -7.516  3.293 0.5714285970
83772  -37.677  -10.619  1.337 0.2857142985
86222  -35.263  -7.984  3.889 0.7142857313
87007  -32.542  -7.241  4.683 0.5714285970
82872  -37.220  -11.320  0.642 0.1428571492
84613  -37.636  -9.605  3.645 0.7142857313
81909  -36.799  -11.567  -0.963 0.1428571492
78051  -33.234  -16.273  5.659 0.5714285970
79846  -35.396  -14.805  5.984 0.8571428657
79845  -34.650  -14.838  6.176 0.4285714328
80827  -34.973  -13.897  6.325 0.5714285970
82853  -36.827  -11.940  4.557 0.8571428657
84606  -36.492  -9.632  5.108 0.8571428657
81908  -36.352  -12.366  -1.344 0.2857142985
83750  -37.375  -10.693  4.036 0.8571428657
84607  -37.140  -9.674  4.444 0.8571428657
81913  -36.309  -12.397  -2.865 0.4285714328
82864  -37.250  -11.522  1.962 0.7142857313
83760  -37.789  -10.438  2.755 0.7142857313
78050  -32.348  -16.426  5.255 0.2857142985
78957  -34.761  -15.686  5.947 0.5714285970
78956  -33.913  -15.484  6.022 0.5714285970
81866  -36.644  -12.736  3.684 0.8571428657
81898  -36.253  -12.885  0.226 0.4285714328
81876  -36.640  -12.704  2.424 0.8571428657
82854  -37.146  -11.690  3.283 0.8571428657
80904  -35.397  -13.816  -2.855 0.4285714328
74194  -32.466  -20.459  5.420 0.7142857313
75140  -31.624  -19.224  5.073 0.4285714328
74195  -33.539  -20.668  5.643 0.7142857313
76122  -34.226  -18.495  5.535 0.8571428657
76121  -33.261  -18.337  5.480 0.5714285970
76102  -32.916  -17.818  5.482 0.5714285970
77101  -32.322  -17.506  5.310 0.4285714328
77104  -35.024  -17.586  5.526 0.8571428657
77103  -34.021  -17.504  5.585 0.5714285970
78030  -33.345  -16.934  5.598 0.5714285970
78054  -35.734  -16.666  5.368 0.7142857313
78053  -34.883  -16.630  5.700 0.5714285970
79910  -36.633  -15.950  1.442 0.7142857313
79909  -36.418  -15.149  1.110 0.7142857313
80860  -36.467  -13.646  2.445 0.7142857313
81875  -36.425  -13.339  2.034 0.8571428657
78126  -38.018  -16.660  -1.367 0.2857142985
79022  -35.888  -16.089  -0.722 0.4285714328
79927  -35.213  -14.826  -1.292 0.5714285970
72245  -32.427  -22.273  5.610 0.4285714328
73233  -31.466  -21.460  5.125 0.4285714328
74193  -31.611  -20.254  5.180 0.4285714328
75143  -34.404  -19.524  5.596 0.7142857313
77105  -35.884  -17.676  5.148 0.8571428657
78096  -36.461  -17.891  0.986 0.7142857313
78121  -37.771  -17.276  -0.965 0.2857142985
79023  -36.315  -16.898  -0.190 0.5714285970
79013  -36.431  -16.716  0.671 0.5714285970
72244  -31.657  -22.581  5.294 0.4285714328
72243  -30.912  -22.392  4.867 0.5714285970
73234  -32.428  -21.539  5.496 0.5714285970
77151  -36.733  -19.020  0.375 0.4285714328
77165  -36.772  -18.761  -0.116 0.4285714328
78110  -36.704  -18.089  -0.303 0.4285714328
70255  -30.232  -24.479  5.115 0.5714285970
71267  -36.382  -23.758  4.195 0.4285714328
72265  -35.956  -22.884  2.475 0.4285714328
74239  -37.114  -21.103  0.682 0.4285714328
74212  -36.181  -21.508  1.485 0.4285714328
75189  -37.439  -20.438  1.086 0.4285714328
76169  -37.148  -19.827  0.710 0.4285714328
66370  -29.218  -28.735  8.164 0.1428571492
73269  -36.613  -21.982  0.778 0.4285714328
73277  -36.979  -21.645  0.582 0.4285714328
67351  -29.969  -27.553  8.221 0.1428571492
67352  -31.005  -27.447  8.671 0.1428571492
69244  -33.516  -25.492  8.146 0.2857142985
69266  -35.738  -26.210  3.706 0.2857142985
70273  -37.204  -24.793  2.095 0.2857142985
70277  -34.866  -25.348  1.775 0.2857142985
70245  -35.914  -24.748  6.667 0.4285714328
71283  -37.246  -23.575  1.833 0.2857142985
72277  -35.143  -23.342  1.613 0.2857142985
70256  -36.397  -24.274  5.314 0.2857142985
72266  -37.110  -22.780  1.831 0.2857142985
66371  -30.403  -28.488  8.635 0.1428571492
68285  -31.764  -26.666  8.505 0.2857142985
68286  -32.646  -26.785  8.518 0.2857142985
69246  -35.333  -25.957  7.326 0.2857142985
69255  -36.022  -26.059  6.388 0.2857142985
70233  -35.070  -25.390  7.566 0.2857142985
70246  -36.261  -25.502  5.744 0.2857142985
66372  -31.422  -28.217  8.967 0.1428571492
67355  -33.693  -27.455  8.497 0.2857142985
67353  -31.990  -27.436  8.730 0.2857142985
69227  -33.795  -26.491  8.267 0.2857142985
69245  -34.321  -26.005  7.964 0.2857142985
64307  -29.169  -30.396  8.495 0.1428571492
65347  -29.867  -29.771  8.692 0.1428571492
61315  -26.919  -33.175  10.414 0.2857142985
61314  -26.008  -33.884  10.355 0.2857142985
64280  -28.954  -31.108  8.783 0.2857142985
60358  -25.359  -34.543  10.465 0.2857142985
67354  -32.858  -27.441  8.682 0.2857142985
68297  -34.799  -26.725  7.629 0.2857142985
69256  -36.220  -26.169  5.108 0.2857142985
69279  -35.439  -26.212  2.575 0.2857142985
71282  -35.657  -24.091  2.784 0.4285714328
72278  -36.156  -23.016  1.265 0.2857142985
73255  -38.139  -21.936  2.824 0.2857142985
75141  -32.445  -19.362  5.331 0.7142857313
73270  -37.317  -21.695  1.285 0.4285714328
77081  -33.827  -17.188  5.606 0.5714285970
77166  -37.207  -18.661  -0.015 0.2857142985
78111  -38.162  -17.752  -0.060 0.2857142985
77172  -36.884  -16.981  -0.900 0.5714285970
80882  -36.014  -13.970  0.670 0.7142857313
87013  -32.951  -6.752  4.119 0.5714285970
79037  -36.274  -15.040  -2.732 0.2857142985
87025  -35.698  -7.091  2.211 0.4285714328
87038  -34.617  -6.360  0.465 0.1428571492
63209  -28.243  -32.060  9.670 0.1428571492
64306  -28.588  -30.973  8.364 0.2857142985
66373  -32.339  -28.069  8.978 0.1428571492
69224  -31.710  -25.858  8.216 0.2857142985
69226  -33.373  -26.267  8.335 0.2857142985
74210  -30.951  -21.007  4.786 0.2857142985
72267  -37.900  -23.087  2.896 0.2857142985
75142  -33.392  -19.472  5.504 0.7142857313
76119  -31.572  -18.270  4.966 0.4285714328
78029  -32.829  -16.901  5.492 0.5714285970
74230  -38.177  -21.000  2.212 0.2857142985
77102  -33.505  -17.776  5.509 0.7142857313
75190  -38.256  -20.317  1.923 0.1428571492
76170  -38.197  -19.654  1.511 0.4285714328
77152  -38.144  -18.710  0.856 0.1428571492
81865  -36.572  -13.021  4.507 0.8571428657
79032  -37.698  -15.833  -1.654 0.2857142985
80890  -35.441  -13.709  -0.588 0.5714285970
81887  -36.730  -12.231  1.120 0.7142857313
85463  -36.629  -8.579  4.270 0.8571428657
82901  -37.729  -11.882  -2.179 0.2857142985
82892  -37.368  -11.598  -1.677 0.1428571492
82891  -36.786  -11.860  -2.293 0.4285714328
83782  -37.659  -10.600  -0.012 0.1428571492
83783  -38.022  -9.994  0.699 0.1428571492
84622  -38.059  -9.258  2.317 0.1428571492
85475  -38.028  -8.442  2.213 0.1428571492
86227  -36.161  -7.552  3.342 0.5714285970
86232  -37.134  -7.533  2.427 0.1428571492
87030  -34.313  -6.464  1.242 0.2857142985
87032  -35.903  -6.731  1.335 0.2857142985
87033  -36.855  -6.755  1.452 0.1428571492
87040  -36.161  -6.377  0.432 0.1428571492
87829  -33.518  -5.247  -1.164 0.2857142985
87840  -34.238  -6.050  -1.904 0.1428571492
62226  -28.572  -32.408  10.415 0.1428571492
65324  -30.771  -30.080  9.268 0.1428571492
68332  -36.121  -26.554  2.499 0.2857142985
79014  -38.789  -16.528  -0.618 0.2857142985
87051  -36.433  -6.098  -0.656 0.1428571492
87839  -32.804  -5.244  -2.808 0.2857142985
60391  -25.395  -33.968  8.686 0.2857142985
61338  -26.703  -32.902  9.772 0.2857142985
62225  -27.590  -32.520  10.047 0.1428571492
63230  -28.763  -31.465  9.104 0.1428571492
68284  -30.779  -26.543  8.276 0.2857142985
79895  -36.478  -14.452  2.301 0.7142857313
79847  -36.120  -14.815  5.588 0.8571428657
80861  -36.563  -13.552  3.144 0.8571428657
89384  -32.831  -3.752  2.381 0.2857142985
90151  -31.013  -1.641  2.414 0.2857142985
69265  -30.174  -25.062  5.630 0.5714285970
78958  -35.592  -15.714  5.671 0.5714285970
90144  -31.352  -2.442  2.592 0.2857142985
76123  -35.210  -18.583  5.468 0.8571428657
91604  -29.882  0.643  1.653 0.2857142985
92389  -29.882  1.050  1.942 0.1428571492
91594  -29.477  0.115  2.361 0.2857142985
91612  -30.882  0.274  0.345 0.2857142985
91606  -31.266  -0.628  0.926 0.2857142985
90879  -32.422  -1.694  0.569 0.2857142985
90152  -31.728  -1.830  1.886 0.2857142985
87830  -34.218  -5.931  -0.336 0.1428571492
87049  -34.720  -6.226  -0.411 0.1428571492
89387  -32.532  -3.047  1.882 0.2857142985
87050  -35.374  -6.250  -0.689 0.1428571492
87026  -36.400  -7.088  2.007 0.1428571492
87023  -34.084  -6.823  2.155 0.5714285970
86237  -37.963  -7.545  1.564 0.1428571492
85474  -37.653  -8.041  2.587 0.1428571492
87024  -34.772  -7.050  2.042 0.4285714328
86225  -34.381  -7.384  3.206 0.7142857313
85468  -37.502  -8.490  3.233 0.4285714328
85464  -37.376  -9.018  4.024 0.7142857313
86223  -35.941  -8.096  4.058 0.7142857313
81899  -36.573  -11.760  -0.111 0.4285714328
78052  -33.956  -16.605  5.779 0.5714285970
80804  -34.296  -14.201  6.263 0.4285714328
81886  -36.354  -13.161  1.407 0.7142857313
76120  -32.338  -18.425  5.308 0.4285714328
76103  -33.267  -17.844  5.495 0.5714285970
76118  -30.798  -18.095  4.587 0.2857142985
79012  -36.080  -16.014  0.159 0.5714285970
79919  -35.571  -15.019  -0.035 0.7142857313
73232  -30.939  -21.838  4.819 0.5714285970
74229  -36.471  -21.480  0.405 0.4285714328
74240  -37.601  -20.935  1.409 0.4285714328
73254  -36.549  -22.455  1.464 0.4285714328
69225  -32.589  -26.030  8.358 0.2857142985
70272  -35.345  -25.238  2.760 0.2857142985
70257  -36.226  -25.035  4.518 0.2857142985
71292  -35.635  -24.528  1.266 0.2857142985
65348  -30.977  -29.156  9.149 0.1428571492
68287  -33.400  -26.880  8.428 0.2857142985
68288  -34.109  -26.843  8.172 0.2857142985
61298  -26.645  -33.911  11.199 0.1428571492
61297  -25.905  -34.303  11.084 0.1428571492
61299  -27.613  -33.642  11.354 0.1428571492
91578  -29.315  0.211  4.838 0.1428571492
61316  -28.045  -32.995  10.839 0.1428571492
63210  -29.105  -31.874  9.983 0.1428571492
90856  -28.518  -0.811  4.085 0.1428571492
85452  -32.910  -8.668  5.128 0.5714285970
84595  -33.429  -9.538  5.433 0.4285714328
83736  -33.888  -10.451  5.839 0.4285714328
84596  -34.481  -9.567  5.573 0.5714285970
70258  -38.191  -24.583  4.035 0.1428571492
71284  -37.862  -24.114  2.927 0.1428571492
71268  -38.295  -23.574  3.878 0.1428571492
69285  -35.750  -25.877  1.938 0.1428571492
69257  -38.375  -25.577  5.561 0.1428571492
69268  -37.903  -25.679  4.359 0.1428571492
70234  -38.938  -24.488  6.559 0.1428571492
70247  -38.646  -24.622  5.272 0.1428571492
66394  -28.126  -28.844  6.088 0.2857142985
68308  -36.390  -27.013  4.306 0.1428571492
68322  -37.239  -26.838  3.787 0.1428571492
68321  -36.074  -27.022  3.204 0.1428571492
68323  -37.750  -26.372  4.737 0.1428571492
69247  -38.657  -25.594  6.780 0.1428571492
71213  -39.721  -23.349  9.319 0.1428571492
70235  -39.336  -23.980  7.585 0.1428571492
65391  -27.731  -29.278  5.908 0.2857142985
65390  -27.102  -29.349  5.607 0.2857142985
67367  -35.420  -27.830  6.755 0.1428571492
68307  -36.075  -27.064  5.806 0.1428571492
68298  -35.468  -26.807  6.927 0.1428571492
67377  -37.455  -28.062  4.748 0.1428571492
67376  -36.433  -27.660  3.622 0.1428571492
68310  -37.996  -26.659  5.617 0.1428571492
68309  -37.291  -27.108  4.361 0.1428571492
68299  -38.490  -26.584  7.018 0.1428571492
69229  -39.548  -24.956  8.895 0.1428571492
70205  -39.669  -24.365  9.486 0.1428571492
70216  -39.523  -24.324  8.477 0.1428571492
65378  -27.366  -29.992  5.965 0.2857142985
64339  -26.574  -30.936  6.245 0.2857142985
67356  -34.624  -27.550  7.908 0.1428571492
67375  -35.619  -28.233  4.762 0.1428571492
67378  -38.075  -27.460  6.098 0.1428571492
69228  -39.160  -25.581  8.152 0.1428571492
71189  -39.642  -23.462  10.339 0.1428571492
66375  -34.017  -28.077  8.658 0.1428571492
66386  -35.462  -28.923  5.965 0.1428571492
66377  -35.529  -28.843  7.382 0.1428571492
65394  -37.286  -30.246  4.358 0.1428571492
66397  -37.672  -29.459  5.039 0.1428571492
66407  -35.477  -30.169  4.134 0.1428571492
67368  -37.941  -28.450  6.040 0.1428571492
69211  -39.503  -25.507  9.449 0.1428571492
68289  -38.838  -26.739  8.131 0.1428571492
70181  -39.627  -24.522  10.437 0.1428571492
66364  -35.633  -29.267  8.057 0.1428571492
66376  -34.800  -28.332  8.214 0.1428571492
65367  -36.101  -29.925  6.135 0.1428571492
67357  -35.075  -28.108  7.593 0.1428571492
66387  -37.752  -29.503  6.242 0.1428571492
65383  -37.544  -30.746  5.029 0.1428571492
67358  -38.029  -28.503  7.091 0.1428571492
67359  -38.446  -27.835  8.262 0.1428571492
69210  -39.265  -26.157  8.763 0.1428571492
67369  -38.276  -27.575  7.133 0.1428571492
65351  -36.148  -29.814  7.582 0.1428571492
66363  -35.162  -28.958  8.482 0.1428571492
65368  -36.940  -30.922  6.068 0.1428571492
65352  -36.559  -30.542  6.773 0.1428571492
65369  -37.511  -30.319  6.625 0.1428571492
66378  -37.942  -29.175  7.690 0.1428571492
65381  -36.009  -30.768  4.727 0.1428571492
66414  -36.586  -29.680  3.762 0.1428571492
72153  -39.723  -22.450  11.307 0.1428571492
69280  -37.252  -25.819  2.766 0.1428571492
71256  -38.928  -23.490  5.032 0.1428571492
68268  -39.202  -26.763  9.305 0.1428571492
68269  -39.436  -26.107  9.973 0.1428571492
71169  -39.713  -23.602  11.329 0.1428571492
81844  -33.605  -12.455  6.194 0.4285714328
72174  -39.503  -22.402  10.198 0.1428571492
72192  -39.627  -22.261  9.149 0.1428571492
72249  -38.703  -22.631  4.216 0.1428571492
86214  -32.359  -7.885  5.014 0.4285714328
87853  -33.647  -5.649  -3.765 0.1428571492
86215  -33.279  -7.888  4.431 0.4285714328
88663  -32.943  -3.944  -1.896 0.1428571492
70274  -37.713  -25.002  3.064 0.1428571492
67366  -35.095  -27.224  7.364 0.1428571492
66374  -33.169  -28.023  8.883 0.1428571492
75178  -38.852  -20.404  2.624 0.1428571492
68333  -36.815  -26.609  2.975 0.1428571492
69281  -37.720  -25.491  3.542 0.1428571492
69267  -37.451  -26.194  3.446 0.1428571492
71257  -39.299  -23.256  5.936 0.1428571492
70215  -39.071  -24.774  7.561 0.1428571492
67390  -36.599  -28.474  3.781 0.1428571492
67389  -35.801  -28.577  3.622 0.1428571492
67388  -35.303  -29.256  4.009 0.1428571492
66408  -37.043  -29.283  4.127 0.1428571492
66362  -34.391  -28.676  9.004 0.1428571492
64357  -36.601  -30.870  3.767 0.1428571492
65382  -36.742  -30.783  4.205 0.1428571492
66396  -35.344  -29.640  4.922 0.1428571492
59273  -24.359  -35.555  10.126 0.1428571492
59288  -24.227  -35.492  9.165 0.1428571492
60377  -24.803  -34.974  9.706 0.1428571492
60378  -25.401  -34.296  9.475 0.1428571492
62261  -25.917  -32.720  8.127 0.1428571492
61360  -25.376  -33.097  7.906 0.1428571492
62277  -25.554  -32.503  7.468 0.1428571492
62278  -26.288  -32.276  7.771 0.1428571492
63263  -26.481  -31.723  7.087 0.1428571492
61359  -24.770  -33.111  7.585 0.1428571492
63262  -25.380  -31.915  6.825 0.1428571492
63277  -25.980  -31.515  6.584 0.1428571492
64338  -25.342  -30.510  6.064 0.1428571492
64348  -26.654  -30.045  5.721 0.1428571492
66405  -27.758  -28.543  5.669 0.1428571492
67387  -28.335  -27.648  5.713 0.1428571492
66404  -26.878  -28.538  5.360 0.2857142985
68319  -28.526  -26.642  5.296 0.2857142985
71281  -29.953  -24.035  4.686 0.4285714328
71265  -31.304  -23.293  5.287 0.4285714328
80826  -33.943  -13.606  6.228 0.2857142985
81845  -34.698  -12.616  6.328 0.2857142985
84605  -31.417  -9.930  5.285 0.2857142985
84594  -32.300  -9.544  5.334 0.2857142985
85451  -31.873  -8.611  5.284 0.4285714328
66403  -25.905  -28.479  5.255 0.1428571492
67386  -27.650  -27.664  5.294 0.2857142985
61349  -25.016  -33.767  7.972 0.1428571492
62276  -24.568  -32.462  7.209 0.1428571492
63276  -25.381  -31.251  6.447 0.1428571492
65377  -25.582  -29.981  5.710 0.1428571492
65389  -26.059  -29.450  5.486 0.1428571492
67385  -26.743  -27.625  4.958 0.2857142985
68318  -27.639  -26.907  4.872 0.2857142985
69264  -29.479  -25.578  5.207 0.4285714328
70254  -29.619  -24.964  4.841 0.4285714328
71280  -29.235  -23.799  4.529 0.2857142985
78936  -33.676  -14.910  5.986 0.2857142985
80824  -31.890  -13.285  5.386 0.2857142985
82832  -33.237  -11.382  5.938 0.2857142985
83734  -32.025  -10.444  5.363 0.2857142985
82851  -31.193  -10.953  5.322 0.2857142985
79844  -33.278  -14.284  5.881 0.2857142985
80825  -32.961  -13.387  5.844 0.2857142985
79843  -32.438  -14.346  5.528 0.2857142985
81843  -32.593  -12.324  5.765 0.2857142985
82831  -32.244  -11.292  5.525 0.2857142985
82830  -31.506  -11.412  5.346 0.2857142985
83735  -32.874  -10.438  5.547 0.2857142985
80823  -31.023  -12.670  5.019 0.2857142985
81842  -31.711  -12.137  5.386 0.2857142985
64324  -26.871  -31.318  6.760 0.1428571492
61350  -25.652  -33.298  8.461 0.1428571492
64347  -26.051  -30.256  5.718 0.1428571492
70271  -29.774  -24.553  4.803 0.4285714328
69278  -29.168  -25.373  4.745 0.4285714328
73251  -30.357  -21.890  4.638 0.2857142985
72264  -30.120  -23.063  4.644 0.2857142985
73252  -30.948  -21.559  4.798 0.2857142985
90889  -34.054  -1.527  0.553 0.1428571492
90168  -33.806  -2.138  -0.288 0.1428571492
90161  -33.332  -1.907  -0.226 0.1428571492
89400  -33.015  -2.735  -0.928 0.1428571492
90154  -34.597  -1.800  1.088 0.1428571492
90160  -32.844  -2.020  0.401 0.1428571492
90886  -32.016  -0.989  -0.219 0.1428571492
93067  -31.011  2.287  1.165 0.1428571492
89406  -32.725  -2.690  -2.126 0.1428571492
89395  -33.155  -3.052  0.311 0.1428571492
90887  -32.546  -1.194  0.023 0.1428571492
91615  -33.075  -0.547  -0.328 0.1428571492
93071  -31.547  1.840  0.105 0.1428571492
91620  -32.061  -0.098  -1.334 0.1428571492
93072  -30.534  1.248  -0.076 0.1428571492
93069  -30.301  1.486  0.275 0.1428571492
92398  -31.097  0.843  -0.687 0.1428571492
71264  -30.769  -23.397  4.982 0.2857142985
90888  -33.273  -1.365  0.127 0.1428571492
90880  -33.849  -1.013  0.763 0.1428571492
90167  -33.234  -2.117  -0.666 0.1428571492
91607  -33.580  -0.242  1.050 0.1428571492
91614  -32.314  -0.650  -0.731 0.1428571492
89401  -33.286  -2.081  -1.137 0.1428571492
80846  -31.033  -13.616  4.947 0.1428571492
81841  -31.024  -11.786  5.176 0.1428571492
82849  -29.510  -11.034  4.778 0.1428571492
78935  -33.458  -14.709  5.899 0.1428571492
82829  -31.073  -11.330  5.266 0.1428571492
83745  -28.739  -10.154  4.701 0.1428571492
84604  -30.361  -9.444  5.190 0.1428571492
84603  -29.048  -9.472  4.881 0.2857142985
75139  -30.881  -19.020  4.812 0.1428571492
78049  -31.506  -16.316  4.761 0.1428571492
78954  -32.003  -15.374  5.152 0.1428571492
79842  -31.509  -14.434  5.091 0.1428571492
80897  -36.661  -13.633  -2.599 0.1428571492
83748  -31.455  -10.527  5.329 0.1428571492
84593  -31.355  -9.226  5.299 0.1428571492
85460  -30.176  -8.918  5.206 0.2857142985
86213  -31.392  -7.831  5.272 0.2857142985
87797  -27.475  -6.647  3.374 0.2857142985
88631  -27.061  -5.661  2.435 0.2857142985
89370  -28.320  -3.389  7.107 0.1428571492
85450  -30.648  -8.595  5.270 0.2857142985
87005  -30.916  -7.054  5.170 0.2857142985
87790  -30.377  -6.611  4.786 0.2857142985
87010  -28.428  -7.389  4.185 0.2857142985
88633  -29.749  -5.132  3.922 0.2857142985
87798  -29.140  -6.372  4.137 0.2857142985
89377  -26.969  -3.669  2.943 0.1428571492
87796  -26.825  -5.880  3.232 0.2857142985
87009  -27.519  -7.572  4.070 0.1428571492
88630  -26.722  -4.882  3.393 0.1428571492
89374  -26.955  -3.616  4.416 0.1428571492
88626  -26.971  -4.530  4.791 0.1428571492
84602  -27.970  -9.451  4.590 0.2857142985
87779  -27.570  -6.221  5.359 0.1428571492
89360  -28.029  -3.795  8.598 0.1428571492
88618  -27.214  -4.646  5.795 0.1428571492
83732  -27.276  -10.490  5.130 0.1428571492
81915  -37.736  -12.570  -1.867 0.1428571492
79001  -39.238  -16.556  0.421 0.1428571492
77122  -31.037  -16.983  4.650 0.1428571492
78953  -31.168  -15.399  4.656 0.1428571492
80891  -37.928  -13.807  -1.123 0.1428571492
79864  -30.618  -14.436  4.641 0.1428571492
80845  -30.071  -13.171  4.644 0.1428571492
81863  -29.208  -11.903  4.544 0.1428571492
82850  -30.539  -11.111  5.099 0.1428571492
85449  -29.952  -8.237  5.190 0.1428571492
86219  -29.277  -7.867  4.992 0.1428571492
87004  -29.719  -7.155  4.831 0.2857142985
87778  -27.633  -5.213  5.998 0.1428571492
88619  -27.769  -4.104  6.582 0.1428571492
89369  -27.349  -3.767  5.796 0.1428571492
79024  -38.271  -16.175  -1.257 0.1428571492
79920  -37.842  -14.956  -1.445 0.1428571492
79911  -38.437  -15.159  -0.755 0.1428571492
87799  -30.960  -5.973  4.699 0.2857142985
88632  -28.249  -5.591  2.954 0.2857142985
88638  -26.999  -4.603  2.303 0.2857142985
90849  -29.116  -1.196  5.472 0.1428571492
77100  -31.491  -17.307  4.871 0.1428571492
77099  -30.952  -17.471  4.633 0.1428571492
87012  -32.133  -6.515  4.843 0.2857142985
78955  -33.036  -15.235  5.694 0.1428571492
78097  -39.218  -17.591  0.814 0.1428571492
87006  -31.866  -7.168  5.070 0.2857142985
81864  -30.246  -11.961  4.861 0.1428571492
83746  -29.845  -10.264  4.959 0.1428571492
83747  -30.815  -10.377  5.236 0.1428571492
85459  -29.438  -8.692  5.107 0.2857142985
86212  -30.348  -7.779  5.206 0.2857142985
87789  -27.311  -6.803  4.281 0.1428571492
87011  -31.437  -6.627  4.996 0.2857142985
87788  -27.090  -5.672  4.442 0.2857142985
67384  -25.671  -27.678  4.870 0.1428571492
68317  -27.026  -26.878  4.602 0.1428571492
68330  -27.601  -26.235  4.567 0.1428571492
67394  -25.255  -26.648  4.543 0.1428571492
69274  -25.581  -25.289  4.211 0.1428571492
69275  -26.598  -25.335  4.139 0.1428571492
68329  -26.677  -26.311  4.410 0.1428571492
70267  -26.435  -24.269  3.746 0.1428571492
69276  -27.547  -25.429  4.305 0.1428571492
68331  -28.209  -26.251  4.813 0.1428571492
71277  -26.745  -23.627  3.558 0.1428571492
70269  -28.397  -24.597  4.360 0.1428571492
70270  -29.265  -24.717  4.596 0.1428571492
71279  -28.328  -23.567  4.276 0.1428571492
70276  -25.970  -23.993  3.642 0.1428571492
71278  -27.367  -23.354  3.710 0.1428571492
72263  -29.268  -22.732  4.531 0.1428571492
74209  -30.188  -20.815  4.647 0.1428571492
74192  -30.874  -20.017  4.962 0.1428571492
69263  -28.799  -25.903  4.869 0.1428571492
67383  -24.609  -27.257  4.793 0.1428571492
68328  -25.796  -26.135  4.378 0.1428571492
67396  -26.374  -27.104  4.629 0.1428571492
69277  -28.447  -25.520  4.578 0.1428571492
67395  -25.726  -26.886  4.550 0.1428571492
69273  -24.322  -25.397  4.509 0.1428571492
70268  -27.472  -24.455  4.005 0.1428571492
70275  -25.750  -23.829  3.585 0.1428571492
66401  -23.591  -27.980  5.426 0.1428571492
64341  -36.956  -31.236  3.868 0.1428571492
64342  -37.109  -31.120  4.165 0.1428571492
64349  -36.118  -31.305  3.832 0.1428571492
64350  -36.548  -31.265  3.860 0.1428571492
64351  -37.198  -30.974  4.051 0.1428571492
64356  -36.213  -31.115  3.765 0.1428571492
64358  -37.004  -30.523  3.908 0.1428571492
65392  -35.919  -31.017  3.880 0.1428571492
65393  -36.198  -31.290  4.149 0.1428571492
65398  -36.077  -30.621  3.656 0.1428571492
65399  -36.507  -30.239  3.752 0.1428571492
65400  -36.925  -29.967  3.988 0.1428571492
66412  -35.721  -30.167  3.771 0.1428571492
66413  -36.093  -29.882  3.574 0.1428571492
67397  -35.460  -29.738  3.851 0.1428571492
67398  -35.671  -29.427  3.603 0.1428571492
67399  -36.274  -29.154  3.564 0.1428571492
68327  -24.910  -26.218  4.528 0.1428571492
68337  -36.273  -26.179  2.255 0.1428571492
68338  -36.636  -26.277  2.490 0.1428571492
69286  -36.547  -25.706  2.095 0.1428571492
69290  -35.752  -25.488  1.623 0.1428571492
69291  -36.071  -25.506  1.730 0.1428571492
70278  -36.323  -24.974  1.629 0.2857142985
70279  -35.359  -25.167  1.450 0.1428571492
70280  -35.837  -25.155  1.531 0.2857142985
71288  -26.836  -23.325  3.494 0.1428571492
71289  -34.820  -24.280  1.767 0.2857142985
71290  -36.349  -24.023  1.358 0.2857142985
71291  -34.860  -24.416  1.133 0.2857142985
72228  -32.100  -22.751  5.549 0.5714285970
72279  -34.727  -23.735  1.149 0.2857142985
72280  -35.339  -23.652  0.940 0.2857142985
73278  -37.203  -21.417  0.849 0.4285714328
74178  -34.551  -21.023  5.858 0.8571428657
74241  -37.483  -20.749  1.164 0.4285714328
74242  -37.693  -20.744  1.455 0.4285714328
75195  -37.612  -20.581  1.292 0.4285714328
75196  -37.765  -20.510  1.474 0.4285714328
77079  -32.958  -17.326  5.515 0.5714285970
77080  -33.436  -17.429  5.542 0.5714285970
77173  -37.245  -17.115  -1.011 0.5714285970
77174  -37.697  -17.051  -1.193 0.2857142985
77175  -36.890  -16.759  -1.047 0.5714285970
77176  -37.381  -16.827  -1.222 0.5714285970
77177  -37.723  -16.835  -1.334 0.2857142985
78031  -33.645  -17.038  5.612 0.5714285970
78073  -30.772  -16.342  4.525 0.1428571492
78119  -36.561  -16.486  -1.038 0.5714285970
78120  -36.738  -17.093  -0.722 0.5714285970
78124  -36.913  -16.307  -1.435 0.4285714328
78125  -37.514  -16.398  -1.503 0.2857142985
78972  -30.257  -15.454  4.510 0.1428571492
79029  -35.612  -14.714  -2.478 0.5714285970
79030  -35.936  -15.537  -1.968 0.4285714328
79031  -36.942  -15.591  -2.157 0.2857142985
79035  -35.622  -14.442  -2.740 0.4285714328
79036  -35.860  -14.759  -2.758 0.2857142985
79819  -33.794  -14.406  6.118 0.2857142985
79820  -34.142  -14.716  6.218 0.2857142985
79926  -35.421  -14.470  -2.191 0.5714285970
79928  -36.542  -14.504  -2.715 0.2857142985
79929  -37.156  -14.763  -2.080 0.1428571492
79934  -35.453  -14.220  -2.657 0.4285714328
79935  -35.611  -14.119  -2.989 0.4285714328
79936  -36.019  -14.232  -3.080 0.4285714328
80805  -34.537  -14.408  6.260 0.4285714328
80848  -36.564  -13.687  3.995 0.8571428657
80871  -36.291  -13.931  1.713 0.7142857313
80895  -35.324  -13.938  -2.529 0.4285714328
80896  -35.402  -13.554  -2.217 0.4285714328
80898  -37.245  -13.663  -1.838 0.1428571492
80905  -35.728  -13.408  -3.325 0.4285714328
80906  -36.259  -13.535  -3.141 0.4285714328
81914  -36.941  -12.581  -2.663 0.4285714328
81921  -36.383  -12.905  -3.287 0.4285714328
81922  -36.528  -13.039  -3.094 0.4285714328
82852  -31.705  -10.926  5.374 0.2857142985
82900  -37.104  -11.853  -2.595 0.2857142985
83773  -37.962  -9.881  1.872 0.2857142985
87791  -30.981  -6.541  4.962 0.2857142985
91613  -31.517  -0.172  -0.127 0.2857142985
91619  -31.659  0.338  -1.038 0.1428571492
91621  -32.461  -0.241  -0.946 0.1428571492
92394  -31.031  0.450  -0.072 0.1428571492
92397  -30.690  1.115  -0.289 0.1428571492
93073  -30.671  1.482  -0.434 0.1428571492
