#!ascii label  , from subject 3970 vox2ras=TkReg
996
40460  18.583  -48.796  84.468 0.0000000000
37504  14.695  -51.236  67.913 0.0000000000
34357  12.062  -54.193  82.643 0.0000000000
42621  10.712  -46.481  79.700 0.0000000000
47987  11.608  -41.581  74.666 0.0000000000
36330  15.035  -51.474  84.925 0.0000000000
41509  13.067  -47.926  85.407 0.0000000000
39512  22.383  -48.726  82.505 0.0000000000
36347  19.179  -52.128  83.284 0.0000000000
33368  15.851  -54.712  81.175 0.0000000000
48945  12.583  -40.278  82.158 0.0000000000
45903  11.770  -43.683  77.111 0.0000000000
50997  14.784  -38.263  79.229 0.0000000000
35380  10.742  -53.782  77.368 0.0000000000
37389  13.201  -51.411  76.382 0.0000000000
38461  12.601  -50.023  82.351 0.0000000000
45845  10.843  -43.863  84.799 0.0000000000
40601  15.593  -48.752  74.308 0.0000000000
44907  15.088  -44.863  71.314 0.0000000000
45977  11.376  -42.667  69.905 0.0000000000
53053  12.569  -37.238  72.902 0.0000000000
38436  17.062  -50.232  84.918 0.0000000000
40455  15.252  -48.374  85.030 0.0000000000
40469  21.326  -48.790  83.233 0.0000000000
37357  20.120  -49.563  82.814 0.0000000000
36335  18.829  -50.814  83.269 0.0000000000
35315  17.390  -52.283  83.575 0.0000000000
49940  13.418  -39.199  80.827 0.0000000000
35353  11.089  -53.929  80.043 0.0000000000
37374  11.619  -52.019  79.709 0.0000000000
37365  11.935  -51.995  81.797 0.0000000000
44753  13.756  -44.104  85.433 0.0000000000
43654  11.978  -45.620  86.206 0.0000000000
32341  13.477  -54.416  81.424 0.0000000000
32360  14.223  -54.655  80.036 0.0000000000
33384  12.251  -55.232  80.645 0.0000000000
33413  12.178  -54.702  77.719 0.0000000000
39532  14.081  -49.356  78.872 0.0000000000
39544  14.692  -49.823  75.532 0.0000000000
41572  14.529  -47.342  78.297 0.0000000000
46964  11.562  -42.601  76.005 0.0000000000
44873  13.138  -44.548  74.456 0.0000000000
45946  12.364  -43.039  73.525 0.0000000000
44910  12.913  -43.916  69.783 0.0000000000
47013  11.794  -41.473  72.302 0.0000000000
34342  13.708  -52.874  83.493 0.0000000000
36345  11.848  -52.250  84.710 0.0000000000
38445  14.012  -49.780  85.149 0.0000000000
41507  14.755  -46.580  85.294 0.0000000000
39523  23.677  -49.028  80.633 0.0000000000
40542  22.001  -48.451  78.292 0.0000000000
39526  20.921  -49.311  80.830 0.0000000000
36356  20.291  -51.953  81.005 0.0000000000
34344  17.614  -53.718  82.519 0.0000000000
33336  15.478  -53.305  82.839 0.0000000000
45862  11.919  -43.709  80.493 0.0000000000
42650  11.868  -45.550  78.325 0.0000000000
46930  11.781  -42.905  79.323 0.0000000000
48980  12.657  -40.951  78.394 0.0000000000
49979  13.125  -40.066  76.867 0.0000000000
42585  20.501  -46.946  83.406 0.0000000000
40554  26.822  -47.662  77.854 0.0000000000
40519  27.686  -47.572  80.208 0.0000000000
40483  24.802  -48.031  82.244 0.0000000000
42599  22.682  -46.882  83.019 0.0000000000
33450  11.288  -55.309  75.117 0.0000000000
35414  12.285  -53.498  74.059 0.0000000000
37392  12.010  -52.616  76.658 0.0000000000
37372  12.774  -51.132  78.915 0.0000000000
40499  11.940  -48.301  81.094 0.0000000000
39506  12.106  -48.720  84.366 0.0000000000
41522  10.803  -47.299  83.179 0.0000000000
43700  11.274  -45.651  81.865 0.0000000000
47914  11.390  -41.459  83.527 0.0000000000
37429  13.291  -51.852  73.472 0.0000000000
38531  14.158  -50.995  72.799 0.0000000000
39584  14.826  -49.577  71.249 0.0000000000
43745  14.862  -46.137  76.084 0.0000000000
43778  16.799  -46.274  73.077 0.0000000000
41684  14.489  -47.823  70.072 0.0000000000
41686  13.340  -47.458  68.430 0.0000000000
43834  11.942  -46.011  67.902 0.0000000000
52031  16.363  -37.222  76.984 0.0000000000
51025  14.507  -38.805  74.960 0.0000000000
53041  14.320  -36.303  74.642 0.0000000000
50018  12.166  -39.377  73.571 0.0000000000
50044  11.358  -39.822  71.678 0.0000000000
39496  17.989  -49.557  84.330 0.0000000000
40462  17.049  -48.648  84.736 0.0000000000
41503  17.659  -48.094  84.619 0.0000000000
40471  20.127  -48.602  84.071 0.0000000000
38448  19.842  -49.389  83.466 0.0000000000
39483  19.025  -49.569  84.017 0.0000000000
38443  17.865  -50.296  84.629 0.0000000000
36473  13.782  -52.414  66.960 0.0000000000
38601  14.207  -50.345  67.648 0.0000000000
34366  12.145  -54.128  80.989 0.0000000000
36355  11.742  -53.304  80.799 0.0000000000
35337  12.145  -53.607  82.133 0.0000000000
41580  23.621  -47.805  77.111 0.0000000000
33360  12.717  -54.356  81.952 0.0000000000
32352  12.762  -54.757  81.197 0.0000000000
33370  11.860  -55.357  81.425 0.0000000000
34375  12.419  -54.404  80.049 0.0000000000
41545  12.751  -47.618  79.736 0.0000000000
40527  14.383  -48.371  78.764 0.0000000000
41562  12.309  -46.950  79.299 0.0000000000
46974  11.558  -42.320  75.099 0.0000000000
45940  11.671  -42.785  74.609 0.0000000000
46986  11.495  -42.161  74.058 0.0000000000
45957  12.455  -42.690  72.572 0.0000000000
47994  11.570  -41.283  73.643 0.0000000000
35320  14.192  -52.301  84.523 0.0000000000
35314  13.767  -51.783  85.042 0.0000000000
36325  14.492  -51.029  85.272 0.0000000000
41497  14.867  -47.812  85.200 0.0000000000
43657  14.989  -45.060  84.528 0.0000000000
39519  22.849  -49.025  81.766 0.0000000000
39524  22.934  -49.041  80.515 0.0000000000
39520  21.702  -49.000  82.055 0.0000000000
36349  19.876  -51.447  82.862 0.0000000000
37363  20.324  -50.857  81.466 0.0000000000
36352  20.168  -51.706  82.037 0.0000000000
35336  18.343  -53.654  82.491 0.0000000000
36339  16.167  -51.899  83.829 0.0000000000
35326  16.480  -52.761  83.116 0.0000000000
35318  15.293  -52.329  83.881 0.0000000000
34341  14.629  -52.947  83.328 0.0000000000
47927  11.769  -41.938  81.666 0.0000000000
46922  12.040  -42.703  80.568 0.0000000000
47926  12.351  -41.497  81.192 0.0000000000
50986  14.060  -38.682  80.314 0.0000000000
48968  13.519  -40.356  79.692 0.0000000000
49962  13.559  -40.059  78.887 0.0000000000
48989  12.232  -41.041  77.353 0.0000000000
49968  13.758  -39.506  77.559 0.0000000000
40482  25.410  -48.103  81.943 0.0000000000
34417  10.690  -54.333  75.570 0.0000000000
35401  10.629  -53.266  75.627 0.0000000000
36370  11.150  -52.879  77.015 0.0000000000
37364  12.517  -51.509  81.249 0.0000000000
37373  12.244  -51.562  79.227 0.0000000000
38465  13.029  -50.303  81.056 0.0000000000
39521  13.113  -49.645  80.962 0.0000000000
39515  12.893  -49.327  81.940 0.0000000000
38447  12.257  -50.037  85.963 0.0000000000
38455  11.797  -49.884  85.050 0.0000000000
39499  12.452  -49.345  85.413 0.0000000000
44764  11.823  -44.817  85.562 0.0000000000
42581  12.385  -46.253  84.051 0.0000000000
43672  12.149  -45.450  83.466 0.0000000000
42603  10.810  -46.315  82.630 0.0000000000
44774  11.693  -44.696  83.918 0.0000000000
45854  11.722  -43.590  82.265 0.0000000000
46908  11.309  -42.369  84.555 0.0000000000
39534  20.511  -49.359  78.931 0.0000000000
40559  21.782  -48.401  77.295 0.0000000000
33379  17.169  -55.282  80.890 0.0000000000
33395  16.990  -56.061  79.698 0.0000000000
32348  15.405  -54.827  80.309 0.0000000000
33410  14.025  -55.150  78.679 0.0000000000
32383  14.227  -55.641  77.994 0.0000000000
34404  10.997  -54.605  77.737 0.0000000000
34410  10.682  -54.616  76.754 0.0000000000
37399  12.208  -51.772  75.435 0.0000000000
36407  12.602  -52.745  73.910 0.0000000000
38506  12.742  -51.064  75.027 0.0000000000
39547  15.229  -49.310  74.937 0.0000000000
39552  14.413  -50.126  73.758 0.0000000000
39559  14.911  -49.608  73.245 0.0000000000
39571  14.735  -49.827  72.352 0.0000000000
40627  15.101  -48.985  72.750 0.0000000000
43749  12.062  -44.930  77.369 0.0000000000
43739  13.039  -46.295  77.037 0.0000000000
44860  12.930  -45.340  76.055 0.0000000000
44888  14.752  -44.545  72.670 0.0000000000
44871  15.588  -45.179  74.108 0.0000000000
43791  15.796  -45.733  71.986 0.0000000000
41672  15.786  -47.116  71.771 0.0000000000
42733  15.125  -46.744  70.483 0.0000000000
41685  13.942  -47.557  68.999 0.0000000000
43803  14.915  -45.728  69.912 0.0000000000
45983  12.219  -43.539  69.788 0.0000000000
44919  12.477  -44.418  69.032 0.0000000000
44920  12.000  -44.358  68.392 0.0000000000
53025  16.440  -36.382  76.431 0.0000000000
51012  15.916  -37.906  76.363 0.0000000000
52040  15.580  -37.216  75.464 0.0000000000
53052  13.052  -36.760  73.234 0.0000000000
52061  13.067  -37.443  73.627 0.0000000000
51041  13.210  -38.351  73.961 0.0000000000
51056  11.893  -38.667  72.854 0.0000000000
50033  11.475  -39.783  72.464 0.0000000000
51078  11.466  -38.984  72.172 0.0000000000
37338  16.077  -50.679  84.971 0.0000000000
38439  15.200  -50.096  85.276 0.0000000000
39479  16.065  -49.752  85.053 0.0000000000
39508  21.789  -48.633  82.863 0.0000000000
39513  21.520  -48.805  82.565 0.0000000000
38453  20.987  -48.943  83.691 0.0000000000
37355  19.472  -50.182  83.119 0.0000000000
36346  19.261  -51.111  83.121 0.0000000000
35323  18.157  -52.406  83.799 0.0000000000
36336  18.156  -50.953  83.491 0.0000000000
36328  16.936  -51.253  84.327 0.0000000000
49921  12.943  -38.648  82.475 0.0000000000
49928  12.927  -39.084  81.799 0.0000000000
50960  13.247  -38.481  82.030 0.0000000000
50972  14.593  -37.871  81.178 0.0000000000
52017  15.148  -37.895  79.930 0.0000000000
35370  10.938  -53.756  78.245 0.0000000000
36366  10.785  -52.985  78.692 0.0000000000
36363  10.759  -53.224  79.671 0.0000000000
37369  11.815  -52.222  80.737 0.0000000000
38467  12.296  -51.009  82.150 0.0000000000
42566  13.277  -46.659  85.947 0.0000000000
41494  11.934  -46.899  85.976 0.0000000000
44755  13.117  -44.818  86.382 0.0000000000
45830  11.893  -44.306  87.242 0.0000000000
46896  11.747  -43.059  86.836 0.0000000000
46907  12.213  -41.432  85.245 0.0000000000
33357  15.109  -54.336  81.774 0.0000000000
32349  14.906  -54.603  80.691 0.0000000000
32350  14.202  -54.553  80.792 0.0000000000
32361  13.605  -54.622  80.371 0.0000000000
33399  13.263  -54.829  79.104 0.0000000000
34393  12.662  -55.094  78.109 0.0000000000
34384  12.858  -54.719  79.009 0.0000000000
34395  11.884  -54.001  78.374 0.0000000000
38477  13.903  -50.136  78.179 0.0000000000
38493  13.389  -50.856  75.389 0.0000000000
39536  14.695  -49.211  77.947 0.0000000000
39539  15.173  -48.844  77.267 0.0000000000
40561  15.662  -48.034  76.839 0.0000000000
45919  11.837  -43.485  76.225 0.0000000000
45918  12.309  -44.055  76.077 0.0000000000
45930  12.184  -43.693  75.402 0.0000000000
44879  13.198  -44.114  73.631 0.0000000000
44889  13.680  -44.154  72.665 0.0000000000
44909  13.600  -44.117  70.448 0.0000000000
45966  12.808  -43.103  71.847 0.0000000000
45967  11.994  -42.673  71.456 0.0000000000
47022  11.485  -41.982  71.047 0.0000000000
53068  13.062  -36.843  72.645 0.0000000000
52099  12.014  -38.137  71.616 0.0000000000
52080  13.854  -37.084  72.027 0.0000000000
34349  12.815  -53.291  82.965 0.0000000000
35332  11.999  -53.474  83.222 0.0000000000
35322  12.507  -52.545  84.896 0.0000000000
37349  12.818  -50.594  84.879 0.0000000000
38451  13.444  -49.162  85.035 0.0000000000
39481  14.841  -49.467  85.197 0.0000000000
40457  14.183  -48.282  85.336 0.0000000000
41499  13.683  -47.456  85.582 0.0000000000
42564  14.420  -45.962  85.443 0.0000000000
40523  24.164  -48.371  79.481 0.0000000000
40541  22.873  -48.284  78.480 0.0000000000
39529  22.627  -48.864  79.810 0.0000000000
38464  20.260  -49.803  81.833 0.0000000000
38469  20.529  -49.896  80.915 0.0000000000
37370  20.280  -51.549  79.087 0.0000000000
34364  17.516  -54.617  81.619 0.0000000000
33355  16.681  -54.018  82.030 0.0000000000
35331  17.206  -53.175  82.899 0.0000000000
34346  16.560  -53.511  82.548 0.0000000000
33345  15.635  -53.656  82.489 0.0000000000
33346  14.736  -53.852  82.361 0.0000000000
33339  13.757  -53.364  82.723 0.0000000000
43720  12.113  -45.443  80.175 0.0000000000
42635  11.759  -45.768  79.257 0.0000000000
44804  11.898  -44.550  79.869 0.0000000000
45881  11.694  -43.722  78.667 0.0000000000
46938  11.775  -43.022  78.293 0.0000000000
47937  12.685  -41.324  80.160 0.0000000000
47948  12.481  -41.537  78.714 0.0000000000
47959  11.926  -42.368  77.749 0.0000000000
47970  11.608  -42.088  76.758 0.0000000000
47980  11.658  -41.387  76.185 0.0000000000
49010  11.959  -40.913  75.604 0.0000000000
42574  20.165  -47.249  83.626 0.0000000000
40538  25.980  -47.739  78.704 0.0000000000
40534  29.148  -47.392  78.916 0.0000000000
41557  28.537  -47.107  79.633 0.0000000000
40535  28.470  -47.421  79.240 0.0000000000
40536  27.667  -47.606  79.111 0.0000000000
40537  26.879  -47.699  78.952 0.0000000000
40522  25.087  -47.994  79.679 0.0000000000
40495  24.027  -48.681  81.902 0.0000000000
40484  23.869  -47.957  82.385 0.0000000000
41528  23.489  -47.432  82.692 0.0000000000
40485  22.835  -48.193  82.764 0.0000000000
41519  21.990  -47.820  83.404 0.0000000000
41520  21.049  -47.779  83.689 0.0000000000
37416  11.469  -52.374  75.030 0.0000000000
37391  12.447  -52.064  76.365 0.0000000000
37379  11.575  -52.087  78.462 0.0000000000
37378  12.494  -51.470  78.166 0.0000000000
38483  12.950  -51.210  77.708 0.0000000000
38474  13.693  -50.148  79.089 0.0000000000
40509  13.234  -48.579  80.146 0.0000000000
40511  11.097  -47.826  80.522 0.0000000000
36348  11.837  -52.539  83.685 0.0000000000
38462  11.875  -50.257  83.004 0.0000000000
39510  12.195  -48.951  83.464 0.0000000000
41510  12.423  -47.086  84.653 0.0000000000
39511  12.333  -48.151  83.662 0.0000000000
39516  12.451  -48.912  82.667 0.0000000000
40489  11.189  -48.164  82.649 0.0000000000
41535  10.370  -47.057  81.328 0.0000000000
42609  10.862  -46.115  81.029 0.0000000000
44777  11.950  -44.308  81.627 0.0000000000
46917  11.701  -42.731  81.821 0.0000000000
48937  12.011  -40.591  82.963 0.0000000000
47905  12.394  -40.832  84.759 0.0000000000
48928  12.294  -40.413  83.713 0.0000000000
49922  12.738  -39.226  82.881 0.0000000000
32380  16.560  -56.500  78.148 0.0000000000
32359  14.822  -54.784  79.769 0.0000000000
38505  13.219  -50.997  74.547 0.0000000000
37428  13.763  -51.414  73.117 0.0000000000
38566  15.131  -50.278  69.625 0.0000000000
42639  13.184  -46.638  78.225 0.0000000000
42646  14.589  -46.745  77.526 0.0000000000
41592  15.958  -47.116  76.166 0.0000000000
44865  14.066  -45.444  75.124 0.0000000000
43752  15.805  -45.949  75.229 0.0000000000
41629  16.527  -47.472  73.990 0.0000000000
40634  15.566  -48.121  72.233 0.0000000000
40643  14.955  -48.642  70.760 0.0000000000
39608  14.680  -49.156  69.114 0.0000000000
40667  13.804  -48.469  68.410 0.0000000000
43817  13.093  -45.680  68.792 0.0000000000
42762  12.315  -46.583  67.874 0.0000000000
52016  15.734  -37.439  79.516 0.0000000000
52024  16.233  -37.272  78.148 0.0000000000
50996  15.574  -37.908  78.430 0.0000000000
51014  14.519  -38.953  77.138 0.0000000000
49993  13.316  -40.069  75.748 0.0000000000
49019  12.130  -40.571  74.756 0.0000000000
52050  14.494  -37.288  74.586 0.0000000000
50006  13.092  -39.558  74.498 0.0000000000
50007  12.005  -40.061  74.116 0.0000000000
49033  11.576  -40.448  73.097 0.0000000000
48023  11.546  -41.175  71.849 0.0000000000
48042  11.375  -41.561  70.501 0.0000000000
49075  11.494  -41.095  69.910 0.0000000000
40461  17.652  -48.831  84.659 0.0000000000
41514  18.725  -47.860  84.201 0.0000000000
40472  19.503  -48.648  84.146 0.0000000000
39503  19.862  -48.970  83.958 0.0000000000
39495  19.089  -49.379  84.234 0.0000000000
39484  18.247  -49.824  84.412 0.0000000000
36472  14.534  -52.227  67.420 0.0000000000
37505  13.983  -51.224  67.173 0.0000000000
34365  11.784  -54.542  81.967 0.0000000000
35344  12.111  -53.679  81.223 0.0000000000
40539  24.885  -47.886  78.304 0.0000000000
41579  24.432  -47.702  77.456 0.0000000000
41570  24.258  -47.918  77.992 0.0000000000
33361  12.134  -54.937  82.189 0.0000000000
32353  12.334  -55.490  81.803 0.0000000000
41546  11.385  -47.263  79.640 0.0000000000
41563  11.639  -46.813  79.205 0.0000000000
35312  14.587  -51.908  84.733 0.0000000000
36331  14.516  -51.483  85.114 0.0000000000
40496  23.262  -48.556  82.399 0.0000000000
36350  19.578  -52.448  82.529 0.0000000000
36353  19.803  -52.710  81.529 0.0000000000
35342  19.178  -53.365  82.103 0.0000000000
35335  18.876  -53.085  83.031 0.0000000000
36329  15.921  -51.329  84.520 0.0000000000
35310  15.648  -51.943  84.016 0.0000000000
35311  15.157  -51.886  84.417 0.0000000000
35319  14.734  -52.306  84.251 0.0000000000
48946  11.897  -41.113  82.226 0.0000000000
50998  14.151  -38.958  79.232 0.0000000000
49951  13.840  -39.367  79.634 0.0000000000
49961  13.793  -39.515  78.599 0.0000000000
51006  14.318  -38.945  78.275 0.0000000000
35390  10.610  -53.532  76.458 0.0000000000
38466  12.835  -50.486  81.627 0.0000000000
38472  12.888  -50.997  80.752 0.0000000000
39522  13.014  -49.844  81.453 0.0000000000
39492  12.487  -49.023  85.748 0.0000000000
40459  12.376  -48.172  85.534 0.0000000000
44769  10.958  -44.811  85.058 0.0000000000
44768  11.364  -44.943  84.651 0.0000000000
45848  11.184  -43.695  83.457 0.0000000000
33380  16.066  -55.319  80.238 0.0000000000
33411  13.639  -55.556  78.020 0.0000000000
37390  12.920  -51.616  76.123 0.0000000000
37398  12.587  -51.417  75.313 0.0000000000
38494  13.040  -51.232  75.689 0.0000000000
40589  15.799  -48.557  75.231 0.0000000000
39551  14.992  -49.429  74.015 0.0000000000
40614  15.368  -48.883  73.463 0.0000000000
44852  11.907  -44.387  77.527 0.0000000000
43748  12.135  -45.300  76.951 0.0000000000
44862  12.008  -44.394  76.788 0.0000000000
44899  14.584  -44.471  71.800 0.0000000000
44887  15.739  -44.964  72.654 0.0000000000
44898  15.309  -44.958  71.870 0.0000000000
43802  15.461  -45.566  70.970 0.0000000000
45984  11.710  -43.406  69.330 0.0000000000
54004  16.450  -35.216  76.501 0.0000000000
54013  16.199  -35.853  76.005 0.0000000000
53032  15.905  -36.398  75.741 0.0000000000
52062  12.478  -37.648  73.094 0.0000000000
51077  11.771  -38.393  72.390 0.0000000000
37337  16.739  -50.606  84.822 0.0000000000
38437  16.444  -50.273  85.026 0.0000000000
39478  16.719  -49.928  85.038 0.0000000000
41504  16.704  -47.825  84.631 0.0000000000
39500  21.354  -48.888  83.516 0.0000000000
38456  21.088  -49.026  83.401 0.0000000000
37351  19.195  -50.092  83.360 0.0000000000
37350  19.790  -49.863  83.176 0.0000000000
36342  19.079  -50.808  83.315 0.0000000000
36343  18.433  -51.752  83.506 0.0000000000
38444  16.961  -50.869  84.625 0.0000000000
37344  17.637  -50.962  84.244 0.0000000000
37336  17.001  -50.671  84.754 0.0000000000
37346  16.495  -50.918  84.688 0.0000000000
51995  14.540  -37.612  81.800 0.0000000000
51994  14.981  -37.396  81.265 0.0000000000
50985  14.713  -38.031  80.577 0.0000000000
52003  15.550  -37.041  80.657 0.0000000000
35361  10.916  -53.783  79.156 0.0000000000
36354  11.864  -52.946  81.400 0.0000000000
36358  11.497  -52.904  80.716 0.0000000000
43648  13.787  -45.405  85.944 0.0000000000
43649  13.061  -45.929  86.407 0.0000000000
44754  13.575  -44.441  85.768 0.0000000000
46890  12.755  -43.673  87.096 0.0000000000
46892  11.689  -43.975  86.236 0.0000000000
45834  12.290  -42.395  87.229 0.0000000000
45840  12.036  -41.801  86.948 0.0000000000
33358  14.176  -54.294  81.898 0.0000000000
32340  14.226  -54.480  81.350 0.0000000000
32351  13.505  -54.559  80.949 0.0000000000
32362  12.896  -54.709  80.642 0.0000000000
33383  13.151  -54.703  79.867 0.0000000000
34374  12.714  -54.575  79.868 0.0000000000
34376  12.076  -53.976  80.244 0.0000000000
34386  11.977  -53.868  79.523 0.0000000000
38481  14.117  -50.276  77.139 0.0000000000
40526  14.653  -47.935  78.482 0.0000000000
40544  14.721  -48.634  78.246 0.0000000000
40543  14.997  -48.291  77.963 0.0000000000
41583  15.214  -47.401  77.471 0.0000000000
45931  11.699  -43.091  75.302 0.0000000000
46985  11.831  -42.811  73.998 0.0000000000
45939  12.175  -43.392  74.459 0.0000000000
45945  12.765  -43.591  73.687 0.0000000000
44890  13.129  -43.807  73.145 0.0000000000
45955  13.205  -43.768  72.738 0.0000000000
45965  13.260  -43.657  72.189 0.0000000000
45956  12.897  -43.353  72.868 0.0000000000
47012  12.090  -41.988  72.242 0.0000000000
47030  11.559  -42.344  70.953 0.0000000000
47021  11.725  -42.036  71.411 0.0000000000
54046  13.569  -36.267  73.015 0.0000000000
53067  13.952  -36.655  72.359 0.0000000000
52081  13.356  -37.194  72.093 0.0000000000
34343  13.061  -52.835  83.569 0.0000000000
35327  13.189  -52.705  83.948 0.0000000000
36332  14.062  -51.295  85.183 0.0000000000
36333  13.401  -51.367  84.942 0.0000000000
37348  13.687  -50.569  84.960 0.0000000000
38446  13.118  -49.641  84.817 0.0000000000
39480  15.367  -49.453  85.093 0.0000000000
40451  14.957  -48.958  85.089 0.0000000000
40456  14.681  -48.488  85.176 0.0000000000
41498  14.486  -47.280  85.465 0.0000000000
42565  14.015  -46.489  85.863 0.0000000000
40507  23.668  -48.789  80.166 0.0000000000
40524  23.192  -48.578  79.474 0.0000000000
39525  21.644  -49.133  81.056 0.0000000000
39530  21.999  -48.980  80.003 0.0000000000
39531  20.967  -49.306  80.117 0.0000000000
38459  20.657  -49.180  82.367 0.0000000000
38460  20.174  -49.658  82.233 0.0000000000
37366  20.366  -51.154  80.385 0.0000000000
36360  20.264  -52.074  80.032 0.0000000000
36357  19.980  -52.841  80.425 0.0000000000
34354  17.941  -54.223  82.099 0.0000000000
33367  16.751  -54.464  81.699 0.0000000000
34355  17.149  -54.033  82.141 0.0000000000
36344  17.901  -52.229  83.762 0.0000000000
35324  17.927  -52.919  84.145 0.0000000000
34332  16.075  -52.920  83.158 0.0000000000
34338  16.511  -53.156  82.853 0.0000000000
34347  16.206  -53.416  82.651 0.0000000000
33344  16.200  -53.629  82.441 0.0000000000
33337  15.038  -53.370  82.836 0.0000000000
34335  14.363  -52.591  83.954 0.0000000000
33338  14.336  -53.330  82.803 0.0000000000
34348  13.398  -53.238  82.820 0.0000000000
44785  12.033  -44.635  80.783 0.0000000000
45872  11.766  -43.681  79.619 0.0000000000
50975  13.215  -38.911  81.366 0.0000000000
48959  12.917  -40.173  81.049 0.0000000000
49941  13.276  -39.461  80.988 0.0000000000
48979  13.377  -40.513  79.125 0.0000000000
48969  13.252  -40.516  79.883 0.0000000000
47958  12.108  -41.591  77.529 0.0000000000
48999  12.491  -40.564  77.175 0.0000000000
49000  11.856  -41.016  76.450 0.0000000000
49001  11.699  -41.286  75.837 0.0000000000
49009  12.512  -40.647  76.200 0.0000000000
42575  19.563  -47.151  83.639 0.0000000000
42601  20.193  -46.338  82.931 0.0000000000
40570  26.707  -47.328  76.910 0.0000000000
40501  27.824  -47.536  80.752 0.0000000000
41541  27.888  -47.301  80.757 0.0000000000
40518  27.972  -47.484  80.371 0.0000000000
40521  26.053  -47.657  80.021 0.0000000000
40494  24.897  -48.352  81.570 0.0000000000
42598  23.922  -46.763  82.693 0.0000000000
41529  22.662  -47.706  83.083 0.0000000000
42600  21.351  -46.587  82.949 0.0000000000
42584  21.730  -47.196  83.344 0.0000000000
41521  20.466  -47.390  83.644 0.0000000000
33449  12.056  -55.202  74.714 0.0000000000
34426  11.212  -54.420  74.588 0.0000000000
36372  11.010  -52.625  76.162 0.0000000000
36388  11.015  -52.606  75.223 0.0000000000
37400  11.757  -52.291  75.673 0.0000000000
36365  11.002  -52.462  79.344 0.0000000000
37380  11.307  -52.568  78.078 0.0000000000
37367  12.869  -51.172  79.823 0.0000000000
38479  12.791  -51.131  78.163 0.0000000000
37377  12.775  -51.129  78.420 0.0000000000
38478  13.171  -50.799  78.423 0.0000000000
38475  13.228  -50.661  79.409 0.0000000000
40486  13.028  -49.023  81.155 0.0000000000
40497  13.152  -49.051  80.745 0.0000000000
40498  12.702  -48.607  80.854 0.0000000000
40510  12.199  -47.955  80.392 0.0000000000
38458  11.790  -50.040  84.156 0.0000000000
42563  11.924  -46.455  86.412 0.0000000000
41501  12.619  -47.135  85.345 0.0000000000
42567  12.388  -46.264  85.776 0.0000000000
42582  12.203  -46.637  83.766 0.0000000000
41511  12.235  -47.115  84.114 0.0000000000
40479  11.458  -47.889  83.413 0.0000000000
39517  12.281  -48.140  83.082 0.0000000000
42610  10.529  -46.371  81.694 0.0000000000
42623  10.405  -46.481  81.049 0.0000000000
43699  11.912  -45.785  80.914 0.0000000000
44786  11.992  -45.049  81.503 0.0000000000
46911  11.072  -42.605  82.967 0.0000000000
47920  11.203  -41.818  82.438 0.0000000000
48938  11.354  -41.045  82.770 0.0000000000
40557  23.370  -48.119  77.835 0.0000000000
33396  15.904  -55.711  79.528 0.0000000000
32368  16.224  -56.246  78.952 0.0000000000
32439  11.992  -55.993  74.970 0.0000000000
37430  12.873  -52.264  73.768 0.0000000000
35432  13.133  -53.523  73.189 0.0000000000
36422  13.323  -52.833  73.048 0.0000000000
38485  14.132  -50.428  75.995 0.0000000000
38492  13.899  -50.378  75.004 0.0000000000
38518  13.926  -50.972  73.501 0.0000000000
37439  13.765  -51.781  72.633 0.0000000000
37452  14.174  -51.638  71.791 0.0000000000
38541  14.502  -50.641  71.638 0.0000000000
38553  14.856  -50.472  70.634 0.0000000000
39597  14.962  -49.448  70.199 0.0000000000
42642  11.734  -45.628  78.870 0.0000000000
42641  11.678  -46.048  78.523 0.0000000000
42640  12.204  -46.367  78.255 0.0000000000
43738  13.492  -46.283  76.878 0.0000000000
42647  13.579  -46.449  77.482 0.0000000000
42657  14.758  -46.483  76.766 0.0000000000
42656  15.486  -46.638  76.349 0.0000000000
44867  12.683  -44.305  75.433 0.0000000000
44866  13.251  -45.241  75.366 0.0000000000
44872  14.337  -45.170  74.460 0.0000000000
44876  16.088  -45.100  73.432 0.0000000000
43757  17.055  -46.041  74.024 0.0000000000
42676  16.757  -46.499  74.560 0.0000000000
42687  16.871  -46.769  73.785 0.0000000000
41646  16.130  -47.553  73.226 0.0000000000
41658  15.835  -47.528  72.304 0.0000000000
41673  15.390  -47.664  71.291 0.0000000000
40653  14.654  -48.683  69.814 0.0000000000
39619  14.340  -49.125  68.532 0.0000000000
40654  14.092  -48.294  68.917 0.0000000000
41696  12.812  -47.351  67.997 0.0000000000
44917  14.204  -44.981  69.881 0.0000000000
44918  13.408  -44.785  69.466 0.0000000000
43818  12.271  -45.572  68.268 0.0000000000
42763  11.891  -46.502  67.489 0.0000000000
53020  16.724  -36.283  77.567 0.0000000000
51004  15.827  -37.923  77.406 0.0000000000
51005  15.068  -38.429  77.852 0.0000000000
49991  14.790  -38.881  75.602 0.0000000000
49977  14.798  -39.022  76.080 0.0000000000
49992  14.260  -39.206  75.403 0.0000000000
50005  14.058  -39.033  74.796 0.0000000000
54024  13.984  -35.332  74.610 0.0000000000
54023  14.318  -35.544  74.985 0.0000000000
53034  14.554  -35.842  75.065 0.0000000000
53040  14.709  -36.768  74.836 0.0000000000
50017  12.731  -38.974  73.788 0.0000000000
50008  11.740  -40.074  73.568 0.0000000000
49049  11.431  -40.510  72.168 0.0000000000
49059  11.290  -40.783  71.190 0.0000000000
48033  11.427  -41.607  71.145 0.0000000000
51097  11.839  -38.735  71.228 0.0000000000
39477  17.248  -49.969  84.878 0.0000000000
39486  17.066  -49.475  84.902 0.0000000000
39505  17.122  -49.098  84.861 0.0000000000
41515  17.581  -47.349  84.309 0.0000000000
40470  20.700  -48.531  83.965 0.0000000000
39501  20.773  -48.968  83.337 0.0000000000
39502  20.347  -48.902  84.145 0.0000000000
39494  19.712  -49.261  83.798 0.0000000000
38449  19.198  -49.633  83.767 0.0000000000
37343  17.991  -50.328  83.813 0.0000000000
38442  18.452  -49.801  84.019 0.0000000000
39476  18.040  -50.001  84.893 0.0000000000
37506  13.429  -50.846  66.852 0.0000000000
38602  13.540  -49.989  67.342 0.0000000000
35345  11.853  -53.687  80.547 0.0000000000
36359  11.083  -53.361  80.459 0.0000000000
36351  11.893  -52.765  82.551 0.0000000000
33359  13.393  -54.154  81.857 0.0000000000
32342  12.800  -54.607  81.623 0.0000000000
32363  12.253  -55.645  81.191 0.0000000000
33371  11.907  -54.973  80.700 0.0000000000
40508  13.818  -48.761  79.404 0.0000000000
41544  13.653  -48.073  79.513 0.0000000000
41561  13.610  -47.262  79.012 0.0000000000
47981  11.558  -41.734  75.795 0.0000000000
46999  11.996  -42.397  73.271 0.0000000000
47000  11.777  -41.697  73.064 0.0000000000
34336  13.941  -52.576  84.233 0.0000000000
35313  14.103  -51.896  84.937 0.0000000000
37347  14.279  -50.578  85.253 0.0000000000
41506  15.184  -47.105  85.146 0.0000000000
42570  14.890  -45.980  84.987 0.0000000000
39518  23.626  -49.088  81.161 0.0000000000
37358  19.705  -50.340  82.845 0.0000000000
37361  19.977  -50.351  82.336 0.0000000000
36338  16.779  -51.734  83.881 0.0000000000
35316  16.666  -52.294  83.408 0.0000000000
35317  15.959  -52.428  83.519 0.0000000000
34333  15.557  -52.768  83.379 0.0000000000
34340  15.266  -53.044  83.178 0.0000000000
34334  14.962  -52.665  83.689 0.0000000000
46923  11.974  -42.593  81.281 0.0000000000
47938  12.278  -42.182  80.033 0.0000000000
50987  13.642  -39.141  80.483 0.0000000000
49953  13.459  -39.708  80.513 0.0000000000
49952  13.605  -39.852  79.952 0.0000000000
48988  12.772  -40.498  78.143 0.0000000000
49969  13.055  -39.953  77.893 0.0000000000
40553  27.668  -47.709  78.035 0.0000000000
40502  27.635  -47.585  80.862 0.0000000000
40493  25.435  -48.052  81.418 0.0000000000
41526  25.670  -47.551  82.314 0.0000000000
37368  12.343  -51.638  80.244 0.0000000000
38471  13.194  -50.382  80.331 0.0000000000
39514  13.007  -49.301  81.446 0.0000000000
40487  12.702  -48.750  81.448 0.0000000000
37353  12.172  -50.944  85.688 0.0000000000
37356  11.775  -51.039  85.082 0.0000000000
38452  11.860  -50.283  85.697 0.0000000000
43660  12.133  -45.176  85.798 0.0000000000
42572  12.541  -46.135  84.816 0.0000000000
43658  12.357  -44.950  84.893 0.0000000000
42590  12.388  -45.881  83.717 0.0000000000
42592  11.793  -46.393  83.244 0.0000000000
43683  11.734  -45.607  82.822 0.0000000000
44778  11.847  -44.658  82.509 0.0000000000
39537  21.065  -48.724  78.079 0.0000000000
32358  15.400  -55.152  79.565 0.0000000000
32371  14.296  -54.939  79.151 0.0000000000
33426  11.868  -54.638  77.567 0.0000000000
33425  12.163  -55.250  77.367 0.0000000000
33441  10.886  -55.465  76.013 0.0000000000
36386  12.052  -52.768  74.349 0.0000000000
37414  12.573  -51.797  74.391 0.0000000000
37413  13.163  -51.477  74.081 0.0000000000
39548  14.507  -49.952  74.545 0.0000000000
39560  14.493  -50.367  73.091 0.0000000000
38530  14.397  -50.604  72.323 0.0000000000
43741  11.974  -44.903  78.141 0.0000000000
42649  11.917  -45.861  77.854 0.0000000000
43740  12.058  -45.414  77.517 0.0000000000
43747  12.764  -45.895  76.500 0.0000000000
43755  13.351  -45.681  75.973 0.0000000000
44878  13.940  -44.662  73.517 0.0000000000
44877  15.117  -44.781  73.491 0.0000000000
43779  16.531  -45.791  72.808 0.0000000000
42718  16.009  -46.590  72.216 0.0000000000
42732  15.699  -46.587  71.391 0.0000000000
42747  14.342  -46.802  69.596 0.0000000000
42748  13.597  -46.727  68.845 0.0000000000
43819  11.870  -45.220  68.015 0.0000000000
52039  16.161  -37.185  76.063 0.0000000000
51023  15.798  -37.711  75.776 0.0000000000
51024  15.190  -38.366  75.382 0.0000000000
53042  13.646  -36.382  73.978 0.0000000000
52051  13.795  -37.315  74.176 0.0000000000
51055  12.529  -38.413  73.441 0.0000000000
50019  11.656  -39.618  73.027 0.0000000000
51057  11.570  -39.289  72.628 0.0000000000
36322  15.709  -50.911  85.005 0.0000000000
36323  15.332  -51.018  85.126 0.0000000000
37339  15.510  -50.597  85.193 0.0000000000
38438  15.775  -50.180  85.146 0.0000000000
39488  15.750  -49.075  84.897 0.0000000000
39487  16.327  -49.259  84.890 0.0000000000
40454  15.941  -48.340  84.837 0.0000000000
39509  21.431  -48.743  82.790 0.0000000000
38457  20.968  -49.067  82.740 0.0000000000
38454  20.622  -49.148  83.455 0.0000000000
37354  20.001  -49.729  83.062 0.0000000000
36337  17.579  -51.568  83.726 0.0000000000
36326  17.742  -50.762  83.805 0.0000000000
36327  17.531  -51.001  84.009 0.0000000000
49927  13.024  -38.653  81.952 0.0000000000
50961  13.117  -38.710  81.688 0.0000000000
50974  13.434  -38.749  81.228 0.0000000000
50973  14.106  -38.077  81.492 0.0000000000
36368  10.890  -53.033  77.823 0.0000000000
36362  11.208  -52.663  80.130 0.0000000000
41500  12.733  -47.365  85.592 0.0000000000
42562  12.465  -46.551  86.272 0.0000000000
44759  11.838  -45.481  86.719 0.0000000000
45828  13.301  -43.834  86.320 0.0000000000
44756  12.079  -45.125  86.910 0.0000000000
44760  11.787  -44.983  86.329 0.0000000000
45836  11.885  -44.356  85.806 0.0000000000
46897  11.834  -43.811  85.886 0.0000000000
46902  11.102  -43.232  85.827 0.0000000000
46901  11.887  -42.077  86.053 0.0000000000
33369  15.159  -54.521  81.250 0.0000000000
32339  14.735  -54.495  81.202 0.0000000000
33382  13.800  -54.708  79.718 0.0000000000
33398  13.685  -54.900  79.012 0.0000000000
33412  13.194  -55.182  78.472 0.0000000000
34394  12.348  -54.551  78.288 0.0000000000
34385  12.414  -54.310  79.218 0.0000000000
33414  12.128  -54.393  77.936 0.0000000000
38482  13.420  -50.794  77.466 0.0000000000
38486  13.455  -51.011  76.387 0.0000000000
39540  14.760  -49.635  76.693 0.0000000000
39543  15.432  -48.980  76.110 0.0000000000
40576  15.881  -48.226  75.967 0.0000000000
44874  12.625  -43.895  74.825 0.0000000000
44908  14.653  -44.722  70.756 0.0000000000
44900  13.847  -44.053  71.537 0.0000000000
45974  13.263  -43.553  71.326 0.0000000000
45975  12.593  -43.376  70.691 0.0000000000
45976  11.625  -42.951  70.397 0.0000000000
47031  11.421  -42.167  70.533 0.0000000000
53069  12.695  -37.057  72.806 0.0000000000
52082  12.320  -37.639  72.412 0.0000000000
52097  14.289  -37.404  71.511 0.0000000000
37503  15.159  -51.576  68.224 0.0000000000
35328  12.432  -53.047  84.172 0.0000000000
35321  13.394  -52.301  84.644 0.0000000000
36340  13.061  -51.666  84.874 0.0000000000
36334  12.812  -51.238  84.989 0.0000000000
39491  13.140  -48.863  85.091 0.0000000000
37340  15.049  -50.601  85.346 0.0000000000
37341  14.674  -50.588  85.339 0.0000000000
38441  14.514  -50.028  85.278 0.0000000000
40452  14.775  -48.833  85.131 0.0000000000
39490  14.459  -49.238  85.201 0.0000000000
39497  13.975  -48.959  85.231 0.0000000000
40465  13.710  -48.278  85.366 0.0000000000
41508  13.324  -47.855  85.449 0.0000000000
43652  13.947  -45.954  85.972 0.0000000000
43647  14.066  -44.946  85.431 0.0000000000
43651  14.461  -45.049  84.909 0.0000000000
40540  23.805  -48.148  78.480 0.0000000000
40525  22.323  -48.583  79.244 0.0000000000
39533  21.399  -48.780  79.161 0.0000000000
38463  20.890  -49.266  81.615 0.0000000000
38473  20.368  -50.293  79.685 0.0000000000
38476  20.103  -50.366  78.469 0.0000000000
34373  18.034  -55.044  81.165 0.0000000000
33356  16.205  -54.015  82.079 0.0000000000
35329  18.440  -52.636  83.601 0.0000000000
35330  17.803  -53.217  83.105 0.0000000000
35325  17.164  -52.864  83.161 0.0000000000
34337  16.885  -53.220  82.795 0.0000000000
34345  17.083  -53.472  82.615 0.0000000000
34356  16.705  -53.769  82.276 0.0000000000
33347  13.958  -53.848  82.359 0.0000000000
33348  13.223  -53.673  82.314 0.0000000000
33349  12.533  -54.017  82.293 0.0000000000
43719  11.951  -46.207  79.882 0.0000000000
42634  11.426  -46.290  79.154 0.0000000000
43729  11.871  -45.920  79.451 0.0000000000
43730  11.886  -45.398  79.368 0.0000000000
43736  11.865  -45.117  78.583 0.0000000000
44821  11.707  -44.494  79.013 0.0000000000
44838  11.865  -44.429  78.220 0.0000000000
45890  11.797  -43.739  77.851 0.0000000000
46946  11.758  -43.148  77.532 0.0000000000
47925  12.669  -40.801  81.184 0.0000000000
47949  12.015  -42.204  78.998 0.0000000000
46955  11.686  -42.895  76.869 0.0000000000
47969  11.718  -41.456  76.668 0.0000000000
49011  11.793  -41.209  75.123 0.0000000000
42586  19.325  -46.418  83.229 0.0000000000
41569  28.934  -47.271  79.204 0.0000000000
40520  26.910  -47.640  80.150 0.0000000000
42597  24.915  -46.785  82.644 0.0000000000
41527  24.542  -47.360  82.530 0.0000000000
40477  21.955  -48.373  83.148 0.0000000000
40478  21.575  -48.291  83.451 0.0000000000
42583  22.358  -47.389  83.223 0.0000000000
41512  20.568  -48.068  84.030 0.0000000000
41513  20.091  -47.834  83.869 0.0000000000
35416  10.827  -53.459  74.823 0.0000000000
36387  11.393  -52.752  74.621 0.0000000000
37415  11.783  -52.197  74.834 0.0000000000
37386  11.773  -52.652  77.576 0.0000000000
37385  12.299  -52.119  77.381 0.0000000000
37384  12.904  -51.756  77.138 0.0000000000
37383  13.213  -51.391  76.892 0.0000000000
39527  13.648  -49.421  79.629 0.0000000000
38470  13.462  -50.060  79.779 0.0000000000
41547  10.549  -47.131  80.232 0.0000000000
37362  11.914  -51.671  82.860 0.0000000000
37359  11.831  -51.341  83.951 0.0000000000
40467  12.451  -47.955  84.763 0.0000000000
40475  12.363  -48.094  84.289 0.0000000000
40476  12.247  -47.712  83.990 0.0000000000
39507  12.319  -48.116  84.049 0.0000000000
40488  12.252  -48.340  81.934 0.0000000000
40500  10.881  -47.980  81.478 0.0000000000
41530  10.546  -47.241  82.165 0.0000000000
40512  10.607  -47.407  80.851 0.0000000000
42608  11.011  -46.059  80.315 0.0000000000
45853  11.954  -43.653  81.306 0.0000000000
48947  11.443  -41.396  82.232 0.0000000000
47906  11.994  -41.379  84.355 0.0000000000
47913  12.134  -40.862  83.934 0.0000000000
47912  12.464  -40.406  84.399 0.0000000000
48929  11.782  -40.823  83.369 0.0000000000
48936  12.512  -39.913  83.377 0.0000000000
42576  18.437  -46.940  83.780 0.0000000000
41581  22.875  -47.760  76.717 0.0000000000
32369  15.442  -55.703  78.841 0.0000000000
35433  12.785  -53.473  73.583 0.0000000000
38504  13.891  -50.619  74.212 0.0000000000
38519  13.474  -51.197  73.957 0.0000000000
36421  13.591  -52.552  72.669 0.0000000000
36436  13.908  -52.632  72.009 0.0000000000
37496  15.081  -51.191  68.464 0.0000000000
42633  11.980  -46.436  78.960 0.0000000000
42632  12.629  -46.698  78.758 0.0000000000
41573  13.926  -46.882  78.531 0.0000000000
42648  12.494  -46.257  77.411 0.0000000000
42638  14.043  -46.714  78.096 0.0000000000
41582  15.613  -47.249  76.753 0.0000000000
40560  15.797  -47.505  76.459 0.0000000000
40588  16.183  -47.873  75.390 0.0000000000
44861  12.590  -44.857  76.230 0.0000000000
43754  14.153  -45.742  75.626 0.0000000000
43759  15.309  -45.483  74.831 0.0000000000
43744  15.498  -46.200  75.768 0.0000000000
42666  16.054  -46.558  75.626 0.0000000000
41602  16.719  -47.005  74.914 0.0000000000
40600  16.128  -48.069  74.582 0.0000000000
40613  15.897  -48.163  73.728 0.0000000000
40626  15.636  -48.290  72.797 0.0000000000
40635  15.231  -48.635  71.909 0.0000000000
41659  15.546  -48.013  71.914 0.0000000000
38583  14.692  -50.048  68.419 0.0000000000
38584  13.973  -49.593  67.777 0.0000000000
39632  13.495  -49.177  67.699 0.0000000000
43816  13.949  -45.822  69.365 0.0000000000
42749  12.857  -46.629  68.322 0.0000000000
41697  12.391  -47.284  67.640 0.0000000000
53000  16.112  -36.482  80.128 0.0000000000
53011  16.542  -36.536  78.950 0.0000000000
51013  15.335  -38.532  76.695 0.0000000000
49978  13.985  -39.515  76.461 0.0000000000
49018  12.592  -40.511  75.299 0.0000000000
52049  15.046  -37.282  74.946 0.0000000000
51040  14.211  -38.371  74.524 0.0000000000
49020  11.674  -40.754  74.139 0.0000000000
48008  11.575  -41.086  72.697 0.0000000000
47039  11.340  -42.127  69.927 0.0000000000
52100  11.644  -38.637  71.700 0.0000000000
51098  11.524  -39.167  71.402 0.0000000000
49066  11.396  -40.916  70.364 0.0000000000
45985  11.367  -42.700  69.371 0.0000000000
32343  12.537  -55.154  82.145 0.0000000000
33385  12.398  -54.640  80.497 0.0000000000
34339  15.851  -53.193  82.933 0.0000000000
34403  12.345  -54.948  77.778 0.0000000000
36324  14.843  -51.063  85.272 0.0000000000
36341  12.440  -51.864  85.297 0.0000000000
36406  13.020  -52.760  73.483 0.0000000000
37342  18.711  -50.030  83.653 0.0000000000
37345  16.943  -51.044  84.514 0.0000000000
37352  18.552  -50.600  83.330 0.0000000000
37360  20.128  -49.600  82.510 0.0000000000
37440  13.484  -52.244  73.002 0.0000000000
37495  15.428  -51.784  68.577 0.0000000000
38435  17.688  -50.014  84.860 0.0000000000
38440  14.817  -50.109  85.331 0.0000000000
38450  13.695  -49.284  85.082 0.0000000000
38468  20.896  -49.282  81.143 0.0000000000
38487  13.187  -51.379  76.110 0.0000000000
38542  14.114  -51.084  72.204 0.0000000000
39482  14.664  -49.736  85.255 0.0000000000
39485  17.954  -50.138  84.711 0.0000000000
39489  14.666  -49.059  85.131 0.0000000000
39493  20.289  -49.102  83.517 0.0000000000
39498  13.597  -48.812  85.173 0.0000000000
39504  17.408  -49.334  84.735 0.0000000000
39528  13.342  -49.532  80.302 0.0000000000
39535  14.969  -48.774  77.744 0.0000000000
39572  14.488  -50.477  72.652 0.0000000000
39609  14.136  -48.716  68.585 0.0000000000
39620  13.847  -48.927  68.150 0.0000000000
40458  12.855  -48.265  85.320 0.0000000000
40466  13.310  -48.327  85.309 0.0000000000
40468  12.359  -47.451  84.389 0.0000000000
40473  17.330  -48.990  84.784 0.0000000000
40474  17.157  -48.843  84.816 0.0000000000
40575  15.984  -47.644  76.068 0.0000000000
41493  12.002  -46.979  86.504 0.0000000000
41502  18.188  -48.349  84.576 0.0000000000
41518  11.962  -47.210  83.417 0.0000000000
41548  10.413  -46.854  80.780 0.0000000000
41560  14.375  -47.720  78.723 0.0000000000
41571  23.894  -47.949  77.754 0.0000000000
41603  16.362  -47.188  75.487 0.0000000000
41616  16.802  -47.089  74.363 0.0000000000
41617  16.519  -47.471  74.809 0.0000000000
41628  16.807  -47.146  74.038 0.0000000000
42560  14.149  -45.534  85.636 0.0000000000
42561  14.173  -45.852  85.784 0.0000000000
42571  12.522  -45.713  84.663 0.0000000000
42573  12.372  -46.668  84.294 0.0000000000
42580  12.489  -45.834  84.205 0.0000000000
42591  12.273  -46.082  83.534 0.0000000000
42622  10.459  -46.436  80.471 0.0000000000
42645  15.246  -46.848  77.050 0.0000000000
42658  14.117  -46.399  77.039 0.0000000000
42659  12.284  -46.058  76.803 0.0000000000
42660  12.073  -45.783  77.364 0.0000000000
42665  16.494  -46.709  75.134 0.0000000000
42677  16.306  -46.274  75.010 0.0000000000
42688  16.533  -47.164  73.485 0.0000000000
42705  16.813  -46.479  73.304 0.0000000000
42706  16.480  -46.787  72.996 0.0000000000
43650  12.008  -45.929  86.700 0.0000000000
43653  13.673  -46.086  86.060 0.0000000000
43655  11.946  -45.068  85.885 0.0000000000
43659  12.314  -45.316  85.462 0.0000000000
43664  12.494  -45.248  84.293 0.0000000000
43670  12.391  -45.318  83.784 0.0000000000
43671  12.301  -45.621  83.480 0.0000000000
43698  11.937  -46.095  80.405 0.0000000000
43746  13.933  -46.140  76.385 0.0000000000
43753  15.075  -45.793  75.465 0.0000000000
43758  16.268  -45.713  74.459 0.0000000000
43760  14.601  -45.505  75.109 0.0000000000
43763  16.993  -46.118  73.387 0.0000000000
43764  16.632  -45.604  73.657 0.0000000000
44757  11.738  -44.745  86.856 0.0000000000
44762  11.460  -44.981  84.863 0.0000000000
44763  11.442  -45.050  85.094 0.0000000000
44767  12.099  -44.659  84.235 0.0000000000
44772  12.218  -45.005  83.710 0.0000000000
44773  12.102  -44.767  83.930 0.0000000000
44870  16.194  -45.327  73.922 0.0000000000
45829  12.501  -44.260  87.002 0.0000000000
45831  11.673  -44.412  86.367 0.0000000000
45835  11.787  -42.230  87.161 0.0000000000
45841  11.015  -44.237  85.727 0.0000000000
45938  12.805  -43.862  74.245 0.0000000000
46891  12.098  -43.698  87.185 0.0000000000
46893  11.907  -44.123  85.864 0.0000000000
46894  13.177  -43.297  87.004 0.0000000000
46916  11.983  -43.063  81.063 0.0000000000
48022  11.717  -41.654  71.675 0.0000000000
48032  11.568  -41.808  71.287 0.0000000000
50064  11.567  -40.510  70.040 0.0000000000
51039  14.831  -37.853  74.735 0.0000000000
52004  15.247  -37.570  80.407 0.0000000000
52083  11.694  -38.282  72.062 0.0000000000
117453  17.540  -49.761  84.638 0.0000000000
