#!ascii label  , from subject 3970 vox2ras=TkReg
499
66206  22.241  -24.281  1.829 0.0000000000
71722  29.383  -18.307  -0.650 0.0000000000
81594  29.755  -8.186  0.132 0.0000000000
79694  23.752  -8.237  -1.049 0.0000000000
63199  23.368  -28.047  3.631 0.0000000000
66171  26.734  -24.815  2.587 0.0000000000
68943  25.511  -21.375  -0.816 0.0000000000
74694  22.345  -15.258  -1.741 0.0000000000
76822  29.519  -13.858  -0.626 0.0000000000
81623  33.350  -8.894  -3.631 0.0000000000
86930  28.299  -2.621  -0.473 0.0000000000
64272  22.844  -26.158  2.375 0.0000000000
64245  24.970  -26.484  3.005 0.0000000000
66184  24.997  -25.039  1.500 0.0000000000
72716  20.380  -17.456  0.186 0.0000000000
76809  18.015  -13.324  0.850 0.0000000000
78737  26.422  -11.085  0.618 0.0000000000
76826  25.713  -12.696  -0.304 0.0000000000
79677  29.861  -10.486  -0.394 0.0000000000
78772  31.380  -11.193  -2.098 0.0000000000
81605  31.323  -8.447  -1.642 0.0000000000
87849  23.937  -1.927  -1.096 0.0000000000
86090  25.268  -4.085  -0.474 0.0000000000
87862  26.791  -0.963  -1.458 0.0000000000
70804  27.368  -19.697  -1.266 0.0000000000
69850  28.401  -21.399  0.263 0.0000000000
70781  30.724  -19.743  0.984 0.0000000000
81583  27.523  -8.565  1.365 0.0000000000
73673  32.238  -15.995  -0.921 0.0000000000
68917  21.096  -21.584  1.595 0.0000000000
68006  23.114  -22.409  0.534 0.0000000000
70809  21.902  -19.719  0.002 0.0000000000
71727  24.303  -18.635  -1.166 0.0000000000
73680  25.766  -16.992  -0.814 0.0000000000
77827  21.763  -11.495  -2.193 0.0000000000
75813  25.295  -14.336  -0.827 0.0000000000
74670  29.496  -15.772  -0.939 0.0000000000
75828  31.411  -13.994  -2.324 0.0000000000
84360  27.226  -5.763  1.248 0.0000000000
84358  29.074  -5.414  0.350 0.0000000000
87885  29.419  -1.858  -3.786 0.0000000000
86122  30.224  -3.539  -2.790 0.0000000000
84388  30.707  -5.709  -1.849 0.0000000000
83516  32.082  -6.504  -5.101 0.0000000000
67121  26.666  -23.687  0.499 0.0000000000
67090  20.353  -23.060  3.089 0.0000000000
66187  21.013  -24.133  2.742 0.0000000000
65281  22.286  -24.871  2.132 0.0000000000
65257  23.763  -25.737  1.825 0.0000000000
66205  23.209  -24.423  1.493 0.0000000000
79656  28.938  -9.943  0.550 0.0000000000
78736  27.320  -11.432  0.609 0.0000000000
80615  30.160  -9.125  -0.434 0.0000000000
80628  30.687  -9.534  -0.897 0.0000000000
81593  30.269  -8.110  -0.381 0.0000000000
89611  24.849  -0.130  -1.392 0.0000000000
87848  25.262  -1.905  -0.999 0.0000000000
88749  26.137  -0.541  -1.541 0.0000000000
71723  28.507  -18.525  -0.641 0.0000000000
70790  29.258  -19.778  -0.055 0.0000000000
70801  29.863  -18.775  -0.390 0.0000000000
80604  26.412  -9.504  0.907 0.0000000000
81585  26.012  -8.707  0.928 0.0000000000
63200  22.320  -27.636  3.747 0.0000000000
62102  22.446  -28.327  4.169 0.0000000000
62100  24.275  -28.600  4.470 0.0000000000
63198  24.558  -27.905  4.038 0.0000000000
65223  26.442  -25.567  3.360 0.0000000000
64221  26.318  -26.335  4.148 0.0000000000
69865  21.580  -20.504  0.558 0.0000000000
70792  21.338  -19.831  0.386 0.0000000000
74673  21.299  -15.970  -1.087 0.0000000000
72714  22.383  -17.610  -0.945 0.0000000000
72724  23.301  -16.927  -1.479 0.0000000000
72712  24.370  -17.490  -1.420 0.0000000000
73699  24.151  -16.264  -1.568 0.0000000000
78763  19.682  -10.403  -0.874 0.0000000000
78792  22.466  -10.118  -2.188 0.0000000000
76824  27.340  -13.636  -0.210 0.0000000000
76844  24.622  -13.286  -1.186 0.0000000000
75811  27.209  -14.530  -0.444 0.0000000000
74672  27.711  -15.616  -0.538 0.0000000000
75791  29.015  -14.760  -0.576 0.0000000000
75790  30.007  -14.856  -1.277 0.0000000000
76821  30.066  -13.766  -1.546 0.0000000000
80636  32.774  -9.708  -2.979 0.0000000000
78787  32.562  -11.644  -3.187 0.0000000000
86917  26.541  -3.564  -0.088 0.0000000000
85225  26.150  -4.970  0.545 0.0000000000
85224  27.445  -4.702  0.755 0.0000000000
84359  28.237  -5.564  0.953 0.0000000000
86073  29.043  -3.850  -0.328 0.0000000000
85267  30.444  -4.600  -2.494 0.0000000000
84417  30.445  -5.414  -4.087 0.0000000000
84416  31.204  -6.079  -3.642 0.0000000000
68018  24.387  -21.750  -0.440 0.0000000000
67145  24.911  -23.251  0.175 0.0000000000
68015  26.589  -22.405  -0.694 0.0000000000
68913  29.322  -21.390  1.347 0.0000000000
68899  28.488  -22.331  1.511 0.0000000000
63227  21.580  -26.644  3.502 0.0000000000
64247  22.972  -26.811  2.715 0.0000000000
64223  24.588  -27.178  3.345 0.0000000000
65236  24.006  -26.371  2.246 0.0000000000
65256  24.802  -25.563  1.887 0.0000000000
66183  25.926  -24.639  1.569 0.0000000000
72717  19.605  -17.337  0.758 0.0000000000
74675  19.459  -15.450  -0.049 0.0000000000
76827  19.996  -13.902  -0.899 0.0000000000
78760  25.127  -10.907  -0.130 0.0000000000
78790  24.371  -10.319  -1.239 0.0000000000
77774  26.557  -12.069  0.407 0.0000000000
77773  27.561  -12.381  0.385 0.0000000000
77794  29.126  -12.885  -0.017 0.0000000000
78756  30.579  -12.341  -1.675 0.0000000000
78774  30.553  -11.286  -1.334 0.0000000000
80638  31.602  -9.973  -1.875 0.0000000000
81615  32.257  -8.755  -2.597 0.0000000000
86093  21.923  -4.653  -0.557 0.0000000000
86933  24.688  -3.068  -0.801 0.0000000000
86932  26.097  -2.981  -0.467 0.0000000000
87846  27.739  -1.829  -0.769 0.0000000000
69875  25.954  -20.658  -1.263 0.0000000000
68941  27.315  -21.715  -1.051 0.0000000000
69862  28.319  -20.970  -0.484 0.0000000000
69861  29.136  -20.398  0.243 0.0000000000
79680  24.671  -10.085  -0.065 0.0000000000
79659  26.032  -10.182  0.723 0.0000000000
80603  27.246  -9.683  1.001 0.0000000000
81582  28.293  -8.178  1.223 0.0000000000
63197  25.668  -27.287  4.532 0.0000000000
72706  30.358  -17.306  -1.068 0.0000000000
71720  30.738  -17.611  -0.499 0.0000000000
67989  21.609  -22.670  1.501 0.0000000000
67147  23.100  -23.120  0.881 0.0000000000
67988  22.366  -22.572  1.076 0.0000000000
68930  23.091  -21.538  0.203 0.0000000000
69877  23.915  -20.493  -0.552 0.0000000000
71730  21.085  -18.569  0.050 0.0000000000
70808  23.053  -19.614  -0.475 0.0000000000
70806  25.173  -19.653  -1.255 0.0000000000
71726  25.367  -18.717  -1.251 0.0000000000
71724  27.528  -18.716  -0.872 0.0000000000
72709  27.633  -17.685  -0.566 0.0000000000
78779  19.861  -12.001  -1.255 0.0000000000
76847  21.361  -13.231  -1.751 0.0000000000
77825  23.672  -11.685  -2.003 0.0000000000
75830  23.123  -13.396  -2.494 0.0000000000
74692  24.280  -15.180  -1.623 0.0000000000
73697  25.875  -16.112  -0.727 0.0000000000
73678  27.744  -16.430  -0.597 0.0000000000
73676  29.867  -16.669  -1.409 0.0000000000
73695  30.675  -15.896  -1.561 0.0000000000
74686  31.219  -15.138  -1.917 0.0000000000
77823  31.229  -12.772  -2.250 0.0000000000
83457  27.571  -6.491  1.426 0.0000000000
82515  28.229  -6.925  1.452 0.0000000000
82529  29.404  -7.267  0.564 0.0000000000
88746  28.466  -1.002  -1.968 0.0000000000
87859  29.014  -1.607  -1.967 0.0000000000
86972  29.814  -2.782  -3.495 0.0000000000
86110  29.819  -3.465  -1.782 0.0000000000
85257  29.791  -4.221  -1.200 0.0000000000
84375  30.468  -5.776  -0.856 0.0000000000
83467  30.872  -6.565  -1.022 0.0000000000
83479  31.354  -6.744  -1.684 0.0000000000
83490  32.282  -7.292  -3.063 0.0000000000
82586  33.181  -7.482  -4.155 0.0000000000
67123  24.546  -23.949  0.684 0.0000000000
66202  25.880  -24.243  0.842 0.0000000000
67103  26.997  -24.066  1.756 0.0000000000
68001  27.434  -22.624  -0.047 0.0000000000
67120  27.530  -23.362  1.357 0.0000000000
67104  21.009  -23.455  2.412 0.0000000000
66207  21.489  -23.992  2.178 0.0000000000
65259  21.681  -25.052  2.527 0.0000000000
65280  22.975  -24.996  1.828 0.0000000000
80601  28.756  -8.954  0.728 0.0000000000
80616  29.453  -9.147  0.250 0.0000000000
88750  25.305  -0.418  -1.405 0.0000000000
70802  29.294  -19.073  -0.333 0.0000000000
71721  30.298  -18.187  -0.446 0.0000000000
62101  23.549  -28.613  4.144 0.0000000000
63176  24.618  -28.284  4.689 0.0000000000
66156  27.154  -25.060  3.400 0.0000000000
66170  27.510  -24.413  3.183 0.0000000000
69866  20.889  -20.576  1.176 0.0000000000
70793  20.808  -19.691  0.750 0.0000000000
74695  21.349  -15.441  -1.321 0.0000000000
73701  22.283  -16.333  -1.416 0.0000000000
73700  23.207  -16.125  -1.668 0.0000000000
72723  23.766  -16.714  -1.598 0.0000000000
78776  21.612  -9.115  -1.653 0.0000000000
79708  23.123  -9.003  -1.734 0.0000000000
76823  28.446  -13.685  -0.164 0.0000000000
76841  27.169  -14.053  -0.367 0.0000000000
75793  27.406  -14.186  -0.398 0.0000000000
75810  27.573  -14.707  -0.468 0.0000000000
79704  32.891  -10.766  -3.433 0.0000000000
86915  27.801  -3.162  -0.148 0.0000000000
86076  26.830  -4.014  0.288 0.0000000000
86075  27.713  -3.848  0.237 0.0000000000
85223  28.427  -4.541  0.410 0.0000000000
86074  28.588  -3.627  -0.189 0.0000000000
84431  29.949  -5.573  -5.159 0.0000000000
84430  31.101  -6.065  -4.824 0.0000000000
68016  25.900  -22.193  -0.657 0.0000000000
69830  30.313  -21.134  1.937 0.0000000000
68897  29.822  -21.701  2.078 0.0000000000
64273  22.083  -25.770  2.574 0.0000000000
64248  21.960  -26.370  2.953 0.0000000000
64246  24.058  -26.982  2.618 0.0000000000
64271  23.562  -26.438  2.352 0.0000000000
66185  24.438  -25.324  1.577 0.0000000000
65255  25.346  -25.235  1.848 0.0000000000
74654  18.218  -14.530  1.426 0.0000000000
74653  18.744  -15.417  1.018 0.0000000000
75795  19.022  -14.439  -0.159 0.0000000000
75794  19.939  -14.681  -0.660 0.0000000000
76828  19.134  -13.570  -0.450 0.0000000000
77775  25.935  -11.422  0.442 0.0000000000
79678  29.030  -10.976  0.360 0.0000000000
78735  28.432  -11.869  0.379 0.0000000000
77772  28.308  -12.819  0.238 0.0000000000
78758  29.410  -11.828  -0.275 0.0000000000
78757  30.268  -11.830  -1.118 0.0000000000
79692  30.422  -11.058  -0.958 0.0000000000
80627  31.114  -9.533  -1.502 0.0000000000
80626  31.650  -9.137  -2.026 0.0000000000
81604  31.716  -8.346  -2.150 0.0000000000
87850  22.621  -1.972  -0.399 0.0000000000
87851  22.066  -2.833  -0.120 0.0000000000
86935  22.413  -3.468  -0.437 0.0000000000
86092  22.895  -4.603  -0.858 0.0000000000
86934  23.429  -3.210  -0.721 0.0000000000
88735  25.591  -1.080  -1.295 0.0000000000
87847  26.549  -1.639  -1.072 0.0000000000
86931  27.269  -2.534  -0.411 0.0000000000
87861  27.405  -1.179  -1.375 0.0000000000
69874  27.249  -20.832  -1.270 0.0000000000
69873  27.943  -20.340  -1.123 0.0000000000
70791  28.750  -20.197  -0.213 0.0000000000
69860  29.740  -20.049  0.295 0.0000000000
69848  30.051  -20.500  1.097 0.0000000000
79661  24.393  -10.019  0.578 0.0000000000
79660  25.157  -10.055  0.466 0.0000000000
80602  28.116  -9.398  1.002 0.0000000000
64222  25.266  -26.832  3.808 0.0000000000
63196  26.787  -27.123  4.706 0.0000000000
73674  31.503  -16.353  -1.054 0.0000000000
68903  20.738  -21.865  2.210 0.0000000000
68916  21.765  -22.121  1.240 0.0000000000
69879  22.183  -20.443  0.201 0.0000000000
69864  22.360  -20.943  0.332 0.0000000000
69878  22.911  -20.590  -0.082 0.0000000000
68945  23.819  -21.364  -0.354 0.0000000000
72715  21.324  -17.589  -0.452 0.0000000000
72713  23.387  -17.760  -1.308 0.0000000000
71728  23.239  -18.651  -0.918 0.0000000000
70807  24.145  -19.571  -0.808 0.0000000000
72711  25.569  -17.836  -1.021 0.0000000000
72710  26.595  -17.859  -0.676 0.0000000000
78777  21.117  -10.514  -1.770 0.0000000000
78778  20.225  -11.449  -1.368 0.0000000000
77811  20.488  -12.467  -1.473 0.0000000000
76846  21.931  -12.949  -2.181 0.0000000000
77807  24.629  -11.908  -0.881 0.0000000000
77824  24.068  -11.036  -1.490 0.0000000000
76845  24.130  -13.106  -2.087 0.0000000000
75814  24.537  -14.215  -1.601 0.0000000000
75815  23.553  -13.976  -2.246 0.0000000000
74691  25.172  -15.234  -1.127 0.0000000000
74671  28.378  -15.569  -0.621 0.0000000000
73696  26.675  -16.018  -0.541 0.0000000000
73677  28.982  -16.622  -0.907 0.0000000000
74669  30.268  -15.856  -1.385 0.0000000000
75809  30.709  -14.406  -2.043 0.0000000000
75808  31.320  -14.481  -2.172 0.0000000000
75807  31.839  -14.279  -2.217 0.0000000000
75827  31.988  -13.824  -2.430 0.0000000000
78773  30.918  -11.730  -1.904 0.0000000000
77805  30.819  -12.863  -1.928 0.0000000000
78789  31.363  -12.219  -2.343 0.0000000000
86091  24.072  -4.337  -0.600 0.0000000000
85241  24.793  -5.364  -0.039 0.0000000000
84361  26.056  -6.035  1.009 0.0000000000
83458  26.917  -6.710  1.434 0.0000000000
82532  27.196  -7.733  1.258 0.0000000000
83445  28.298  -6.438  1.242 0.0000000000
83456  28.933  -6.364  0.801 0.0000000000
83455  29.569  -6.370  0.134 0.0000000000
89633  28.738  -0.306  -3.039 0.0000000000
88765  28.944  -0.924  -3.328 0.0000000000
87873  29.237  -1.648  -2.782 0.0000000000
86133  29.972  -3.643  -3.945 0.0000000000
86981  29.650  -2.942  -4.273 0.0000000000
86963  29.794  -2.833  -2.759 0.0000000000
86109  30.248  -3.995  -2.173 0.0000000000
84400  30.720  -5.427  -3.020 0.0000000000
85238  30.173  -4.984  -1.060 0.0000000000
83468  30.218  -6.469  -0.461 0.0000000000
84387  31.355  -6.376  -2.102 0.0000000000
83505  31.993  -6.522  -4.196 0.0000000000
83491  31.888  -6.654  -3.254 0.0000000000
83504  32.584  -7.052  -3.779 0.0000000000
83515  33.017  -6.923  -4.828 0.0000000000
67124  23.588  -23.854  1.008 0.0000000000
67146  23.861  -23.224  0.402 0.0000000000
67144  25.897  -23.417  -0.110 0.0000000000
67122  25.535  -23.882  0.482 0.0000000000
68928  27.634  -22.025  -0.531 0.0000000000
68915  27.792  -22.204  0.192 0.0000000000
67969  28.643  -22.723  1.959 0.0000000000
67985  28.074  -22.690  1.390 0.0000000000
67119  28.108  -23.185  1.823 0.0000000000
67102  27.734  -23.654  2.116 0.0000000000
65258  22.633  -25.464  2.190 0.0000000000
65279  23.563  -25.026  1.584 0.0000000000
66204  24.164  -24.818  1.221 0.0000000000
79657  28.021  -10.565  0.737 0.0000000000
79676  30.416  -9.930  -0.661 0.0000000000
81606  30.806  -8.530  -0.919 0.0000000000
88737  23.412  -0.600  -0.978 0.0000000000
88736  24.649  -0.826  -1.242 0.0000000000
70803  28.418  -19.685  -0.693 0.0000000000
70789  30.319  -19.348  0.135 0.0000000000
81584  26.714  -8.774  1.270 0.0000000000
63201  21.190  -26.967  4.106 0.0000000000
62103  21.535  -27.818  4.343 0.0000000000
62076  24.607  -28.775  5.064 0.0000000000
63175  25.078  -27.976  5.013 0.0000000000
64244  25.691  -26.119  3.405 0.0000000000
68932  21.347  -21.096  0.994 0.0000000000
73684  20.482  -16.560  -0.285 0.0000000000
73683  21.539  -16.606  -0.945 0.0000000000
72725  22.728  -17.112  -1.282 0.0000000000
73681  25.012  -16.962  -1.329 0.0000000000
78793  21.951  -10.921  -2.245 0.0000000000
76825  26.336  -12.921  -0.142 0.0000000000
76843  25.540  -13.296  -0.485 0.0000000000
76842  26.643  -13.831  -0.336 0.0000000000
75812  26.276  -14.464  -0.476 0.0000000000
74690  26.016  -15.279  -0.596 0.0000000000
74688  27.636  -15.066  -0.496 0.0000000000
76861  31.043  -13.649  -2.228 0.0000000000
79706  31.755  -10.695  -2.159 0.0000000000
78788  31.748  -11.678  -2.536 0.0000000000
79705  32.381  -10.747  -2.663 0.0000000000
86089  26.087  -4.009  -0.039 0.0000000000
85240  25.555  -4.573  0.006 0.0000000000
85222  29.153  -4.401  -0.187 0.0000000000
85280  30.323  -4.517  -3.496 0.0000000000
84399  31.286  -6.192  -2.685 0.0000000000
68005  24.152  -22.338  -0.164 0.0000000000
68004  25.361  -22.715  -0.337 0.0000000000
67143  26.490  -23.275  -0.175 0.0000000000
68914  28.309  -21.882  0.916 0.0000000000
68898  28.974  -22.057  1.716 0.0000000000
63226  22.205  -27.019  3.324 0.0000000000
63225  23.177  -27.411  3.166 0.0000000000
63224  24.040  -27.679  3.203 0.0000000000
65235  24.551  -26.159  2.316 0.0000000000
65234  25.580  -25.601  2.478 0.0000000000
73685  19.568  -16.478  0.462 0.0000000000
74674  20.671  -15.701  -0.788 0.0000000000
74696  20.630  -15.109  -1.040 0.0000000000
75818  20.622  -14.518  -1.195 0.0000000000
79693  24.370  -9.407  -0.784 0.0000000000
79707  23.938  -9.282  -1.375 0.0000000000
78775  24.720  -10.625  -0.595 0.0000000000
77796  25.605  -11.969  -0.050 0.0000000000
77795  26.246  -12.427  0.144 0.0000000000
76806  27.011  -12.800  0.157 0.0000000000
76805  27.738  -13.075  0.100 0.0000000000
77793  29.810  -12.871  -0.848 0.0000000000
79691  30.670  -10.528  -1.180 0.0000000000
79690  31.200  -10.615  -1.807 0.0000000000
80637  32.144  -9.842  -2.271 0.0000000000
81614  32.744  -8.940  -3.078 0.0000000000
68942  26.543  -21.671  -1.018 0.0000000000
69863  27.751  -21.472  -1.001 0.0000000000
69849  28.920  -21.083  0.563 0.0000000000
79681  24.041  -8.989  -0.073 0.0000000000
78738  25.786  -10.759  0.537 0.0000000000
79658  26.920  -10.446  0.805 0.0000000000
81581  29.090  -8.165  0.747 0.0000000000
72705  31.059  -17.092  -0.708 0.0000000000
67126  21.535  -23.460  1.838 0.0000000000
67125  22.522  -23.496  1.373 0.0000000000
68931  22.089  -21.596  0.833 0.0000000000
68944  24.600  -21.252  -0.613 0.0000000000
69876  24.899  -20.510  -0.930 0.0000000000
71711  20.656  -18.905  0.555 0.0000000000
70810  21.146  -19.356  0.326 0.0000000000
71729  22.155  -18.638  -0.493 0.0000000000
70805  26.281  -19.743  -1.411 0.0000000000
71725  26.464  -18.788  -1.136 0.0000000000
72708  28.651  -17.545  -0.726 0.0000000000
77750  17.629  -12.161  1.105 0.0000000000
77799  18.572  -12.601  -0.161 0.0000000000
76849  19.698  -13.234  -0.920 0.0000000000
76848  20.460  -13.488  -1.340 0.0000000000
75817  21.445  -14.338  -1.586 0.0000000000
78791  23.585  -10.210  -1.678 0.0000000000
77826  22.547  -11.754  -2.450 0.0000000000
77809  22.009  -12.280  -2.329 0.0000000000
75831  22.944  -13.634  -2.446 0.0000000000
75816  22.439  -13.990  -2.150 0.0000000000
74693  23.344  -15.161  -1.924 0.0000000000
73698  25.078  -16.141  -1.297 0.0000000000
73679  26.709  -16.872  -0.547 0.0000000000
72707  29.587  -17.521  -1.072 0.0000000000
73675  30.681  -16.460  -1.340 0.0000000000
73694  31.075  -15.861  -1.635 0.0000000000
74687  30.650  -15.369  -1.736 0.0000000000
73693  31.731  -15.632  -1.485 0.0000000000
77792  30.373  -12.904  -1.544 0.0000000000
76840  30.605  -13.565  -1.914 0.0000000000
76860  31.548  -13.381  -2.428 0.0000000000
85226  25.443  -5.686  0.577 0.0000000000
82531  27.773  -7.332  1.492 0.0000000000
84342  27.650  -6.153  1.369 0.0000000000
82516  27.975  -6.695  1.456 0.0000000000
82530  28.662  -7.240  1.221 0.0000000000
88748  27.027  -0.394  -1.693 0.0000000000
88747  27.889  -0.568  -1.807 0.0000000000
88757  28.301  -0.395  -2.209 0.0000000000
87860  28.384  -1.573  -1.306 0.0000000000
87845  28.310  -2.021  -0.783 0.0000000000
86951  28.664  -2.259  -0.862 0.0000000000
86973  29.567  -2.316  -2.991 0.0000000000
86950  29.209  -2.459  -1.280 0.0000000000
86929  28.926  -2.760  -0.677 0.0000000000
86087  29.287  -3.571  -0.698 0.0000000000
85239  29.628  -4.520  -0.709 0.0000000000
85256  30.188  -4.498  -1.745 0.0000000000
84376  29.734  -5.425  -0.418 0.0000000000
82545  29.983  -7.301  -0.094 0.0000000000
82544  30.581  -7.415  -0.651 0.0000000000
82557  31.138  -7.541  -1.262 0.0000000000
82556  31.581  -7.628  -1.911 0.0000000000
83478  31.864  -6.948  -2.394 0.0000000000
82555  31.983  -7.823  -2.432 0.0000000000
82568  32.369  -7.916  -2.883 0.0000000000
82577  32.865  -7.842  -3.479 0.0000000000
82576  33.433  -8.059  -4.045 0.0000000000
83523  32.633  -6.704  -5.935 0.0000000000
83514  33.549  -7.328  -5.278 0.0000000000
82585  33.824  -7.806  -4.898 0.0000000000
81632  33.740  -8.490  -4.343 0.0000000000
66203  25.196  -24.465  1.025 0.0000000000
67089  27.363  -24.127  2.517 0.0000000000
68929  27.074  -22.222  -0.841 0.0000000000
68002  26.988  -22.890  -0.396 0.0000000000
67987  27.206  -23.075  0.094 0.0000000000
67986  27.564  -22.793  0.625 0.0000000000
70788  30.957  -18.757  0.358 0.0000000000
66186  21.741  -24.493  2.251 0.0000000000
68003  26.243  -22.885  -0.461 0.0000000000
68017  24.994  -21.957  -0.527 0.0000000000
68912  29.892  -21.188  1.617 0.0000000000
68927  28.098  -21.704  0.053 0.0000000000
71710  30.738  -18.562  0.064 0.0000000000
73682  22.238  -16.921  -1.170 0.0000000000
73702  21.613  -16.102  -1.232 0.0000000000
74689  27.041  -15.361  -0.473 0.0000000000
75775  18.496  -14.446  0.674 0.0000000000
75776  17.736  -13.995  1.401 0.0000000000
75792  27.880  -14.532  -0.403 0.0000000000
75829  31.089  -14.169  -2.281 0.0000000000
76807  26.540  -12.572  0.159 0.0000000000
76808  18.594  -13.804  0.200 0.0000000000
76829  18.481  -13.170  0.177 0.0000000000
76859  32.156  -13.262  -2.625 0.0000000000
76862  23.338  -12.843  -2.516 0.0000000000
76863  22.611  -13.018  -2.512 0.0000000000
77780  18.191  -12.566  0.479 0.0000000000
77797  25.047  -11.369  -0.432 0.0000000000
77798  19.154  -12.599  -0.657 0.0000000000
77806  25.355  -12.501  -0.436 0.0000000000
77808  24.289  -12.524  -1.642 0.0000000000
77810  21.295  -12.053  -1.836 0.0000000000
77812  19.758  -12.568  -1.142 0.0000000000
78759  25.448  -10.949  0.270 0.0000000000
78764  19.194  -11.611  -0.718 0.0000000000
78765  18.700  -12.086  -0.394 0.0000000000
79679  25.076  -10.485  0.162 0.0000000000
79709  22.388  -8.969  -1.861 0.0000000000
81622  33.863  -8.984  -4.321 0.0000000000
81624  32.691  -8.454  -3.131 0.0000000000
83446  27.894  -6.346  1.390 0.0000000000
83477  32.127  -7.469  -2.684 0.0000000000
84341  27.885  -6.026  1.304 0.0000000000
86088  28.812  -3.125  -0.472 0.0000000000
86123  29.836  -3.077  -2.373 0.0000000000
86916  27.054  -3.313  -0.059 0.0000000000
86964  29.523  -2.471  -2.244 0.0000000000
87884  29.691  -2.453  -4.006 0.0000000000
88756  28.725  -0.796  -2.554 0.0000000000
