#!ascii label  , from subject 3970 vox2ras=TkReg
515
57903  23.319  -32.389  6.426 0.1428571492
57889  21.606  -32.973  6.502 0.1428571492
58913  21.930  -31.462  5.628 0.1428571492
57902  23.996  -32.436  6.741 0.1428571492
58912  23.098  -31.706  5.942 0.2857142985
57904  22.304  -32.311  6.175 0.1428571492
58911  24.180  -31.687  6.494 0.1428571492
59974  23.420  -30.503  5.351 0.5714285970
59960  23.732  -30.996  5.881 0.1428571492
60980  25.215  -29.661  5.978 0.2857142985
59958  25.608  -30.404  6.617 0.2857142985
62056  26.157  -29.124  5.923 0.1428571492
60979  26.336  -29.766  6.401 0.2857142985
63196  26.787  -27.123  4.706 0.2857142985
63174  26.134  -27.829  5.150 0.1428571492
65221  28.163  -25.560  4.390 0.2857142985
64220  27.464  -26.369  4.500 0.2857142985
66155  27.795  -24.815  3.897 0.2857142985
67087  28.668  -23.261  3.262 0.2857142985
68897  29.822  -21.701  2.078 0.8571428657
67968  29.277  -22.333  2.415 0.4285714328
67066  28.955  -23.740  3.856 0.2857142985
69848  30.051  -20.500  1.097 0.7142857313
69829  30.920  -20.683  2.200 0.7142857313
69830  30.313  -21.134  1.937 0.7142857313
68898  28.974  -22.057  1.716 0.7142857313
69846  31.797  -19.676  1.827 0.8571428657
69847  31.157  -20.001  1.647 0.5714285970
70781  30.724  -19.743  0.984 0.8571428657
68912  29.892  -21.188  1.617 0.7142857313
68913  29.322  -21.390  1.347 0.7142857313
71708  32.698  -17.878  0.902 0.4285714328
70780  31.355  -19.121  1.075 0.7142857313
73659  33.430  -16.392  0.185 0.2857142985
70788  30.957  -18.757  0.358 0.8571428657
73671  34.423  -15.814  -0.135 0.1428571492
72695  32.556  -17.123  0.252 0.5714285970
71709  31.400  -17.941  0.220 0.8571428657
74683  34.278  -14.651  -1.324 0.1428571492
74667  34.449  -15.195  -0.786 0.1428571492
74668  33.797  -15.090  -1.015 0.1428571492
73672  33.297  -15.641  -0.678 0.4285714328
72696  31.851  -16.929  -0.430 0.8571428657
76838  34.095  -13.700  -2.382 0.1428571492
75804  35.009  -14.071  -2.014 0.1428571492
74684  33.185  -14.899  -1.466 0.1428571492
73673  32.238  -15.995  -0.921 0.5714285970
73661  32.034  -16.459  -0.723 0.7142857313
72705  31.059  -17.092  -0.708 0.8571428657
76858  33.086  -13.381  -2.665 0.1428571492
76839  33.416  -13.915  -2.306 0.1428571492
75806  32.710  -14.182  -2.207 0.5714285970
73674  31.503  -16.353  -1.054 0.8571428657
77819  34.429  -12.637  -3.791 0.1428571492
77820  33.329  -12.465  -3.356 0.2857142985
75826  32.464  -13.684  -2.492 0.8571428657
74685  32.026  -14.875  -1.841 0.8571428657
73692  32.480  -15.438  -1.295 0.7142857313
74686  31.219  -15.138  -1.917 0.8571428657
78786  33.171  -11.597  -3.864 0.1428571492
79719  33.310  -10.802  -4.324 0.1428571492
77821  32.363  -12.546  -2.935 0.4285714328
77822  31.690  -12.654  -2.575 0.8571428657
76860  31.548  -13.381  -2.428 0.8571428657
75808  31.320  -14.481  -2.172 0.8571428657
78787  32.562  -11.644  -3.187 0.4285714328
76861  31.043  -13.649  -2.228 0.8571428657
75828  31.411  -13.994  -2.324 0.8571428657
79704  32.891  -10.766  -3.433 0.1428571492
80645  33.332  -10.011  -3.693 0.2857142985
79705  32.381  -10.747  -2.663 0.8571428657
78789  31.363  -12.219  -2.343 0.8571428657
77823  31.229  -12.772  -2.250 0.8571428657
76840  30.605  -13.565  -1.914 0.8571428657
81623  33.350  -8.894  -3.631 0.2857142985
80636  32.774  -9.708  -2.979 0.7142857313
78772  31.380  -11.193  -2.098 0.8571428657
78774  30.553  -11.286  -1.334 0.8571428657
77805  30.819  -12.863  -1.928 0.8571428657
81614  32.744  -8.940  -3.078 0.8571428657
80626  31.650  -9.137  -2.026 0.8571428657
79690  31.200  -10.615  -1.807 0.8571428657
80627  31.114  -9.533  -1.502 0.7142857313
81615  32.257  -8.755  -2.597 0.8571428657
81604  31.716  -8.346  -2.150 0.8571428657
80638  31.602  -9.973  -1.875 0.8571428657
81605  31.323  -8.447  -1.642 0.8571428657
82556  31.581  -7.628  -1.911 0.8571428657
80628  30.687  -9.534  -0.897 0.7142857313
83491  31.888  -6.654  -3.254 0.7142857313
83478  31.864  -6.948  -2.394 0.8571428657
84387  31.355  -6.376  -2.102 0.8571428657
84400  30.720  -5.427  -3.020 0.7142857313
83479  31.354  -6.744  -1.684 0.8571428657
84449  29.616  -6.469  -7.107 0.1428571492
84399  31.286  -6.192  -2.685 0.8571428657
84388  30.707  -5.709  -1.849 0.8571428657
84451  26.946  -6.031  -7.520 0.1428571492
84417  30.445  -5.414  -4.087 0.5714285970
85293  29.584  -4.622  -4.743 0.5714285970
86133  29.972  -3.643  -3.945 0.5714285970
85303  29.245  -5.184  -5.513 0.1428571492
85325  26.232  -4.526  -8.238 0.1428571492
86981  29.650  -2.942  -4.273 0.5714285970
86157  26.967  -3.482  -6.907 0.1428571492
87005  27.476  -2.583  -7.803 0.1428571492
86156  27.858  -3.519  -6.205 0.1428571492
87935  27.282  -1.989  -7.379 0.1428571492
86144  29.361  -3.642  -4.744 0.5714285970
87006  26.985  -2.724  -7.196 0.1428571492
87918  27.044  -1.856  -6.688 0.1428571492
87934  27.849  -1.758  -7.777 0.1428571492
57888  22.655  -33.077  6.528 0.1428571492
56838  23.026  -33.867  6.758 0.1428571492
58909  25.846  -30.884  6.983 0.2857142985
59959  24.626  -30.583  6.263 0.2857142985
63173  27.221  -27.685  5.252 0.2857142985
62074  26.630  -28.443  5.621 0.2857142985
67088  27.922  -23.738  2.901 0.2857142985
66170  27.510  -24.413  3.183 0.2857142985
67946  28.816  -22.786  2.688 0.5714285970
70779  32.552  -19.245  1.928 0.2857142985
72694  33.611  -17.249  0.858 0.1428571492
76857  34.248  -13.160  -3.030 0.1428571492
75807  31.839  -14.279  -2.217 0.8571428657
73694  31.075  -15.861  -1.635 0.8571428657
75809  30.709  -14.406  -2.043 0.8571428657
83490  32.282  -7.292  -3.063 0.8571428657
84416  31.204  -6.079  -3.642 0.8571428657
85304  28.380  -4.626  -6.139 0.1428571492
85314  26.896  -4.622  -7.324 0.1428571492
87004  29.047  -2.416  -7.178 0.1428571492
56839  22.015  -33.775  6.733 0.1428571492
59973  24.140  -30.403  5.699 0.4285714328
60981  24.559  -30.096  5.817 0.4285714328
62075  25.524  -28.700  5.486 0.1428571492
63195  27.763  -27.037  4.923 0.2857142985
64219  28.484  -26.518  4.915 0.2857142985
67969  28.643  -22.723  1.959 0.7142857313
77836  33.717  -12.175  -4.120 0.1428571492
78801  33.569  -11.655  -4.779 0.1428571492
73675  30.681  -16.460  -1.340 1.0000000000
80644  33.811  -9.767  -4.599 0.1428571492
82576  33.433  -8.059  -4.045 0.2857142985
82577  32.865  -7.842  -3.479 0.5714285970
83504  32.584  -7.052  -3.779 0.5714285970
83505  31.993  -6.522  -4.196 0.5714285970
84431  29.949  -5.573  -5.159 0.4285714328
84439  30.341  -6.193  -5.971 0.2857142985
84440  29.084  -5.805  -6.208 0.1428571492
84441  27.992  -5.684  -6.786 0.1428571492
85313  27.496  -5.244  -6.947 0.1428571492
86993  28.247  -2.789  -5.614 0.2857142985
86994  27.347  -2.732  -6.426 0.1428571492
87917  27.837  -2.146  -5.903 0.1428571492
87898  27.959  -1.409  -5.847 0.1428571492
86169  27.106  -3.727  -7.704 0.1428571492
88803  26.691  -0.972  -7.931 0.1428571492
88809  27.476  -0.313  -8.445 0.1428571492
82586  33.181  -7.482  -4.155 0.4285714328
83515  33.017  -6.923  -4.828 0.4285714328
83516  32.082  -6.504  -5.101 0.4285714328
84430  31.101  -6.065  -4.824 0.5714285970
59961  22.930  -31.134  5.473 0.4285714328
58910  25.202  -31.153  6.842 0.1428571492
69849  28.920  -21.083  0.563 0.7142857313
71697  32.203  -18.536  1.136 0.8571428657
73660  32.569  -16.460  -0.410 0.5714285970
75805  33.777  -14.225  -1.904 0.2857142985
73693  31.731  -15.632  -1.485 0.8571428657
75827  31.988  -13.824  -2.430 0.8571428657
79706  31.755  -10.695  -2.159 0.8571428657
78788  31.748  -11.678  -2.536 0.8571428657
78773  30.918  -11.730  -1.904 0.8571428657
80637  32.144  -9.842  -2.271 0.8571428657
82568  32.369  -7.916  -2.883 0.8571428657
82555  31.983  -7.823  -2.432 0.8571428657
84450  28.263  -6.524  -7.288 0.1428571492
85294  29.038  -4.128  -5.258 0.5714285970
85280  30.323  -4.517  -3.496 0.5714285970
86179  27.547  -4.172  -8.212 0.1428571492
86982  29.081  -2.862  -4.924 0.4285714328
86168  28.202  -3.366  -7.691 0.1428571492
85305  27.515  -4.014  -6.691 0.1428571492
62073  27.650  -28.255  5.814 0.1428571492
60995  24.239  -29.743  5.319 0.4285714328
65222  27.193  -25.572  4.024 0.5714285970
87897  28.779  -1.855  -5.023 0.1428571492
64244  25.691  -26.119  3.405 0.5714285970
64245  24.970  -26.484  3.005 0.5714285970
64246  24.058  -26.982  2.618 0.2857142985
65223  26.442  -25.567  3.360 0.5714285970
65235  24.551  -26.159  2.316 0.5714285970
63199  23.368  -28.047  3.631 0.4285714328
64247  22.972  -26.811  2.715 0.2857142985
65236  24.006  -26.371  2.246 0.4285714328
67089  27.363  -24.127  2.517 0.4285714328
66171  26.734  -24.815  2.587 0.5714285970
65255  25.346  -25.235  1.848 0.5714285970
65256  24.802  -25.563  1.887 0.4285714328
67103  26.997  -24.066  1.756 0.5714285970
66183  25.926  -24.639  1.569 0.4285714328
67120  27.530  -23.362  1.357 0.7142857313
67121  26.666  -23.687  0.499 0.4285714328
64271  23.562  -26.438  2.352 0.2857142985
66184  24.997  -25.039  1.500 0.4285714328
67102  27.734  -23.654  2.116 0.7142857313
67986  27.564  -22.793  0.625 0.7142857313
68002  26.988  -22.890  -0.396 0.4285714328
68928  27.634  -22.025  -0.531 0.7142857313
68941  27.315  -21.715  -1.051 0.5714285970
69863  27.751  -21.472  -1.001 0.7142857313
69874  27.249  -20.832  -1.270 0.2857142985
68899  28.488  -22.331  1.511 0.5714285970
68914  28.309  -21.882  0.916 0.5714285970
68915  27.792  -22.204  0.192 0.7142857313
69861  29.136  -20.398  0.243 0.7142857313
69873  27.943  -20.340  -1.123 0.7142857313
70803  28.418  -19.685  -0.693 0.7142857313
70804  27.368  -19.697  -1.266 0.7142857313
71724  27.528  -18.716  -0.872 0.4285714328
69860  29.740  -20.049  0.295 0.5714285970
70790  29.258  -19.778  -0.055 0.5714285970
70802  29.294  -19.073  -0.333 0.7142857313
71723  28.507  -18.525  -0.641 0.7142857313
72708  28.651  -17.545  -0.726 0.7142857313
72710  26.595  -17.859  -0.676 0.5714285970
72709  27.633  -17.685  -0.566 0.5714285970
70801  29.863  -18.775  -0.390 0.5714285970
71721  30.298  -18.187  -0.446 0.7142857313
72707  29.587  -17.521  -1.072 0.8571428657
73676  29.867  -16.669  -1.409 0.7142857313
73677  28.982  -16.622  -0.907 0.7142857313
73678  27.744  -16.430  -0.597 0.5714285970
71722  29.383  -18.307  -0.650 0.7142857313
72706  30.358  -17.306  -1.068 0.8571428657
74670  29.496  -15.772  -0.939 0.7142857313
74671  28.378  -15.569  -0.621 0.5714285970
75810  27.573  -14.707  -0.468 0.2857142985
74669  30.268  -15.856  -1.385 0.7142857313
76822  29.519  -13.858  -0.626 0.7142857313
73695  30.675  -15.896  -1.561 0.7142857313
77792  30.373  -12.904  -1.544 0.8571428657
75790  30.007  -14.856  -1.277 0.8571428657
75791  29.015  -14.760  -0.576 0.5714285970
76821  30.066  -13.766  -1.546 0.8571428657
77793  29.810  -12.871  -0.848 0.8571428657
78756  30.579  -12.341  -1.675 0.8571428657
78757  30.268  -11.830  -1.118 0.8571428657
81606  30.806  -8.530  -0.919 0.7142857313
81593  30.269  -8.110  -0.381 0.7142857313
82557  31.138  -7.541  -1.262 0.5714285970
82544  30.581  -7.415  -0.651 0.7142857313
83467  30.872  -6.565  -1.022 0.8571428657
84375  30.468  -5.776  -0.856 0.7142857313
82545  29.983  -7.301  -0.094 0.7142857313
85239  29.628  -4.520  -0.709 0.7142857313
85222  29.153  -4.401  -0.187 0.7142857313
85238  30.173  -4.984  -1.060 0.7142857313
85257  29.791  -4.221  -1.200 0.7142857313
86073  29.043  -3.850  -0.328 0.5714285970
86110  29.819  -3.465  -1.782 0.4285714328
86087  29.287  -3.571  -0.698 0.5714285970
86074  28.588  -3.627  -0.189 0.5714285970
85256  30.188  -4.498  -1.745 0.5714285970
85223  28.427  -4.541  0.410 0.5714285970
86929  28.926  -2.760  -0.677 0.5714285970
86930  28.299  -2.621  -0.473 0.5714285970
86075  27.713  -3.848  0.237 0.4285714328
86076  26.830  -4.014  0.288 0.5714285970
85224  27.445  -4.702  0.755 0.4285714328
86931  27.269  -2.534  -0.411 0.5714285970
86915  27.801  -3.162  -0.148 0.5714285970
86950  29.209  -2.459  -1.280 0.5714285970
86089  26.087  -4.009  -0.039 0.4285714328
85225  26.150  -4.970  0.545 0.4285714328
86932  26.097  -2.981  -0.467 0.5714285970
86917  26.541  -3.564  -0.088 0.5714285970
86933  24.688  -3.068  -0.801 0.4285714328
70789  30.319  -19.348  0.135 0.5714285970
87848  25.262  -1.905  -0.999 0.2857142985
64222  25.266  -26.832  3.808 0.5714285970
63198  24.558  -27.905  4.038 0.5714285970
66156  27.154  -25.060  3.400 0.2857142985
64223  24.588  -27.178  3.345 0.5714285970
63225  23.177  -27.411  3.166 0.2857142985
66202  25.880  -24.243  0.842 0.5714285970
65257  23.763  -25.737  1.825 0.2857142985
66185  24.438  -25.324  1.577 0.2857142985
67987  27.206  -23.075  0.094 0.5714285970
68895  31.395  -21.006  2.731 0.2857142985
68016  25.900  -22.193  -0.657 0.2857142985
74687  30.650  -15.369  -1.736 0.8571428657
79676  30.416  -9.930  -0.661 0.7142857313
84376  29.734  -5.425  -0.418 0.7142857313
85267  30.444  -4.600  -2.494 0.5714285970
86109  30.248  -3.995  -2.173 0.5714285970
87846  27.739  -1.829  -0.769 0.2857142985
71720  30.738  -17.611  -0.499 0.7142857313
67119  28.108  -23.185  1.823 0.5714285970
67985  28.074  -22.690  1.390 0.5714285970
79692  30.422  -11.058  -0.958 0.7142857313
63224  24.040  -27.679  3.203 0.5714285970
65234  25.580  -25.601  2.478 0.5714285970
68001  27.434  -22.624  -0.047 0.7142857313
68929  27.074  -22.222  -0.841 0.4285714328
68015  26.589  -22.405  -0.694 0.4285714328
67143  26.490  -23.275  -0.175 0.4285714328
69850  28.401  -21.399  0.263 0.7142857313
69862  28.319  -20.970  -0.484 0.7142857313
68942  26.543  -21.671  -1.018 0.2857142985
70791  28.750  -20.197  -0.213 0.7142857313
73679  26.709  -16.872  -0.547 0.2857142985
74688  27.636  -15.066  -0.496 0.5714285970
83468  30.218  -6.469  -0.461 0.7142857313
86951  28.664  -2.259  -0.862 0.7142857313
66204  24.164  -24.818  1.221 0.1428571492
67123  24.546  -23.949  0.684 0.4285714328
58925  21.634  -30.943  5.445 0.4285714328
65220  29.208  -25.520  4.719 0.1428571492
66154  28.829  -24.574  4.230 0.1428571492
67945  29.346  -22.626  3.151 0.1428571492
67944  30.174  -22.634  3.467 0.1428571492
67086  29.534  -23.220  3.650 0.1428571492
67065  29.713  -23.909  4.083 0.1428571492
67967  29.921  -22.017  2.977 0.1428571492
69828  32.142  -20.379  2.586 0.2857142985
79691  30.670  -10.528  -1.180 0.5714285970
89694  25.887  1.403  -10.219 0.1428571492
78758  29.410  -11.828  -0.275 0.4285714328
90632  25.600  1.901  -8.667 0.1428571492
88792  27.333  -0.468  -6.322 0.1428571492
80615  30.160  -9.125  -0.434 0.4285714328
81594  29.755  -8.186  0.132 0.4285714328
89634  28.264  0.367  -2.722 0.2857142985
88746  28.466  -1.002  -1.968 0.2857142985
87859  29.014  -1.607  -1.967 0.2857142985
88765  28.944  -0.924  -3.328 0.2857142985
80602  28.116  -9.398  1.002 0.1428571492
82529  29.404  -7.267  0.564 0.5714285970
83455  29.569  -6.370  0.134 0.5714285970
88747  27.889  -0.568  -1.807 0.2857142985
86963  29.794  -2.833  -2.759 0.4285714328
82530  28.662  -7.240  1.221 0.4285714328
83456  28.933  -6.364  0.801 0.5714285970
87861  27.405  -1.179  -1.375 0.2857142985
82516  27.975  -6.695  1.456 0.4285714328
84342  27.650  -6.153  1.369 0.2857142985
88735  25.591  -1.080  -1.295 0.1428571492
87862  26.791  -0.963  -1.458 0.1428571492
83458  26.917  -6.710  1.434 0.1428571492
88749  26.137  -0.541  -1.541 0.1428571492
84360  27.226  -5.763  1.248 0.2857142985
87849  23.937  -1.927  -1.096 0.2857142985
87851  22.066  -2.833  -0.120 0.1428571492
88736  24.649  -0.826  -1.242 0.1428571492
88750  25.305  -0.418  -1.405 0.1428571492
88737  23.412  -0.600  -0.978 0.1428571492
89611  24.849  -0.130  -1.392 0.1428571492
88738  22.490  -0.285  -0.329 0.1428571492
59975  22.255  -30.634  5.239 0.4285714328
60997  21.762  -29.725  4.969 0.2857142985
67085  30.376  -23.257  3.942 0.1428571492
68896  30.717  -21.469  2.774 0.1428571492
79677  29.861  -10.486  -0.394 0.2857142985
87885  29.419  -1.858  -3.786 0.2857142985
88748  27.027  -0.394  -1.693 0.2857142985
89633  28.738  -0.306  -3.039 0.2857142985
89623  26.405  0.411  -1.849 0.2857142985
62055  27.053  -29.056  6.137 0.1428571492
83457  27.571  -6.491  1.426 0.1428571492
81583  27.523  -8.565  1.365 0.2857142985
84358  29.074  -5.414  0.350 0.5714285970
86972  29.814  -2.782  -3.495 0.4285714328
89622  27.349  0.504  -2.195 0.2857142985
88776  28.838  -0.910  -4.223 0.2857142985
89643  28.625  0.015  -3.750 0.2857142985
89657  28.196  0.809  -4.978 0.1428571492
89624  25.208  0.477  -1.679 0.2857142985
89684  26.480  0.524  -7.198 0.1428571492
70778  33.329  -18.874  1.961 0.2857142985
87896  29.387  -2.379  -4.405 0.4285714328
89644  28.126  1.090  -3.703 0.2857142985
88777  28.426  -0.650  -5.169 0.1428571492
60996  23.042  -29.889  4.867 0.4285714328
86122  30.224  -3.539  -2.790 0.4285714328
80616  29.453  -9.147  0.250 0.4285714328
86973  29.567  -2.316  -2.991 0.2857142985
86934  23.429  -3.210  -0.721 0.2857142985
87847  26.549  -1.639  -1.072 0.2857142985
84359  28.237  -5.564  0.953 0.5714285970
87845  28.310  -2.021  -0.783 0.2857142985
87860  28.384  -1.573  -1.306 0.2857142985
66153  29.929  -24.682  4.524 0.1428571492
67966  30.628  -22.114  3.280 0.1428571492
79656  28.938  -9.943  0.550 0.2857142985
89621  28.029  0.013  -2.148 0.2857142985
88757  28.301  -0.395  -2.209 0.2857142985
87873  29.237  -1.648  -2.782 0.2857142985
81582  28.293  -8.178  1.223 0.2857142985
82515  28.229  -6.925  1.452 0.4285714328
82531  27.773  -7.332  1.492 0.2857142985
83445  28.298  -6.438  1.242 0.5714285970
68872  31.095  -21.922  3.300 0.1428571492
79678  29.030  -10.976  0.360 0.2857142985
89656  28.549  -0.190  -4.488 0.2857142985
89673  27.344  1.070  -6.178 0.1428571492
74672  27.711  -15.616  -0.538 0.2857142985
90579  25.707  2.170  -2.201 0.1428571492
89635  27.524  1.089  -2.662 0.1428571492
91454  25.996  2.801  -2.578 0.1428571492
90569  23.330  1.857  -1.254 0.1428571492
90566  25.920  1.315  -2.072 0.1428571492
90578  26.709  2.042  -2.692 0.1428571492
89625  23.997  1.314  -1.700 0.1428571492
90568  23.824  2.539  -1.568 0.1428571492
90567  24.898  1.704  -1.932 0.1428571492
90580  25.024  2.336  -1.715 0.1428571492
91447  25.130  2.609  -1.005 0.1428571492
91455  25.813  2.812  -2.101 0.1428571492
73696  26.675  -16.018  -0.541 0.2857142985
90557  23.591  2.890  -0.188 0.1428571492
91456  25.157  2.509  -1.498 0.1428571492
91463  25.802  3.412  -3.268 0.1428571492
67101  28.339  -23.249  2.444 0.2857142985
90565  26.609  1.057  -2.206 0.1428571492
90577  27.650  1.462  -3.129 0.1428571492
90590  27.327  2.499  -4.119 0.1428571492
91457  24.513  2.787  -1.343 0.1428571492
91448  24.297  3.078  -0.706 0.1428571492
63176  24.618  -28.284  4.689 0.4285714328
63175  25.078  -27.976  5.013 0.2857142985
63197  25.668  -27.287  4.532 0.2857142985
62076  24.607  -28.775  5.064 0.2857142985
64221  26.318  -26.335  4.148 0.2857142985
62100  24.275  -28.600  4.470 0.4285714328
81581  29.090  -8.165  0.747 0.2857142985
62077  23.774  -29.182  4.648 0.2857142985
62078  22.642  -29.090  4.539 0.2857142985
62101  23.549  -28.613  4.144 0.2857142985
67144  25.897  -23.417  -0.110 0.2857142985
68004  25.361  -22.715  -0.337 0.2857142985
69875  25.954  -20.658  -1.263 0.1428571492
70805  26.281  -19.743  -1.411 0.1428571492
74690  26.016  -15.279  -0.596 0.1428571492
75811  27.209  -14.530  -0.444 0.1428571492
76823  28.446  -13.685  -0.164 0.1428571492
76841  27.169  -14.053  -0.367 0.1428571492
77794  29.126  -12.885  -0.017 0.1428571492
76805  27.738  -13.075  0.100 0.1428571492
79657  28.021  -10.565  0.737 0.1428571492
80601  28.756  -8.954  0.728 0.1428571492
85240  25.555  -4.573  0.006 0.1428571492
84361  26.056  -6.035  1.009 0.1428571492
86090  25.268  -4.085  -0.474 0.1428571492
86091  24.072  -4.337  -0.600 0.1428571492
77773  27.561  -12.381  0.385 0.1428571492
66203  25.196  -24.465  1.025 0.2857142985
67122  25.535  -23.882  0.482 0.2857142985
67145  24.911  -23.251  0.175 0.2857142985
71726  25.367  -18.717  -1.251 0.1428571492
73680  25.766  -16.992  -0.814 0.1428571492
75813  25.295  -14.336  -0.827 0.1428571492
75812  26.276  -14.464  -0.476 0.1428571492
76842  26.643  -13.831  -0.336 0.1428571492
78735  28.432  -11.869  0.379 0.1428571492
85226  25.443  -5.686  0.577 0.1428571492
71725  26.464  -18.788  -1.136 0.1428571492
75793  27.406  -14.186  -0.398 0.1428571492
77772  28.308  -12.819  0.238 0.1428571492
76824  27.340  -13.636  -0.210 0.1428571492
59976  20.977  -30.508  5.528 0.1428571492
60982  19.306  -29.838  6.183 0.1428571492
60998  20.517  -29.354  5.522 0.1428571492
62102  22.446  -28.327  4.169 0.1428571492
71696  33.037  -18.481  1.538 0.1428571492
71695  34.018  -18.493  1.783 0.1428571492
83514  33.549  -7.328  -5.278 0.1428571492
58914  20.658  -31.310  5.800 0.1428571492
62079  21.227  -28.601  4.826 0.1428571492
82585  33.824  -7.806  -4.898 0.1428571492
83523  32.633  -6.704  -5.935 0.1428571492
81632  33.740  -8.490  -4.343 0.1428571492
71707  33.495  -17.977  1.298 0.1428571492
59962  20.544  -30.831  5.744 0.1428571492
59977  20.055  -29.914  5.844 0.1428571492
63200  22.320  -27.636  3.747 0.1428571492
58926  21.313  -31.079  5.554 0.1428571492
63194  28.196  -26.987  5.047 0.2857142985
68003  26.243  -22.885  -0.461 0.4285714328
68927  28.098  -21.704  0.053 0.7142857313
71710  30.738  -18.562  0.064 0.8571428657
74689  27.041  -15.361  -0.473 0.2857142985
75792  27.880  -14.532  -0.403 0.2857142985
75829  31.089  -14.169  -2.281 0.8571428657
76859  32.156  -13.262  -2.625 0.8571428657
81622  33.863  -8.984  -4.321 0.1428571492
81624  32.691  -8.454  -3.131 0.8571428657
83446  27.894  -6.346  1.390 0.2857142985
83477  32.127  -7.469  -2.684 0.8571428657
84341  27.885  -6.026  1.304 0.2857142985
86088  28.812  -3.125  -0.472 0.5714285970
86123  29.836  -3.077  -2.373 0.4285714328
86145  28.668  -3.602  -5.437 0.1428571492
86180  26.653  -4.147  -8.368 0.1428571492
86916  27.054  -3.313  -0.059 0.5714285970
86964  29.523  -2.471  -2.244 0.2857142985
87884  29.691  -2.453  -4.006 0.2857142985
88756  28.725  -0.796  -2.554 0.2857142985
89626  23.523  1.716  -1.451 0.1428571492
89692  25.665  0.726  -9.471 0.1428571492
89693  26.379  1.607  -10.191 0.1428571492
90581  24.537  2.639  -1.578 0.1428571492
90631  25.986  1.829  -7.679 0.1428571492
91497  25.508  2.768  -7.979 0.1428571492
