#!ascii label  , from subject 3052 vox2ras=TkReg
720
53167  26.050  -16.944  59.120 0.0000000000
68070  42.949  -4.652  37.347 0.0000000000
65761  51.495  -5.687  34.621 0.0000000000
58678  46.134  -11.505  45.963 0.0000000000
53259  31.759  -18.447  53.921 0.0000000000
48567  30.853  -19.582  57.482 0.0000000000
66906  48.049  -4.672  36.169 0.0000000000
66845  47.119  -4.456  39.720 0.0000000000
58621  43.008  -13.377  48.402 0.0000000000
50954  36.820  -18.971  53.224 0.0000000000
68223  53.881  -2.793  26.236 0.0000000000
66995  50.811  -5.109  30.576 0.0000000000
61108  44.077  -9.702  42.403 0.0000000000
66784  45.230  -5.203  43.131 0.0000000000
53214  29.476  -17.569  56.604 0.0000000000
50886  28.327  -17.888  58.425 0.0000000000
66889  45.742  -4.941  36.913 0.0000000000
68050  48.402  -3.512  38.076 0.0000000000
69274  46.409  -3.344  39.230 0.0000000000
51007  42.725  -18.043  49.003 0.0000000000
49851  33.950  -20.007  55.412 0.0000000000
52079  34.541  -19.073  53.470 0.0000000000
48681  35.748  -21.119  54.335 0.0000000000
68225  52.247  -3.567  25.635 0.0000000000
67025  53.973  -3.761  27.897 0.0000000000
68198  52.808  -3.609  27.979 0.0000000000
66947  49.511  -4.874  33.699 0.0000000000
65842  49.226  -5.324  30.652 0.0000000000
66968  51.477  -4.865  32.678 0.0000000000
64683  52.526  -6.582  31.947 0.0000000000
63499  52.638  -7.695  33.638 0.0000000000
57558  44.906  -12.839  47.843 0.0000000000
59868  43.422  -11.978  46.124 0.0000000000
61078  45.141  -9.989  45.931 0.0000000000
63341  44.869  -7.685  43.145 0.0000000000
63320  46.632  -8.239  44.912 0.0000000000
64509  47.560  -7.707  43.251 0.0000000000
58710  47.465  -11.381  44.032 0.0000000000
52014  31.617  -18.575  56.347 0.0000000000
65765  46.994  -5.973  34.490 0.0000000000
66904  49.683  -4.657  35.464 0.0000000000
65712  49.486  -5.148  37.141 0.0000000000
65714  47.859  -5.418  37.825 0.0000000000
54477  40.163  -16.489  51.442 0.0000000000
54493  42.208  -15.724  50.374 0.0000000000
55543  44.074  -14.738  48.551 0.0000000000
54572  45.258  -15.045  46.765 0.0000000000
55651  46.116  -13.991  44.107 0.0000000000
54480  38.000  -17.084  51.170 0.0000000000
50968  39.087  -18.727  52.511 0.0000000000
70531  54.667  -1.894  25.209 0.0000000000
67017  51.413  -4.699  28.767 0.0000000000
67004  52.432  -4.499  29.490 0.0000000000
63546  53.781  -8.504  30.151 0.0000000000
69231  44.150  -3.981  40.002 0.0000000000
67984  46.361  -4.188  41.708 0.0000000000
64532  46.680  -6.960  41.444 0.0000000000
50888  26.369  -17.828  58.826 0.0000000000
51988  26.821  -17.448  58.578 0.0000000000
49810  27.284  -18.315  58.405 0.0000000000
66872  43.925  -4.770  37.593 0.0000000000
68053  45.554  -4.037  38.156 0.0000000000
68037  44.931  -3.905  38.653 0.0000000000
49865  34.732  -20.111  54.769 0.0000000000
67052  51.754  -4.286  26.096 0.0000000000
68214  52.796  -3.545  26.918 0.0000000000
67040  52.017  -4.418  26.861 0.0000000000
66924  50.616  -4.801  34.196 0.0000000000
66945  50.925  -4.853  33.391 0.0000000000
65781  51.692  -5.260  34.002 0.0000000000
65799  52.221  -5.788  33.353 0.0000000000
57574  45.718  -12.134  46.585 0.0000000000
59853  45.093  -11.136  46.733 0.0000000000
59852  45.599  -10.443  46.252 0.0000000000
62167  45.896  -9.017  45.568 0.0000000000
61088  46.624  -9.919  45.415 0.0000000000
61097  47.513  -9.648  44.381 0.0000000000
58693  47.140  -11.060  44.803 0.0000000000
53213  30.240  -17.997  56.341 0.0000000000
50897  31.290  -18.738  57.242 0.0000000000
48596  32.712  -19.898  56.725 0.0000000000
65745  46.084  -5.818  35.563 0.0000000000
65743  48.263  -4.941  35.485 0.0000000000
65763  48.647  -4.955  35.035 0.0000000000
66905  48.829  -4.642  35.726 0.0000000000
66867  49.750  -4.682  36.737 0.0000000000
66885  49.309  -4.212  36.664 0.0000000000
68020  47.811  -3.808  39.266 0.0000000000
66854  48.264  -4.382  38.608 0.0000000000
66855  47.613  -4.447  39.047 0.0000000000
65700  46.796  -5.390  38.588 0.0000000000
65686  46.411  -5.654  39.513 0.0000000000
53314  40.558  -17.237  51.518 0.0000000000
54476  41.156  -16.025  51.097 0.0000000000
53337  41.787  -17.241  50.540 0.0000000000
53359  43.395  -17.009  48.864 0.0000000000
54552  44.729  -15.281  47.275 0.0000000000
52095  36.110  -18.606  52.769 0.0000000000
52112  36.659  -18.115  52.036 0.0000000000
52093  37.854  -17.734  52.202 0.0000000000
53255  38.694  -17.667  52.414 0.0000000000
50953  37.951  -18.818  52.753 0.0000000000
69415  52.850  -2.478  25.131 0.0000000000
69414  53.934  -2.458  25.749 0.0000000000
67026  53.909  -4.258  27.839 0.0000000000
66996  50.015  -5.172  30.645 0.0000000000
65857  49.075  -5.462  29.510 0.0000000000
67006  50.387  -5.141  29.629 0.0000000000
65856  49.861  -5.391  28.831 0.0000000000
67005  51.528  -4.711  29.748 0.0000000000
67016  52.266  -4.259  29.040 0.0000000000
66993  52.054  -5.105  30.858 0.0000000000
63517  53.417  -8.163  32.176 0.0000000000
63531  52.913  -7.487  31.516 0.0000000000
57544  42.055  -13.689  48.129 0.0000000000
58655  42.423  -13.425  47.582 0.0000000000
59882  44.078  -10.750  44.411 0.0000000000
59902  42.930  -12.099  44.468 0.0000000000
65630  44.739  -5.843  43.126 0.0000000000
64520  43.802  -6.011  41.609 0.0000000000
66809  44.152  -5.090  41.914 0.0000000000
68003  42.860  -4.329  39.989 0.0000000000
67969  45.130  -4.362  42.141 0.0000000000
69203  45.834  -3.531  41.246 0.0000000000
67942  45.929  -4.281  42.956 0.0000000000
61122  47.982  -9.358  42.766 0.0000000000
63366  47.329  -7.674  42.223 0.0000000000
62222  47.362  -8.532  41.716 0.0000000000
62231  46.838  -8.614  41.078 0.0000000000
52001  28.754  -17.322  57.844 0.0000000000
50899  29.519  -18.350  57.857 0.0000000000
48569  29.063  -19.316  57.554 0.0000000000
49831  28.148  -18.750  57.953 0.0000000000
66888  46.849  -4.676  36.638 0.0000000000
68069  48.005  -3.860  37.250 0.0000000000
68051  47.696  -3.473  37.852 0.0000000000
69273  47.165  -3.402  39.026 0.0000000000
69253  47.275  -3.611  39.449 0.0000000000
52044  32.845  -19.018  54.962 0.0000000000
52098  33.427  -18.605  53.311 0.0000000000
50940  33.918  -19.286  54.300 0.0000000000
50939  34.947  -19.711  54.049 0.0000000000
49882  35.968  -19.786  53.601 0.0000000000
49897  37.687  -19.469  53.052 0.0000000000
48699  36.503  -20.982  53.560 0.0000000000
68224  53.358  -3.071  26.030 0.0000000000
68213  53.763  -3.111  26.648 0.0000000000
68197  53.386  -3.402  27.610 0.0000000000
68178  53.694  -3.572  28.000 0.0000000000
67015  53.499  -3.950  28.422 0.0000000000
65803  47.855  -5.533  32.382 0.0000000000
65801  49.984  -5.148  32.402 0.0000000000
65800  50.294  -5.098  32.293 0.0000000000
66986  51.467  -4.893  31.722 0.0000000000
66985  52.021  -5.132  32.032 0.0000000000
65822  52.328  -5.720  32.454 0.0000000000
63518  52.851  -7.489  32.575 0.0000000000
58637  43.805  -12.820  48.188 0.0000000000
59841  43.423  -12.588  47.427 0.0000000000
59839  44.244  -11.901  47.130 0.0000000000
59867  44.313  -10.935  45.596 0.0000000000
61089  44.731  -9.936  44.598 0.0000000000
62195  44.498  -8.659  42.886 0.0000000000
62179  45.251  -9.033  44.652 0.0000000000
63322  45.732  -8.086  44.745 0.0000000000
64502  46.014  -6.302  43.986 0.0000000000
65626  46.880  -6.327  43.629 0.0000000000
63330  47.180  -8.038  44.359 0.0000000000
61107  47.917  -9.344  43.417 0.0000000000
58730  48.079  -10.709  42.537 0.0000000000
54438  29.443  -17.531  55.800 0.0000000000
53234  30.441  -18.217  55.612 0.0000000000
52046  31.686  -18.488  55.365 0.0000000000
50915  33.009  -19.047  56.000 0.0000000000
47420  33.458  -20.444  55.952 0.0000000000
65782  48.771  -5.120  34.115 0.0000000000
66925  49.931  -4.748  34.437 0.0000000000
66903  50.402  -4.856  35.052 0.0000000000
65725  50.179  -5.303  36.419 0.0000000000
65726  49.797  -5.637  36.647 0.0000000000
64582  48.923  -5.817  37.035 0.0000000000
68049  49.047  -3.806  38.083 0.0000000000
65697  49.023  -4.936  37.788 0.0000000000
55502  39.819  -15.815  50.317 0.0000000000
55501  40.570  -15.060  50.149 0.0000000000
56507  41.370  -14.607  50.053 0.0000000000
56505  42.818  -14.349  49.533 0.0000000000
53336  42.358  -16.928  50.068 0.0000000000
55520  43.450  -14.999  49.333 0.0000000000
56527  43.965  -14.008  48.966 0.0000000000
56539  44.528  -13.710  48.072 0.0000000000
56551  45.034  -13.561  47.409 0.0000000000
56569  45.682  -13.567  46.561 0.0000000000
56589  46.369  -13.319  45.275 0.0000000000
55616  45.722  -14.454  45.556 0.0000000000
55466  39.092  -16.671  51.536 0.0000000000
53270  39.598  -17.135  51.913 0.0000000000
50984  39.978  -18.630  51.726 0.0000000000
48696  38.520  -20.379  52.364 0.0000000000
49908  39.299  -19.804  51.929 0.0000000000
70541  54.654  -1.571  24.864 0.0000000000
65883  51.227  -5.060  27.049 0.0000000000
67027  52.319  -4.225  28.303 0.0000000000
68164  52.698  -4.145  28.936 0.0000000000
65855  52.554  -5.337  29.774 0.0000000000
65841  52.388  -5.641  31.341 0.0000000000
64702  52.502  -6.595  30.740 0.0000000000
64721  52.632  -6.792  29.407 0.0000000000
58679  43.108  -12.439  46.273 0.0000000000
69278  42.148  -3.887  38.671 0.0000000000
69277  43.156  -3.743  38.681 0.0000000000
69255  45.544  -3.116  39.862 0.0000000000
70374  46.351  -3.433  40.692 0.0000000000
68002  46.543  -4.255  40.869 0.0000000000
65641  46.973  -5.751  42.945 0.0000000000
65651  46.789  -5.744  42.122 0.0000000000
65671  46.519  -5.435  40.361 0.0000000000
63393  46.215  -7.641  40.594 0.0000000000
56606  46.566  -13.165  44.275 0.0000000000
57645  47.032  -12.577  43.367 0.0000000000
51976  26.253  -17.368  58.998 0.0000000000
50872  25.445  -17.761  59.394 0.0000000000
51977  25.596  -17.383  59.363 0.0000000000
53166  26.483  -17.188  58.777 0.0000000000
66873  43.260  -4.693  37.434 0.0000000000
68054  44.431  -4.237  38.077 0.0000000000
65903  51.355  -4.826  26.304 0.0000000000
65762  50.977  -5.071  34.711 0.0000000000
66923  51.244  -4.993  34.085 0.0000000000
65780  51.997  -5.754  34.115 0.0000000000
64632  51.855  -6.328  34.472 0.0000000000
58665  45.615  -11.269  46.472 0.0000000000
59865  46.126  -10.569  45.956 0.0000000000
59881  46.632  -10.812  45.406 0.0000000000
58694  46.636  -11.711  45.290 0.0000000000
50898  30.359  -18.548  57.541 0.0000000000
51999  30.627  -18.156  57.034 0.0000000000
49828  31.064  -19.177  57.518 0.0000000000
66907  47.488  -4.722  36.361 0.0000000000
65744  47.260  -5.235  35.818 0.0000000000
66886  48.501  -4.217  36.737 0.0000000000
66844  47.855  -4.113  39.245 0.0000000000
65685  46.957  -4.894  39.254 0.0000000000
52125  40.699  -17.872  51.396 0.0000000000
53313  41.321  -16.864  51.081 0.0000000000
52124  41.335  -17.906  50.876 0.0000000000
50970  36.621  -18.654  52.917 0.0000000000
52094  37.185  -18.319  52.451 0.0000000000
53257  38.117  -18.164  52.487 0.0000000000
69425  52.341  -1.954  24.617 0.0000000000
70533  53.714  -1.828  25.155 0.0000000000
66994  51.556  -4.986  30.658 0.0000000000
61245  53.932  -9.374  32.127 0.0000000000
62353  53.983  -8.713  31.866 0.0000000000
57524  42.462  -13.669  48.671 0.0000000000
58639  42.914  -13.345  47.842 0.0000000000
59921  43.946  -10.282  43.086 0.0000000000
61109  43.633  -10.306  41.984 0.0000000000
66785  44.938  -5.375  43.127 0.0000000000
66798  44.676  -5.207  42.676 0.0000000000
66797  44.973  -4.852  42.840 0.0000000000
67970  44.724  -4.466  41.952 0.0000000000
67957  45.312  -4.338  42.415 0.0000000000
69167  45.558  -4.034  42.024 0.0000000000
67944  45.631  -4.572  42.783 0.0000000000
59937  48.075  -10.074  42.369 0.0000000000
61130  47.722  -9.343  42.101 0.0000000000
59948  47.776  -10.090  41.776 0.0000000000
61139  47.289  -9.583  40.959 0.0000000000
53181  27.711  -17.041  58.131 0.0000000000
53201  28.081  -16.939  57.849 0.0000000000
51986  28.604  -17.521  58.170 0.0000000000
51985  29.216  -17.877  58.140 0.0000000000
50885  29.001  -18.071  58.316 0.0000000000
49830  29.134  -18.669  57.938 0.0000000000
49809  28.222  -18.287  58.313 0.0000000000
66890  44.592  -5.198  37.055 0.0000000000
65730  44.239  -5.720  36.529 0.0000000000
65728  46.351  -5.237  36.277 0.0000000000
66869  47.230  -3.993  37.394 0.0000000000
66870  46.231  -4.383  37.576 0.0000000000
68036  45.914  -3.634  38.663 0.0000000000
69290  46.684  -3.467  38.647 0.0000000000
70422  46.801  -3.381  39.301 0.0000000000
70410  46.875  -3.419  39.533 0.0000000000
50927  33.116  -19.205  55.147 0.0000000000
50941  33.177  -19.159  54.723 0.0000000000
50926  34.089  -19.774  54.875 0.0000000000
49883  35.461  -20.325  54.271 0.0000000000
49899  36.240  -20.408  53.755 0.0000000000
49912  36.908  -20.455  53.395 0.0000000000
68226  51.440  -3.749  25.053 0.0000000000
69416  52.119  -2.947  25.039 0.0000000000
68179  53.202  -3.614  28.285 0.0000000000
65802  49.107  -5.236  32.863 0.0000000000
66971  49.498  -4.965  33.207 0.0000000000
66969  50.581  -4.916  32.496 0.0000000000
65823  50.326  -5.191  31.944 0.0000000000
66967  52.073  -5.114  32.953 0.0000000000
64668  52.467  -6.630  32.996 0.0000000000
63498  53.230  -8.233  33.004 0.0000000000
62333  53.058  -8.816  33.445 0.0000000000
58636  44.165  -12.499  47.972 0.0000000000
58652  43.816  -12.468  47.697 0.0000000000
58651  44.478  -12.221  47.541 0.0000000000
61066  45.042  -10.503  46.463 0.0000000000
59854  44.691  -11.027  46.439 0.0000000000
59866  44.740  -10.390  45.932 0.0000000000
61079  44.973  -9.934  45.395 0.0000000000
62169  45.332  -9.368  45.247 0.0000000000
63313  46.168  -8.501  45.310 0.0000000000
63314  45.874  -8.486  45.273 0.0000000000
63321  46.106  -8.006  44.910 0.0000000000
64492  46.016  -7.144  44.386 0.0000000000
64491  46.372  -7.577  44.546 0.0000000000
63331  46.775  -7.570  44.426 0.0000000000
63319  47.067  -8.422  44.648 0.0000000000
59899  47.532  -10.463  44.284 0.0000000000
61096  47.697  -9.211  43.940 0.0000000000
59898  47.941  -9.910  43.845 0.0000000000
59919  48.224  -10.183  43.142 0.0000000000
58731  47.823  -11.173  43.118 0.0000000000
54429  28.561  -16.995  56.236 0.0000000000
54439  28.980  -17.229  55.553 0.0000000000
54428  29.247  -17.491  55.997 0.0000000000
52015  30.789  -18.208  56.374 0.0000000000
53224  30.509  -18.152  56.031 0.0000000000
52029  31.397  -18.435  55.923 0.0000000000
53233  31.122  -18.413  55.241 0.0000000000
50928  32.701  -18.886  55.635 0.0000000000
52013  32.343  -18.785  56.102 0.0000000000
65784  46.935  -5.722  33.074 0.0000000000
65783  47.944  -5.434  33.604 0.0000000000
66926  49.231  -4.804  34.736 0.0000000000
65741  50.835  -5.513  35.434 0.0000000000
66884  50.200  -4.665  36.022 0.0000000000
65711  49.915  -4.977  36.801 0.0000000000
64599  49.389  -6.118  36.661 0.0000000000
68067  49.055  -3.688  37.519 0.0000000000
65698  48.514  -4.872  38.090 0.0000000000
65713  48.701  -5.382  37.564 0.0000000000
55481  39.991  -15.857  50.937 0.0000000000
54475  41.668  -15.852  50.786 0.0000000000
56494  41.502  -14.846  50.451 0.0000000000
56493  41.743  -14.876  50.372 0.0000000000
56506  42.052  -14.686  50.009 0.0000000000
55498  42.586  -15.110  49.924 0.0000000000
52140  42.542  -17.785  49.837 0.0000000000
53375  43.567  -16.271  48.379 0.0000000000
53334  43.192  -16.442  49.173 0.0000000000
54525  43.593  -15.655  48.721 0.0000000000
54551  45.189  -15.016  47.086 0.0000000000
56552  44.827  -14.248  47.518 0.0000000000
55575  45.233  -14.534  47.080 0.0000000000
55596  45.595  -14.487  46.368 0.0000000000
55595  45.974  -14.058  46.041 0.0000000000
54586  45.334  -15.063  46.047 0.0000000000
52097  34.174  -18.801  53.084 0.0000000000
53275  33.775  -18.577  52.689 0.0000000000
53316  37.549  -17.490  51.007 0.0000000000
53315  38.119  -17.209  50.729 0.0000000000
54496  38.575  -16.848  50.810 0.0000000000
55483  38.859  -16.527  50.927 0.0000000000
54479  38.582  -16.903  51.381 0.0000000000
52092  39.145  -18.024  52.506 0.0000000000
53271  39.070  -17.404  52.314 0.0000000000
52109  39.642  -18.136  52.182 0.0000000000
52108  40.175  -17.839  51.732 0.0000000000
50985  39.461  -18.908  52.211 0.0000000000
49910  38.223  -19.927  52.729 0.0000000000
48712  39.303  -20.196  51.692 0.0000000000
70532  54.377  -1.853  25.229 0.0000000000
68196  53.869  -3.506  27.340 0.0000000000
65825  48.660  -5.541  31.554 0.0000000000
65843  48.279  -5.551  30.462 0.0000000000
67018  50.556  -5.192  28.657 0.0000000000
65871  50.053  -5.414  28.010 0.0000000000
65870  51.007  -5.296  27.942 0.0000000000
65884  50.402  -5.585  27.156 0.0000000000
67028  51.796  -4.682  27.769 0.0000000000
65854  52.979  -4.431  29.025 0.0000000000
63547  53.061  -7.622  30.410 0.0000000000
63573  53.176  -8.016  29.367 0.0000000000
59856  43.417  -12.298  46.963 0.0000000000
58667  43.023  -12.562  46.722 0.0000000000
65653  43.467  -5.521  41.191 0.0000000000
69206  43.677  -4.188  40.277 0.0000000000
69233  42.481  -3.971  39.430 0.0000000000
69258  42.720  -3.714  39.133 0.0000000000
69257  43.680  -3.806  39.300 0.0000000000
69276  44.276  -3.756  39.019 0.0000000000
69230  44.958  -3.523  40.381 0.0000000000
69181  45.913  -3.564  41.925 0.0000000000
69202  46.082  -3.570  41.361 0.0000000000
69201  46.263  -3.749  41.284 0.0000000000
64510  47.402  -6.965  43.367 0.0000000000
65642  46.651  -5.783  43.326 0.0000000000
63367  46.964  -7.619  41.743 0.0000000000
64531  46.866  -6.662  41.869 0.0000000000
65661  46.550  -5.558  41.338 0.0000000000
64544  46.494  -6.229  41.252 0.0000000000
64545  46.350  -6.630  40.797 0.0000000000
62238  46.141  -8.686  40.225 0.0000000000
55631  46.131  -13.954  44.904 0.0000000000
57610  46.697  -12.481  44.947 0.0000000000
51987  27.643  -17.448  58.381 0.0000000000
50887  27.469  -17.854  58.496 0.0000000000
66871  45.073  -4.518  37.525 0.0000000000
48623  34.263  -20.742  55.372 0.0000000000
49866  34.194  -19.968  55.101 0.0000000000
47436  34.609  -20.975  55.254 0.0000000000
48665  35.047  -20.863  54.857 0.0000000000
68215  52.257  -3.977  26.372 0.0000000000
67039  52.397  -4.072  27.597 0.0000000000
66946  50.207  -4.747  33.526 0.0000000000
66944  51.568  -4.969  33.455 0.0000000000
66943  51.982  -5.274  33.603 0.0000000000
64652  52.246  -6.586  33.913 0.0000000000
58666  45.279  -11.987  47.208 0.0000000000
59838  44.659  -11.597  46.954 0.0000000000
61065  45.295  -10.256  46.246 0.0000000000
61077  45.558  -9.710  45.757 0.0000000000
61064  45.590  -10.009  46.035 0.0000000000
61076  46.067  -9.718  45.757 0.0000000000
62177  46.574  -9.029  45.281 0.0000000000
62176  46.969  -8.734  44.850 0.0000000000
61087  47.073  -9.361  44.897 0.0000000000
59880  47.165  -10.200  44.924 0.0000000000
51998  31.400  -18.541  56.887 0.0000000000
50906  31.876  -18.944  56.711 0.0000000000
50905  32.308  -18.950  56.271 0.0000000000
49843  31.912  -19.443  57.011 0.0000000000
65764  48.028  -5.332  34.765 0.0000000000
66868  49.335  -4.212  37.410 0.0000000000
69272  47.851  -3.483  38.770 0.0000000000
68034  48.416  -3.859  38.607 0.0000000000
65699  47.656  -4.898  38.481 0.0000000000
65715  47.269  -5.395  38.086 0.0000000000
54495  40.367  -16.915  51.560 0.0000000000
54494  40.713  -16.680  51.375 0.0000000000
53291  41.481  -16.212  50.958 0.0000000000
53312  41.955  -16.533  50.476 0.0000000000
52139  42.893  -17.633  49.227 0.0000000000
54537  44.031  -15.457  48.033 0.0000000000
53392  43.893  -16.128  47.706 0.0000000000
52078  35.380  -18.861  53.133 0.0000000000
52096  35.146  -18.675  52.771 0.0000000000
52113  35.843  -18.306  52.307 0.0000000000
53318  35.692  -18.110  51.540 0.0000000000
53317  36.525  -17.946  51.402 0.0000000000
52127  37.254  -17.831  51.590 0.0000000000
53294  38.220  -17.256  51.848 0.0000000000
54462  38.637  -17.065  51.832 0.0000000000
53272  38.425  -17.446  52.204 0.0000000000
52075  38.811  -18.014  52.551 0.0000000000
50952  38.651  -18.510  52.586 0.0000000000
69413  54.521  -2.403  25.403 0.0000000000
67007  49.672  -5.233  30.121 0.0000000000
63530  53.569  -8.224  31.213 0.0000000000
57525  41.614  -14.282  48.936 0.0000000000
59883  43.548  -11.560  45.038 0.0000000000
59901  43.408  -11.316  43.943 0.0000000000
64504  45.082  -6.826  43.372 0.0000000000
64511  44.638  -6.530  42.778 0.0000000000
65643  44.383  -5.640  42.464 0.0000000000
65652  43.944  -5.499  41.815 0.0000000000
66810  43.656  -4.885  41.383 0.0000000000
67986  43.643  -4.342  40.911 0.0000000000
67985  44.282  -4.174  41.397 0.0000000000
69205  44.304  -3.847  40.891 0.0000000000
69204  45.154  -3.675  41.085 0.0000000000
69183  45.354  -4.078  41.758 0.0000000000
69166  45.950  -3.942  42.348 0.0000000000
67967  46.176  -4.164  42.289 0.0000000000
63349  47.652  -8.011  42.885 0.0000000000
63350  47.487  -7.583  42.644 0.0000000000
62221  47.620  -8.513  42.469 0.0000000000
62223  46.953  -8.123  41.539 0.0000000000
63382  46.634  -7.618  41.301 0.0000000000
62230  47.317  -9.029  41.306 0.0000000000
54419  28.405  -16.767  56.694 0.0000000000
54408  28.360  -16.737  57.141 0.0000000000
53215  28.891  -17.189  57.099 0.0000000000
52000  29.426  -17.772  57.684 0.0000000000
49829  30.196  -19.017  57.814 0.0000000000
48568  30.023  -19.483  57.686 0.0000000000
65727  46.829  -5.060  36.264 0.0000000000
66887  47.729  -4.340  36.790 0.0000000000
68052  46.618  -3.594  38.150 0.0000000000
69289  47.078  -3.426  38.549 0.0000000000
69288  47.680  -3.414  38.451 0.0000000000
69252  47.894  -3.623  39.027 0.0000000000
68021  47.273  -4.029  39.978 0.0000000000
50996  41.340  -18.682  50.598 0.0000000000
52062  32.244  -18.610  54.728 0.0000000000
52081  32.641  -18.616  53.862 0.0000000000
52061  33.031  -18.961  54.456 0.0000000000
52060  33.795  -19.005  54.003 0.0000000000
50925  34.607  -19.828  54.598 0.0000000000
50956  34.733  -19.354  53.738 0.0000000000
50955  35.602  -19.092  53.395 0.0000000000
50938  35.812  -19.374  53.517 0.0000000000
49898  36.888  -19.838  53.414 0.0000000000
49911  37.556  -20.209  53.137 0.0000000000
48698  37.248  -20.838  53.082 0.0000000000
67014  53.802  -3.749  28.133 0.0000000000
65868  53.178  -4.780  28.487 0.0000000000
65824  49.703  -5.360  31.634 0.0000000000
66970  49.794  -4.836  33.020 0.0000000000
66988  50.355  -5.162  31.261 0.0000000000
66987  50.864  -4.999  31.462 0.0000000000
62332  53.608  -8.835  32.611 0.0000000000
58620  43.342  -13.287  48.403 0.0000000000
58638  43.408  -13.073  48.005 0.0000000000
59840  43.723  -12.297  47.321 0.0000000000
59855  43.973  -11.740  46.630 0.0000000000
61098  44.355  -9.861  43.556 0.0000000000
62188  44.887  -8.870  43.798 0.0000000000
63333  45.390  -8.060  43.741 0.0000000000
62178  45.461  -8.743  44.975 0.0000000000
63323  45.525  -8.321  44.487 0.0000000000
63332  45.608  -7.758  44.143 0.0000000000
65615  45.453  -6.724  43.793 0.0000000000
65614  45.624  -6.532  43.877 0.0000000000
65628  45.603  -5.811  43.576 0.0000000000
65627  46.225  -5.764  43.528 0.0000000000
64501  46.505  -6.796  44.157 0.0000000000
64500  47.142  -7.204  44.054 0.0000000000
63340  47.439  -7.882  43.739 0.0000000000
62187  47.397  -8.795  44.334 0.0000000000
62186  47.608  -8.890  43.992 0.0000000000
63339  47.609  -8.211  43.323 0.0000000000
53225  29.734  -17.727  56.242 0.0000000000
53245  30.495  -18.317  54.897 0.0000000000
53244  31.201  -18.401  54.609 0.0000000000
52063  31.689  -18.461  54.749 0.0000000000
52045  32.427  -18.736  55.325 0.0000000000
50914  33.593  -19.659  55.438 0.0000000000
49842  32.690  -19.446  56.465 0.0000000000
48595  33.259  -19.948  56.390 0.0000000000
48624  33.821  -20.099  55.553 0.0000000000
65740  51.318  -6.047  35.175 0.0000000000
64615  50.590  -6.422  35.858 0.0000000000
68068  48.574  -3.710  37.361 0.0000000000
68033  48.961  -3.951  38.321 0.0000000000
66853  49.059  -4.367  38.124 0.0000000000
55523  40.236  -15.187  49.425 0.0000000000
56518  40.960  -14.530  49.455 0.0000000000
55480  40.906  -15.198  50.834 0.0000000000
55500  40.932  -14.733  50.366 0.0000000000
56517  41.265  -14.504  49.578 0.0000000000
57508  41.962  -14.382  49.311 0.0000000000
57507  42.566  -13.983  49.335 0.0000000000
57523  42.978  -13.415  49.084 0.0000000000
52141  42.003  -17.931  50.398 0.0000000000
54510  42.364  -16.255  50.208 0.0000000000
53335  43.053  -16.802  49.429 0.0000000000
54509  42.774  -15.835  49.818 0.0000000000
55497  43.048  -14.646  49.558 0.0000000000
56515  43.322  -14.137  49.427 0.0000000000
57522  43.546  -13.554  48.863 0.0000000000
57542  44.091  -13.226  48.424 0.0000000000
57559  44.502  -13.042  48.201 0.0000000000
55559  44.508  -14.695  47.782 0.0000000000
56538  44.852  -13.323  47.825 0.0000000000
57575  45.347  -12.796  47.029 0.0000000000
57592  45.704  -12.781  46.532 0.0000000000
57591  46.170  -12.639  45.918 0.0000000000
56568  46.129  -13.536  45.906 0.0000000000
55615  46.115  -13.909  45.556 0.0000000000
55632  45.531  -14.547  44.609 0.0000000000
54599  45.246  -15.003  45.291 0.0000000000
53276  32.912  -18.317  53.025 0.0000000000
53298  34.312  -18.449  52.004 0.0000000000
55503  39.158  -16.311  50.535 0.0000000000
55482  39.193  -16.363  51.125 0.0000000000
55465  39.435  -16.547  51.456 0.0000000000
54461  39.114  -16.982  52.115 0.0000000000
54460  39.407  -16.922  51.797 0.0000000000
53292  40.093  -17.371  51.732 0.0000000000
50997  40.624  -18.706  51.132 0.0000000000
50969  38.448  -19.174  52.694 0.0000000000
49909  38.953  -19.589  52.341 0.0000000000
48695  38.904  -20.217  52.020 0.0000000000
49921  39.532  -19.337  51.985 0.0000000000
54366  25.350  -16.548  59.077 0.0000000000
68180  52.779  -3.903  28.603 0.0000000000
67003  53.016  -4.124  28.942 0.0000000000
65869  52.698  -5.718  28.800 0.0000000000
63593  52.969  -7.525  28.454 0.0000000000
68071  42.336  -4.627  37.158 0.0000000000
58654  43.027  -12.946  47.429 0.0000000000
58668  42.548  -13.143  47.087 0.0000000000
69292  41.513  -4.111  38.108 0.0000000000
69291  42.360  -4.093  38.286 0.0000000000
68055  43.124  -4.292  37.883 0.0000000000
68038  43.960  -4.059  38.563 0.0000000000
69275  45.328  -3.586  39.212 0.0000000000
69254  46.146  -2.922  40.073 0.0000000000
69229  45.834  -3.153  40.596 0.0000000000
69228  46.080  -2.933  40.403 0.0000000000
70411  46.499  -3.175  39.803 0.0000000000
69227  47.030  -3.949  40.167 0.0000000000
66831  46.666  -4.672  40.607 0.0000000000
66782  46.107  -4.992  42.937 0.0000000000
66795  46.323  -4.795  42.691 0.0000000000
66808  46.612  -4.943  42.161 0.0000000000
64518  47.300  -6.805  42.603 0.0000000000
66821  46.570  -4.838  41.497 0.0000000000
65672  46.309  -6.043  40.164 0.0000000000
64557  46.008  -6.589  39.852 0.0000000000
63394  45.698  -7.675  39.673 0.0000000000
58711  47.089  -11.783  44.674 0.0000000000
57627  47.439  -11.843  43.928 0.0000000000
57644  47.510  -11.903  43.566 0.0000000000
57661  47.589  -12.014  42.714 0.0000000000
47418  34.359  -20.982  55.439 0.0000000000
47419  34.116  -20.950  55.514 0.0000000000
48599  30.798  -19.978  57.302 0.0000000000
48625  33.544  -20.019  56.008 0.0000000000
48645  34.540  -20.554  55.142 0.0000000000
48646  34.120  -20.240  55.270 0.0000000000
48666  35.139  -21.319  54.689 0.0000000000
49808  28.710  -18.221  58.296 0.0000000000
49841  33.192  -19.720  56.319 0.0000000000
49852  33.474  -19.847  56.022 0.0000000000
49853  33.132  -19.514  56.220 0.0000000000
50871  25.962  -17.595  59.203 0.0000000000
50913  33.980  -19.906  55.187 0.0000000000
50971  36.312  -18.814  53.115 0.0000000000
52028  32.269  -18.692  55.878 0.0000000000
52030  30.752  -18.245  56.128 0.0000000000
52076  38.310  -18.322  52.548 0.0000000000
52077  37.740  -18.451  52.603 0.0000000000
52080  33.617  -18.824  53.724 0.0000000000
52082  31.975  -18.507  54.272 0.0000000000
52110  38.015  -17.447  52.057 0.0000000000
52111  37.624  -17.674  51.922 0.0000000000
52126  37.635  -17.560  51.554 0.0000000000
53180  28.352  -17.123  57.905 0.0000000000
53198  30.124  -17.937  56.621 0.0000000000
53200  28.565  -17.098  57.526 0.0000000000
53223  31.059  -18.387  55.737 0.0000000000
53256  38.410  -17.918  52.450 0.0000000000
53258  32.342  -18.422  53.454 0.0000000000
53273  37.962  -17.982  52.400 0.0000000000
53274  34.548  -18.614  52.525 0.0000000000
53290  41.734  -16.219  50.743 0.0000000000
53293  39.477  -17.580  52.188 0.0000000000
53295  37.982  -17.308  51.525 0.0000000000
53358  43.320  -16.397  48.936 0.0000000000
54407  28.798  -17.133  56.748 0.0000000000
54418  29.003  -17.325  56.412 0.0000000000
54478  38.928  -16.800  51.636 0.0000000000
54492  42.550  -15.544  50.065 0.0000000000
54497  38.033  -17.203  50.965 0.0000000000
54508  43.155  -16.024  49.171 0.0000000000
55479  41.674  -15.252  50.551 0.0000000000
55499  42.172  -15.140  50.293 0.0000000000
55521  42.958  -15.138  49.621 0.0000000000
55576  44.874  -14.719  47.417 0.0000000000
56504  43.091  -14.329  49.521 0.0000000000
56508  40.987  -14.568  50.000 0.0000000000
56516  43.047  -13.712  49.411 0.0000000000
56519  40.635  -14.675  49.281 0.0000000000
57509  41.532  -14.460  49.437 0.0000000000
57541  44.331  -12.676  48.120 0.0000000000
57543  42.593  -13.523  48.098 0.0000000000
57545  41.330  -14.165  48.484 0.0000000000
57628  47.213  -12.203  44.147 0.0000000000
58619  43.753  -13.323  48.513 0.0000000000
58640  42.645  -13.376  47.696 0.0000000000
58653  43.438  -12.759  47.648 0.0000000000
59869  43.128  -12.376  46.020 0.0000000000
59900  43.864  -10.640  43.575 0.0000000000
59920  47.778  -10.610  43.673 0.0000000000
61131  47.538  -9.464  41.495 0.0000000000
61226  53.661  -9.179  32.496 0.0000000000
61244  54.119  -9.399  31.753 0.0000000000
62166  46.203  -8.927  45.480 0.0000000000
62168  45.575  -9.053  45.382 0.0000000000
62193  47.610  -8.682  43.721 0.0000000000
62194  47.438  -8.345  44.047 0.0000000000
62206  47.746  -8.698  43.086 0.0000000000
62352  54.186  -9.205  31.568 0.0000000000
63312  46.378  -8.628  45.277 0.0000000000
63365  47.536  -7.950  42.548 0.0000000000
64493  45.631  -7.214  44.104 0.0000000000
64503  45.404  -7.145  43.742 0.0000000000
64517  47.552  -7.413  42.952 0.0000000000
64519  44.201  -6.225  42.117 0.0000000000
64581  49.278  -5.687  36.929 0.0000000000
65629  45.174  -6.114  43.584 0.0000000000
65742  48.597  -4.823  35.402 0.0000000000
65760  51.782  -5.895  34.412 0.0000000000
66781  46.098  -4.678  42.831 0.0000000000
66783  45.721  -5.108  43.064 0.0000000000
66796  46.453  -5.384  43.102 0.0000000000
67941  46.067  -4.430  42.733 0.0000000000
67943  46.037  -4.408  42.768 0.0000000000
67954  46.067  -4.269  42.558 0.0000000000
67955  45.955  -4.058  42.578 0.0000000000
67956  45.782  -4.139  42.576 0.0000000000
67958  44.954  -4.546  42.379 0.0000000000
67968  45.954  -3.831  42.194 0.0000000000
67971  44.079  -4.480  41.565 0.0000000000
68035  46.450  -3.507  38.660 0.0000000000
68163  52.954  -3.917  28.776 0.0000000000
69168  45.299  -4.111  42.162 0.0000000000
69180  46.084  -3.794  41.920 0.0000000000
69182  45.885  -3.753  41.782 0.0000000000
69184  44.769  -4.048  41.466 0.0000000000
69232  43.252  -4.015  39.620 0.0000000000
69256  44.707  -3.683  39.623 0.0000000000
70375  46.071  -3.276  40.843 0.0000000000
70376  45.955  -3.317  40.861 0.0000000000
70392  46.686  -3.367  39.979 0.0000000000
70393  46.272  -3.038  40.300 0.0000000000
70394  45.971  -2.972  40.802 0.0000000000
70423  46.659  -3.320  39.502 0.0000000000
