#!ascii label  , from subject 3052 vox2ras=TkReg
1705
7489  35.157  -66.178  0.780 0.2000000030
7470  35.304  -66.141  1.390 0.2000000030
8128  35.410  -65.548  0.572 0.2000000030
7471  34.779  -66.704  1.749 0.2000000030
8165  34.907  -65.309  -1.018 0.1000000015
8117  35.904  -65.142  1.913 0.3000000119
8776  36.233  -64.604  0.888 0.2000000030
8146  34.703  -66.198  -0.155 0.1000000015
7490  34.644  -66.677  0.752 0.2000000030
8792  35.672  -64.528  -0.128 0.1000000015
8145  35.088  -65.370  -0.555 0.1000000015
8810  35.004  -64.754  -1.053 0.1000000015
9432  34.748  -63.717  -1.430 0.1000000015
8811  34.301  -64.641  -1.848 0.1000000015
10767  34.793  -61.143  -2.550 0.1000000015
10073  34.564  -62.748  -1.957 0.1000000015
10761  34.459  -62.165  -2.476 0.1000000015
11459  34.739  -60.823  -2.918 0.2000000030
10768  34.325  -61.598  -3.037 0.1000000015
10060  36.261  -62.887  -0.297 0.1000000015
11448  36.381  -60.924  -0.826 0.1000000015
8791  36.405  -64.002  0.320 0.2000000030
10072  35.487  -62.768  -0.964 0.1000000015
9417  36.044  -63.576  -0.303 0.1000000015
9431  35.328  -63.840  -0.706 0.1000000015
10760  35.000  -61.635  -1.905 0.1000000015
11458  35.224  -60.601  -2.294 0.1000000015
12793  36.256  -58.409  -3.157 0.2000000030
12786  35.701  -59.186  -2.967 0.2000000030
13510  36.649  -57.752  -3.346 0.1000000015
12144  35.096  -59.625  -3.214 0.2000000030
14200  36.336  -56.759  -4.045 0.2000000030
14211  35.517  -56.941  -4.347 0.1000000015
14910  35.968  -55.935  -3.589 0.1000000015
10759  36.059  -61.707  -1.078 0.1000000015
12116  36.413  -60.015  -1.389 0.1000000015
14199  37.634  -56.661  -3.462 0.2000000030
14893  37.845  -55.806  -2.847 0.2000000030
14884  37.208  -55.260  -2.060 0.2000000030
14909  37.023  -56.119  -3.394 0.2000000030
14894  36.480  -55.450  -2.733 0.1000000015
14895  35.486  -55.252  -3.081 0.2000000030
11449  35.868  -60.821  -1.556 0.1000000015
12780  36.775  -59.128  -1.838 0.1000000015
12117  35.902  -60.128  -1.964 0.1000000015
12785  36.530  -58.811  -2.755 0.2000000030
13496  38.596  -56.984  -2.741 0.2000000030
13509  37.969  -57.174  -3.205 0.3000000119
15662  36.666  -54.829  -1.157 0.3000000119
15682  35.833  -54.924  -2.450 0.2000000030
15683  35.039  -54.590  -2.595 0.2000000030
14187  34.129  -55.902  -3.329 0.2000000030
14185  38.663  -56.357  -3.126 0.3000000119
13498  37.035  -58.189  -2.828 0.2000000030
15661  37.524  -55.004  -1.017 0.3000000119
15648  36.136  -54.541  -0.012 0.3000000119
15674  35.481  -54.353  -1.661 0.2000000030
14896  34.584  -55.117  -3.142 0.2000000030
14897  33.774  -55.199  -2.782 0.2000000030
14842  37.306  -55.294  1.458 0.4000000060
14856  38.509  -55.326  -0.397 0.3000000119
15647  37.426  -55.152  -0.230 0.3000000119
14892  39.052  -55.620  -2.537 0.2000000030
14883  38.269  -55.257  -2.059 0.2000000030
15663  35.673  -54.141  -0.752 0.3000000119
16479  35.297  -53.766  -1.100 0.2000000030
15684  34.249  -54.582  -2.612 0.2000000030
15634  36.498  -55.031  1.018 0.3000000119
15649  35.344  -53.829  0.036 0.2000000030
16480  34.720  -53.334  -1.195 0.2000000030
16464  35.135  -53.495  -0.607 0.2000000030
16481  33.891  -53.374  -1.595 0.1000000015
15675  34.479  -54.077  -1.980 0.2000000030
15676  33.465  -54.397  -2.067 0.2000000030
14885  33.204  -55.393  -2.191 0.2000000030
15620  35.557  -54.608  2.076 0.3000000119
15635  35.356  -54.152  1.012 0.3000000119
15621  34.850  -53.809  2.101 0.2000000030
15636  34.823  -53.383  1.393 0.3000000119
16452  34.922  -53.252  -0.012 0.1000000015
16465  34.720  -52.866  -0.391 0.1000000015
16466  33.406  -52.733  -1.004 0.1000000015
17366  34.415  -52.549  -0.693 0.1000000015
17351  34.549  -51.960  -0.097 0.1000000015
16482  33.005  -53.615  -1.463 0.1000000015
16415  34.819  -54.007  3.613 0.3000000119
15602  34.826  -54.257  2.836 0.2000000030
16416  34.222  -53.422  3.125 0.2000000030
17287  33.856  -52.397  4.035 0.2000000030
18161  33.627  -51.467  4.354 0.1000000015
16430  34.525  -52.808  2.118 0.1000000015
17300  34.169  -52.310  2.960 0.1000000015
17315  34.410  -52.089  2.354 0.1000000015
16453  34.708  -52.639  0.325 0.1000000015
17352  33.958  -52.031  -0.527 0.1000000015
16404  34.530  -53.302  4.287 0.2000000030
18173  33.845  -50.875  3.366 0.1000000015
18187  34.230  -50.485  2.833 0.1000000015
18186  34.304  -51.312  2.592 0.1000000015
18198  34.560  -50.987  1.547 0.1000000015
17340  34.585  -51.822  0.827 0.1000000015
18208  34.310  -50.981  0.548 0.1000000015
18219  34.196  -51.553  -0.045 0.1000000015
19003  34.365  -49.821  2.736 0.1000000015
18209  33.626  -50.798  0.618 0.1000000015
18220  33.755  -51.411  0.098 0.1000000015
19004  34.190  -49.960  3.108 0.1000000015
10071  36.239  -62.304  -0.520 0.1000000015
13511  35.488  -57.878  -3.970 0.1000000015
13997  31.218  -56.753  12.082 0.5000000000
13990  31.654  -56.766  12.817 0.5000000000
13991  30.831  -56.329  12.721 0.5000000000
13998  30.423  -56.383  11.653 0.5000000000
13999  29.599  -55.927  11.273 0.5000000000
13971  32.483  -56.273  14.520 0.2000000030
13980  31.899  -56.444  13.847 0.3000000119
13981  31.200  -56.304  13.442 0.5000000000
14700  30.076  -55.775  12.671 0.5000000000
14709  29.676  -55.703  11.932 0.5000000000
14005  29.914  -56.343  10.625 0.5000000000
14006  29.440  -55.588  10.610 0.5000000000
12637  30.767  -58.778  9.962 0.5000000000
14681  31.842  -55.720  14.818 0.3000000119
14691  31.219  -55.981  14.124 0.3000000119
14692  30.523  -55.806  13.660 0.5000000000
14710  29.067  -55.163  11.483 0.5000000000
14014  29.662  -55.930  9.998 0.5000000000
14727  29.784  -55.832  9.498 0.5000000000
11307  31.428  -60.990  8.802 0.4000000060
11308  31.029  -60.651  8.582 0.5000000000
11300  30.974  -60.163  9.010 0.5000000000
12643  30.344  -58.896  8.971 0.5000000000
13295  30.377  -57.794  9.314 0.5000000000
10626  31.593  -61.561  8.232 0.4000000060
14680  32.637  -55.976  15.241 0.3000000119
14682  30.809  -55.368  14.733 0.4000000060
14683  30.024  -55.310  14.321 0.4000000060
14693  29.609  -55.378  13.577 0.5000000000
15471  28.857  -54.800  13.546 0.5000000000
14701  29.183  -55.244  12.602 0.5000000000
14702  28.714  -54.760  12.185 0.5000000000
15482  28.638  -54.640  12.806 0.5000000000
14711  28.692  -54.402  11.713 0.5000000000
15490  28.967  -54.187  11.051 0.5000000000
14728  29.543  -55.106  9.716 0.5000000000
14013  30.004  -56.600  9.600 0.6000000238
14025  30.358  -56.933  8.508 0.5000000000
9949  32.078  -62.509  7.258 0.4000000060
9938  32.541  -62.375  8.000 0.4000000060
11320  30.542  -60.439  7.889 0.5000000000
14627  33.744  -55.514  18.710 0.1000000015
14628  32.778  -55.515  18.738 0.1000000015
14630  31.276  -55.413  19.032 0.1000000015
14648  32.202  -55.526  17.891 0.1000000015
15416  31.576  -55.346  17.891 0.1000000015
15404  30.799  -55.164  18.551 0.1000000015
15417  31.086  -55.019  17.695 0.1000000015
15418  30.280  -54.620  17.648 0.1000000015
14672  32.210  -55.592  16.140 0.2000000030
15443  31.316  -55.145  16.293 0.1000000015
14673  31.343  -55.318  15.549 0.3000000119
15444  30.605  -54.766  15.774 0.4000000060
15457  30.085  -54.850  14.960 0.4000000060
15472  28.202  -54.175  13.339 0.5000000000
15483  28.360  -54.040  12.348 0.5000000000
16296  28.195  -53.062  11.961 0.5000000000
15491  28.606  -53.642  11.542 0.5000000000
13306  30.403  -58.112  8.147 0.5000000000
12654  30.339  -59.045  8.123 0.5000000000
10634  31.305  -61.717  6.930 0.4000000060
9961  32.936  -63.010  6.416 0.5000000000
14563  34.106  -55.210  22.009 0.1000000015
14579  34.333  -54.982  21.243 0.1000000015
14592  34.008  -54.862  20.448 0.1000000015
14607  33.425  -55.216  19.731 0.1000000015
14608  32.452  -55.345  19.541 0.1000000015
14610  30.978  -55.305  19.429 0.1000000015
15388  33.356  -54.934  20.228 0.1000000015
15389  32.913  -54.954  20.205 0.1000000015
17124  28.212  -52.423  16.248 0.2000000030
17125  27.660  -51.727  16.094 0.2000000030
14661  32.474  -55.452  17.173 0.1000000015
15430  31.671  -55.244  17.127 0.1000000015
15431  30.861  -54.747  16.856 0.1000000015
15432  29.987  -54.271  16.642 0.1000000015
17123  28.750  -53.059  16.414 0.2000000030
15445  29.557  -54.304  15.571 0.2000000030
16269  28.273  -53.356  15.177 0.2000000030
17142  27.474  -51.866  15.526 0.2000000030
15446  28.820  -54.175  15.108 0.3000000119
16278  27.906  -53.433  14.024 0.3000000119
16286  27.854  -53.271  12.930 0.5000000000
14739  30.063  -55.635  8.731 0.5000000000
14759  31.484  -55.749  7.208 0.5000000000
15543  30.778  -55.118  7.737 0.5000000000
14045  30.705  -57.248  7.539 0.5000000000
14760  30.672  -56.222  7.712 0.5000000000
15499  29.284  -53.953  10.134 0.5000000000
16304  29.032  -53.021  10.849 0.5000000000
12666  30.484  -58.775  7.355 0.5000000000
15526  30.268  -54.426  8.455 0.5000000000
10635  30.766  -61.076  7.453 0.5000000000
11997  30.337  -59.617  7.552 0.5000000000
9962  31.837  -62.338  6.185 0.4000000060
15361  33.720  -54.568  21.031 0.1000000015
15362  33.037  -54.046  21.469 0.1000000015
16186  31.647  -53.277  21.717 0.1000000015
15376  33.729  -54.673  20.715 0.1000000015
15377  33.396  -54.670  20.660 0.1000000015
15378  32.582  -54.503  20.781 0.1000000015
14595  31.276  -55.121  20.107 0.1000000015
15390  30.285  -55.017  19.416 0.1000000015
15405  29.763  -54.648  18.583 0.1000000015
16232  28.616  -53.412  18.438 0.1000000015
16242  29.297  -53.845  17.639 0.1000000015
17109  28.469  -52.419  17.320 0.2000000030
17989  28.184  -51.852  17.105 0.2000000030
17108  28.896  -52.971  16.951 0.2000000030
17153  27.726  -52.794  14.575 0.3000000119
17154  27.389  -52.054  14.653 0.3000000119
18020  27.089  -51.063  14.859 0.2000000030
17163  27.637  -52.362  13.659 0.3000000119
17164  27.433  -51.458  14.013 0.2000000030
18033  27.827  -51.228  13.103 0.3000000119
17173  28.042  -52.155  12.490 0.4000000060
16361  32.233  -53.898  7.683 0.5000000000
16346  31.700  -53.301  8.271 0.5000000000
15525  31.160  -54.088  7.858 0.5000000000
17184  28.698  -52.093  11.510 0.5000000000
17216  33.737  -52.092  9.424 0.5000000000
17217  32.760  -52.072  9.330 0.5000000000
17235  32.229  -52.610  8.724 0.5000000000
16347  30.733  -53.445  8.572 0.6000000238
16305  28.609  -52.971  11.446 0.5000000000
18106  33.286  -51.628  10.009 0.5000000000
17218  31.758  -52.156  9.318 0.5000000000
17236  31.252  -52.752  8.843 0.6000000238
15527  29.847  -54.274  8.874 0.5000000000
16331  30.408  -53.201  9.161 0.5000000000
15512  29.617  -54.184  9.321 0.5000000000
9308  33.542  -63.253  5.930 0.4000000060
9948  33.095  -62.781  7.434 0.4000000060
17019  30.131  -52.023  22.424 0.1000000015
17043  31.125  -52.885  22.035 0.1000000015
17044  29.494  -52.650  22.202 0.1000000015
15363  32.149  -53.903  21.339 0.1000000015
15365  30.182  -54.023  21.293 0.1000000015
16188  29.622  -53.391  21.715 0.1000000015
15364  31.185  -54.039  21.339 0.1000000015
15381  29.410  -54.209  20.687 0.1000000015
16200  28.719  -53.697  20.954 0.1000000015
15391  29.382  -54.456  19.621 0.1000000015
16215  28.584  -53.814  19.607 0.1000000015
17078  28.096  -52.980  18.870 0.1000000015
17976  27.748  -51.432  17.543 0.2000000030
18801  27.407  -50.760  17.215 0.2000000030
18819  27.274  -50.521  16.435 0.2000000030
18005  27.395  -51.150  15.856 0.2000000030
18837  27.291  -50.323  15.541 0.2000000030
23708  35.146  -45.424  9.280 0.2000000030
18034  27.589  -50.541  13.874 0.2000000030
22680  35.458  -46.422  9.455 0.2000000030
21634  34.704  -47.280  9.696 0.2000000030
21612  33.707  -47.942  10.524 0.2000000030
21594  32.788  -47.848  11.491 0.2000000030
21611  34.999  -48.204  10.157 0.2000000030
20683  34.509  -48.682  10.808 0.2000000030
20684  33.976  -48.590  11.038 0.2000000030
20646  32.968  -48.923  12.126 0.2000000030
20663  32.875  -48.451  11.900 0.3000000119
19713  32.312  -49.367  12.311 0.2000000030
18884  31.488  -49.890  12.038 0.4000000060
19731  34.807  -49.627  11.409 0.2000000030
20660  34.751  -49.103  11.100 0.3000000119
18881  33.705  -49.910  11.753 0.3000000119
18883  32.582  -50.060  11.815 0.4000000060
18905  30.635  -50.493  11.652 0.5000000000
18045  29.388  -50.691  11.965 0.4000000060
18066  28.935  -51.407  11.575 0.5000000000
18089  34.834  -51.453  10.337 0.5000000000
18060  34.455  -50.902  11.112 0.4000000060
18061  33.601  -50.716  11.124 0.4000000060
18929  32.547  -50.715  10.887 0.4000000060
18930  32.146  -50.728  10.802 0.5000000000
18904  31.657  -50.466  11.305 0.5000000000
18064  30.689  -50.966  10.960 0.5000000000
18065  29.608  -51.264  11.349 0.5000000000
18090  33.873  -51.237  10.575 0.5000000000
18107  32.307  -51.592  9.878 0.5000000000
18108  31.401  -51.647  9.720 0.5000000000
17219  30.618  -52.419  9.584 0.5000000000
16332  29.884  -53.321  9.581 0.5000000000
17220  29.952  -52.720  9.899 0.5000000000
17206  29.918  -52.171  10.409 0.5000000000
18732  29.083  -50.174  22.949 0.1000000015
17898  30.613  -51.224  22.848 0.1000000015
17899  29.633  -51.067  22.678 0.1000000015
17901  27.152  -51.349  21.977 0.1000000015
17021  28.076  -52.075  22.212 0.1000000015
17046  27.580  -52.369  21.365 0.1000000015
17915  26.901  -51.797  20.793 0.1000000015
17062  27.399  -52.482  20.131 0.1000000015
17943  26.794  -51.319  19.666 0.1000000015
16216  27.810  -53.104  19.551 0.1000000015
18781  27.183  -50.730  18.185 0.2000000030
18854  27.602  -50.016  14.673 0.2000000030
23709  34.133  -45.374  9.168 0.1000000015
22682  33.571  -46.235  9.430 0.2000000030
21635  33.887  -47.009  9.673 0.2000000030
21613  32.761  -47.283  10.607 0.2000000030
25948  34.102  -43.627  9.472 0.1000000015
24818  33.670  -44.500  9.310 0.1000000015
22683  32.798  -46.164  9.680 0.1000000015
20647  32.202  -48.425  12.329 0.1000000015
18887  28.879  -50.375  12.556 0.3000000119
18868  28.580  -50.096  13.064 0.2000000030
20648  31.462  -48.364  12.661 0.1000000015
19714  31.170  -49.095  12.695 0.1000000015
18885  30.453  -49.912  12.245 0.3000000119
18093  30.720  -51.455  10.163 0.5000000000
17183  29.240  -52.108  10.953 0.5000000000
17205  30.421  -52.030  10.060 0.5000000000
19560  29.631  -49.811  22.989 0.1000000015
19561  27.446  -49.421  23.200 0.1000000015
19562  26.450  -49.241  22.684 0.1000000015
18733  27.630  -50.199  22.905 0.1000000015
18734  26.587  -50.361  22.078 0.1000000015
19577  25.714  -48.919  21.669 0.1000000015
17902  26.604  -50.835  21.609 0.1000000015
19601  26.040  -49.689  19.634 0.1000000015
19602  25.744  -49.449  20.206 0.1000000015
18766  26.628  -50.725  19.370 0.1000000015
19616  26.564  -49.895  18.509 0.2000000030
19629  26.892  -49.817  17.211 0.2000000030
19643  27.089  -49.625  16.072 0.2000000030
19659  27.432  -49.516  15.243 0.2000000030
19678  27.796  -48.962  14.369 0.2000000030
18869  27.898  -49.583  13.880 0.2000000030
23687  31.814  -46.039  10.007 0.1000000015
22641  32.093  -47.095  10.975 0.1000000015
21595  31.911  -47.491  11.581 0.1000000015
20630  29.160  -48.332  13.359 0.1000000015
19696  28.412  -48.940  13.668 0.2000000030
21583  31.416  -47.662  12.302 0.1000000015
19693  30.830  -48.769  12.856 0.1000000015
19715  30.073  -49.447  12.619 0.2000000030
19716  29.633  -49.594  12.680 0.2000000030
18867  29.115  -49.806  12.816 0.2000000030
20469  26.786  -48.267  23.198 0.1000000015
22491  25.800  -46.434  23.125 0.1000000015
19563  25.824  -48.510  22.230 0.1000000015
22515  25.202  -46.736  21.464 0.1000000015
21486  25.254  -47.483  21.084 0.1000000015
20515  25.593  -48.835  19.852 0.1000000015
19589  25.658  -49.240  20.787 0.1000000015
20514  25.783  -49.169  19.429 0.1000000015
21516  26.213  -47.432  17.167 0.1000000015
20551  26.490  -48.805  17.600 0.1000000015
20568  26.657  -48.053  16.751 0.1000000015
20567  26.824  -48.865  16.596 0.2000000030
20588  27.324  -48.627  15.472 0.2000000030
20610  27.629  -48.093  14.633 0.2000000030
21572  28.840  -47.728  13.580 0.1000000015
19697  27.983  -49.123  13.940 0.2000000030
29174  34.460  -40.743  9.675 0.1000000015
27098  32.738  -42.971  9.722 0.1000000015
25950  32.272  -43.815  9.514 0.1000000015
23688  31.323  -45.863  10.376 0.1000000015
25927  31.336  -43.936  9.755 0.1000000015
24796  31.311  -44.929  9.837 0.1000000015
22642  31.291  -46.746  11.311 0.1000000015
21569  30.874  -47.744  12.707 0.1000000015
20628  30.854  -48.317  12.857 0.1000000015
20629  29.962  -48.322  12.989 0.2000000030
23548  25.287  -45.685  21.431 0.1000000015
23561  25.165  -45.505  20.199 0.1000000015
22541  25.050  -46.466  19.554 0.1000000015
21506  25.270  -47.229  19.054 0.1000000015
21526  26.566  -47.262  16.284 0.1000000015
21525  27.059  -47.901  16.053 0.2000000030
22598  27.111  -46.807  15.267 0.1000000015
21538  27.388  -47.503  15.195 0.1000000015
22612  27.481  -46.580  14.684 0.2000000030
22611  28.211  -46.520  13.931 0.1000000015
21556  27.894  -47.330  14.379 0.2000000030
27076  31.146  -42.706  10.101 0.1000000015
25928  30.480  -43.685  10.235 0.1000000015
25929  29.817  -43.571  10.554 0.1000000015
24783  29.358  -44.829  11.201 0.1000000015
23666  29.142  -45.828  12.731 0.1000000015
22624  29.116  -46.465  13.341 0.1000000015
22610  28.751  -46.752  13.717 0.1000000015
27074  33.197  -42.193  10.137 0.1000000015
27075  32.191  -42.289  10.062 0.1000000015
24798  29.908  -44.480  10.602 0.1000000015
23690  29.799  -45.180  10.980 0.1000000015
23675  29.848  -45.788  11.673 0.1000000015
22644  30.137  -46.417  12.086 0.1000000015
22633  29.778  -46.561  12.581 0.1000000015
21571  29.605  -47.431  13.194 0.1000000015
24797  30.742  -44.734  10.197 0.1000000015
23689  30.358  -45.387  10.780 0.1000000015
22643  30.532  -46.503  11.755 0.1000000015
22632  30.383  -46.823  12.305 0.1000000015
24668  25.402  -44.494  19.655 0.1000000015
23578  25.138  -45.411  19.087 0.1000000015
23592  25.301  -45.317  18.173 0.1000000015
22570  25.683  -46.458  17.563 0.1000000015
22585  26.177  -46.458  16.609 0.1000000015
23646  26.870  -45.661  14.790 0.1000000015
29163  29.915  -40.824  11.878 0.1000000015
28186  28.909  -41.900  11.708 0.1000000015
25901  27.853  -43.343  12.280 0.1000000015
24773  27.691  -44.160  12.654 0.1000000015
29161  31.618  -40.358  11.404 0.1000000015
28184  30.389  -41.332  11.387 0.1000000015
27057  29.300  -42.682  11.243 0.1000000015
27058  28.431  -42.575  11.859 0.1000000015
24759  27.960  -44.917  12.901 0.1000000015
23644  28.137  -46.075  13.782 0.1000000015
28182  31.900  -40.998  10.940 0.1000000015
28205  30.728  -41.913  10.763 0.1000000015
27056  30.086  -42.113  11.191 0.1000000015
25915  28.563  -43.523  11.567 0.1000000015
24772  28.277  -44.405  12.157 0.1000000015
23667  28.564  -45.229  12.638 0.1000000015
22625  28.653  -46.408  13.603 0.1000000015
24729  25.821  -44.425  16.253 0.1000000015
27021  26.221  -43.038  14.988 0.1000000015
24739  26.332  -44.718  15.363 0.1000000015
27031  27.066  -42.565  13.924 0.1000000015
25878  26.318  -43.799  14.786 0.1000000015
29162  30.740  -40.414  11.748 0.1000000015
28165  29.194  -41.240  12.134 0.1000000015
28167  27.834  -41.992  12.853 0.1000000015
25890  27.008  -43.506  13.617 0.1000000015
24750  27.103  -45.052  13.910 0.1000000015
27040  27.959  -42.455  12.445 0.1000000015
14719  29.218  -54.821  10.595 0.5000000000
15458  29.312  -54.768  14.514 0.4000000060
15459  28.436  -54.241  14.340 0.4000000060
15345  33.640  -54.519  21.727 0.1000000015
14594  32.114  -55.015  20.183 0.1000000015
16255  28.699  -53.218  15.979 0.3000000119
17990  27.716  -51.399  16.649 0.2000000030
16254  29.226  -53.577  16.394 0.2000000030
16268  28.908  -53.745  15.660 0.2000000030
17141  27.732  -52.544  15.262 0.3000000119
16184  32.937  -53.462  21.869 0.1000000015
15379  31.667  -54.561  20.748 0.1000000015
15380  30.491  -54.686  20.470 0.1000000015
16231  29.066  -54.085  18.847 0.1000000015
17094  28.266  -52.510  18.144 0.1000000015
17975  28.093  -52.031  17.751 0.2000000030
18046  28.713  -50.985  12.139 0.4000000060
16345  32.747  -53.195  8.220 0.5000000000
17233  34.125  -52.605  8.929 0.5000000000
16165  30.507  -52.766  22.175 0.1000000015
17020  29.067  -52.014  22.426 0.1000000015
16187  30.763  -53.379  21.733 0.1000000015
17045  28.645  -52.896  21.743 0.1000000015
15382  28.873  -54.051  20.349 0.1000000015
16201  27.947  -53.367  20.242 0.1000000015
17061  27.925  -53.086  20.942 0.1000000015
17095  27.931  -52.457  18.590 0.1000000015
22681  34.493  -46.319  9.307 0.2000000030
20662  33.478  -48.607  11.510 0.2000000030
21582  32.076  -47.880  11.929 0.1000000015
20661  34.241  -49.006  11.315 0.2000000030
19712  33.151  -49.553  11.948 0.3000000119
18906  29.913  -50.514  11.976 0.4000000060
18900  35.019  -50.454  11.410 0.5000000000
18901  34.027  -50.233  11.608 0.4000000060
20682  35.416  -49.045  10.821 0.2000000030
18902  33.243  -50.383  11.511 0.4000000060
18903  32.609  -50.544  11.181 0.5000000000
18059  35.337  -51.121  11.101 0.5000000000
18091  32.813  -51.021  10.701 0.5000000000
18092  31.786  -51.144  10.258 0.5000000000
17900  28.417  -51.180  22.630 0.1000000015
18757  26.294  -50.535  20.331 0.1000000015
17930  26.569  -51.257  20.171 0.1000000015
17942  27.241  -51.478  19.223 0.1000000015
18765  27.011  -50.855  18.884 0.2000000030
19630  26.676  -49.650  17.809 0.2000000030
22659  33.084  -46.951  9.898 0.1000000015
23710  33.148  -45.421  9.368 0.1000000015
18718  28.457  -49.663  23.192 0.1000000015
19547  27.255  -48.857  23.324 0.1000000015
19576  26.044  -49.716  21.534 0.1000000015
20490  25.506  -48.120  21.671 0.1000000015
20550  26.721  -49.171  17.134 0.2000000030
27073  34.171  -42.215  9.943 0.1000000015
27097  33.658  -42.898  9.654 0.1000000015
25949  33.188  -43.711  9.452 0.1000000015
23711  32.130  -45.609  9.704 0.1000000015
19695  29.411  -49.267  12.940 0.2000000030
22631  30.884  -47.006  12.069 0.1000000015
19694  30.397  -48.869  12.848 0.1000000015
20479  26.171  -48.151  22.655 0.1000000015
21451  27.019  -47.378  23.550 0.1000000015
21452  26.202  -47.099  23.358 0.1000000015
23535  25.775  -45.439  22.604 0.1000000015
22503  25.417  -46.500  22.253 0.1000000015
21475  25.395  -47.370  21.920 0.1000000015
22526  25.037  -46.591  20.626 0.1000000015
20500  25.484  -48.375  20.842 0.1000000015
21493  25.322  -47.579  20.022 0.1000000015
20534  25.469  -48.038  19.179 0.1000000015
20533  25.883  -48.883  18.883 0.1000000015
21505  25.664  -47.531  18.206 0.1000000015
21555  28.500  -47.236  13.861 0.2000000030
21554  29.052  -47.105  13.656 0.1000000015
27099  31.917  -43.104  9.736 0.1000000015
24820  31.870  -44.699  9.612 0.1000000015
23673  31.112  -46.245  10.941 0.1000000015
21570  30.351  -47.743  12.805 0.1000000015
24649  25.623  -44.457  20.822 0.1000000015
22558  25.251  -46.405  18.409 0.1000000015
22557  25.516  -46.804  18.042 0.1000000015
22599  26.623  -46.364  15.638 0.1000000015
21539  26.902  -47.203  15.646 0.1000000015
23645  27.728  -45.851  14.018 0.1000000015
27077  30.098  -42.780  10.579 0.1000000015
28204  31.596  -41.659  10.491 0.1000000015
28203  32.589  -41.352  10.499 0.1000000015
25914  29.228  -43.806  10.929 0.1000000015
27078  29.578  -43.189  10.774 0.1000000015
24771  28.925  -45.139  11.931 0.1000000015
24686  25.452  -44.410  18.577 0.1000000015
24710  25.464  -44.542  17.721 0.1000000015
23607  25.509  -45.345  17.411 0.1000000015
23606  25.825  -45.762  16.877 0.1000000015
23623  26.165  -45.466  16.143 0.1000000015
23633  26.528  -45.538  15.500 0.1000000015
25902  27.451  -43.621  12.959 0.1000000015
27041  27.491  -42.737  13.051 0.1000000015
23660  27.701  -45.236  13.488 0.1000000015
28183  31.184  -41.121  11.149 0.1000000015
25865  26.020  -43.606  15.622 0.1000000015
24761  26.849  -44.296  13.816 0.1000000015
28156  27.604  -41.928  13.526 0.1000000015
29144  30.281  -40.222  12.410 0.1000000015
30092  31.218  -39.407  12.054 0.1000000015
29146  28.819  -40.948  12.873 0.1000000015
13252  36.019  -57.645  13.888 0.1000000015
13263  36.408  -57.910  13.375 0.1000000015
13253  35.171  -57.498  13.816 0.1000000015
13254  34.226  -57.357  13.870 0.1000000015
13255  33.462  -57.224  13.579 0.1000000015
13968  35.158  -56.760  14.891 0.1000000015
13969  34.263  -56.720  14.689 0.1000000015
13251  36.922  -57.662  13.753 0.2000000030
13970  33.305  -56.409  14.822 0.1000000015
12618  36.639  -58.271  12.724 0.2000000030
13264  35.719  -57.856  13.225 0.1000000015
12626  36.120  -58.731  11.888 0.2000000030
13265  34.769  -57.761  13.142 0.1000000015
13979  32.867  -56.716  13.826 0.1000000015
12625  37.321  -58.778  11.812 0.2000000030
12619  35.402  -58.275  12.593 0.2000000030
13266  33.821  -57.683  13.017 0.2000000030
12620  34.361  -58.159  12.543 0.2000000030
12621  33.785  -57.986  12.484 0.2000000030
13267  32.973  -57.310  12.967 0.3000000119
13989  32.320  -56.895  13.202 0.3000000119
13268  32.288  -57.230  12.613 0.3000000119
12627  34.895  -58.721  11.990 0.2000000030
11954  36.792  -59.311  11.213 0.2000000030
13276  32.765  -57.700  12.191 0.2000000030
11955  35.585  -59.267  11.306 0.2000000030
9913  37.221  -62.026  10.220 0.1000000015
11285  37.768  -60.597  10.409 0.1000000015
11962  37.368  -59.851  10.596 0.1000000015
12628  33.637  -58.346  11.971 0.2000000030
10599  37.330  -61.594  10.471 0.1000000015
13277  31.826  -57.458  11.920 0.4000000060
11286  36.815  -60.447  10.057 0.2000000030
11963  36.254  -59.847  10.644 0.2000000030
10609  37.196  -61.762  9.773 0.1000000015
10610  36.431  -61.850  9.285 0.2000000030
11293  37.549  -61.303  9.962 0.1000000015
11294  37.127  -61.122  9.653 0.1000000015
11956  34.338  -59.188  11.419 0.2000000030
11957  33.169  -59.043  11.374 0.2000000030
12629  32.433  -58.358  11.517 0.4000000060
11958  32.557  -58.928  11.239 0.4000000060
13278  31.108  -57.140  11.509 0.4000000060
11287  35.643  -60.468  10.201 0.3000000119
11964  35.017  -59.865  10.838 0.3000000119
12630  31.797  -58.024  11.406 0.4000000060
13287  30.669  -57.424  10.625 0.4000000060
11965  33.750  -59.776  10.937 0.3000000119
11288  34.403  -60.501  10.412 0.4000000060
27094  36.850  -42.078  9.958 0.1000000015
24816  35.735  -44.571  9.593 0.1000000015
13286  31.406  -57.709  11.262 0.4000000060
11966  32.466  -59.435  10.835 0.4000000060
12636  31.632  -58.510  10.861 0.5000000000
11289  33.159  -60.411  10.451 0.4000000060
11290  32.083  -60.211  10.162 0.4000000060
25945  36.127  -44.040  9.845 0.1000000015
25925  36.595  -43.464  9.993 0.1000000015
23707  36.116  -45.540  9.539 0.1000000015
23706  37.205  -45.749  9.610 0.1000000015
21633  35.724  -47.352  9.811 0.1000000015
13244  36.447  -57.162  14.384 0.1000000015
13246  34.844  -57.161  14.377 0.1000000015
13978  33.614  -56.844  14.128 0.1000000015
13245  35.584  -57.194  14.415 0.1000000015
13955  34.789  -56.383  15.432 0.1000000015
13250  37.944  -57.597  13.699 0.1000000015
24815  36.655  -44.561  9.797 0.1000000015
22679  36.386  -46.541  9.620 0.1000000015
13954  35.606  -56.375  15.445 0.1000000015
9243  29.109  -63.412  11.723 0.1000000015
9244  28.264  -63.517  11.486 0.1000000015
7330  29.378  -66.307  11.857 0.1000000015
7975  30.211  -65.350  12.410 0.1000000015
9900  28.543  -62.680  11.715 0.1000000015
9901  27.602  -62.569  11.664 0.1000000015
9886  26.930  -61.887  11.988 0.1000000015
9245  27.366  -63.489  11.335 0.1000000015
7247  28.543  -67.476  18.904 0.1000000015
10519  25.554  -61.669  15.209 0.1000000015
10538  25.152  -61.330  14.473 0.1000000015
8617  30.496  -64.541  12.501 0.1000000015
10553  25.814  -60.875  13.508 0.1000000015
8633  29.722  -64.449  12.006 0.1000000015
10570  26.422  -61.138  12.697 0.1000000015
9887  26.021  -61.890  12.001 0.1000000015
7325  30.002  -66.144  12.320 0.1000000015
7232  29.410  -66.791  19.553 0.1000000015
6589  28.742  -68.124  18.619 0.1000000015
7856  29.912  -65.837  20.253 0.1000000015
7870  29.498  -65.898  19.656 0.1000000015
7233  29.045  -67.201  19.239 0.1000000015
6578  28.986  -68.039  19.166 0.1000000015
6601  29.018  -67.874  17.995 0.1000000015
8562  26.302  -64.446  16.569 0.1000000015
9183  25.747  -62.945  15.943 0.1000000015
9226  29.954  -63.539  12.149 0.1000000015
9884  29.243  -62.498  11.952 0.1000000015
10586  28.039  -61.965  11.897 0.1000000015
7307  30.920  -66.234  13.307 0.1000000015
6667  30.517  -66.818  12.640 0.1000000015
5956  29.054  -68.426  19.053 0.1000000015
5955  29.388  -68.483  18.992 0.1000000015
7192  30.045  -66.848  21.561 0.1000000015
7211  30.022  -66.773  20.616 0.1000000015
5940  29.333  -68.296  19.223 0.1000000015
6588  29.640  -68.051  18.596 0.1000000015
7260  28.693  -67.137  17.519 0.1000000015
7902  28.117  -65.954  17.283 0.1000000015
7903  27.108  -65.802  17.041 0.1000000015
8546  27.663  -65.016  16.993 0.1000000015
8561  27.073  -64.527  16.598 0.1000000015
9171  27.399  -63.554  16.384 0.1000000015
9172  26.524  -63.418  16.193 0.1000000015
9840  26.694  -62.375  15.834 0.1000000015
10518  26.433  -61.618  15.304 0.1000000015
11240  27.326  -60.719  13.521 0.1000000015
9225  30.844  -63.725  12.580 0.1000000015
10567  29.695  -61.708  12.474 0.1000000015
9885  28.611  -62.096  11.895 0.1000000015
11260  27.739  -60.936  12.854 0.1000000015
11261  27.007  -60.913  12.908 0.1000000015
8600  31.321  -65.258  13.369 0.1000000015
7974  30.849  -65.434  13.063 0.1000000015
7245  30.478  -67.124  18.665 0.1000000015
7821  30.233  -66.146  22.142 0.1000000015
6557  29.908  -67.316  20.255 0.1000000015
6577  29.666  -67.701  19.655 0.1000000015
5938  30.111  -68.415  19.330 0.1000000015
6587  30.292  -68.128  19.109 0.1000000015
7246  29.569  -67.111  17.952 0.1000000015
7901  29.081  -65.899  17.596 0.1000000015
8545  28.456  -64.531  17.228 0.1000000015
9166  28.615  -63.378  17.102 0.1000000015
6534  30.174  -67.457  21.966 0.1000000015
6556  30.318  -67.403  20.715 0.1000000015
6576  30.386  -68.106  19.803 0.1000000015
8560  27.758  -64.253  16.678 0.1000000015
9821  27.115  -62.844  16.185 0.1000000015
10496  27.655  -61.997  16.065 0.1000000015
10517  27.469  -61.463  15.502 0.1000000015
11220  27.603  -60.768  14.562 0.1000000015
10536  26.926  -61.067  14.883 0.1000000015
11238  29.323  -60.746  13.735 0.1000000015
11221  26.760  -60.709  14.141 0.1000000015
10566  30.667  -61.886  12.743 0.1000000015
10551  29.194  -61.089  12.981 0.1000000015
8615  31.541  -64.604  13.326 0.1000000015
7306  31.578  -66.331  13.566 0.1000000015
7956  31.411  -65.730  13.573 0.1000000015
7305  31.989  -66.216  13.975 0.1000000015
7955  31.959  -65.842  14.029 0.1000000015
7244  31.296  -66.616  19.281 0.1000000015
7177  29.849  -66.879  22.232 0.1000000015
6513  29.976  -67.620  22.529 0.1000000015
6533  30.929  -67.400  21.687 0.1000000015
6555  30.988  -67.642  20.558 0.1000000015
6575  31.050  -67.898  19.991 0.1000000015
7231  30.881  -67.626  19.467 0.1000000015
7884  30.069  -65.726  18.202 0.1000000015
8544  29.420  -64.656  17.786 0.1000000015
9165  29.132  -63.586  17.503 0.1000000015
6535  29.965  -67.523  22.325 0.1000000015
9819  28.626  -62.531  16.674 0.1000000015
9820  27.766  -62.634  16.319 0.1000000015
10495  28.217  -61.832  16.136 0.1000000015
11219  28.636  -60.670  14.459 0.1000000015
11209  28.935  -60.739  15.212 0.1000000015
10565  31.392  -62.196  13.251 0.1000000015
10550  30.041  -61.140  13.117 0.1000000015
11239  28.338  -60.771  13.469 0.1000000015
9872  31.912  -63.094  13.488 0.1000000015
9871  32.631  -63.336  14.118 0.1000000015
9224  31.579  -64.049  13.205 0.1000000015
8599  31.774  -65.015  13.620 0.1000000015
7972  32.371  -65.985  13.314 0.1000000015
6477  29.491  -67.659  24.334 0.1000000015
7160  29.442  -67.357  23.705 0.1000000015
7804  29.508  -66.424  23.436 0.1000000015
6491  30.441  -67.430  23.192 0.1000000015
6511  30.843  -67.245  22.588 0.1000000015
7883  30.996  -65.851  18.750 0.1000000015
6492  29.893  -67.680  23.233 0.1000000015
6512  30.298  -67.524  22.525 0.1000000015
7210  31.647  -66.806  21.002 0.1000000015
7869  31.856  -65.915  19.891 0.1000000015
8532  30.678  -64.720  18.752 0.1000000015
9159  29.707  -63.634  18.084 0.1000000015
8531  31.202  -65.094  19.157 0.1000000015
9158  30.321  -63.679  18.614 0.1000000015
9804  29.623  -62.530  17.651 0.1000000015
9805  28.993  -62.816  17.236 0.1000000015
9818  29.269  -62.218  16.986 0.1000000015
10494  29.338  -61.319  16.471 0.1000000015
10515  29.116  -60.915  15.739 0.1000000015
11218  29.533  -60.584  14.608 0.1000000015
10549  30.968  -61.386  13.450 0.1000000015
11237  30.251  -60.748  13.912 0.1000000015
10548  32.161  -61.942  14.009 0.1000000015
9214  32.366  -64.196  13.722 0.1000000015
8598  32.565  -64.958  13.797 0.1000000015
8491  32.531  -65.123  21.553 0.1000000015
8504  32.519  -64.911  20.872 0.1000000015
6476  30.073  -67.730  23.867 0.1000000015
7159  30.796  -66.941  23.274 0.1000000015
7176  31.377  -66.695  22.254 0.1000000015
7853  32.298  -65.845  21.082 0.1000000015
8505  32.149  -64.497  20.408 0.1000000015
7190  31.893  -66.076  21.732 0.1000000015
7854  31.980  -66.306  20.488 0.1000000015
8523  31.117  -64.419  19.308 0.1000000015
9767  30.960  -63.154  19.462 0.1000000015
9792  30.749  -62.598  18.960 0.1000000015
9144  30.782  -63.726  19.178 0.1000000015
10478  29.603  -61.819  17.156 0.1000000015
11192  30.165  -60.571  16.296 0.1000000015
11208  29.713  -60.550  15.569 0.1000000015
11217  30.494  -60.540  14.777 0.1000000015
10534  32.442  -61.478  14.853 0.1000000015
11236  31.163  -60.918  14.101 0.1000000015
10547  32.782  -62.836  14.460 0.1000000015
9860  33.089  -63.564  14.769 0.1000000015
8454  31.451  -64.856  24.238 0.1000000015
6465  29.797  -67.611  24.675 0.1000000015
7794  30.748  -65.764  24.581 0.1000000015
8469  31.858  -65.136  23.620 0.1000000015
8468  32.372  -64.994  23.122 0.1000000015
9107  32.575  -64.183  21.751 0.1000000015
6466  29.151  -67.998  25.151 0.1000000015
7146  30.618  -66.949  24.038 0.1000000015
7145  31.149  -66.453  23.442 0.1000000015
7803  31.681  -65.753  23.163 0.1000000015
7819  32.042  -65.559  22.271 0.1000000015
9123  32.382  -63.980  20.833 0.1000000015
9143  31.277  -63.735  19.648 0.1000000015
9124  31.790  -63.692  20.300 0.1000000015
9791  31.235  -62.218  19.236 0.1000000015
9803  30.295  -62.190  18.165 0.1000000015
10461  30.796  -61.708  18.371 0.1000000015
10493  30.167  -60.860  16.791 0.1000000015
11191  31.065  -60.589  16.784 0.1000000015
11206  32.056  -60.514  15.809 0.1000000015
10513  32.930  -61.301  15.417 0.1000000015
11216  31.636  -60.846  14.874 0.1000000015
10532  33.766  -63.056  15.571 0.1000000015
9859  33.589  -63.685  15.318 0.1000000015
9100  32.476  -64.435  22.783 0.1000000015
9088  32.373  -64.561  23.164 0.1000000015
9743  32.178  -63.372  21.176 0.1000000015
9753  31.746  -62.711  20.594 0.1000000015
9766  31.360  -62.600  19.696 0.1000000015
10460  31.552  -61.541  18.965 0.1000000015
11174  31.047  -60.835  17.550 0.1000000015
10476  31.178  -61.072  18.120 0.1000000015
11190  32.381  -60.467  16.859 0.1000000015
11205  33.181  -60.845  16.221 0.1000000015
11204  33.794  -61.129  16.689 0.1000000015
10514  32.237  -60.986  15.222 0.1000000015
9181  34.407  -63.946  15.685 0.1000000015
9858  34.795  -63.181  14.985 0.1000000015
9712  31.491  -63.181  23.449 0.1000000015
9108  31.976  -63.299  21.846 0.1000000015
9744  31.737  -62.628  21.395 0.1000000015
7781  30.395  -65.409  25.424 0.1000000015
9101  32.109  -63.603  22.647 0.1000000015
10418  31.557  -61.761  20.861 0.1000000015
10435  31.799  -61.400  19.775 0.1000000015
11153  31.734  -60.872  18.382 0.1000000015
11152  32.393  -60.604  18.523 0.1000000015
11188  33.826  -60.987  17.260 0.1000000015
11189  33.323  -60.617  17.051 0.1000000015
10512  34.148  -62.145  15.980 0.1000000015
10511  34.835  -62.701  16.376 0.1000000015
9837  34.964  -63.324  16.053 0.1000000015
10530  35.555  -61.679  14.833 0.1000000015
11259  36.172  -60.921  12.678 0.1000000015
8441  30.547  -64.366  25.304 0.1000000015
8455  30.863  -64.865  24.843 0.1000000015
9696  31.516  -63.670  24.136 0.1000000015
9730  30.776  -61.966  22.735 0.1000000015
10395  31.118  -61.920  21.890 0.1000000015
9729  31.371  -62.496  22.351 0.1000000015
11172  32.853  -60.438  17.683 0.1000000015
12592  37.416  -59.122  15.628 0.1000000015
11893  36.484  -60.110  15.983 0.1000000015
11169  35.502  -61.036  17.476 0.1000000015
11170  35.054  -60.835  17.753 0.1000000015
11171  33.617  -60.739  17.701 0.1000000015
11901  37.295  -59.536  15.566 0.1000000015
11187  35.903  -61.029  16.850 0.1000000015
10475  34.015  -61.151  17.690 0.1000000015
12591  37.794  -59.068  15.604 0.1000000015
11900  37.943  -59.577  15.092 0.1000000015
11203  36.825  -60.419  15.461 0.1000000015
10489  36.207  -61.683  16.401 0.1000000015
10490  36.014  -62.104  17.129 0.1000000015
10492  34.291  -61.419  17.044 0.1000000015
12604  38.879  -58.657  14.936 0.1000000015
11914  38.688  -59.063  14.328 0.1000000015
11213  37.505  -60.054  14.750 0.1000000015
9817  35.664  -62.485  16.558 0.1000000015
11214  36.712  -60.571  14.584 0.1000000015
9836  35.817  -62.498  16.114 0.1000000015
11945  38.304  -59.568  12.854 0.1000000015
11215  36.040  -60.827  14.115 0.1000000015
11258  36.574  -60.787  12.366 0.1000000015
9684  29.895  -62.843  25.475 0.1000000015
9065  30.492  -63.494  25.119 0.1000000015
9683  30.365  -63.079  25.027 0.1000000015
9698  29.991  -62.056  24.804 0.1000000015
9713  30.792  -62.280  23.358 0.1000000015
9697  30.657  -62.912  24.461 0.1000000015
10380  30.447  -61.397  23.103 0.1000000015
10396  30.661  -61.549  22.197 0.1000000015
10410  31.031  -61.514  21.466 0.1000000015
10419  31.000  -61.111  20.875 0.1000000015
11120  31.428  -60.948  20.325 0.1000000015
10434  32.126  -60.944  19.458 0.1000000015
11135  32.293  -60.520  19.243 0.1000000015
11868  32.718  -59.738  18.562 0.1000000015
11867  33.863  -59.849  17.989 0.1000000015
11151  33.508  -60.443  18.078 0.1000000015
11894  35.727  -59.735  16.418 0.1000000015
11885  35.383  -60.581  17.250 0.1000000015
10457  34.098  -60.878  18.146 0.1000000015
12579  37.071  -58.819  15.802 0.1000000015
13248  39.418  -57.842  14.072 0.1000000015
12603  39.312  -58.364  14.486 0.1000000015
10361  29.860  -61.457  24.745 0.1000000015
11066  29.930  -60.041  23.036 0.1000000015
10360  30.267  -61.477  24.148 0.1000000015
11081  30.165  -60.520  22.627 0.1000000015
11101  30.459  -60.564  21.481 0.1000000015
11840  30.516  -59.866  20.777 0.1000000015
11121  30.864  -60.472  20.538 0.1000000015
11136  31.663  -60.473  19.770 0.1000000015
11850  31.980  -59.729  19.283 0.1000000015
12562  33.342  -59.029  17.934 0.1000000015
12580  36.091  -58.456  16.317 0.1000000015
11895  35.146  -58.919  16.538 0.1000000015
11887  33.947  -59.080  17.484 0.1000000015
13218  37.946  -58.136  16.477 0.1000000015
13219  37.150  -57.906  16.567 0.1000000015
11866  34.270  -60.121  17.838 0.1000000015
13217  38.736  -58.011  16.414 0.1000000015
12578  38.192  -58.480  15.958 0.1000000015
11049  29.758  -60.785  24.743 0.1000000015
11048  29.971  -60.593  24.234 0.1000000015
11065  30.085  -60.460  23.579 0.1000000015
11802  29.986  -59.648  22.764 0.1000000015
11822  30.290  -59.556  21.403 0.1000000015
12547  30.731  -58.699  20.017 0.1000000015
12563  32.659  -58.329  18.277 0.1000000015
11869  31.982  -58.933  18.704 0.1000000015
12572  34.517  -58.564  16.995 0.1000000015
13232  39.148  -57.830  15.905 0.1000000015
13242  38.386  -57.217  14.417 0.1000000015
12469  30.521  -58.827  23.793 0.1000000015
11782  30.058  -59.515  23.217 0.1000000015
12489  30.465  -58.457  22.610 0.1000000015
13136  30.506  -58.004  21.367 0.1000000015
12509  30.264  -58.858  21.704 0.1000000015
12527  30.414  -58.955  20.774 0.1000000015
13180  30.852  -58.085  19.850 0.1000000015
12546  31.299  -58.695  19.342 0.1000000015
12564  31.815  -58.232  18.794 0.1000000015
12574  33.280  -57.734  18.083 0.1000000015
12573  33.712  -58.187  17.594 0.1000000015
13220  36.328  -57.745  16.862 0.1000000015
13964  38.708  -56.880  15.230 0.1000000015
13243  37.395  -57.155  14.373 0.1000000015
12488  31.081  -57.942  22.650 0.1000000015
13114  30.949  -57.780  22.115 0.1000000015
13135  31.355  -57.480  21.391 0.1000000015
13156  30.599  -58.191  20.459 0.1000000015
13155  30.976  -57.615  20.455 0.1000000015
13179  31.527  -57.721  19.501 0.1000000015
13196  32.174  -57.712  18.813 0.1000000015
13950  38.829  -57.054  16.019 0.1000000015
13199  38.220  -57.676  16.830 0.1000000015
12581  35.401  -58.085  16.741 0.1000000015
13951  38.104  -56.724  15.932 0.1000000015
13113  31.745  -57.712  22.380 0.1000000015
13153  33.213  -57.278  20.448 0.1000000015
13134  32.483  -57.411  21.482 0.1000000015
13176  34.466  -57.280  19.738 0.1000000015
13883  33.679  -57.306  20.366 0.1000000015
13154  31.943  -57.306  20.453 0.1000000015
13193  34.867  -57.345  18.632 0.1000000015
13195  32.966  -57.465  18.663 0.1000000015
13205  33.478  -57.512  18.368 0.1000000015
13942  38.459  -57.459  16.648 0.1000000015
13929  38.034  -57.404  17.296 0.1000000015
13200  37.834  -57.628  17.134 0.1000000015
13221  35.734  -57.686  17.090 0.1000000015
13203  34.991  -57.589  17.444 0.1000000015
13952  37.168  -56.366  15.728 0.1000000015
13201  37.252  -57.629  17.458 0.1000000015
13175  35.842  -57.584  19.520 0.1000000015
13177  33.438  -57.270  19.530 0.1000000015
13178  32.500  -57.382  19.536 0.1000000015
13192  36.130  -57.545  18.490 0.1000000015
13194  33.837  -57.322  18.800 0.1000000015
13202  36.317  -57.613  17.609 0.1000000015
9184  24.943  -63.007  16.127 0.1000000015
9841  25.958  -62.305  15.609 0.1000000015
10537  26.097  -61.069  14.528 0.1000000015
8634  28.913  -64.467  11.607 0.1000000015
11222  26.242  -60.732  13.827 0.1000000015
10569  27.447  -61.439  12.367 0.1000000015
11241  26.505  -60.780  13.337 0.1000000015
10587  27.494  -61.926  11.932 0.1000000015
9902  26.670  -62.658  11.603 0.1000000015
10520  24.664  -61.784  15.226 0.1000000015
9842  25.131  -62.364  15.628 0.1000000015
9883  30.263  -62.677  12.407 0.1000000015
10568  28.548  -61.474  12.396 0.1000000015
5939  29.779  -68.381  19.354 0.1000000015
9170  28.123  -63.504  16.652 0.1000000015
9839  27.307  -62.242  16.033 0.1000000015
9882  31.180  -62.890  12.817 0.1000000015
11210  28.206  -60.875  15.127 0.1000000015
10516  28.559  -61.211  15.666 0.1000000015
7230  31.455  -67.078  20.081 0.1000000015
7178  29.747  -67.274  22.738 0.1000000015
8533  30.025  -64.489  18.299 0.1000000015
7158  31.248  -66.659  22.907 0.1000000015
7882  31.449  -65.663  19.328 0.1000000015
8521  32.172  -65.137  20.246 0.1000000015
8522  31.695  -64.763  19.742 0.1000000015
9793  30.101  -62.904  18.320 0.1000000015
9213  32.903  -64.283  14.452 0.1000000015
8593  33.076  -64.521  14.487 0.1000000015
7868  32.221  -65.626  20.497 0.1000000015
7820  31.694  -65.976  22.554 0.1000000015
10477  30.270  -61.329  17.513 0.1000000015
11207  30.828  -60.412  15.680 0.1000000015
10533  33.184  -62.477  14.981 0.1000000015
9202  33.374  -64.229  14.861 0.1000000015
7793  31.267  -65.817  23.839 0.1000000015
9752  32.080  -63.443  20.744 0.1000000015
9838  34.200  -63.559  15.648 0.1000000015
9201  34.036  -64.216  15.276 0.1000000015
9089  32.104  -64.263  23.570 0.1000000015
9076  31.654  -64.171  24.216 0.1000000015
10409  31.406  -62.062  21.591 0.1000000015
11173  31.796  -60.603  17.721 0.1000000015
9857  35.367  -62.647  15.496 0.1000000015
9200  34.479  -64.053  15.564 0.1000000015
10531  35.163  -62.413  14.864 0.1000000015
10546  34.893  -61.911  13.987 0.1000000015
9077  31.123  -64.015  24.684 0.1000000015
10459  32.197  -61.033  19.220 0.1000000015
10491  35.068  -62.142  16.811 0.1000000015
10545  35.569  -61.164  13.748 0.1000000015
10529  36.041  -61.077  14.847 0.1000000015
11234  36.743  -60.409  13.355 0.1000000015
11849  32.445  -60.002  19.114 0.1000000015
11186  36.347  -60.883  16.194 0.1000000015
10473  35.395  -61.454  17.416 0.1000000015
10474  34.526  -61.216  17.738 0.1000000015
12577  38.822  -58.250  15.919 0.1000000015
9816  36.062  -62.330  16.601 0.1000000015
10509  36.114  -61.536  15.608 0.1000000015
12589  39.136  -58.233  15.514 0.1000000015
11233  37.572  -59.834  13.681 0.1000000015
11257  37.567  -60.278  12.391 0.1000000015
11886  34.640  -59.855  17.337 0.1000000015
13240  39.424  -57.690  15.110 0.1000000015
11851  30.948  -59.701  19.960 0.1000000015
13233  38.919  -57.552  16.200 0.1000000015
13963  39.169  -57.186  15.353 0.1000000015
13204  33.952  -57.479  18.022 0.1000000015
11967  31.429  -59.512  10.132 0.4000000060
11297  33.811  -61.066  9.892 0.3000000119
11298  32.649  -60.924  9.788 0.3000000119
11291  31.583  -60.064  9.876 0.4000000060
11968  31.001  -59.321  9.871 0.4000000060
11973  30.923  -59.639  9.477 0.4000000060
7411  34.820  -65.954  5.461 0.1000000015
8069  35.605  -65.279  5.402 0.1000000015
8717  35.730  -64.824  5.468 0.2000000030
9324  33.933  -63.342  5.279 0.3000000119
13317  30.728  -58.044  7.181 0.4000000060
11296  34.997  -61.060  9.769 0.3000000119
9972  32.421  -62.600  5.312 0.4000000060
10645  31.103  -61.621  5.930 0.4000000060
9323  34.889  -63.778  5.527 0.2000000030
10646  30.703  -61.018  6.501 0.4000000060
12680  30.846  -58.550  6.715 0.4000000060
7412  33.925  -66.551  5.187 0.1000000015
9322  35.438  -64.364  5.685 0.3000000119
11349  30.742  -60.137  6.073 0.4000000060
12013  30.706  -59.321  6.450 0.4000000060
7423  35.242  -65.808  4.859 0.1000000015
14044  31.287  -56.673  7.012 0.5000000000
9338  35.603  -64.006  4.638 0.2000000030
10655  30.902  -60.871  5.786 0.4000000060
15542  31.791  -54.788  7.376 0.4000000060
9982  32.055  -62.119  4.777 0.4000000060
10654  31.359  -61.099  5.202 0.4000000060
12024  30.855  -59.629  6.029 0.4000000060
12679  31.391  -58.573  6.049 0.4000000060
13337  31.175  -58.106  6.629 0.5000000000
8080  35.706  -65.450  4.456 0.2000000030
8079  35.962  -65.125  4.814 0.2000000030
9339  34.729  -63.489  4.466 0.2000000030
8716  35.926  -64.928  5.067 0.2000000030
9971  33.176  -62.850  4.781 0.3000000119
9981  32.539  -62.154  4.327 0.3000000119
7424  34.530  -66.382  4.462 0.1000000015
11348  31.169  -60.351  5.440 0.4000000060
9340  33.876  -63.068  4.271 0.3000000119
10665  31.930  -61.467  4.419 0.4000000060
12023  31.232  -59.455  5.619 0.4000000060
14062  31.875  -57.099  6.472 0.5000000000
14043  32.117  -56.274  6.672 0.5000000000
15541  32.856  -54.594  7.330 0.4000000060
11361  31.716  -60.213  4.552 0.4000000060
12690  32.178  -58.199  5.517 0.4000000060
13336  31.659  -57.816  6.319 0.5000000000
14774  33.075  -56.022  6.575 0.5000000000
14758  32.448  -55.424  6.953 0.4000000060
8092  36.214  -65.086  4.081 0.2000000030
9337  36.071  -64.404  4.368 0.2000000030
9358  34.524  -63.000  3.622 0.2000000030
10000  32.932  -62.088  3.848 0.3000000119
13335  32.364  -57.557  5.937 0.5000000000
14757  33.470  -55.226  6.930 0.5000000000
16360  33.310  -53.796  7.746 0.4000000060
9999  33.421  -62.118  3.495 0.4000000060
10685  31.989  -60.736  4.022 0.4000000060
12031  31.826  -59.145  4.807 0.4000000060
14061  32.728  -56.796  6.275 0.5000000000
8742  36.322  -64.528  3.833 0.2000000030
8093  35.792  -65.452  3.505 0.2000000030
9356  36.248  -63.903  3.747 0.2000000030
9357  35.490  -63.344  3.564 0.2000000030
10684  32.597  -61.444  3.648 0.3000000119
12030  32.090  -59.471  4.275 0.4000000060
12691  31.835  -58.743  5.232 0.4000000060
7435  35.171  -66.011  3.894 0.2000000030
9997  35.044  -62.736  2.983 0.3000000119
9998  34.278  -62.253  3.044 0.4000000060
16344  33.797  -53.163  8.348 0.4000000060
13334  33.261  -57.195  5.776 0.5000000000
18105  34.210  -51.596  9.907 0.4000000060
12044  32.467  -59.026  3.857 0.4000000060
12698  32.533  -58.480  4.569 0.4000000060
14756  34.508  -55.123  7.025 0.5000000000
16359  34.319  -53.773  7.979 0.4000000060
19730  35.613  -50.023  11.474 0.4000000060
7452  35.272  -66.125  2.633 0.2000000030
8752  36.653  -64.069  3.144 0.2000000030
9374  35.626  -62.919  2.873 0.2000000030
11378  33.176  -60.556  2.851 0.4000000060
14773  34.057  -55.861  6.564 0.5000000000
6788  33.837  -67.370  3.060 0.2000000030
10683  33.699  -61.609  2.882 0.4000000060
11379  32.299  -60.123  3.825 0.3000000119
13356  32.940  -57.778  5.187 0.5000000000
14060  33.647  -56.559  6.179 0.5000000000
15540  33.909  -54.463  7.432 0.5000000000
7453  34.512  -66.960  2.381 0.2000000030
18058  36.141  -51.220  11.039 0.4000000060
17215  34.794  -52.159  9.599 0.4000000060
8106  36.390  -64.773  3.003 0.2000000030
10700  34.608  -61.679  2.365 0.4000000060
15539  35.018  -54.298  7.676 0.4000000060
16343  35.020  -53.250  8.707 0.4000000060
8107  35.850  -65.357  2.785 0.2000000030
9373  36.294  -63.210  2.608 0.2000000030
10015  35.499  -62.318  2.368 0.2000000030
8762  36.848  -63.997  2.237 0.2000000030
17204  35.449  -51.916  10.120 0.4000000060
16330  35.375  -52.643  9.322 0.4000000060
16342  36.232  -53.543  8.831 0.4000000060
12697  33.015  -58.153  4.209 0.3000000119
14059  34.608  -56.501  6.264 0.5000000000
15524  35.144  -53.819  8.187 0.4000000060
10701  33.857  -61.081  2.403 0.4000000060
12043  32.900  -59.352  3.076 0.4000000060
12710  32.989  -58.384  3.668 0.3000000119
13375  33.001  -57.965  4.719 0.4000000060
12055  33.510  -59.702  2.308 0.4000000060
13333  34.161  -57.039  5.754 0.5000000000
17214  35.710  -52.346  9.729 0.4000000060
14755  35.557  -55.185  7.140 0.5000000000
13374  33.553  -57.648  4.341 0.4000000060
13355  33.715  -57.478  5.300 0.5000000000
14772  35.047  -55.897  6.757 0.5000000000
13332  35.145  -56.954  5.772 0.5000000000
13354  34.573  -57.334  5.151 0.5000000000
11299  31.561  -60.528  9.372 0.4000000060
11335  30.408  -60.303  6.966 0.4000000060
18104  34.630  -51.672  9.917 0.4000000060
14058  35.609  -56.497  6.372 0.5000000000
10623  34.861  -62.027  8.745 0.3000000119
10624  33.865  -62.043  8.748 0.3000000119
10625  32.790  -61.978  8.651 0.2000000030
10614  32.181  -61.402  9.148 0.2000000030
9935  35.172  -62.622  8.484 0.2000000030
9936  34.369  -62.458  8.273 0.3000000119
9292  34.771  -63.399  7.557 0.2000000030
9293  34.148  -63.309  7.214 0.2000000030
9960  33.620  -63.239  7.089 0.2000000030
6837  34.085  -67.517  1.543 0.1000000015
6838  33.479  -68.249  1.536 0.1000000015
13477  36.067  -58.565  -0.398 0.1000000015
10611  35.457  -61.623  9.240 0.1000000015
10612  34.390  -61.587  9.294 0.2000000030
10613  33.267  -61.580  9.320 0.2000000030
9927  36.720  -62.389  9.682 0.1000000015
9280  36.012  -62.847  8.938 0.1000000015
10622  35.697  -62.120  8.848 0.2000000030
9276  36.188  -62.987  9.234 0.1000000015
7436  34.296  -66.794  3.288 0.1000000015
10043  36.596  -62.406  1.015 0.1000000015
10717  36.199  -61.696  1.202 0.1000000015
11425  35.652  -60.594  0.778 0.1000000015
12086  34.959  -59.731  0.830 0.1000000015
9398  36.714  -63.013  0.868 0.1000000015
11424  36.149  -60.776  0.470 0.1000000015
12085  35.500  -59.952  0.473 0.1000000015
12754  34.849  -59.225  0.752 0.1000000015
12101  35.950  -59.971  -0.023 0.1000000015
13459  35.620  -57.854  0.186 0.1000000015
14107  36.326  -56.667  1.420 0.1000000015
14124  36.839  -56.616  0.848 0.1000000015
14105  37.882  -56.709  2.036 0.1000000015
9933  36.276  -62.502  9.150 0.1000000015
11392  34.215  -60.914  1.973 0.1000000015
13398  33.730  -57.757  3.029 0.3000000119
8763  36.544  -64.396  1.687 0.1000000015
9384  36.700  -63.168  1.597 0.1000000015
10014  36.068  -62.564  2.112 0.1000000015
10719  34.721  -61.089  1.692 0.1000000015
12738  33.871  -59.335  1.732 0.2000000030
13422  33.841  -57.902  2.517 0.3000000119
13373  35.130  -57.278  4.315 0.3000000119
13353  35.708  -57.253  5.150 0.3000000119
11405  35.125  -60.575  1.154 0.1000000015
12737  34.244  -58.728  1.386 0.1000000015
13421  34.300  -57.585  2.169 0.2000000030
13372  36.377  -57.266  4.393 0.3000000119
13442  35.157  -57.441  1.134 0.1000000015
13419  36.923  -56.793  2.659 0.2000000030
13371  37.490  -57.397  4.451 0.3000000119
13394  38.196  -57.232  3.691 0.2000000030
13370  38.486  -57.506  4.441 0.4000000060
14123  37.853  -56.613  1.047 0.1000000015
13417  38.864  -57.095  2.865 0.1000000015
13393  39.077  -57.459  3.662 0.3000000119
12611  38.265  -58.065  13.113 0.1000000015
12624  38.283  -58.860  11.825 0.1000000015
14771  36.015  -55.887  6.774 0.4000000060
13331  36.202  -57.016  5.867 0.4000000060
13352  36.811  -57.428  5.215 0.4000000060
13330  37.281  -57.149  5.923 0.4000000060
13351  37.877  -57.483  5.208 0.4000000060
13350  38.843  -57.481  5.161 0.5000000000
14122  38.965  -56.793  1.477 0.2000000030
13441  38.992  -56.984  2.216 0.1000000015
13369  39.336  -57.501  4.412 0.4000000060
14142  38.780  -56.675  0.192 0.1000000015
14141  39.856  -56.695  0.384 0.1000000015
13439  40.051  -56.955  2.240 0.2000000030
13416  39.614  -57.137  2.933 0.2000000030
14176  38.049  -57.366  -1.401 0.1000000015
14161  38.534  -56.960  -0.923 0.1000000015
14121  40.001  -56.825  1.438 0.2000000030
13488  37.746  -57.934  -1.848 0.1000000015
13473  39.184  -56.966  -1.495 0.1000000015
15538  36.106  -54.652  7.728 0.4000000060
15523  35.685  -53.986  8.268 0.3000000119
15537  37.076  -54.867  7.863 0.4000000060
14057  36.698  -56.424  6.523 0.4000000060
14770  36.541  -55.932  6.826 0.4000000060
14056  37.817  -56.686  6.497 0.4000000060
14041  37.357  -56.031  6.964 0.4000000060
13329  38.334  -57.208  5.867 0.4000000060
13328  39.291  -57.252  5.804 0.4000000060
14055  38.876  -56.802  6.443 0.4000000060
13327  40.069  -57.257  5.706 0.5000000000
13348  40.086  -57.112  5.240 0.4000000060
13415  40.337  -56.834  2.895 0.3000000119
13392  39.815  -57.291  3.679 0.4000000060
14078  40.358  -56.898  4.590 0.4000000060
14868  40.689  -55.769  -0.037 0.2000000030
14158  40.949  -56.052  0.291 0.2000000030
14103  40.927  -56.418  2.529 0.2000000030
14174  39.897  -56.544  -1.549 0.1000000015
14159  40.420  -56.224  -0.519 0.2000000030
11470  34.364  -60.530  -3.471 0.1000000015
15522  36.653  -54.302  8.404 0.4000000060
14753  37.802  -55.342  7.612 0.4000000060
14040  38.386  -56.212  7.065 0.4000000060
14752  39.010  -55.737  7.621 0.4000000060
14039  39.479  -56.492  7.100 0.4000000060
14054  39.859  -57.107  6.475 0.4000000060
14053  40.673  -56.824  6.161 0.3000000119
14068  41.278  -56.182  4.731 0.4000000060
14069  40.561  -56.744  5.167 0.4000000060
14102  41.305  -56.134  2.744 0.3000000119
14089  41.348  -56.125  3.571 0.3000000119
14077  40.844  -56.567  4.193 0.4000000060
14880  40.340  -55.838  -1.020 0.2000000030
14854  40.224  -55.352  0.556 0.2000000030
14139  41.098  -56.087  1.067 0.2000000030
14119  41.183  -56.129  1.972 0.2000000030
14184  39.718  -56.156  -2.358 0.2000000030
10079  32.733  -62.404  -3.712 0.1000000015
10773  33.462  -61.427  -3.653 0.1000000015
16329  35.959  -52.864  9.270 0.3000000119
16341  37.253  -53.787  8.941 0.4000000060
15520  38.982  -54.504  8.765 0.4000000060
14737  39.604  -55.266  8.188 0.4000000060
14738  38.647  -55.032  8.051 0.4000000060
14751  40.108  -56.033  7.694 0.4000000060
14038  40.537  -56.690  7.074 0.4000000060
14052  41.283  -56.211  5.640 0.4000000060
14037  41.382  -56.209  6.632 0.3000000119
14803  40.840  -55.087  3.286 0.3000000119
14790  41.108  -54.966  4.022 0.3000000119
14789  41.356  -55.493  4.130 0.3000000119
14783  41.496  -55.576  5.101 0.3000000119
14855  39.197  -55.397  0.119 0.2000000030
14822  40.383  -55.225  2.124 0.3000000119
14076  41.342  -56.143  4.155 0.3000000119
14869  40.070  -55.550  -0.491 0.2000000030
15615  40.687  -55.387  1.607 0.2000000030
14891  39.826  -55.681  -2.019 0.2000000030
17202  36.887  -52.231  10.391 0.3000000119
17201  37.736  -52.424  10.461 0.3000000119
17212  37.276  -52.705  9.953 0.3000000119
16327  37.801  -53.313  9.630 0.4000000060
16328  36.826  -53.141  9.443 0.3000000119
15510  39.597  -54.231  9.273 0.3000000119
16326  38.894  -53.683  9.565 0.4000000060
15518  41.165  -54.977  8.817 0.4000000060
15509  40.594  -54.351  9.307 0.4000000060
14736  40.685  -55.520  8.268 0.4000000060
14734  42.258  -55.031  8.012 0.3000000119
14750  41.203  -56.063  7.597 0.4000000060
15567  40.169  -54.329  5.648 0.3000000119
15566  41.038  -54.590  5.461 0.2000000030
15552  41.788  -54.572  6.280 0.2000000030
15597  39.978  -54.865  3.923 0.3000000119
15580  41.184  -54.882  4.642 0.3000000119
15565  41.627  -55.004  5.328 0.2000000030
14769  41.740  -55.487  5.998 0.2000000030
15646  38.271  -55.388  0.194 0.2000000030
14824  38.442  -55.371  2.053 0.3000000119
14805  39.192  -55.249  2.955 0.3000000119
14804  39.823  -55.227  3.041 0.3000000119
18057  36.766  -51.342  11.002 0.3000000119
18088  35.748  -51.553  10.582 0.3000000119
17203  36.138  -52.044  10.238 0.3000000119
15517  42.020  -54.828  8.663 0.3000000119
16354  41.588  -53.453  7.313 0.2000000030
14748  42.334  -54.855  7.632 0.2000000030
16372  40.153  -53.671  6.672 0.2000000030
16371  41.212  -53.812  6.702 0.2000000030
16370  41.963  -53.978  6.911 0.2000000030
15535  42.224  -54.509  7.198 0.2000000030
19729  36.279  -50.235  11.331 0.2000000030
13497  37.676  -57.801  -2.611 0.1000000015
13486  39.269  -56.779  -2.168 0.1000000015
14825  37.632  -55.350  1.975 0.3000000119
14882  39.174  -55.422  -1.710 0.2000000030
9307  34.138  -63.464  6.462 0.2000000030
12617  37.857  -58.423  12.507 0.1000000015
10699  35.212  -61.827  2.174 0.1000000015
18898  36.597  -50.803  11.219 0.3000000119
10718  35.403  -61.557  1.711 0.1000000015
12068  33.949  -60.059  1.737 0.3000000119
12723  33.637  -58.492  2.377 0.2000000030
10029  36.346  -62.546  1.706 0.1000000015
9937  33.460  -62.416  8.119 0.3000000119
9946  34.680  -62.909  8.066 0.1000000015
9947  34.058  -62.876  7.646 0.2000000030
12770  35.964  -59.471  -0.212 0.1000000015
8775  36.782  -63.797  1.124 0.1000000015
10738  36.473  -61.659  0.416 0.1000000015
12067  34.534  -59.763  1.241 0.1000000015
12753  35.447  -58.885  0.233 0.1000000015
14145  35.769  -57.279  0.567 0.1000000015
13420  35.667  -56.736  2.097 0.1000000015
11406  34.425  -60.491  1.581 0.2000000030
13397  34.674  -57.245  3.235 0.3000000119
13443  34.421  -57.976  1.389 0.2000000030
13396  35.962  -56.995  3.413 0.3000000119
13395  37.159  -57.066  3.625 0.3000000119
14754  36.663  -55.436  7.160 0.4000000060
14140  40.622  -56.391  0.690 0.2000000030
15536  37.538  -54.921  7.933 0.4000000060
14853  40.762  -55.598  0.730 0.2000000030
15521  37.765  -54.591  8.339 0.4000000060
14821  41.016  -55.467  2.145 0.2000000030
15631  40.330  -55.291  1.003 0.2000000030
16340  38.263  -53.934  9.028 0.4000000060
15511  39.061  -54.142  9.231 0.4000000060
15581  40.222  -54.559  4.837 0.3000000119
14840  39.177  -55.341  1.189 0.2000000030
14823  39.405  -55.280  2.216 0.2000000030
16315  38.354  -53.000  10.144 0.4000000060
14735  41.673  -55.423  8.149 0.4000000060
14749  41.965  -55.325  7.190 0.2000000030
15555  39.147  -53.923  6.158 0.2000000030
15554  39.723  -54.007  6.154 0.2000000030
15553  40.704  -54.195  6.160 0.2000000030
16316  37.789  -52.873  10.094 0.2000000030
16314  39.315  -53.076  10.152 0.3000000119
18086  37.209  -51.780  10.784 0.2000000030
18085  38.006  -51.732  10.787 0.2000000030
9291  35.300  -63.957  7.434 0.1000000015
9306  35.096  -63.879  6.540 0.1000000015
11295  36.145  -61.071  9.615 0.1000000015
9305  35.314  -64.354  6.534 0.1000000015
19755  36.121  -49.621  11.209 0.1000000015
20680  37.659  -48.883  10.598 0.1000000015
18928  37.323  -51.124  11.018 0.1000000015
19754  37.145  -50.053  10.976 0.1000000015
19753  38.403  -49.804  10.664 0.1000000015
18927  38.160  -50.852  10.773 0.1000000015
18084  38.939  -51.601  10.579 0.1000000015
17200  38.659  -52.386  10.459 0.2000000030
18926  39.222  -50.671  10.617 0.1000000015
18925  40.354  -50.537  10.588 0.2000000030
16325  39.968  -53.732  9.749 0.2000000030
18083  40.021  -51.505  10.589 0.2000000030
17199  39.678  -52.351  10.427 0.2000000030
17198  40.788  -52.298  10.399 0.2000000030
18924  41.513  -50.424  10.454 0.2000000030
18082  41.161  -51.402  10.470 0.2000000030
16313  40.384  -53.068  10.125 0.2000000030
16324  41.048  -53.730  9.702 0.2000000030
15508  41.638  -54.389  9.285 0.2000000030
16338  42.730  -53.725  8.553 0.1000000015
16312  41.496  -53.022  10.050 0.2000000030
16323  42.115  -53.684  9.604 0.1000000015
16322  42.774  -53.329  9.178 0.1000000015
15507  42.465  -54.204  9.058 0.1000000015
20681  36.574  -49.013  10.650 0.1000000015
21609  37.048  -48.088  10.253 0.1000000015
20679  38.768  -48.685  10.470 0.1000000015
15618  37.664  -55.184  2.723 0.2000000030
15598  38.949  -54.941  3.628 0.2000000030
15599  37.868  -54.941  3.598 0.2000000030
15619  36.687  -55.132  2.294 0.2000000030
15600  36.844  -54.937  3.443 0.2000000030
15582  39.095  -54.554  4.583 0.2000000030
15584  37.111  -54.639  4.435 0.2000000030
15583  38.114  -54.729  4.426 0.2000000030
15601  35.697  -54.621  3.286 0.2000000030
15568  39.146  -54.173  5.585 0.2000000030
16389  37.051  -54.076  5.442 0.1000000015
16402  36.285  -54.220  4.825 0.2000000030
15569  38.154  -54.464  5.219 0.2000000030
16390  35.782  -53.536  5.458 0.1000000015
16376  36.420  -53.351  6.110 0.1000000015
16375  37.249  -53.509  6.318 0.1000000015
17274  34.372  -52.424  5.338 0.1000000015
19751  40.693  -49.498  10.486 0.1000000015
16387  38.682  -53.852  6.226 0.1000000015
17259  36.683  -52.975  6.785 0.1000000015
16388  38.033  -53.994  5.967 0.1000000015
17273  35.079  -53.038  5.654 0.1000000015
17260  35.441  -52.600  6.463 0.1000000015
17261  34.556  -52.194  6.290 0.1000000015
18980  33.387  -50.443  5.047 0.1000000015
19750  41.848  -49.398  10.393 0.1000000015
20677  41.060  -48.436  10.283 0.1000000015
16355  40.611  -53.256  7.234 0.1000000015
16373  39.110  -53.630  6.638 0.1000000015
17258  37.350  -53.180  6.857 0.1000000015
16374  38.055  -53.454  6.699 0.1000000015
18148  33.686  -51.438  5.526 0.1000000015
18138  33.903  -51.214  6.402 0.1000000015
20676  42.215  -48.393  10.391 0.1000000015
17247  38.830  -52.580  7.713 0.1000000015
17246  40.001  -52.588  7.730 0.1000000015
18119  37.287  -51.474  8.297 0.1000000015
17231  38.110  -52.006  8.146 0.1000000015
16357  38.593  -53.124  7.178 0.1000000015
16356  39.537  -53.180  7.228 0.1000000015
18131  36.730  -51.950  7.872 0.1000000015
17248  37.524  -52.602  7.471 0.1000000015
18958  36.061  -50.604  8.123 0.1000000015
18132  35.875  -51.618  7.640 0.1000000015
17250  35.724  -52.126  7.144 0.1000000015
17249  36.305  -52.342  7.257 0.1000000015
20729  35.206  -48.906  7.448 0.1000000015
18969  34.858  -50.632  7.536 0.1000000015
18136  35.348  -51.865  7.140 0.1000000015
19788  36.281  -50.093  8.201 0.1000000015
18957  36.687  -50.553  8.357 0.1000000015
19799  35.693  -49.762  7.868 0.1000000015
17245  41.161  -52.727  7.698 0.1000000015
15585  36.224  -54.585  4.136 0.1000000015
16403  35.427  -53.997  4.426 0.1000000015
18137  34.602  -51.590  6.903 0.1000000015
18972  34.125  -50.500  6.914 0.1000000015
11437  33.349  -59.873  -1.715 0.1000000015
12102  33.425  -58.820  -1.332 0.1000000015
11438  33.142  -60.694  -0.984 0.1000000015
10751  32.822  -61.605  -1.493 0.1000000015
10061  32.643  -62.419  -0.797 0.1000000015
8777  32.290  -64.084  -0.050 0.1000000015
7491  31.618  -66.559  0.049 0.1000000015
12118  33.470  -59.079  -2.466 0.1000000015
12781  33.608  -58.024  -2.090 0.1000000015
10739  32.753  -61.488  -0.330 0.1000000015
13490  33.373  -57.009  -1.852 0.1000000015
14188  33.541  -56.220  -2.578 0.1000000015
14203  33.850  -56.676  -3.348 0.1000000015
12787  33.652  -58.264  -3.150 0.1000000015
10750  33.100  -60.801  -2.144 0.1000000015
12103  33.185  -59.643  -0.573 0.1000000015
14202  34.436  -56.623  -3.981 0.1000000015
12771  33.310  -57.725  -1.058 0.1000000015
14177  32.905  -56.090  -1.673 0.1000000015
13479  32.698  -57.340  -0.164 0.1000000015
13478  32.954  -56.738  -0.995 0.1000000015
14164  32.654  -56.212  -1.065 0.1000000015
13499  33.644  -57.265  -2.815 0.1000000015
7472  31.288  -66.745  1.020 0.1000000015
5954  29.885  -68.462  19.043 0.1000000015
6490  30.786  -67.116  22.953 0.1000000015
6812  33.972  -67.461  2.594 0.1000000015
7191  31.602  -66.546  21.690 0.1000000015
7193  29.926  -67.295  22.173 0.1000000015
7209  31.970  -66.192  21.448 0.1000000015
7212  29.782  -66.777  19.955 0.1000000015
7322  32.062  -66.277  13.687 0.1000000015
7324  30.470  -66.039  12.827 0.1000000015
7410  35.261  -65.639  5.330 0.1000000015
7802  32.107  -65.429  22.697 0.1000000015
7838  32.162  -65.651  21.766 0.1000000015
7839  31.771  -66.028  22.038 0.1000000015
7954  32.212  -66.005  13.944 0.1000000015
8068  35.814  -65.148  5.109 0.1000000015
8116  36.451  -64.529  2.230 0.1000000015
8118  31.614  -65.645  0.918 0.1000000015
8129  35.009  -66.172  0.473 0.2000000030
8166  34.452  -65.740  -1.328 0.1000000015
8480  32.525  -65.073  22.309 0.1000000015
8616  31.231  -64.685  13.079 0.1000000015
8730  36.118  -64.827  4.556 0.2000000030
8731  35.831  -64.613  4.975 0.2000000030
9180  34.420  -63.915  15.987 0.1000000015
9182  26.224  -62.779  15.882 0.1000000015
9325  33.167  -63.087  5.539 0.4000000060
9359  33.861  -62.628  3.675 0.4000000060
9815  36.208  -62.130  16.554 0.1000000015
9835  36.166  -62.135  16.308 0.1000000015
9899  28.969  -62.838  11.731 0.1000000015
9926  37.250  -62.122  9.991 0.1000000015
9934  35.832  -62.596  8.835 0.1000000015
9973  31.686  -61.954  5.269 0.4000000060
9980  33.305  -62.487  4.072 0.3000000119
10016  34.860  -62.270  2.665 0.4000000060
10030  35.948  -62.136  1.817 0.1000000015
10458  33.912  -61.029  18.043 0.1000000015
10510  35.761  -62.173  15.561 0.1000000015
10535  27.314  -61.030  15.037 0.1000000015
10552  26.227  -60.844  13.130 0.1000000015
10615  31.643  -61.166  8.936 0.2000000030
10621  36.073  -62.223  8.995 0.1000000015
10627  30.884  -60.984  8.079 0.5000000000
10664  32.337  -61.698  4.119 0.3000000119
10682  34.196  -61.859  2.750 0.4000000060
11082  29.948  -59.914  22.736 0.1000000015
11137  31.229  -60.415  20.130 0.1000000015
11150  34.295  -60.529  17.958 0.1000000015
11202  37.474  -60.060  15.134 0.1000000015
11235  36.132  -60.830  13.125 0.1000000015
11242  26.179  -60.763  13.548 0.1000000015
11262  26.631  -60.894  12.949 0.1000000015
11360  32.016  -59.938  4.204 0.4000000060
11380  31.989  -60.358  4.126 0.4000000060
11393  33.769  -60.478  2.167 0.3000000119
11404  35.794  -61.000  1.107 0.1000000015
11407  34.061  -60.500  1.835 0.1000000015
11469  34.965  -60.227  -2.889 0.2000000030
11783  29.942  -59.775  22.965 0.1000000015
11801  30.074  -59.595  22.313 0.1000000015
11899  38.537  -59.016  14.958 0.1000000015
11972  31.363  -59.931  9.716 0.4000000060
11983  30.536  -59.799  8.539 0.5000000000
12012  31.057  -59.075  6.007 0.4000000060
12066  35.007  -60.013  0.899 0.1000000015
12084  35.991  -60.236  0.113 0.1000000015
12130  36.354  -59.603  -2.132 0.1000000015
12131  35.674  -59.722  -2.588 0.1000000015
12576  39.045  -58.147  15.871 0.1000000015
12590  38.501  -58.737  15.435 0.1000000015
12635  32.240  -58.826  11.141 0.4000000060
12678  31.883  -58.015  5.945 0.5000000000
12699  32.044  -58.773  4.867 0.4000000060
12711  32.646  -58.624  4.035 0.3000000119
12722  34.089  -58.156  1.810 0.2000000030
12784  37.163  -58.335  -2.605 0.2000000030
13216  39.029  -58.043  16.095 0.1000000015
13241  39.168  -57.309  14.588 0.1000000015
13275  33.390  -57.774  12.484 0.2000000030
13316  31.190  -57.493  6.815 0.4000000060
13349  39.661  -57.283  5.102 0.4000000060
13367  40.399  -56.938  4.247 0.4000000060
13368  40.010  -57.195  4.395 0.4000000060
13391  40.397  -56.946  3.784 0.4000000060
13418  37.959  -56.871  2.911 0.2000000030
13440  39.450  -57.011  2.195 0.1000000015
13460  34.873  -58.317  0.781 0.1000000015
13474  38.768  -57.157  -1.479 0.1000000015
13487  38.591  -57.381  -1.938 0.1000000015
13495  39.150  -56.569  -2.667 0.2000000030
13508  38.417  -56.788  -3.107 0.3000000119
13522  35.977  -57.368  -4.084 0.1000000015
13523  35.435  -57.339  -4.287 0.1000000015
13901  33.785  -57.253  20.082 0.1000000015
13928  38.197  -57.479  16.970 0.1000000015
13949  39.179  -57.425  15.758 0.1000000015
14042  36.811  -55.960  6.862 0.4000000060
14070  40.092  -57.020  4.911 0.4000000060
14090  40.910  -56.525  3.280 0.3000000119
14104  38.569  -56.862  2.319 0.1000000015
14106  36.911  -56.646  1.701 0.1000000015
14120  40.635  -56.499  1.813 0.2000000030
14125  35.968  -56.838  0.990 0.1000000015
14160  39.574  -56.749  -0.702 0.1000000015
14173  40.297  -56.047  -1.616 0.2000000030
14175  38.534  -57.240  -1.456 0.1000000015
14178  32.546  -55.789  -1.134 0.1000000015
14183  40.140  -55.878  -1.981 0.2000000030
14186  37.988  -56.266  -3.189 0.2000000030
14198  38.213  -56.717  -3.233 0.3000000119
14201  35.360  -56.454  -4.106 0.1000000015
14210  35.845  -57.103  -4.294 0.1000000015
14593  33.593  -54.907  20.277 0.1000000015
14596  30.738  -55.102  19.880 0.1000000015
14609  31.648  -55.353  19.512 0.1000000015
14629  31.740  -55.452  18.659 0.1000000015
14733  42.388  -54.730  7.952 0.2000000030
14740  29.773  -54.737  8.971 0.5000000000
14802  41.304  -55.646  2.998 0.3000000119
14820  41.294  -55.820  2.266 0.2000000030
14837  41.150  -55.813  1.602 0.2000000030
14838  40.963  -55.664  1.336 0.2000000030
14839  39.950  -55.152  1.396 0.2000000030
14841  38.136  -55.353  1.339 0.3000000119
14852  41.027  -55.779  1.019 0.2000000030
14867  41.015  -55.877  0.549 0.2000000030
14870  39.254  -55.410  -0.859 0.2000000030
14871  38.296  -55.155  -1.139 0.3000000119
14872  37.619  -55.076  -1.494 0.3000000119
14881  39.929  -55.581  -1.364 0.2000000030
14890  40.181  -55.803  -1.662 0.2000000030
14908  37.660  -56.192  -3.272 0.2000000030
14911  34.977  -55.838  -3.612 0.1000000015
15366  29.630  -53.901  21.244 0.1000000015
15392  28.992  -54.239  20.076 0.1000000015
15403  31.285  -55.263  18.177 0.1000000015
15516  42.422  -54.451  8.325 0.2000000030
15519  40.111  -54.826  8.790 0.4000000060
15534  42.401  -54.418  7.788 0.2000000030
15570  37.586  -54.544  4.919 0.1000000015
15579  41.429  -55.218  4.804 0.3000000119
15596  40.742  -54.802  4.124 0.3000000119
15616  40.414  -55.291  1.425 0.2000000030
15617  38.583  -55.214  2.879 0.3000000119
15630  40.609  -55.431  1.123 0.2000000030
15632  38.512  -55.375  0.722 0.2000000030
15633  37.690  -55.270  0.746 0.2000000030
15644  40.484  -55.424  0.823 0.2000000030
15645  40.267  -55.333  0.777 0.2000000030
15673  36.334  -54.933  -2.109 0.2000000030
15677  32.831  -54.315  -1.568 0.1000000015
15681  36.206  -55.102  -2.426 0.2000000030
16166  29.978  -52.730  22.215 0.1000000015
16185  32.442  -53.221  21.853 0.1000000015
16189  28.965  -53.401  21.534 0.1000000015
16199  29.323  -53.851  21.188 0.1000000015
16214  28.982  -54.145  19.338 0.1000000015
16243  28.671  -53.055  17.679 0.2000000030
16317  29.576  -53.037  10.158 0.5000000000
16339  38.795  -54.074  9.174 0.4000000060
16348  30.037  -53.770  8.930 0.5000000000
16358  34.867  -53.782  8.135 0.4000000060
16391  34.966  -53.334  5.095 0.1000000015
16441  34.925  -53.347  0.638 0.1000000015
16442  34.696  -52.649  1.162 0.1000000015
17079  27.667  -52.418  19.093 0.1000000015
17213  36.486  -52.523  9.824 0.3000000119
17232  37.526  -52.070  8.011 0.1000000015
17234  33.238  -52.552  8.757 0.5000000000
17237  30.723  -52.933  9.011 0.5000000000
17328  34.549  -51.931  1.750 0.1000000015
17353  32.922  -51.955  -0.070 0.1000000015
17367  34.123  -52.698  -1.120 0.1000000015
17916  26.510  -51.105  21.051 0.1000000015
17929  26.887  -51.727  19.964 0.1000000015
17960  28.042  -52.144  18.066 0.1000000015
17961  27.765  -51.903  18.318 0.1000000015
18062  33.092  -50.632  11.138 0.4000000060
18063  31.377  -50.849  10.631 0.5000000000
18087  36.497  -51.687  10.680 0.3000000119
18094  30.243  -51.481  10.741 0.5000000000
18120  36.390  -51.245  8.140 0.1000000015
18121  35.926  -51.100  8.020 0.1000000015
18130  37.241  -52.069  7.969 0.1000000015
18133  35.199  -51.336  7.475 0.1000000015
18147  34.164  -51.817  6.143 0.1000000015
18160  33.661  -51.901  3.975 0.1000000015
18172  33.858  -51.729  3.546 0.1000000015
18719  27.944  -49.583  23.214 0.1000000015
18747  26.289  -50.429  21.215 0.1000000015
18782  26.846  -50.558  18.729 0.2000000030
18882  33.394  -50.003  11.781 0.3000000119
18886  29.421  -50.082  12.516 0.2000000030
18899  35.835  -50.662  11.312 0.2000000030
18968  35.551  -50.850  7.860 0.1000000015
19013  34.446  -50.125  2.402 0.1000000015
19014  34.311  -50.180  2.766 0.1000000015
19546  28.155  -49.018  23.348 0.1000000015
19588  25.950  -49.881  20.612 0.1000000015
19615  26.797  -50.041  17.919 0.2000000030
19677  28.046  -48.681  13.930 0.2000000030
19711  33.519  -49.756  11.794 0.3000000119
19732  33.790  -49.500  11.671 0.3000000119
19733  33.366  -49.153  11.859 0.3000000119
19840  34.393  -49.418  2.766 0.1000000015
20480  25.676  -47.922  22.259 0.1000000015
20609  28.087  -48.114  13.875 0.1000000015
20631  28.600  -48.272  13.571 0.1000000015
21463  26.374  -47.665  23.107 0.1000000015
21464  25.766  -47.334  22.728 0.1000000015
21584  30.693  -47.357  12.504 0.1000000015
21585  30.128  -47.219  12.633 0.1000000015
21593  33.356  -48.110  11.213 0.2000000030
22571  25.373  -45.885  17.867 0.1000000015
22613  26.963  -46.395  15.052 0.1000000015
22660  32.167  -46.501  10.186 0.1000000015
22661  31.689  -46.587  10.688 0.1000000015
23624  25.740  -45.075  16.733 0.1000000015
23658  28.917  -46.052  13.171 0.1000000015
23659  28.457  -45.838  13.400 0.1000000015
23674  30.741  -46.095  11.140 0.1000000015
23712  31.614  -45.299  9.806 0.1000000015
24751  26.646  -44.566  14.449 0.1000000015
24760  27.372  -44.403  13.316 0.1000000015
24784  28.798  -44.367  11.485 0.1000000015
24819  32.693  -44.618  9.394 0.1000000015
25877  26.544  -43.163  14.329 0.1000000015
25891  26.598  -43.857  14.154 0.1000000015
25947  34.793  -43.508  9.616 0.1000000015
27070  37.359  -42.529  10.081 0.1000000015
28166  28.430  -41.753  12.389 0.1000000015
28185  29.626  -41.655  11.558 0.1000000015
30093  30.699  -39.862  12.246 0.1000000015
