#!ascii label  , from subject 3052 vox2ras=TkReg
231
66478  26.145  -5.163  -21.313 0.0000000000
58433  25.008  -12.763  -16.717 0.0000000000
74642  23.728  1.218  -21.088 0.0000000000
83615  23.683  11.090  -24.480 0.0000000000
56364  23.389  -14.519  -16.337 0.0000000000
76712  26.679  3.758  -21.089 0.0000000000
80682  26.482  7.036  -21.606 0.0000000000
65300  24.568  -6.715  -19.945 0.0000000000
61965  24.925  -9.625  -19.739 0.0000000000
63098  25.843  -8.190  -22.211 0.0000000000
68902  26.603  -3.201  -22.870 0.0000000000
65345  26.758  -6.905  -23.662 0.0000000000
71152  25.005  -1.572  -20.487 0.0000000000
73491  27.167  0.511  -21.410 0.0000000000
82598  24.331  9.535  -23.324 0.0000000000
82577  26.189  9.639  -22.583 0.0000000000
59635  26.326  -11.432  -17.709 0.0000000000
78739  25.061  5.074  -21.225 0.0000000000
80684  25.577  7.011  -21.550 0.0000000000
66480  24.785  -5.797  -20.100 0.0000000000
64169  25.593  -7.578  -20.783 0.0000000000
65333  25.514  -7.126  -22.326 0.0000000000
57350  24.407  -13.501  -16.349 0.0000000000
72288  24.606  -0.646  -20.502 0.0000000000
72286  26.556  -0.552  -20.988 0.0000000000
74620  25.820  1.256  -20.468 0.0000000000
77705  28.093  4.740  -22.114 0.0000000000
75701  28.051  3.010  -22.040 0.0000000000
84644  21.944  11.167  -25.420 0.0000000000
82600  22.316  9.203  -24.269 0.0000000000
83595  23.541  10.299  -23.993 0.0000000000
85645  27.432  12.931  -24.078 0.0000000000
85627  27.705  12.113  -23.474 0.0000000000
83592  26.723  10.732  -22.824 0.0000000000
83591  28.277  10.429  -23.104 0.0000000000
83571  28.581  9.309  -22.800 0.0000000000
61963  26.487  -9.695  -19.587 0.0000000000
60868  25.659  -10.311  -19.464 0.0000000000
55332  22.743  -15.059  -16.227 0.0000000000
75704  25.178  1.991  -20.568 0.0000000000
77680  25.706  4.382  -20.600 0.0000000000
78737  26.768  5.611  -21.354 0.0000000000
79765  27.828  6.694  -21.904 0.0000000000
63071  24.082  -8.602  -19.464 0.0000000000
64149  24.293  -7.648  -19.705 0.0000000000
63088  25.805  -8.462  -20.790 0.0000000000
61977  26.705  -8.864  -20.529 0.0000000000
67675  26.422  -4.519  -21.745 0.0000000000
66517  25.718  -6.568  -22.948 0.0000000000
66534  26.670  -5.595  -24.543 0.0000000000
67656  24.194  -4.538  -20.237 0.0000000000
70018  24.348  -2.527  -20.472 0.0000000000
68865  25.876  -3.509  -20.436 0.0000000000
70016  26.545  -2.544  -20.995 0.0000000000
71167  27.052  -1.297  -21.668 0.0000000000
71180  27.134  -0.868  -23.103 0.0000000000
74639  26.906  1.651  -21.271 0.0000000000
73490  27.624  0.747  -22.101 0.0000000000
80725  23.203  7.967  -23.207 0.0000000000
84622  25.043  11.595  -24.109 0.0000000000
83594  24.738  10.853  -23.759 0.0000000000
82578  25.175  9.279  -22.688 0.0000000000
81633  25.605  8.532  -22.199 0.0000000000
81632  26.669  8.535  -22.161 0.0000000000
80701  28.256  7.662  -22.284 0.0000000000
58464  23.863  -11.848  -18.385 0.0000000000
61947  24.558  -10.001  -19.099 0.0000000000
64201  26.198  -7.812  -23.200 0.0000000000
63096  26.687  -8.210  -21.257 0.0000000000
79767  24.264  6.380  -22.017 0.0000000000
66479  25.693  -5.538  -20.686 0.0000000000
65316  25.551  -6.728  -20.983 0.0000000000
66500  25.771  -6.156  -21.807 0.0000000000
55304  22.211  -15.898  -14.715 0.0000000000
73475  24.323  0.170  -20.690 0.0000000000
73474  25.190  0.243  -20.498 0.0000000000
74621  24.751  1.097  -20.688 0.0000000000
77704  28.505  5.186  -22.892 0.0000000000
76736  28.339  4.000  -22.758 0.0000000000
83616  22.778  10.739  -24.750 0.0000000000
83596  22.634  10.029  -24.191 0.0000000000
84619  27.910  11.147  -23.163 0.0000000000
84618  28.806  10.775  -23.468 0.0000000000
60867  26.126  -10.180  -19.497 0.0000000000
58435  23.070  -13.015  -17.087 0.0000000000
76714  24.999  3.334  -21.054 0.0000000000
77681  24.636  4.314  -21.182 0.0000000000
79747  26.298  6.313  -21.408 0.0000000000
78738  25.877  5.397  -21.287 0.0000000000
78736  27.472  5.906  -21.603 0.0000000000
79746  27.021  6.527  -21.563 0.0000000000
84643  23.016  11.770  -25.305 0.0000000000
63069  25.500  -8.342  -20.226 0.0000000000
61978  26.364  -9.070  -20.408 0.0000000000
63087  26.445  -8.569  -20.914 0.0000000000
55318  23.220  -15.252  -15.418 0.0000000000
68883  26.645  -3.514  -21.892 0.0000000000
67691  26.406  -4.391  -22.976 0.0000000000
71153  23.941  -1.516  -20.586 0.0000000000
68866  24.960  -3.652  -20.136 0.0000000000
70017  25.518  -2.555  -20.438 0.0000000000
71150  26.501  -1.490  -21.092 0.0000000000
72304  27.182  -0.407  -21.499 0.0000000000
71166  27.246  -1.000  -22.364 0.0000000000
72303  27.513  -0.202  -22.295 0.0000000000
76713  26.037  3.640  -20.508 0.0000000000
75703  26.230  2.437  -20.889 0.0000000000
75702  27.354  2.742  -21.391 0.0000000000
74638  28.015  1.728  -21.922 0.0000000000
73506  27.794  0.957  -22.936 0.0000000000
82599  23.165  9.390  -23.676 0.0000000000
81657  22.793  8.460  -23.619 0.0000000000
81656  23.647  8.544  -23.194 0.0000000000
84621  25.739  11.697  -23.630 0.0000000000
83574  26.494  10.322  -22.784 0.0000000000
82596  29.048  8.993  -22.970 0.0000000000
81630  28.337  8.462  -22.451 0.0000000000
81655  28.825  8.264  -22.886 0.0000000000
80724  28.882  7.468  -22.866 0.0000000000
61966  23.800  -9.599  -19.191 0.0000000000
59649  26.023  -11.143  -18.614 0.0000000000
60853  25.594  -10.791  -19.000 0.0000000000
59650  25.444  -11.314  -18.536 0.0000000000
59636  25.364  -11.811  -18.058 0.0000000000
65357  26.672  -6.374  -24.195 0.0000000000
65346  26.043  -7.132  -23.582 0.0000000000
78740  24.336  4.995  -21.465 0.0000000000
78755  24.668  5.588  -21.488 0.0000000000
79766  25.161  5.967  -21.687 0.0000000000
80683  25.873  7.013  -21.456 0.0000000000
66460  24.389  -6.169  -19.911 0.0000000000
65317  25.134  -6.568  -20.279 0.0000000000
64190  25.604  -7.762  -21.740 0.0000000000
56363  23.956  -13.999  -16.296 0.0000000000
56348  24.344  -14.130  -15.579 0.0000000000
56347  25.337  -13.921  -15.268 0.0000000000
70049  26.708  -2.155  -23.460 0.0000000000
68918  26.430  -3.427  -23.913 0.0000000000
72289  23.749  -0.604  -20.785 0.0000000000
71151  26.027  -1.561  -20.627 0.0000000000
72287  25.590  -0.645  -20.550 0.0000000000
73473  26.086  0.238  -20.613 0.0000000000
73472  26.624  0.274  -20.866 0.0000000000
76711  27.649  3.869  -21.791 0.0000000000
85644  28.522  12.620  -24.063 0.0000000000
84620  26.839  11.458  -23.064 0.0000000000
84606  27.260  10.847  -22.847 0.0000000000
83573  27.096  10.182  -22.716 0.0000000000
82576  27.300  9.289  -22.465 0.0000000000
83572  28.028  9.834  -22.752 0.0000000000
83590  28.934  9.798  -23.291 0.0000000000
61980  25.467  -9.509  -19.954 0.0000000000
60852  26.487  -10.526  -18.707 0.0000000000
55319  22.624  -15.398  -15.570 0.0000000000
56365  22.317  -14.441  -16.558 0.0000000000
57351  23.628  -13.710  -16.794 0.0000000000
58434  23.976  -13.104  -17.231 0.0000000000
74641  24.413  1.674  -20.798 0.0000000000
75705  24.138  2.351  -21.085 0.0000000000
76686  26.280  3.700  -20.757 0.0000000000
77666  26.259  4.233  -20.620 0.0000000000
76685  26.486  4.028  -20.747 0.0000000000
77678  27.375  4.904  -21.504 0.0000000000
78753  28.164  5.751  -22.087 0.0000000000
85649  23.789  12.465  -25.076 0.0000000000
63070  25.156  -8.538  -19.852 0.0000000000
64148  25.344  -7.742  -20.070 0.0000000000
63089  25.456  -9.158  -20.106 0.0000000000
61979  25.841  -9.347  -20.158 0.0000000000
61962  26.967  -9.085  -20.023 0.0000000000
67653  26.269  -4.512  -21.095 0.0000000000
66499  26.192  -5.498  -22.409 0.0000000000
66516  26.355  -5.803  -23.599 0.0000000000
67704  26.527  -4.610  -24.303 0.0000000000
66546  26.868  -5.545  -24.697 0.0000000000
65356  26.957  -6.209  -24.430 0.0000000000
67655  25.230  -4.651  -20.123 0.0000000000
68867  23.713  -3.490  -20.492 0.0000000000
67654  25.824  -4.429  -20.551 0.0000000000
68864  26.397  -3.859  -21.012 0.0000000000
70034  26.912  -2.412  -22.174 0.0000000000
70033  27.019  -1.545  -22.614 0.0000000000
70048  26.855  -1.454  -23.173 0.0000000000
75678  25.335  1.541  -20.558 0.0000000000
74640  26.408  1.486  -21.095 0.0000000000
80705  23.665  7.475  -22.584 0.0000000000
84642  24.299  11.821  -24.513 0.0000000000
84641  25.254  12.134  -24.343 0.0000000000
83593  26.007  10.669  -23.121 0.0000000000
82597  25.290  10.005  -23.086 0.0000000000
81634  24.568  8.467  -22.606 0.0000000000
80704  25.063  7.191  -21.874 0.0000000000
80703  26.110  7.770  -21.596 0.0000000000
81631  27.670  8.429  -22.237 0.0000000000
80702  27.163  7.532  -21.867 0.0000000000
79764  28.595  6.750  -22.460 0.0000000000
58452  24.268  -12.388  -17.967 0.0000000000
61948  24.190  -10.124  -18.897 0.0000000000
60869  25.101  -10.254  -19.212 0.0000000000
60854  24.725  -10.592  -18.774 0.0000000000
59651  24.454  -11.506  -18.443 0.0000000000
59637  24.836  -12.027  -18.074 0.0000000000
64202  25.722  -7.873  -22.825 0.0000000000
63104  25.965  -8.253  -22.698 0.0000000000
64200  26.514  -7.499  -22.825 0.0000000000
64189  26.277  -8.037  -22.602 0.0000000000
63097  26.156  -8.245  -21.835 0.0000000000
55331  23.199  -15.172  -15.889 0.0000000000
61964  25.731  -9.822  -19.794 0.0000000000
63105  25.774  -8.125  -22.654 0.0000000000
65299  25.278  -7.065  -20.386 0.0000000000
65347  25.603  -7.262  -23.043 0.0000000000
65361  26.924  -5.857  -24.636 0.0000000000
65362  26.781  -6.014  -24.545 0.0000000000
66533  27.391  -6.011  -24.026 0.0000000000
67639  25.584  -4.246  -20.316 0.0000000000
67640  25.398  -4.330  -20.198 0.0000000000
68846  25.503  -4.025  -20.224 0.0000000000
68847  25.279  -4.141  -20.086 0.0000000000
71181  26.805  -1.288  -23.675 0.0000000000
74619  26.575  0.927  -20.774 0.0000000000
74622  24.069  0.686  -20.810 0.0000000000
75677  25.625  1.830  -20.518 0.0000000000
77667  26.148  3.979  -20.631 0.0000000000
77679  26.432  4.590  -21.150 0.0000000000
78752  28.645  6.105  -22.863 0.0000000000
78754  25.281  5.684  -21.402 0.0000000000
79748  25.927  6.082  -21.508 0.0000000000
82574  28.635  8.846  -22.639 0.0000000000
82575  28.135  9.056  -22.473 0.0000000000
84605  27.711  10.508  -22.891 0.0000000000
