#!ascii label  , from subject 3401 vox2ras=TkReg
375
85519  -22.922  -5.084  -18.865 0.0000000000
80964  -21.599  -9.348  -15.407 0.0000000000
79847  -26.745  -9.693  -18.735 0.0000000000
76474  -24.539  -13.191  -15.791 0.0000000000
99577  -21.833  6.750  -21.146 0.0000000000
95051  -23.810  3.339  -22.560 0.0000000000
89676  -19.431  -1.259  -17.652 0.0000000000
71824  -24.885  -16.746  -14.534 0.0000000000
78701  -23.111  -11.291  -15.597 0.0000000000
76457  -22.761  -13.171  -14.318 0.0000000000
97260  -22.911  5.073  -22.194 0.0000000000
95019  -20.825  3.109  -20.062 0.0000000000
85469  -20.765  -5.583  -16.452 0.0000000000
87663  -18.590  -3.619  -15.393 0.0000000000
87710  -21.206  -3.269  -18.088 0.0000000000
90650  -22.576  -1.091  -20.510 0.0000000000
87734  -23.974  -3.464  -20.666 0.0000000000
85535  -26.193  -5.070  -20.489 0.0000000000
83338  -20.184  -7.615  -15.444 0.0000000000
83366  -22.418  -7.290  -16.778 0.0000000000
83394  -25.138  -7.436  -19.240 0.0000000000
80994  -23.980  -9.297  -17.400 0.0000000000
78734  -25.631  -11.224  -17.637 0.0000000000
76488  -27.566  -13.181  -16.489 0.0000000000
91672  -18.241  0.324  -16.632 0.0000000000
92855  -21.069  0.850  -19.985 0.0000000000
92886  -24.975  1.622  -22.054 0.0000000000
74325  -22.513  -14.733  -13.428 0.0000000000
74340  -24.807  -14.990  -15.302 0.0000000000
77509  -22.206  -12.317  -14.044 0.0000000000
77508  -21.665  -12.436  -13.624 0.0000000000
95006  -19.775  3.494  -18.462 0.0000000000
93906  -19.034  2.287  -17.577 0.0000000000
85490  -21.576  -5.390  -17.345 0.0000000000
86582  -21.042  -4.490  -17.193 0.0000000000
86596  -22.453  -4.406  -18.641 0.0000000000
87722  -22.739  -3.370  -19.694 0.0000000000
86608  -23.544  -4.549  -19.894 0.0000000000
86623  -25.589  -4.265  -20.650 0.0000000000
85521  -24.370  -5.530  -19.878 0.0000000000
82177  -20.816  -8.564  -15.507 0.0000000000
83355  -21.241  -7.322  -16.086 0.0000000000
82194  -22.334  -8.032  -16.247 0.0000000000
82206  -22.928  -8.190  -16.926 0.0000000000
80980  -22.916  -9.080  -16.405 0.0000000000
77526  -23.846  -12.142  -15.795 0.0000000000
78718  -24.105  -10.890  -16.547 0.0000000000
77541  -25.074  -12.240  -16.770 0.0000000000
77543  -27.038  -12.509  -17.018 0.0000000000
76486  -25.681  -13.239  -16.622 0.0000000000
98382  -20.790  6.503  -19.354 0.0000000000
99540  -20.546  8.153  -19.652 0.0000000000
100694  -21.472  7.726  -20.687 0.0000000000
101753  -22.815  8.689  -22.040 0.0000000000
99580  -23.724  7.204  -22.821 0.0000000000
96152  -23.330  4.186  -22.495 0.0000000000
88686  -19.161  -2.497  -16.691 0.0000000000
89654  -18.312  -1.718  -16.244 0.0000000000
90616  -18.723  -0.706  -16.936 0.0000000000
91694  -19.468  0.246  -18.096 0.0000000000
90634  -20.048  -0.707  -18.443 0.0000000000
89737  -24.601  -1.088  -21.566 0.0000000000
90675  -23.402  -0.369  -21.581 0.0000000000
91738  -25.346  0.587  -21.653 0.0000000000
82237  -25.717  -8.308  -19.239 0.0000000000
83396  -26.409  -7.020  -19.602 0.0000000000
73080  -23.287  -16.414  -13.691 0.0000000000
73098  -23.687  -15.960  -14.256 0.0000000000
74327  -23.846  -15.039  -14.639 0.0000000000
73099  -24.608  -15.812  -14.812 0.0000000000
79805  -21.540  -10.185  -15.011 0.0000000000
79806  -22.439  -10.318  -15.405 0.0000000000
79791  -22.062  -10.816  -14.839 0.0000000000
77525  -23.136  -12.175  -15.203 0.0000000000
76473  -23.626  -13.127  -15.290 0.0000000000
98397  -21.206  6.178  -20.227 0.0000000000
98425  -22.461  6.028  -21.654 0.0000000000
97245  -21.121  5.121  -20.519 0.0000000000
96136  -21.127  4.051  -20.799 0.0000000000
95037  -22.045  3.086  -21.929 0.0000000000
85445  -19.642  -5.775  -15.200 0.0000000000
86565  -19.937  -4.314  -16.269 0.0000000000
87692  -20.261  -3.331  -17.223 0.0000000000
89678  -20.745  -2.278  -18.295 0.0000000000
89710  -21.256  -1.239  -19.152 0.0000000000
88732  -22.085  -2.548  -19.233 0.0000000000
88744  -23.508  -2.441  -20.832 0.0000000000
88760  -25.121  -1.717  -21.356 0.0000000000
87736  -25.753  -3.267  -20.830 0.0000000000
71807  -26.058  -17.769  -14.037 0.0000000000
71825  -25.856  -17.125  -14.575 0.0000000000
84395  -20.232  -6.562  -15.507 0.0000000000
84425  -21.604  -6.160  -17.017 0.0000000000
84438  -22.695  -6.125  -17.908 0.0000000000
84454  -23.686  -6.206  -18.940 0.0000000000
83378  -23.506  -7.430  -17.981 0.0000000000
82222  -24.332  -8.464  -18.148 0.0000000000
80996  -25.268  -9.664  -18.325 0.0000000000
79821  -23.501  -10.192  -16.491 0.0000000000
79833  -24.606  -10.118  -17.345 0.0000000000
79835  -25.967  -10.560  -18.258 0.0000000000
78736  -27.252  -11.263  -17.484 0.0000000000
77544  -27.862  -12.318  -16.736 0.0000000000
98426  -23.343  6.138  -22.355 0.0000000000
92846  -19.198  1.310  -17.911 0.0000000000
93931  -21.071  1.873  -20.170 0.0000000000
93954  -22.693  1.926  -21.813 0.0000000000
90663  -22.296  -0.145  -20.712 0.0000000000
92884  -23.089  1.265  -21.863 0.0000000000
93973  -24.270  2.561  -22.480 0.0000000000
84456  -25.222  -6.484  -19.858 0.0000000000
85524  -27.172  -5.696  -19.412 0.0000000000
76455  -21.923  -13.187  -13.172 0.0000000000
75423  -22.634  -14.045  -13.875 0.0000000000
75437  -23.615  -13.848  -14.971 0.0000000000
75439  -25.134  -14.204  -15.829 0.0000000000
73101  -26.656  -16.639  -14.905 0.0000000000
74341  -25.817  -15.111  -15.737 0.0000000000
75440  -25.854  -14.461  -16.088 0.0000000000
93895  -18.571  2.101  -16.872 0.0000000000
85506  -22.610  -5.345  -18.268 0.0000000000
85505  -21.993  -5.010  -17.782 0.0000000000
86607  -22.879  -4.466  -19.271 0.0000000000
86609  -24.252  -4.769  -20.175 0.0000000000
85520  -23.513  -5.474  -19.331 0.0000000000
82178  -21.688  -8.319  -15.801 0.0000000000
82179  -22.351  -8.661  -16.013 0.0000000000
80965  -22.354  -9.249  -15.780 0.0000000000
77527  -24.566  -12.427  -16.188 0.0000000000
76485  -24.992  -12.939  -16.321 0.0000000000
76475  -25.189  -13.514  -16.168 0.0000000000
99562  -21.548  6.875  -20.715 0.0000000000
99549  -21.234  7.260  -20.074 0.0000000000
99563  -21.762  7.292  -21.080 0.0000000000
100710  -22.569  8.044  -21.783 0.0000000000
100712  -23.740  8.053  -23.151 0.0000000000
99579  -22.950  7.117  -22.087 0.0000000000
96153  -24.192  4.302  -22.593 0.0000000000
95052  -24.589  3.452  -22.413 0.0000000000
89667  -19.140  -1.720  -17.096 0.0000000000
89655  -18.845  -2.169  -16.545 0.0000000000
89666  -18.582  -1.196  -16.651 0.0000000000
90624  -19.516  -0.759  -17.933 0.0000000000
90678  -25.568  -0.367  -21.393 0.0000000000
90677  -24.876  -0.247  -21.671 0.0000000000
81007  -26.208  -9.030  -19.164 0.0000000000
82224  -26.219  -8.257  -19.285 0.0000000000
82225  -26.715  -8.399  -19.042 0.0000000000
71805  -23.990  -16.991  -13.962 0.0000000000
73097  -23.071  -15.801  -13.763 0.0000000000
71823  -24.291  -16.390  -14.400 0.0000000000
79790  -21.475  -10.867  -14.577 0.0000000000
77510  -22.672  -12.218  -14.611 0.0000000000
76472  -23.075  -12.836  -14.849 0.0000000000
97226  -20.709  5.311  -19.689 0.0000000000
96124  -20.315  4.389  -19.060 0.0000000000
95018  -20.356  3.329  -19.102 0.0000000000
96143  -21.679  3.984  -21.614 0.0000000000
95031  -21.403  2.872  -21.057 0.0000000000
85446  -20.293  -5.641  -15.751 0.0000000000
86546  -20.252  -4.951  -16.140 0.0000000000
87694  -21.480  -3.816  -17.960 0.0000000000
87675  -20.567  -3.906  -17.070 0.0000000000
87693  -20.889  -3.571  -17.577 0.0000000000
88699  -20.218  -2.745  -17.575 0.0000000000
88700  -20.715  -2.729  -17.997 0.0000000000
88720  -21.635  -2.668  -18.807 0.0000000000
87733  -23.276  -3.114  -20.369 0.0000000000
88745  -24.280  -2.667  -21.093 0.0000000000
88759  -24.457  -1.905  -21.390 0.0000000000
88746  -25.067  -2.544  -21.165 0.0000000000
88747  -25.892  -2.107  -21.085 0.0000000000
87735  -24.892  -3.436  -20.821 0.0000000000
86610  -26.808  -5.049  -20.047 0.0000000000
70532  -25.259  -18.137  -13.544 0.0000000000
70533  -26.195  -18.241  -13.376 0.0000000000
84394  -19.578  -6.724  -15.024 0.0000000000
83354  -20.639  -7.168  -15.808 0.0000000000
83356  -21.835  -7.220  -16.363 0.0000000000
84411  -21.288  -6.472  -16.552 0.0000000000
84412  -21.886  -6.686  -16.778 0.0000000000
84426  -22.305  -6.410  -17.320 0.0000000000
84427  -22.996  -6.758  -17.785 0.0000000000
83367  -22.964  -7.407  -17.407 0.0000000000
80993  -23.362  -8.911  -17.074 0.0000000000
82207  -23.616  -8.344  -17.642 0.0000000000
82208  -24.186  -8.856  -17.787 0.0000000000
81005  -24.826  -8.818  -18.388 0.0000000000
80995  -24.749  -9.319  -18.007 0.0000000000
79807  -23.134  -10.551  -15.903 0.0000000000
79820  -22.907  -9.864  -15.959 0.0000000000
78719  -24.792  -11.128  -17.037 0.0000000000
78733  -25.075  -10.679  -17.502 0.0000000000
79834  -25.305  -10.208  -17.931 0.0000000000
78735  -26.427  -11.181  -17.780 0.0000000000
77557  -26.187  -11.689  -17.615 0.0000000000
77545  -28.546  -12.350  -16.266 0.0000000000
98415  -22.002  5.456  -21.391 0.0000000000
86544  -18.645  -4.539  -15.101 0.0000000000
91671  -17.544  0.376  -16.242 0.0000000000
92837  -18.398  0.905  -16.828 0.0000000000
92838  -18.710  1.289  -17.243 0.0000000000
92845  -18.928  0.889  -17.566 0.0000000000
92854  -20.635  1.096  -19.372 0.0000000000
93941  -21.597  1.880  -20.872 0.0000000000
92882  -21.939  1.429  -21.052 0.0000000000
89711  -21.830  -1.624  -19.418 0.0000000000
90648  -21.412  -0.657  -19.521 0.0000000000
90649  -22.137  -0.635  -20.196 0.0000000000
91737  -24.469  0.751  -22.108 0.0000000000
91736  -23.656  0.647  -22.077 0.0000000000
91752  -23.843  1.167  -22.349 0.0000000000
92900  -23.561  1.469  -22.282 0.0000000000
92902  -24.577  2.086  -22.333 0.0000000000
93956  -25.681  2.597  -21.875 0.0000000000
83393  -24.542  -7.181  -18.884 0.0000000000
84455  -24.353  -6.461  -19.293 0.0000000000
84458  -26.712  -6.535  -19.556 0.0000000000
74324  -22.233  -14.617  -12.974 0.0000000000
75422  -22.276  -13.930  -13.276 0.0000000000
74328  -24.383  -15.138  -14.907 0.0000000000
75425  -23.824  -14.374  -14.879 0.0000000000
74339  -24.231  -14.717  -14.970 0.0000000000
75438  -24.258  -14.064  -15.268 0.0000000000
74351  -26.394  -14.767  -16.004 0.0000000000
78685  -21.489  -11.629  -14.127 0.0000000000
76456  -22.287  -13.155  -13.628 0.0000000000
93907  -19.375  2.906  -18.077 0.0000000000
93918  -19.625  2.363  -18.350 0.0000000000
85489  -21.043  -5.156  -16.914 0.0000000000
86583  -21.488  -4.432  -17.651 0.0000000000
87711  -21.819  -3.510  -18.477 0.0000000000
87721  -22.150  -3.164  -19.008 0.0000000000
87712  -22.401  -3.780  -19.009 0.0000000000
87723  -23.460  -3.767  -20.227 0.0000000000
86622  -24.692  -4.362  -20.483 0.0000000000
85533  -24.755  -5.125  -20.249 0.0000000000
85534  -25.418  -5.200  -20.445 0.0000000000
82176  -19.985  -8.630  -15.181 0.0000000000
83339  -20.886  -7.819  -15.780 0.0000000000
82193  -21.780  -7.705  -16.075 0.0000000000
80981  -23.499  -9.508  -16.898 0.0000000000
78702  -23.648  -11.127  -16.137 0.0000000000
77540  -24.355  -11.644  -16.375 0.0000000000
78720  -25.349  -11.766  -17.250 0.0000000000
77542  -26.006  -12.348  -17.339 0.0000000000
76487  -26.687  -13.261  -16.680 0.0000000000
98371  -20.356  6.812  -18.736 0.0000000000
100695  -21.971  7.984  -21.180 0.0000000000
97261  -23.751  5.196  -22.588 0.0000000000
89653  -17.302  -1.626  -15.768 0.0000000000
90601  -17.705  -1.145  -16.087 0.0000000000
90615  -18.141  -0.654  -16.396 0.0000000000
91673  -18.521  -0.187  -16.770 0.0000000000
91693  -19.090  0.683  -17.727 0.0000000000
91695  -20.301  0.213  -18.816 0.0000000000
91705  -20.943  0.149  -19.453 0.0000000000
89735  -23.265  -1.097  -21.232 0.0000000000
90676  -24.130  -0.287  -21.839 0.0000000000
82236  -25.250  -8.270  -18.926 0.0000000000
83395  -26.033  -7.506  -19.620 0.0000000000
83381  -26.427  -7.926  -19.249 0.0000000000
83382  -26.822  -7.489  -19.106 0.0000000000
73079  -22.791  -16.103  -13.170 0.0000000000
74305  -22.741  -15.408  -13.486 0.0000000000
74326  -23.067  -15.034  -14.021 0.0000000000
80963  -20.734  -9.503  -15.087 0.0000000000
78686  -22.131  -11.488  -14.440 0.0000000000
78687  -22.603  -11.375  -14.999 0.0000000000
97206  -20.025  6.299  -18.509 0.0000000000
98381  -20.367  6.112  -18.841 0.0000000000
98424  -22.057  6.471  -21.319 0.0000000000
98414  -21.698  5.982  -21.051 0.0000000000
97253  -21.623  4.919  -21.197 0.0000000000
96125  -20.597  4.235  -19.958 0.0000000000
97254  -22.171  4.908  -21.731 0.0000000000
96144  -22.453  3.978  -22.186 0.0000000000
95050  -22.982  3.219  -22.382 0.0000000000
87664  -19.365  -3.689  -16.124 0.0000000000
86566  -20.541  -4.570  -16.680 0.0000000000
87674  -19.950  -3.675  -16.747 0.0000000000
88677  -19.393  -3.070  -16.560 0.0000000000
89668  -19.747  -2.270  -17.477 0.0000000000
89677  -20.055  -1.788  -18.032 0.0000000000
89695  -20.469  -1.289  -18.546 0.0000000000
89696  -21.035  -1.861  -18.757 0.0000000000
89712  -22.484  -1.608  -20.117 0.0000000000
88743  -22.869  -2.421  -20.266 0.0000000000
89723  -22.969  -1.568  -20.746 0.0000000000
89724  -23.480  -1.689  -21.154 0.0000000000
89738  -25.232  -1.029  -21.424 0.0000000000
89739  -25.791  -1.160  -21.234 0.0000000000
89725  -26.407  -1.266  -20.890 0.0000000000
88748  -26.720  -2.119  -20.529 0.0000000000
71806  -25.045  -17.506  -14.110 0.0000000000
84410  -20.726  -6.471  -16.058 0.0000000000
85470  -21.222  -5.762  -16.889 0.0000000000
85491  -22.234  -5.638  -17.718 0.0000000000
85507  -23.207  -5.730  -18.778 0.0000000000
84439  -23.356  -6.501  -18.392 0.0000000000
84440  -24.031  -6.789  -18.805 0.0000000000
83379  -24.168  -7.561  -18.479 0.0000000000
82221  -23.898  -7.969  -18.096 0.0000000000
83380  -24.801  -7.757  -18.814 0.0000000000
82223  -24.806  -8.338  -18.591 0.0000000000
81006  -25.379  -9.116  -18.754 0.0000000000
79846  -26.091  -9.969  -18.905 0.0000000000
79832  -23.940  -9.915  -16.993 0.0000000000
79822  -24.197  -10.433  -16.849 0.0000000000
79845  -25.589  -9.948  -18.507 0.0000000000
79836  -26.850  -10.443  -18.183 0.0000000000
77558  -26.703  -11.845  -17.435 0.0000000000
78721  -27.739  -11.640  -17.074 0.0000000000
98427  -24.206  6.201  -22.718 0.0000000000
93905  -18.697  1.841  -17.150 0.0000000000
93917  -19.191  1.936  -17.872 0.0000000000
93930  -20.498  2.198  -19.198 0.0000000000
92847  -19.970  1.254  -18.590 0.0000000000
93970  -22.421  2.503  -21.948 0.0000000000
93971  -22.872  2.465  -22.188 0.0000000000
90635  -20.773  -0.776  -18.953 0.0000000000
91720  -21.974  0.267  -20.600 0.0000000000
90664  -22.712  -0.538  -20.982 0.0000000000
91721  -22.393  0.340  -21.039 0.0000000000
92868  -22.044  0.853  -20.952 0.0000000000
92883  -22.459  1.203  -21.380 0.0000000000
93972  -23.535  2.348  -22.437 0.0000000000
95053  -25.374  3.519  -22.126 0.0000000000
85522  -25.069  -5.680  -20.165 0.0000000000
84470  -25.999  -5.763  -20.416 0.0000000000
84457  -26.113  -6.513  -20.070 0.0000000000
85523  -26.533  -5.801  -20.077 0.0000000000
75424  -23.239  -14.158  -14.535 0.0000000000
76458  -23.246  -13.440  -14.800 0.0000000000
73100  -25.597  -16.409  -15.033 0.0000000000
73109  -25.398  -15.707  -15.337 0.0000000000
73110  -26.287  -15.976  -15.432 0.0000000000
75449  -25.633  -13.930  -16.239 0.0000000000
75450  -26.372  -14.096  -16.319 0.0000000000
77559  -27.325  -11.940  -17.186 0.0000000000
81018  -25.516  -8.644  -19.015 0.0000000000
81019  -25.693  -8.810  -19.099 0.0000000000
84469  -25.578  -5.954  -20.244 0.0000000000
86595  -22.006  -4.380  -18.079 0.0000000000
86621  -23.961  -4.205  -20.320 0.0000000000
88687  -19.684  -2.764  -17.073 0.0000000000
88719  -21.180  -2.725  -18.406 0.0000000000
88733  -22.409  -2.318  -19.723 0.0000000000
88758  -23.888  -2.022  -21.276 0.0000000000
88761  -25.503  -1.519  -21.290 0.0000000000
89697  -21.627  -2.187  -19.043 0.0000000000
89736  -23.855  -1.245  -21.537 0.0000000000
90623  -19.123  -0.745  -17.454 0.0000000000
91659  -16.823  0.462  -15.955 0.0000000000
91684  -18.548  0.700  -16.989 0.0000000000
91685  -18.870  0.238  -17.292 0.0000000000
91686  -19.229  -0.252  -17.702 0.0000000000
91706  -21.493  0.164  -20.070 0.0000000000
91735  -22.925  0.411  -21.534 0.0000000000
91753  -24.037  0.994  -22.368 0.0000000000
92827  -17.364  0.880  -16.194 0.0000000000
92829  -18.525  1.623  -16.922 0.0000000000
92839  -19.021  1.723  -17.646 0.0000000000
92867  -21.557  1.039  -20.568 0.0000000000
92885  -24.538  1.299  -22.232 0.0000000000
92901  -24.205  1.566  -22.424 0.0000000000
93896  -18.914  2.484  -17.238 0.0000000000
93953  -22.068  2.135  -21.452 0.0000000000
93955  -23.152  1.897  -22.131 0.0000000000
95038  -22.477  3.304  -22.216 0.0000000000
95049  -22.530  2.913  -22.188 0.0000000000
97199  -19.810  6.156  -18.269 0.0000000000
98372  -20.701  7.150  -19.156 0.0000000000
99530  -20.444  7.889  -19.152 0.0000000000
99578  -22.239  7.101  -21.451 0.0000000000
