#!ascii label  , from subject 3401 vox2ras=TkReg
897
67862  -26.249  -20.813  -9.941 0.4285714328
69178  -26.817  -19.629  -10.987 0.2857142985
67895  -26.972  -20.118  -10.335 0.4285714328
67896  -27.761  -20.081  -10.098 0.4285714328
69179  -27.860  -19.471  -10.735 0.4285714328
69201  -27.367  -19.180  -11.336 0.2857142985
70471  -27.977  -18.864  -11.402 0.4285714328
70472  -28.735  -18.906  -11.244 0.4285714328
71782  -27.504  -17.867  -13.186 0.4285714328
71783  -28.208  -17.782  -12.796 0.4285714328
71809  -28.028  -17.323  -13.710 0.4285714328
73082  -28.926  -16.698  -13.719 0.4285714328
73112  -27.798  -16.207  -15.047 0.5714285970
73102  -27.913  -16.653  -14.550 0.5714285970
73103  -28.661  -16.299  -14.389 0.4285714328
74330  -29.235  -15.696  -14.522 0.2857142985
74343  -28.107  -15.749  -15.299 0.7142857313
74344  -28.796  -15.187  -15.212 0.7142857313
75443  -29.397  -14.574  -15.134 0.7142857313
75444  -30.140  -14.023  -15.088 0.4285714328
77529  -29.827  -12.706  -15.618 0.5714285970
76476  -28.791  -13.763  -15.726 0.5714285970
76477  -29.603  -13.563  -15.448 0.5714285970
77530  -30.715  -12.438  -15.341 0.4285714328
78723  -29.513  -11.319  -16.273 0.5714285970
79808  -30.815  -10.764  -15.876 0.5714285970
78722  -28.456  -11.408  -16.735 0.7142857313
79825  -30.170  -10.637  -16.327 0.7142857313
80966  -30.873  -10.268  -16.009 0.5714285970
77543  -27.038  -12.509  -17.018 0.5714285970
79824  -29.136  -10.653  -16.776 0.8571428657
80984  -30.469  -9.486  -16.496 0.7142857313
80985  -31.009  -8.847  -16.209 0.5714285970
79823  -28.549  -10.682  -17.059 0.7142857313
78737  -27.834  -11.209  -17.193 0.5714285970
82196  -30.493  -8.309  -16.777 0.7142857313
82180  -31.700  -8.514  -15.839 0.5714285970
80983  -29.435  -9.739  -17.054 0.7142857313
82195  -29.809  -8.889  -17.127 0.7142857313
83357  -30.484  -7.374  -16.930 0.5714285970
80999  -29.241  -9.074  -17.418 0.7142857313
83358  -31.281  -7.622  -16.314 0.5714285970
80998  -28.430  -9.270  -17.854 0.5714285970
82211  -29.853  -8.304  -17.240 0.7142857313
84413  -30.740  -6.653  -16.773 0.7142857313
83369  -28.945  -7.430  -17.798 0.7142857313
83370  -29.794  -7.599  -17.360 0.7142857313
84430  -30.047  -6.661  -17.287 0.7142857313
85494  -30.245  -5.785  -17.150 0.7142857313
85474  -30.977  -5.819  -16.635 0.5714285970
81009  -27.659  -9.166  -18.445 0.5714285970
86586  -30.637  -4.813  -17.043 0.5714285970
87699  -31.076  -3.629  -17.105 0.5714285970
84428  -28.566  -6.601  -17.971 0.8571428657
83368  -28.291  -7.229  -18.112 0.8571428657
87698  -30.055  -3.833  -17.667 0.7142857313
86585  -29.604  -4.903  -17.645 0.7142857313
85492  -28.842  -5.828  -17.882 0.8571428657
86584  -29.109  -5.324  -17.830 0.7142857313
87714  -29.435  -3.092  -18.226 0.8571428657
86599  -29.301  -4.034  -18.152 0.8571428657
86598  -28.579  -4.778  -18.441 0.8571428657
85509  -28.166  -5.836  -18.295 0.8571428657
88735  -28.044  -2.261  -19.432 0.8571428657
89714  -28.495  -1.394  -19.289 0.8571428657
90651  -28.148  -0.441  -19.637 0.8571428657
87713  -28.787  -3.544  -18.685 0.8571428657
89726  -27.076  -1.271  -20.358 1.0000000000
89713  -27.744  -1.329  -19.780 1.0000000000
87725  -28.275  -3.046  -19.125 0.8571428657
90666  -27.471  -0.412  -20.130 1.0000000000
88734  -27.361  -2.167  -19.973 1.0000000000
90665  -26.730  -0.260  -20.722 1.0000000000
91738  -25.346  0.587  -21.653 0.7142857313
91722  -26.629  0.866  -20.899 1.0000000000
95053  -25.374  3.519  -22.126 1.0000000000
97263  -25.522  5.321  -22.235 0.8571428657
96154  -25.024  4.382  -22.328 1.0000000000
99592  -25.574  8.190  -23.243 0.8571428657
98428  -25.147  6.304  -22.516 0.8571428657
101769  -25.755  9.360  -24.010 0.8571428657
100727  -25.245  8.688  -23.629 0.8571428657
101768  -24.672  9.605  -24.075 0.7142857313
100712  -23.740  8.053  -23.151 0.5714285970
102738  -23.904  10.114  -24.035 0.7142857313
101781  -24.916  10.257  -24.372 0.5714285970
101742  -22.885  9.851  -21.836 0.5714285970
101753  -22.815  8.689  -22.040 0.5714285970
103675  -23.841  11.369  -23.747 0.4285714328
103653  -23.442  11.340  -21.641 0.2857142985
103646  -22.868  11.521  -20.547 0.2857142985
104606  -23.830  12.202  -20.978 0.2857142985
78703  -29.205  -12.076  -16.030 0.5714285970
85493  -29.520  -5.860  -17.549 0.7142857313
88722  -29.459  -2.166  -18.296 0.8571428657
89698  -29.135  -1.413  -18.688 0.8571428657
90652  -28.905  -0.403  -19.092 0.8571428657
92887  -26.139  1.534  -21.344 0.8571428657
104592  -24.111  12.968  -19.291 0.1428571492
69177  -26.119  -19.650  -11.261 0.2857142985
70490  -26.846  -18.824  -12.217 0.2857142985
70491  -27.506  -18.696  -11.916 0.2857142985
70492  -28.471  -18.247  -11.956 0.4285714328
71784  -29.075  -17.292  -12.914 0.4285714328
70534  -26.895  -18.174  -13.117 0.2857142985
73081  -28.308  -16.905  -14.007 0.4285714328
70513  -27.323  -18.325  -12.602 0.4285714328
73057  -29.212  -16.946  -13.237 0.4285714328
71827  -27.479  -17.268  -14.108 0.5714285970
74329  -28.491  -16.102  -14.699 0.5714285970
75426  -29.823  -15.033  -14.637 0.4285714328
75441  -27.587  -14.976  -15.918 0.2857142985
75452  -28.097  -13.773  -16.101 0.5714285970
78706  -31.355  -11.389  -15.331 0.4285714328
76489  -28.292  -13.051  -16.155 0.7142857313
77545  -28.546  -12.350  -16.266 0.7142857313
78704  -30.016  -11.868  -15.813 0.7142857313
78724  -30.123  -11.310  -16.042 0.5714285970
78721  -27.739  -11.640  -17.074 0.5714285970
84414  -31.437  -6.639  -16.291 0.5714285970
79837  -27.941  -10.526  -17.518 0.5714285970
83345  -31.695  -7.932  -15.988 0.5714285970
82210  -29.224  -8.381  -17.563 0.7142857313
84429  -29.293  -6.667  -17.628 0.7142857313
86612  -28.161  -3.805  -19.101 1.0000000000
91707  -27.876  0.236  -19.977 1.0000000000
88748  -26.720  -2.119  -20.529 1.0000000000
91739  -26.081  0.288  -21.198 0.8571428657
92886  -24.975  1.622  -22.054 0.7142857313
92888  -26.656  2.145  -21.175 1.0000000000
93974  -24.896  2.635  -22.219 0.7142857313
93957  -26.453  2.680  -21.463 1.0000000000
92902  -24.577  2.086  -22.333 0.7142857313
96155  -25.851  4.435  -21.975 0.8571428657
99581  -24.679  7.153  -22.919 0.8571428657
98429  -26.147  6.268  -22.272 1.0000000000
100726  -24.257  8.569  -23.535 0.7142857313
102728  -23.243  10.439  -22.245 0.7142857313
100725  -23.507  8.681  -23.188 0.5714285970
101767  -23.709  9.411  -23.590 0.7142857313
103664  -23.671  11.319  -22.746 0.4285714328
102750  -23.844  10.762  -24.070 0.4285714328
104636  -23.969  12.291  -24.394 0.4285714328
104624  -23.955  12.199  -23.266 0.4285714328
75451  -27.389  -14.107  -16.207 0.4285714328
102737  -23.536  10.384  -23.347 0.7142857313
104615  -24.008  12.268  -22.140 0.2857142985
67894  -25.945  -20.155  -10.655 0.2857142985
69152  -28.409  -19.898  -10.246 0.4285714328
69200  -26.689  -19.241  -11.674 0.2857142985
71810  -28.577  -17.285  -13.295 0.4285714328
75442  -28.355  -14.638  -15.749 0.5714285970
77528  -29.012  -12.906  -15.798 0.5714285970
78705  -30.745  -11.383  -15.681 0.4285714328
77544  -27.862  -12.318  -16.736 0.7142857313
80982  -28.709  -10.179  -17.271 0.5714285970
82197  -31.118  -8.318  -16.289 0.5714285970
82209  -28.384  -8.042  -18.104 0.8571428657
88721  -28.807  -2.427  -18.830 0.8571428657
86597  -27.776  -5.340  -18.856 0.8571428657
90679  -26.123  -0.569  -21.122 1.0000000000
91737  -24.469  0.751  -22.108 0.8571428657
99591  -24.961  7.994  -23.207 0.8571428657
101754  -23.089  9.346  -22.565 0.5714285970
102718  -22.254  10.156  -20.812 0.4285714328
103639  -22.813  12.091  -19.880 0.2857142985
102719  -22.789  10.466  -21.273 0.2857142985
104599  -23.477  12.431  -20.050 0.2857142985
104600  -24.382  12.969  -20.267 0.1428571492
93956  -25.681  2.597  -21.875 1.0000000000
106453  -24.735  14.641  -25.723 0.2857142985
107434  -24.636  15.968  -24.684 0.1428571492
105525  -24.148  13.490  -24.851 0.2857142985
105526  -24.459  14.245  -24.542 0.1428571492
105509  -24.179  12.884  -22.820 0.1428571492
105515  -24.580  13.982  -23.904 0.1428571492
106466  -24.929  14.438  -26.166 0.2857142985
106435  -24.179  13.932  -25.561 0.2857142985
105553  -27.793  13.718  -26.792 0.2857142985
104662  -25.825  13.222  -26.121 0.2857142985
107423  -24.946  15.800  -23.624 0.1428571492
104651  -23.913  12.624  -25.405 0.2857142985
104638  -26.270  12.075  -25.178 0.2857142985
105549  -23.947  13.205  -26.469 0.2857142985
105540  -23.793  13.271  -25.852 0.2857142985
103694  -28.312  11.951  -24.292 0.1428571492
104654  -26.058  12.574  -25.709 0.2857142985
104661  -25.165  12.957  -26.233 0.2857142985
103702  -24.716  12.030  -25.511 0.2857142985
104659  -23.787  12.661  -26.132 0.2857142985
102759  -31.170  10.592  -25.043 0.1428571492
103695  -29.533  11.845  -24.738 0.1428571492
104640  -27.683  12.432  -24.830 0.4285714328
103691  -25.574  11.417  -24.895 0.2857142985
100715  -28.464  8.405  -22.018 0.2857142985
101770  -26.602  9.662  -23.686 0.4285714328
102753  -26.153  10.697  -24.462 0.2857142985
103689  -24.015  11.409  -24.491 0.2857142985
100698  -29.961  8.342  -21.511 0.1428571492
101772  -28.688  9.950  -22.877 0.2857142985
100729  -26.936  9.128  -23.182 0.5714285970
101783  -26.131  9.959  -24.211 0.7142857313
98418  -29.251  6.956  -20.697 0.1428571492
100697  -29.197  8.132  -21.503 0.1428571492
101782  -25.467  10.079  -24.345 0.4285714328
99584  -27.724  7.890  -22.135 0.4285714328
98399  -29.546  6.430  -20.285 0.2857142985
98398  -29.025  6.363  -20.580 0.7142857313
100728  -26.262  8.588  -23.309 0.7142857313
97264  -26.380  5.242  -21.869 0.8571428657
98416  -27.576  6.576  -21.732 0.8571428657
100713  -26.615  7.968  -22.725 0.5714285970
97231  -29.778  5.333  -19.460 0.2857142985
97247  -29.700  5.919  -19.832 0.2857142985
99583  -27.069  7.251  -22.179 0.7142857313
98426  -23.343  6.138  -22.355 0.5714285970
96129  -29.736  4.531  -18.972 0.1428571492
97257  -28.098  5.117  -20.816 0.7142857313
96111  -30.265  4.299  -18.731 0.1428571492
87735  -24.892  -3.436  -20.821 0.5714285970
89725  -26.407  -1.266  -20.890 0.8571428657
89739  -25.791  -1.160  -21.234 0.8571428657
88760  -25.121  -1.717  -21.356 0.4285714328
90678  -25.568  -0.367  -21.393 0.5714285970
95039  -26.178  3.652  -21.741 0.8571428657
93942  -27.825  2.621  -20.689 0.8571428657
96146  -26.716  4.534  -21.566 0.8571428657
95025  -29.341  3.524  -18.846 0.2857142985
95032  -27.993  3.680  -20.730 0.8571428657
96147  -27.585  4.289  -21.068 0.8571428657
93924  -30.823  2.466  -18.103 0.4285714328
95024  -28.906  3.919  -19.542 0.7142857313
96148  -28.024  4.503  -20.757 0.7142857313
86622  -24.692  -4.362  -20.483 0.2857142985
87736  -25.753  -3.267  -20.830 0.5714285970
92870  -26.999  1.679  -20.804 0.8571428657
93958  -27.087  2.657  -21.131 0.8571428657
95041  -27.525  3.340  -21.062 0.8571428657
93937  -29.138  2.783  -18.964 0.4285714328
93943  -28.448  2.343  -20.203 0.8571428657
95033  -28.448  3.269  -20.223 0.8571428657
92848  -29.974  2.209  -18.327 0.4285714328
82224  -26.219  -8.257  -19.285 0.7142857313
83395  -26.033  -7.506  -19.620 0.4285714328
82225  -26.715  -8.399  -19.042 0.7142857313
85508  -27.619  -6.009  -18.728 0.8571428657
84457  -26.113  -6.513  -20.070 0.5714285970
85534  -25.418  -5.200  -20.445 0.5714285970
85521  -24.370  -5.530  -19.878 0.4285714328
86610  -26.808  -5.049  -20.047 0.8571428657
85535  -26.193  -5.070  -20.489 0.5714285970
86623  -25.589  -4.265  -20.650 0.5714285970
86625  -27.026  -3.517  -20.058 0.7142857313
91708  -28.476  0.674  -19.647 0.7142857313
92871  -28.005  1.473  -20.294 0.8571428657
90638  -30.499  -0.073  -18.215 0.2857142985
91697  -30.337  0.592  -18.108 0.4285714328
91696  -29.693  0.840  -18.448 0.5714285970
80997  -27.464  -9.727  -18.308 0.4285714328
79847  -26.745  -9.693  -18.735 0.4285714328
82237  -25.717  -8.308  -19.239 0.4285714328
84441  -27.286  -6.625  -18.921 0.7142857313
86611  -27.458  -4.441  -19.505 0.8571428657
89699  -29.802  -1.363  -18.141 0.7142857313
90628  -30.463  -0.313  -17.862 0.2857142985
90637  -30.027  -0.251  -18.143 0.5714285970
90636  -29.443  -0.690  -18.531 0.5714285970
79836  -26.850  -10.443  -18.183 0.4285714328
79835  -25.967  -10.560  -18.258 0.5714285970
81008  -27.086  -9.117  -18.803 0.5714285970
84442  -27.889  -6.614  -18.345 0.7142857313
88706  -30.253  -2.508  -17.751 0.4285714328
89685  -30.632  -1.127  -17.683 0.4285714328
83359  -31.757  -7.165  -16.037 0.4285714328
87684  -31.938  -4.186  -16.617 0.4285714328
86572  -31.300  -5.213  -16.581 0.4285714328
87685  -32.698  -4.001  -16.830 0.4285714328
73083  -29.954  -16.425  -13.430 0.1428571492
85475  -31.715  -5.853  -16.249 0.4285714328
86574  -32.666  -4.861  -16.549 0.4285714328
74307  -30.167  -15.836  -13.831 0.1428571492
74332  -30.767  -14.948  -14.193 0.1428571492
77512  -31.665  -12.638  -14.780 0.2857142985
80969  -33.476  -9.260  -15.044 0.2857142985
82198  -34.763  -7.775  -16.183 0.2857142985
82182  -33.769  -8.442  -15.308 0.2857142985
79810  -31.895  -10.179  -15.361 0.4285714328
83361  -34.267  -7.307  -15.961 0.2857142985
83347  -33.102  -7.726  -15.623 0.2857142985
82181  -32.759  -8.534  -15.456 0.2857142985
84416  -33.380  -6.569  -16.030 0.2857142985
73084  -30.898  -16.276  -13.326 0.1428571492
74308  -31.101  -15.415  -13.770 0.1428571492
74306  -29.577  -16.149  -13.869 0.1428571492
75428  -31.331  -14.549  -14.157 0.2857142985
76460  -31.576  -13.640  -14.489 0.2857142985
78689  -32.963  -11.484  -14.543 0.2857142985
79795  -34.100  -10.516  -14.543 0.2857142985
80949  -32.843  -10.269  -14.960 0.2857142985
79792  -31.898  -10.983  -15.129 0.2857142985
80950  -33.346  -10.017  -14.822 0.2857142985
76462  -33.247  -12.980  -14.000 0.2857142985
75405  -32.258  -14.751  -13.636 0.2857142985
76461  -32.501  -13.392  -14.184 0.2857142985
75427  -30.370  -14.614  -14.613 0.2857142985
77513  -32.663  -12.387  -14.414 0.2857142985
71785  -29.927  -17.313  -12.550 0.1428571492
71756  -28.771  -17.755  -12.460 0.2857142985
73059  -30.526  -16.887  -12.905 0.1428571492
66681  -27.762  -21.243  -9.251 0.2857142985
66680  -26.665  -21.389  -9.320 0.2857142985
70493  -29.454  -18.348  -11.644 0.2857142985
66661  -26.195  -22.034  -8.889 0.2857142985
66660  -25.697  -22.111  -8.993 0.1428571492
76440  -32.736  -14.155  -13.762 0.2857142985
80951  -34.069  -9.811  -14.770 0.2857142985
83346  -32.132  -7.684  -15.823 0.4285714328
83360  -33.542  -7.279  -15.762 0.2857142985
85478  -34.217  -5.726  -16.888 0.2857142985
83396  -26.409  -7.020  -19.602 0.7142857313
85476  -32.581  -5.758  -16.233 0.4285714328
86624  -26.500  -4.110  -20.368 0.5714285970
87683  -31.352  -4.566  -16.714 0.4285714328
89686  -31.667  -1.169  -17.303 0.2857142985
90629  -31.018  -0.027  -17.671 0.2857142985
97262  -24.635  5.284  -22.507 0.7142857313
92859  -29.069  1.602  -19.065 0.7142857313
96156  -26.280  4.635  -21.768 0.8571428657
99590  -24.253  7.778  -23.199 0.5714285970
99582  -25.807  7.470  -22.800 0.7142857313
92849  -30.443  1.421  -18.117 0.2857142985
97256  -27.371  5.449  -21.437 0.8571428657
97230  -29.352  5.491  -19.771 0.5714285970
103690  -24.648  11.626  -24.920 0.2857142985
101755  -28.209  9.222  -22.529 0.4285714328
106422  -24.921  14.780  -23.202 0.1428571492
103677  -28.863  11.307  -23.839 0.1428571492
105550  -24.595  13.406  -26.325 0.2857142985
67864  -28.348  -20.488  -9.726 0.1428571492
69180  -28.963  -19.530  -10.679 0.1428571492
71757  -29.312  -17.769  -12.225 0.1428571492
73085  -31.684  -16.048  -13.280 0.1428571492
74310  -32.730  -15.326  -13.273 0.1428571492
76478  -30.373  -13.324  -15.231 0.2857142985
78688  -31.928  -11.516  -14.943 0.2857142985
79811  -34.778  -10.255  -14.902 0.2857142985
77531  -31.288  -11.882  -15.232 0.2857142985
80970  -34.546  -9.309  -15.193 0.2857142985
79809  -31.460  -10.757  -15.450 0.2857142985
79793  -32.333  -10.693  -15.041 0.2857142985
81006  -25.379  -9.116  -18.754 0.2857142985
84417  -34.306  -6.452  -16.494 0.2857142985
83382  -26.822  -7.489  -19.106 0.7142857313
83383  -27.681  -7.417  -18.487 0.5714285970
84455  -24.353  -6.461  -19.293 0.4285714328
85477  -33.513  -5.572  -16.533 0.4285714328
87723  -23.460  -3.767  -20.227 0.2857142985
85533  -24.755  -5.125  -20.249 0.5714285970
86575  -33.333  -4.672  -16.905 0.2857142985
85523  -26.533  -5.801  -20.077 0.7142857313
87734  -23.974  -3.464  -20.666 0.2857142985
87686  -33.290  -3.971  -17.195 0.1428571492
88708  -32.292  -2.226  -17.138 0.4285714328
88707  -31.318  -2.303  -17.220 0.4285714328
91723  -27.365  0.619  -20.397 0.8571428657
89687  -32.493  -1.350  -17.607 0.1428571492
90653  -29.431  -0.004  -18.655 0.5714285970
91688  -31.054  0.865  -17.997 0.2857142985
97265  -26.862  5.485  -21.696 0.8571428657
95026  -32.025  3.780  -18.859 0.2857142985
96131  -31.519  4.323  -19.085 0.1428571492
95011  -30.705  3.471  -18.400 0.4285714328
97249  -31.287  5.252  -19.693 0.1428571492
99566  -28.847  7.444  -21.209 0.5714285970
98401  -31.172  6.067  -20.148 0.1428571492
98419  -30.117  7.083  -20.459 0.1428571492
99585  -30.509  8.059  -21.411 0.1428571492
105510  -24.536  13.773  -22.784 0.1428571492
99568  -30.745  7.531  -20.973 0.1428571492
100716  -29.606  8.752  -21.928 0.1428571492
103693  -27.235  11.689  -24.323 0.2857142985
103676  -27.916  11.337  -23.802 0.2857142985
101773  -29.810  9.936  -22.923 0.1428571492
102743  -30.246  10.422  -23.590 0.1428571492
103679  -30.414  10.800  -23.993 0.1428571492
104656  -28.141  12.831  -25.567 0.2857142985
105543  -28.186  13.164  -26.260 0.2857142985
104663  -28.718  12.806  -26.170 0.1428571492
104657  -29.075  12.438  -25.634 0.1428571492
69154  -29.672  -20.207  -10.099 0.1428571492
73060  -31.814  -16.962  -12.591 0.1428571492
82183  -34.686  -8.325  -15.773 0.2857142985
91689  -31.974  0.674  -17.847 0.2857142985
103709  -30.580  11.532  -26.746 0.1428571492
105561  -28.535  13.689  -27.676 0.2857142985
66699  -25.402  -20.912  -10.304 0.2857142985
67863  -27.276  -20.650  -9.722 0.2857142985
69153  -29.117  -20.074  -10.166 0.1428571492
76459  -30.812  -13.903  -14.763 0.2857142985
74331  -30.246  -15.242  -14.249 0.1428571492
80967  -31.383  -9.659  -15.770 0.4285714328
82226  -27.553  -8.437  -18.577 0.5714285970
87724  -27.607  -3.156  -19.608 0.8571428657
87738  -27.041  -2.806  -20.154 0.8571428657
91724  -27.953  0.744  -20.107 0.8571428657
92869  -26.581  1.358  -21.019 0.8571428657
102751  -24.407  10.635  -24.382 0.2857142985
104637  -24.005  11.963  -25.067 0.2857142985
73058  -29.611  -16.901  -13.108 0.1428571492
76488  -27.566  -13.181  -16.489 0.5714285970
84415  -32.310  -6.742  -15.948 0.4285714328
87737  -26.492  -3.003  -20.531 0.5714285970
95040  -26.943  3.516  -21.379 0.8571428657
98430  -26.907  6.044  -21.879 0.8571428657
104652  -24.243  12.223  -25.699 0.2857142985
106436  -24.356  14.721  -25.047 0.1428571492
106425  -24.756  14.889  -24.209 0.1428571492
106452  -24.274  13.744  -26.071 0.2857142985
105514  -24.104  13.117  -23.671 0.1428571492
105542  -27.455  13.192  -26.025 0.2857142985
105551  -25.583  13.899  -26.213 0.2857142985
103704  -25.907  11.907  -25.212 0.2857142985
104639  -26.777  12.224  -25.012 0.2857142985
103692  -26.370  11.600  -24.763 0.2857142985
104660  -24.338  12.660  -26.372 0.2857142985
102740  -27.094  10.661  -23.861 0.2857142985
104641  -28.570  12.377  -24.959 0.1428571492
103703  -25.269  11.983  -25.367 0.2857142985
103706  -30.614  11.356  -25.495 0.1428571492
102742  -29.281  10.578  -23.397 0.1428571492
103705  -29.964  12.084  -25.906 0.1428571492
101756  -29.159  9.288  -22.421 0.1428571492
101771  -27.526  9.746  -23.052 0.4285714328
102739  -26.505  10.230  -24.081 0.5714285970
101758  -30.801  9.057  -22.715 0.1428571492
102741  -28.207  10.661  -23.361 0.2857142985
100714  -27.335  8.537  -22.619 0.5714285970
98417  -28.430  6.345  -21.121 0.4285714328
99565  -28.051  7.344  -21.761 0.5714285970
97246  -28.928  5.652  -20.275 0.5714285970
99564  -27.568  7.057  -21.893 0.7142857313
96128  -29.104  4.935  -19.650 0.5714285970
88747  -25.892  -2.107  -21.085 0.5714285970
89738  -25.232  -1.029  -21.424 0.4285714328
88746  -25.067  -2.544  -21.165 0.4285714328
93936  -28.869  2.728  -19.527 0.4285714328
93923  -29.910  3.052  -18.322 0.5714285970
96138  -28.402  4.416  -20.330 0.8571428657
92858  -28.668  1.736  -19.839 0.7142857313
81007  -26.208  -9.030  -19.164 0.5714285970
83381  -26.427  -7.926  -19.249 0.4285714328
84458  -26.712  -6.535  -19.556 0.7142857313
85524  -27.172  -5.696  -19.412 0.7142857313
84456  -25.222  -6.484  -19.858 0.4285714328
84470  -25.999  -5.763  -20.416 0.5714285970
85522  -25.069  -5.680  -20.165 0.4285714328
91709  -29.106  0.528  -18.992 0.7142857313
79846  -26.091  -9.969  -18.905 0.5714285970
84402  -32.632  -7.317  -15.791 0.4285714328
86573  -31.902  -5.046  -16.384 0.4285714328
87700  -32.032  -3.215  -16.840 0.4285714328
77511  -31.022  -13.191  -14.906 0.2857142985
80968  -32.452  -9.634  -15.264 0.2857142985
83348  -33.918  -7.765  -15.557 0.2857142985
75429  -32.070  -14.087  -14.021 0.2857142985
79794  -33.245  -10.710  -14.663 0.2857142985
74309  -31.994  -15.435  -13.452 0.1428571492
66663  -28.282  -21.904  -8.867 0.1428571492
66662  -27.238  -21.971  -8.853 0.1428571492
66682  -28.795  -21.185  -9.281 0.1428571492
69181  -29.971  -19.785  -10.556 0.1428571492
104616  -24.460  13.102  -22.166 0.1428571492
97261  -23.751  5.196  -22.588 0.5714285970
96152  -23.330  4.186  -22.495 0.4285714328
95051  -23.810  3.339  -22.560 0.4285714328
96153  -24.192  4.302  -22.593 0.5714285970
91752  -23.843  1.167  -22.349 0.4285714328
93973  -24.270  2.561  -22.480 0.4285714328
93972  -23.535  2.348  -22.437 0.4285714328
95052  -24.589  3.452  -22.413 0.5714285970
90677  -24.876  -0.247  -21.671 0.5714285970
82212  -35.247  -8.550  -17.406 0.1428571492
83362  -34.765  -7.334  -16.543 0.1428571492
84418  -34.864  -6.782  -16.946 0.1428571492
73101  -26.656  -16.639  -14.905 0.2857142985
81010  -34.660  -9.711  -18.852 0.1428571492
82239  -34.227  -8.842  -19.587 0.1428571492
82228  -35.042  -8.992  -18.173 0.1428571492
82238  -33.846  -9.115  -19.982 0.1428571492
79812  -35.210  -10.173  -15.513 0.1428571492
79838  -35.637  -10.316  -17.167 0.1428571492
80971  -35.156  -9.337  -15.929 0.1428571492
81000  -35.339  -9.552  -17.654 0.1428571492
79859  -33.465  -10.747  -19.978 0.1428571492
81011  -35.079  -9.701  -18.213 0.1428571492
79886  -33.738  -10.540  -22.084 0.1428571492
81028  -33.225  -10.174  -21.123 0.1428571492
81045  -33.508  -9.645  -22.157 0.1428571492
71826  -26.854  -17.241  -14.353 0.2857142985
71825  -25.856  -17.125  -14.575 0.2857142985
77515  -34.723  -12.145  -14.342 0.1428571492
78691  -35.023  -11.263  -14.800 0.1428571492
78690  -33.978  -11.350  -14.315 0.1428571492
78707  -35.245  -10.719  -15.181 0.1428571492
79849  -35.171  -10.561  -18.143 0.1428571492
78725  -35.761  -11.127  -16.639 0.1428571492
79848  -34.552  -10.757  -18.836 0.1428571492
78790  -33.379  -11.201  -21.397 0.1428571492
79874  -33.307  -10.661  -21.310 0.1428571492
71808  -27.020  -17.723  -13.713 0.2857142985
71807  -26.058  -17.769  -14.037 0.2857142985
70532  -25.259  -18.137  -13.544 0.2857142985
77495  -33.901  -13.059  -13.709 0.1428571492
77497  -35.245  -12.811  -14.302 0.1428571492
78692  -35.527  -11.736  -15.185 0.1428571492
78748  -35.125  -11.723  -18.065 0.1428571492
78708  -35.649  -11.290  -15.710 0.1428571492
78760  -34.059  -11.597  -19.089 0.1428571492
78776  -33.006  -11.542  -20.983 0.1428571492
78769  -33.162  -11.586  -20.271 0.1428571492
79888  -34.893  -10.560  -22.203 0.1428571492
79887  -34.197  -10.565  -22.286 0.1428571492
76441  -33.493  -13.755  -13.636 0.1428571492
77496  -34.611  -12.883  -13.934 0.1428571492
76442  -34.517  -13.623  -13.564 0.1428571492
76464  -36.256  -13.331  -14.924 0.1428571492
76463  -35.781  -13.140  -14.448 0.1428571492
76498  -35.505  -13.450  -17.402 0.1428571492
77516  -35.582  -12.377  -14.851 0.1428571492
77575  -35.045  -12.363  -18.071 0.1428571492
77546  -35.844  -12.350  -16.631 0.1428571492
77574  -34.576  -12.315  -18.555 0.1428571492
78791  -33.573  -11.432  -21.631 0.1428571492
77595  -32.890  -12.231  -20.751 0.1428571492
78793  -34.484  -11.510  -22.009 0.1428571492
78792  -34.066  -11.366  -22.035 0.1428571492
75407  -34.286  -14.379  -13.204 0.1428571492
75430  -36.477  -14.367  -14.567 0.1428571492
76444  -36.154  -13.712  -14.264 0.1428571492
76479  -36.280  -13.234  -15.741 0.1428571492
76443  -35.456  -13.516  -13.884 0.1428571492
76507  -34.203  -13.490  -18.893 0.1428571492
76514  -33.531  -13.195  -19.467 0.1428571492
76521  -32.802  -13.016  -20.573 0.1428571492
78777  -33.281  -11.809  -21.336 0.1428571492
77587  -33.915  -12.583  -19.115 0.1428571492
74333  -36.538  -15.210  -14.103 0.1428571492
75409  -36.210  -14.439  -13.689 0.1428571492
75408  -35.280  -14.288  -13.312 0.1428571492
75453  -35.976  -14.818  -16.602 0.1428571492
74354  -36.337  -14.827  -15.883 0.1428571492
75469  -34.879  -14.204  -18.232 0.1428571492
76490  -35.873  -14.015  -16.844 0.1428571492
76520  -32.738  -13.159  -20.860 0.1428571492
75477  -33.367  -14.188  -19.559 0.1428571492
75445  -36.486  -14.188  -15.407 0.1428571492
76491  -35.972  -13.143  -16.541 0.1428571492
78739  -35.763  -11.876  -16.935 0.1428571492
81048  -35.175  -9.619  -22.359 0.1428571492
79860  -34.003  -10.511  -19.418 0.1428571492
79869  -33.116  -10.873  -21.010 0.1428571492
82199  -35.090  -8.205  -16.561 0.1428571492
83385  -35.094  -7.826  -18.162 0.1428571492
70533  -26.195  -18.241  -13.376 0.2857142985
77609  -33.326  -12.371  -21.431 0.1428571492
77625  -34.076  -12.139  -21.845 0.1428571492
81039  -35.555  -10.166  -22.068 0.1428571492
81049  -35.652  -9.585  -22.220 0.1428571492
81047  -34.483  -9.651  -22.510 0.1428571492
79885  -33.496  -10.518  -21.704 0.1428571492
81038  -33.227  -9.598  -21.214 0.1428571492
81046  -33.887  -9.648  -22.515 0.1428571492
84432  -34.990  -6.580  -17.668 0.1428571492
84431  -34.631  -6.167  -17.073 0.1428571492
99580  -23.724  7.204  -22.821 0.4285714328
105567  -28.729  13.800  -28.281 0.1428571492
98427  -24.206  6.201  -22.718 0.4285714328
105560  -27.989  14.026  -27.393 0.1428571492
77514  -33.716  -12.294  -14.081 0.1428571492
75406  -33.341  -14.769  -13.285 0.1428571492
85495  -33.922  -5.156  -17.004 0.1428571492
82184  -35.153  -8.770  -16.227 0.1428571492
83371  -35.099  -7.530  -17.191 0.1428571492
82227  -34.748  -8.638  -18.761 0.1428571492
81021  -34.149  -9.698  -19.477 0.1428571492
80986  -35.423  -9.258  -16.728 0.1428571492
81020  -33.698  -9.733  -20.014 0.1428571492
83384  -34.704  -7.847  -19.054 0.1428571492
82245  -34.080  -8.270  -20.008 0.1428571492
81029  -33.329  -9.635  -20.774 0.1428571492
79826  -35.535  -10.237  -16.268 0.1428571492
79870  -33.240  -10.594  -20.592 0.1428571492
81037  -33.271  -9.630  -21.617 0.1428571492
78738  -35.549  -11.327  -17.426 0.1428571492
78747  -34.721  -11.394  -18.553 0.1428571492
78726  -35.827  -11.784  -16.312 0.1428571492
78759  -33.549  -11.343  -19.663 0.1428571492
78768  -33.042  -11.367  -20.776 0.1428571492
78709  -35.838  -11.788  -15.999 0.1428571492
77517  -35.999  -12.651  -15.394 0.1428571492
77560  -35.433  -12.356  -17.501 0.1428571492
77586  -33.377  -12.308  -19.684 0.1428571492
76499  -35.719  -12.724  -17.019 0.1428571492
76508  -34.966  -13.036  -18.127 0.1428571492
77533  -35.966  -12.268  -15.967 0.1428571492
76513  -32.965  -13.359  -20.080 0.1428571492
75454  -36.296  -14.023  -16.203 0.1428571492
65576  -24.424  -22.478  -9.401 0.1428571492
66679  -25.369  -21.792  -9.508 0.1428571492
66698  -24.571  -21.275  -10.517 0.1428571492
67893  -24.947  -20.505  -10.911 0.1428571492
67921  -25.368  -19.871  -11.313 0.1428571492
69212  -24.726  -19.160  -12.543 0.1428571492
69199  -25.855  -19.467  -11.800 0.1428571492
69214  -26.301  -19.134  -12.187 0.1428571492
67920  -24.494  -20.113  -11.545 0.1428571492
69213  -25.633  -19.175  -12.391 0.1428571492
70511  -25.453  -18.699  -12.968 0.1428571492
70531  -24.298  -17.864  -13.569 0.1428571492
71824  -24.885  -16.746  -14.534 0.1428571492
71806  -25.045  -17.506  -14.110 0.1428571492
73111  -27.310  -16.152  -15.220 0.1428571492
73100  -25.597  -16.409  -15.033 0.2857142985
74352  -26.952  -14.687  -16.055 0.2857142985
77542  -26.006  -12.348  -17.339 0.4285714328
78736  -27.252  -11.263  -17.484 0.4285714328
78735  -26.427  -11.181  -17.780 0.4285714328
89737  -24.601  -1.088  -21.566 0.2857142985
90675  -23.402  -0.369  -21.581 0.2857142985
90676  -24.130  -0.287  -21.839 0.2857142985
96143  -21.679  3.984  -21.614 0.2857142985
96144  -22.453  3.978  -22.186 0.2857142985
97260  -22.911  5.073  -22.194 0.2857142985
73099  -24.608  -15.812  -14.812 0.1428571492
73109  -25.398  -15.707  -15.337 0.2857142985
74342  -26.940  -15.395  -15.739 0.1428571492
69197  -24.045  -19.682  -12.114 0.1428571492
70510  -24.477  -18.566  -13.087 0.1428571492
71805  -23.990  -16.991  -13.962 0.1428571492
74340  -24.807  -14.990  -15.302 0.2857142985
74341  -25.817  -15.111  -15.737 0.2857142985
74351  -26.394  -14.767  -16.004 0.2857142985
76487  -26.687  -13.261  -16.680 0.4285714328
78720  -25.349  -11.766  -17.250 0.2857142985
88759  -24.457  -1.905  -21.390 0.2857142985
89735  -23.265  -1.097  -21.232 0.2857142985
90664  -22.712  -0.538  -20.982 0.2857142985
91736  -23.656  0.647  -22.077 0.2857142985
92900  -23.561  1.469  -22.282 0.2857142985
93970  -22.421  2.503  -21.948 0.2857142985
95031  -21.403  2.872  -21.057 0.2857142985
75440  -25.854  -14.461  -16.088 0.2857142985
89724  -23.480  -1.689  -21.154 0.2857142985
89723  -22.969  -1.568  -20.746 0.2857142985
91721  -22.393  0.340  -21.039 0.2857142985
92882  -21.939  1.429  -21.052 0.2857142985
92884  -23.089  1.265  -21.863 0.2857142985
92883  -22.459  1.203  -21.380 0.2857142985
93941  -21.597  1.880  -20.872 0.2857142985
93971  -22.872  2.465  -22.188 0.2857142985
90663  -22.296  -0.145  -20.712 0.2857142985
91720  -21.974  0.267  -20.600 0.2857142985
92868  -22.044  0.853  -20.952 0.2857142985
77558  -26.703  -11.845  -17.435 0.4285714328
70512  -26.391  -18.684  -12.710 0.1428571492
95050  -22.982  3.219  -22.382 0.2857142985
93954  -22.693  1.926  -21.813 0.2857142985
73110  -26.287  -15.976  -15.432 0.1428571492
65577  -25.009  -22.442  -9.109 0.1428571492
69198  -25.008  -19.566  -11.935 0.1428571492
69211  -23.759  -19.007  -12.541 0.1428571492
95037  -22.045  3.086  -21.929 0.2857142985
76486  -25.681  -13.239  -16.622 0.4285714328
92855  -21.069  0.850  -19.985 0.2857142985
79834  -25.305  -10.208  -17.931 0.2857142985
78734  -25.631  -11.224  -17.637 0.2857142985
108523  -25.070  17.121  -29.681 0.1428571492
108524  -25.906  16.776  -29.954 0.1428571492
107483  -25.879  16.000  -28.538 0.1428571492
106468  -26.481  14.466  -26.772 0.1428571492
106483  -27.406  14.397  -27.512 0.1428571492
109519  -24.225  17.880  -29.847 0.1428571492
106482  -26.309  15.293  -27.697 0.1428571492
107455  -25.039  15.473  -26.798 0.1428571492
108487  -24.199  16.872  -26.863 0.1428571492
79845  -25.589  -9.948  -18.507 0.2857142985
80996  -25.268  -9.664  -18.325 0.2857142985
106484  -28.070  14.115  -27.724 0.1428571492
107506  -26.635  16.322  -30.108 0.1428571492
106469  -27.086  14.054  -26.803 0.1428571492
106493  -26.486  15.521  -28.436 0.1428571492
106494  -27.177  15.061  -28.692 0.1428571492
105552  -26.631  13.538  -26.261 0.1428571492
106467  -25.643  15.109  -26.779 0.1428571492
107481  -24.789  16.298  -27.825 0.1428571492
107466  -24.456  16.356  -27.026 0.1428571492
107467  -24.666  16.095  -27.320 0.1428571492
107454  -24.722  15.762  -26.446 0.1428571492
107444  -24.592  15.782  -25.617 0.1428571492
77557  -26.187  -11.689  -17.615 0.2857142985
108509  -25.048  16.584  -28.891 0.1428571492
108522  -24.530  17.138  -29.183 0.1428571492
107496  -26.316  16.221  -29.350 0.1428571492
106481  -25.639  15.487  -27.432 0.1428571492
107482  -25.119  16.200  -28.155 0.1428571492
109518  -23.661  18.127  -29.420 0.1428571492
107468  -25.166  15.757  -27.458 0.1428571492
107484  -26.584  15.698  -28.901 0.1428571492
89711  -21.830  -1.624  -19.418 0.1428571492
90650  -22.576  -1.091  -20.510 0.1428571492
90649  -22.137  -0.635  -20.196 0.1428571492
92846  -19.198  1.310  -17.911 0.1428571492
93930  -20.498  2.198  -19.198 0.1428571492
88744  -23.508  -2.441  -20.832 0.1428571492
93931  -21.071  1.873  -20.170 0.1428571492
93907  -19.375  2.906  -18.077 0.1428571492
95006  -19.775  3.494  -18.462 0.1428571492
96124  -20.315  4.389  -19.060 0.2857142985
83393  -24.542  -7.181  -18.884 0.1428571492
87733  -23.276  -3.114  -20.369 0.1428571492
88743  -22.869  -2.421  -20.266 0.1428571492
93908  -31.331  2.132  -18.006 0.1428571492
90648  -21.412  -0.657  -19.521 0.1428571492
96136  -21.127  4.051  -20.799 0.1428571492
96125  -20.597  4.235  -19.958 0.1428571492
98414  -21.698  5.982  -21.051 0.2857142985
101740  -21.530  8.541  -20.763 0.2857142985
100683  -20.624  8.893  -20.267 0.2857142985
101733  -21.867  9.834  -20.689 0.2857142985
104590  -22.387  12.382  -18.708 0.1428571492
98415  -22.002  5.456  -21.391 0.2857142985
97245  -21.121  5.121  -20.519 0.2857142985
98424  -22.057  6.471  -21.319 0.2857142985
99563  -21.762  7.292  -21.080 0.2857142985
100694  -21.472  7.726  -20.687 0.2857142985
100684  -20.900  8.320  -20.246 0.2857142985
101741  -22.349  9.211  -21.270 0.2857142985
102709  -22.389  10.768  -20.644 0.1428571492
101723  -20.290  9.566  -19.707 0.2857142985
100679  -20.419  8.625  -19.834 0.1428571492
99522  -20.246  7.911  -18.522 0.1428571492
96108  -19.909  4.494  -18.412 0.2857142985
101731  -20.506  9.156  -20.142 0.2857142985
102708  -21.733  10.560  -20.359 0.1428571492
102707  -21.055  10.327  -20.096 0.2857142985
103645  -22.249  11.130  -20.287 0.1428571492
103637  -21.270  11.103  -19.412 0.1428571492
145900  -19.327  3.387  -17.850 0.2857142985
102691  -20.140  10.398  -18.217 0.1428571492
103629  -20.489  10.995  -18.333 0.1428571492
93887  -16.766  2.441  -15.906 0.1428571492
95013  -32.167  2.850  -18.443 0.1428571492
90630  -32.146  -0.261  -17.584 0.1428571492
86608  -23.544  -4.549  -19.894 0.1428571492
88732  -22.085  -2.548  -19.233 0.1428571492
93926  -32.383  2.275  -18.565 0.1428571492
90635  -20.773  -0.776  -18.953 0.1428571492
90634  -20.048  -0.707  -18.443 0.1428571492
91705  -20.943  0.149  -19.453 0.1428571492
92847  -19.970  1.254  -18.590 0.1428571492
94994  -19.067  2.743  -17.457 0.1428571492
95019  -20.825  3.109  -20.062 0.1428571492
98397  -21.206  6.178  -20.227 0.1428571492
99562  -21.548  6.875  -20.715 0.2857142985
99541  -20.752  7.674  -19.586 0.1428571492
99549  -21.234  7.260  -20.074 0.1428571492
101714  -19.905  9.497  -18.726 0.2857142985
102692  -20.500  10.709  -18.772 0.1428571492
103631  -21.718  12.160  -18.510 0.1428571492
92841  -31.986  1.470  -17.980 0.1428571492
92840  -31.239  1.844  -18.259 0.1428571492
92850  -32.218  1.867  -18.250 0.1428571492
100711  -23.171  8.156  -22.562 0.2857142985
103638  -22.002  11.631  -19.587 0.1428571492
104607  -24.488  12.999  -21.305 0.1428571492
86609  -24.252  -4.769  -20.175 0.1428571492
85520  -23.513  -5.474  -19.331 0.1428571492
88745  -24.280  -2.667  -21.093 0.1428571492
90631  -32.671  -0.575  -18.124 0.1428571492
99579  -22.950  7.117  -22.087 0.2857142985
97254  -22.171  4.908  -21.731 0.1428571492
97253  -21.623  4.919  -21.197 0.1428571492
89712  -22.484  -1.608  -20.117 0.1428571492
89710  -21.256  -1.239  -19.152 0.1428571492
92854  -20.635  1.096  -19.372 0.1428571492
93918  -19.625  2.363  -18.350 0.1428571492
95018  -20.356  3.329  -19.102 0.1428571492
87722  -22.739  -3.370  -19.694 0.1428571492
97226  -20.709  5.311  -19.689 0.2857142985
98425  -22.461  6.028  -21.654 0.2857142985
101732  -21.082  9.461  -20.441 0.2857142985
100669  -20.053  8.677  -19.102 0.1428571492
104591  -23.070  12.528  -19.172 0.1428571492
99577  -21.833  6.750  -21.146 0.2857142985
99578  -22.239  7.101  -21.451 0.2857142985
100710  -22.569  8.044  -21.783 0.2857142985
99540  -20.546  8.153  -19.652 0.1428571492
100695  -21.971  7.984  -21.180 0.2857142985
102699  -21.338  10.851  -19.814 0.1428571492
102697  -20.143  10.225  -19.064 0.2857142985
102698  -20.749  10.546  -19.485 0.2857142985
97225  -20.371  5.415  -18.926 0.1428571492
98382  -20.790  6.503  -19.354 0.2857142985
74327  -23.846  -15.039  -14.639 0.1428571492
75439  -25.134  -14.204  -15.829 0.1428571492
75424  -23.239  -14.158  -14.535 0.1428571492
76472  -23.075  -12.836  -14.849 0.1428571492
77525  -23.136  -12.175  -15.203 0.1428571492
75438  -24.258  -14.064  -15.268 0.1428571492
77526  -23.846  -12.142  -15.795 0.1428571492
76474  -24.539  -13.191  -15.791 0.1428571492
75449  -25.633  -13.930  -16.239 0.1428571492
77527  -24.566  -12.427  -16.188 0.1428571492
77541  -25.074  -12.240  -16.770 0.1428571492
78701  -23.111  -11.291  -15.597 0.1428571492
78702  -23.648  -11.127  -16.137 0.1428571492
78719  -24.792  -11.128  -17.037 0.1428571492
79833  -24.606  -10.118  -17.345 0.1428571492
81005  -24.826  -8.818  -18.388 0.1428571492
82223  -24.806  -8.338  -18.591 0.1428571492
96096  -19.632  4.609  -18.004 0.1428571492
75450  -26.372  -14.096  -16.319 0.1428571492
74326  -23.067  -15.034  -14.021 0.1428571492
75437  -23.615  -13.848  -14.971 0.1428571492
82236  -25.250  -8.270  -18.926 0.1428571492
74339  -24.231  -14.717  -14.970 0.1428571492
74328  -24.383  -15.138  -14.907 0.1428571492
76475  -25.189  -13.514  -16.168 0.1428571492
78733  -25.075  -10.679  -17.502 0.1428571492
75425  -23.824  -14.374  -14.879 0.1428571492
76457  -22.761  -13.171  -14.318 0.1428571492
76473  -23.626  -13.127  -15.290 0.1428571492
77540  -24.355  -11.644  -16.375 0.1428571492
76485  -24.992  -12.939  -16.321 0.1428571492
78718  -24.105  -10.890  -16.547 0.1428571492
78687  -22.603  -11.375  -14.999 0.1428571492
70514  -27.877  -18.248  -12.304 0.4285714328
71823  -24.291  -16.390  -14.400 0.1428571492
75404  -31.664  -15.023  -13.724 0.1428571492
77532  -35.727  -12.077  -15.442 0.1428571492
77559  -27.325  -11.940  -17.186 0.5714285970
77561  -35.718  -12.328  -17.019 0.1428571492
77596  -33.002  -12.514  -20.311 0.1428571492
77608  -32.977  -12.405  -21.071 0.1428571492
81018  -25.516  -8.644  -19.015 0.4285714328
81019  -25.693  -8.810  -19.099 0.4285714328
82244  -33.688  -8.781  -20.351 0.1428571492
84403  -32.994  -7.119  -15.813 0.4285714328
84469  -25.578  -5.954  -20.244 0.5714285970
86621  -23.961  -4.205  -20.320 0.2857142985
88733  -22.409  -2.318  -19.723 0.1428571492
88758  -23.888  -2.022  -21.276 0.2857142985
88761  -25.503  -1.519  -21.290 0.4285714328
89697  -21.627  -2.187  -19.043 0.1428571492
89736  -23.855  -1.245  -21.537 0.2857142985
91706  -21.493  0.164  -20.070 0.2857142985
91735  -22.925  0.411  -21.534 0.2857142985
91753  -24.037  0.994  -22.368 0.4285714328
92867  -21.557  1.039  -20.568 0.2857142985
92885  -24.538  1.299  -22.232 0.7142857313
92901  -24.205  1.566  -22.424 0.4285714328
93909  -31.623  1.964  -18.000 0.1428571492
93925  -31.807  2.334  -18.120 0.1428571492
93953  -22.068  2.135  -21.452 0.2857142985
93955  -23.152  1.897  -22.131 0.4285714328
95010  -30.066  3.880  -18.530 0.1428571492
95012  -31.622  3.347  -18.475 0.2857142985
95038  -22.477  3.304  -22.216 0.2857142985
95049  -22.530  2.913  -22.188 0.2857142985
96112  -30.715  4.091  -18.677 0.1428571492
96113  -31.145  3.835  -18.627 0.4285714328
96130  -30.616  4.571  -18.945 0.1428571492
96137  -28.009  4.212  -20.745 0.8571428657
96145  -26.247  4.310  -21.755 0.8571428657
97232  -30.477  5.076  -19.296 0.1428571492
97248  -30.471  5.722  -19.700 0.1428571492
97255  -26.815  5.185  -21.613 0.8571428657
99530  -20.444  7.889  -19.152 0.1428571492
99531  -20.598  7.431  -19.137 0.1428571492
99567  -29.785  7.771  -20.970 0.1428571492
100680  -20.627  8.238  -19.877 0.2857142985
100696  -28.627  7.847  -21.608 0.1428571492
101724  -20.695  10.017  -20.025 0.2857142985
102752  -25.177  10.764  -24.597 0.5714285970
102754  -26.722  11.155  -24.360 0.2857142985
102755  -30.886  10.347  -24.187 0.1428571492
103678  -29.855  11.114  -23.905 0.1428571492
103696  -30.487  11.102  -24.503 0.1428571492
104653  -24.907  12.377  -25.869 0.2857142985
104655  -27.146  12.757  -25.472 0.2857142985
105541  -26.813  13.030  -25.857 0.2857142985
106465  -24.350  13.597  -26.277 0.2857142985
107469  -25.569  15.720  -27.861 0.1428571492
108510  -25.629  16.545  -29.268 0.1428571492
109505  -24.167  17.378  -29.064 0.1428571492
110499  -23.667  18.509  -29.737 0.1428571492
145889  -19.083  3.305  -17.300 0.2857142985
