#!ascii label  , from subject 3228 vox2ras=TkReg
1031
86052  -19.890  -1.437  -26.036 0.5555555820
86080  -20.002  -0.672  -26.592 0.6666666865
87199  -20.473  -0.216  -26.929 0.7777777910
88280  -20.979  0.443  -27.364 0.7777777910
89503  -20.137  1.850  -28.045 0.8888888955
90696  -22.869  2.289  -27.607 0.8888888955
85017  -18.894  -2.494  -25.304 0.5555555820
86032  -18.963  -1.394  -25.622 0.5555555820
87176  -19.147  -0.287  -26.082 0.6666666865
88277  -19.066  0.411  -26.831 0.8888888955
89504  -21.067  2.115  -28.184 0.8888888955
90731  -22.191  2.970  -28.765 1.0000000000
90719  -22.564  3.165  -28.004 0.8888888955
90733  -22.366  3.722  -28.387 1.0000000000
88253  -18.329  -0.026  -25.538 0.7777777910
89480  -18.436  1.284  -27.068 1.0000000000
90691  -18.408  2.552  -27.401 1.0000000000
90715  -19.807  2.827  -28.194 1.0000000000
91889  -20.645  4.311  -27.628 1.0000000000
90714  -19.012  2.953  -28.080 1.0000000000
91908  -21.484  4.415  -28.491 1.0000000000
91925  -21.659  4.240  -29.073 1.0000000000
93142  -22.362  5.003  -28.916 1.0000000000
91924  -21.351  4.860  -28.839 1.0000000000
93140  -21.485  5.128  -29.041 1.0000000000
94328  -22.991  5.645  -28.962 1.0000000000
95446  -22.113  6.458  -29.223 1.0000000000
96605  -22.834  6.693  -29.320 0.7777777910
91865  -17.961  3.488  -27.207 0.8888888955
91866  -18.876  3.707  -27.610 1.0000000000
93123  -20.468  5.447  -28.085 1.0000000000
93078  -19.184  4.640  -27.541 1.0000000000
93099  -19.768  5.650  -28.056 1.0000000000
94324  -20.501  6.209  -28.884 1.0000000000
94325  -21.132  6.011  -29.003 1.0000000000
95445  -21.275  6.699  -29.602 1.0000000000
96592  -22.201  7.303  -29.305 1.0000000000
96593  -23.173  7.208  -29.402 0.8888888955
97675  -23.596  8.004  -29.306 0.7777777910
97676  -24.538  8.121  -29.731 0.7777777910
94257  -17.036  4.792  -26.934 0.5555555820
153042  -17.737  7.070  -27.910 0.7777777910
95405  -18.103  6.015  -27.550 0.8888888955
93136  -19.297  6.463  -28.852 1.0000000000
93122  -19.743  5.860  -28.501 1.0000000000
93098  -18.958  6.871  -28.563 0.8888888955
95442  -19.303  7.251  -28.554 1.0000000000
95443  -20.042  6.989  -28.805 1.0000000000
97690  -20.897  8.033  -29.728 1.0000000000
97674  -22.562  8.105  -29.235 0.8888888955
98670  -21.434  8.710  -29.102 1.0000000000
98694  -22.968  8.881  -29.018 0.8888888955
98671  -24.340  9.594  -28.957 0.7777777910
98672  -25.051  9.769  -28.998 0.6666666865
95402  -15.728  7.107  -26.686 0.4444444478
95404  -17.502  6.843  -27.666 0.7777777910
96563  -16.502  7.527  -27.392 0.6666666865
153048  -17.393  8.683  -28.297 0.7777777910
153047  -18.343  8.107  -28.708 0.8888888955
97670  -18.938  8.074  -28.986 0.8888888955
96602  -20.241  7.806  -28.962 1.0000000000
98709  -18.923  8.888  -29.804 1.0000000000
98711  -19.823  9.015  -29.728 1.0000000000
97654  -20.952  8.901  -28.966 1.0000000000
99638  -21.526  10.041  -28.867 0.8888888955
99639  -22.542  9.720  -28.940 0.7777777910
99615  -23.419  10.128  -28.808 0.7777777910
98656  -25.342  10.124  -28.711 0.5555555820
100582  -23.865  10.691  -28.131 0.7777777910
100583  -24.453  10.393  -28.130 0.6666666865
98655  -16.107  9.188  -27.488 0.6666666865
97635  -16.152  8.395  -27.295 0.6666666865
99610  -16.574  9.516  -28.045 0.7777777910
99611  -17.424  9.527  -28.730 0.8888888955
99634  -18.393  9.506  -29.295 0.8888888955
99635  -18.984  10.193  -29.233 1.0000000000
99636  -19.671  10.353  -29.437 1.0000000000
98691  -20.167  9.504  -29.485 0.8888888955
99613  -21.147  10.858  -28.785 0.8888888955
99614  -22.160  10.623  -28.700 0.8888888955
100579  -20.514  11.416  -28.931 0.8888888955
100580  -21.527  11.523  -28.508 0.7777777910
100581  -22.739  11.329  -28.153 0.7777777910
100564  -24.644  10.692  -27.508 0.7777777910
98654  -15.484  9.038  -27.009 0.6666666865
99609  -15.737  9.928  -27.538 0.7777777910
100577  -17.551  10.719  -28.905 0.8888888955
100600  -19.901  11.224  -29.242 1.0000000000
99637  -20.546  10.555  -29.114 0.8888888955
101626  -22.523  11.901  -27.671 0.7777777910
101605  -22.766  12.274  -27.118 0.7777777910
101606  -24.133  11.827  -26.770 0.6666666865
102720  -25.132  12.658  -27.200 0.5555555820
101608  -25.940  11.844  -27.907 0.5555555820
99593  -14.559  10.507  -26.426 0.6666666865
100575  -15.909  10.721  -28.111 0.8888888955
101620  -16.731  11.760  -28.917 1.0000000000
101637  -18.634  11.567  -29.310 1.0000000000
101623  -19.726  12.280  -28.969 0.8888888955
100578  -19.949  11.673  -29.039 0.8888888955
101624  -20.807  12.453  -28.657 0.8888888955
101604  -22.028  13.034  -27.460 0.7777777910
102718  -22.386  13.397  -26.969 0.7777777910
102717  -21.731  13.740  -27.296 0.7777777910
102719  -23.433  13.089  -27.016 0.5555555820
103853  -25.750  13.582  -27.622 0.5555555820
103871  -22.693  14.035  -26.809 0.6666666865
99561  -13.234  10.411  -25.099 0.4444444478
101602  -14.944  11.697  -27.584 0.7777777910
101619  -15.828  11.617  -28.667 0.8888888955
102733  -16.838  12.850  -29.100 1.0000000000
101622  -18.688  12.362  -29.250 0.8888888955
102735  -18.897  13.335  -28.879 0.8888888955
102736  -19.966  13.388  -28.593 0.8888888955
102737  -20.994  13.409  -28.346 0.8888888955
103870  -22.318  14.053  -27.044 0.6666666865
103852  -24.687  13.918  -27.027 0.5555555820
103828  -15.057  13.845  -27.032 0.6666666865
102699  -14.682  12.876  -26.930 0.6666666865
103843  -15.508  13.828  -27.971 0.7777777910
102734  -17.842  13.113  -29.009 0.8888888955
103865  -16.982  13.940  -28.940 0.7777777910
103866  -18.039  14.197  -28.747 0.7777777910
103867  -19.115  14.465  -28.405 0.7777777910
103848  -20.427  14.885  -27.520 0.7777777910
103868  -20.188  14.217  -28.129 0.7777777910
103869  -20.918  13.923  -27.591 0.6666666865
105024  -20.109  15.854  -27.722 0.6666666865
105026  -21.900  15.367  -26.776 0.6666666865
103849  -21.141  14.605  -27.236 0.6666666865
103850  -22.106  14.096  -26.935 0.5555555820
106313  -21.627  16.219  -27.067 0.6666666865
105007  -22.433  16.176  -26.730 0.5555555820
105027  -23.006  15.274  -26.432 0.5555555820
103851  -23.470  14.228  -26.391 0.4444444478
105008  -23.406  16.199  -26.687 0.5555555820
104983  -14.899  15.413  -24.910 0.3333333433
105020  -15.742  14.858  -27.466 0.5555555820
105019  -15.379  14.336  -27.197 0.6666666865
105021  -16.528  15.497  -27.791 0.5555555820
103845  -17.210  14.944  -28.426 0.7777777910
105023  -18.901  15.711  -27.757 0.6666666865
103847  -18.729  14.979  -27.936 0.6666666865
103846  -18.237  15.082  -28.231 0.6666666865
105040  -19.077  14.944  -27.807 0.6666666865
106312  -21.053  16.762  -27.832 0.6666666865
106297  -21.764  17.003  -26.917 0.6666666865
106299  -23.694  16.919  -26.484 0.5555555820
106298  -22.708  16.951  -26.228 0.6666666865
105004  -16.232  15.733  -26.496 0.4444444478
106294  -16.190  17.045  -27.157 0.5555555820
105005  -16.737  16.434  -27.485 0.5555555820
105022  -17.502  16.003  -27.524 0.6666666865
107463  -22.051  17.786  -26.510 0.6666666865
107464  -23.111  17.795  -26.634 0.5555555820
107465  -23.923  17.440  -26.878 0.6666666865
106309  -17.214  17.135  -27.934 0.6666666865
106310  -18.378  16.844  -27.706 0.6666666865
106311  -19.677  16.804  -27.852 0.6666666865
107462  -21.513  17.782  -27.223 0.6666666865
89482  -20.032  1.060  -27.422 0.8888888955
89502  -19.559  1.976  -27.896 1.0000000000
90716  -20.897  3.155  -27.720 1.0000000000
90744  -22.057  3.416  -29.058 1.0000000000
96562  -15.894  7.553  -26.995 0.5555555820
99594  -15.032  10.077  -26.885 0.5555555820
100527  -12.925  11.305  -24.976 0.5555555820
100561  -15.345  10.879  -27.522 0.7777777910
101621  -17.758  11.895  -29.300 1.0000000000
101625  -21.897  12.442  -28.036 0.8888888955
100512  -12.574  11.291  -24.273 0.2222222239
105006  -16.917  16.720  -27.944 0.6666666865
96561  -15.483  7.585  -26.466 0.4444444478
98640  -14.756  9.137  -26.392 0.4444444478
107479  -24.299  17.557  -27.585 0.5555555820
106314  -24.257  16.722  -27.095 0.5555555820
104984  -15.984  15.691  -25.700 0.2222222239
107478  -23.717  18.019  -27.120 0.5555555820
85018  -19.715  -2.487  -25.681 0.5555555820
85041  -20.574  -2.343  -26.111 0.5555555820
86081  -20.569  -0.914  -26.564 0.5555555820
87200  -21.120  -0.350  -26.895 0.5555555820
89485  -22.547  1.173  -27.389 0.7777777910
83985  -18.964  -3.438  -25.332 0.5555555820
88281  -21.753  0.412  -27.128 0.6666666865
91870  -23.382  3.250  -27.709 0.7777777910
93103  -23.042  4.728  -27.779 0.8888888955
85016  -18.094  -2.363  -25.104 0.4444444478
86031  -18.091  -1.295  -25.058 0.5555555820
91928  -22.647  4.941  -28.135 1.0000000000
88252  -17.751  0.423  -25.402 0.2222222239
88264  -18.025  0.755  -26.122 0.6666666865
94310  -23.659  5.511  -29.442 0.8888888955
95433  -24.198  5.781  -30.092 0.6666666865
96594  -24.083  6.916  -29.950 0.7777777910
90677  -17.229  2.489  -25.991 0.5555555820
97677  -25.621  8.250  -29.567 0.6666666865
91848  -16.769  3.453  -25.982 0.4444444478
98697  -25.624  9.220  -29.503 0.5555555820
99618  -26.671  10.613  -29.083 0.5555555820
94241  -16.226  5.201  -25.444 0.2222222239
99617  -25.849  10.598  -28.679 0.5555555820
95388  -15.609  6.812  -26.171 0.4444444478
96523  -14.725  7.830  -24.918 0.3333333433
102741  -26.714  12.436  -28.951 0.5555555820
99575  -14.068  10.285  -25.692 0.4444444478
103854  -26.339  13.621  -28.238 0.4444444478
98606  -13.009  9.620  -24.088 0.3333333433
105030  -26.159  14.018  -27.810 0.5555555820
105029  -25.677  14.493  -27.521 0.4444444478
104957  -13.945  15.299  -24.291 0.3333333433
104981  -13.500  14.604  -24.455 0.4444444478
105028  -24.489  15.485  -27.191 0.4444444478
106323  -24.704  16.561  -28.050 0.4444444478
107486  -24.397  17.313  -28.613 0.2222222239
106293  -15.710  16.897  -26.197 0.3333333433
106308  -16.547  17.386  -27.637 0.6666666865
107475  -19.114  17.734  -27.678 0.6666666865
107476  -20.322  17.714  -28.065 0.6666666865
108583  -21.210  18.387  -27.512 0.6666666865
108567  -21.594  18.455  -26.978 0.6666666865
108568  -22.302  18.606  -26.741 0.6666666865
108569  -23.119  18.630  -27.100 0.6666666865
108584  -23.820  18.544  -27.667 0.4444444478
108585  -24.304  18.065  -28.188 0.3333333433
107473  -16.988  17.643  -27.335 0.5555555820
86051  -19.576  -0.721  -26.239 0.6666666865
86033  -19.364  -1.946  -25.635 0.5555555820
85040  -20.188  -1.952  -26.015 0.6666666865
86053  -20.582  -1.618  -26.318 0.6666666865
87197  -19.528  -0.141  -26.629 0.7777777910
88278  -19.684  0.449  -27.090 0.8888888955
88279  -20.289  0.449  -27.207 0.8888888955
89483  -20.675  1.201  -27.692 0.8888888955
89481  -19.380  1.238  -27.528 1.0000000000
90718  -22.073  2.597  -27.962 1.0000000000
89505  -21.614  2.285  -28.060 0.8888888955
90695  -22.283  1.874  -27.715 0.8888888955
87155  -18.599  -0.515  -25.570 0.6666666865
88265  -18.483  0.373  -26.126 0.8888888955
89484  -21.624  1.479  -27.772 0.8888888955
90732  -22.075  3.286  -28.535 1.0000000000
90694  -21.308  3.437  -27.658 1.0000000000
91891  -21.609  3.847  -28.052 1.0000000000
91892  -22.895  3.901  -27.951 1.0000000000
90746  -22.270  4.105  -28.595 1.0000000000
87154  -18.152  -0.413  -25.248 0.5555555820
89479  -18.097  1.948  -26.910 0.8888888955
90692  -19.092  2.122  -27.678 1.0000000000
90690  -17.730  2.528  -26.811 0.8888888955
91888  -19.610  3.582  -27.846 1.0000000000
91890  -21.411  4.037  -28.172 1.0000000000
91867  -19.672  4.213  -27.633 1.0000000000
93079  -19.851  4.817  -27.573 1.0000000000
91926  -22.114  4.335  -28.988 1.0000000000
93125  -23.232  5.272  -28.402 0.8888888955
93141  -21.884  4.911  -29.262 1.0000000000
93139  -21.125  5.527  -28.758 1.0000000000
93138  -20.438  5.775  -28.625 1.0000000000
94326  -21.635  5.750  -29.134 1.0000000000
94327  -22.289  5.637  -29.048 1.0000000000
95448  -23.481  5.808  -29.918 0.8888888955
93077  -18.346  4.509  -27.279 1.0000000000
93064  -17.493  4.306  -26.981 0.5555555820
91849  -17.228  3.384  -26.688 0.5555555820
94293  -19.581  5.360  -27.723 1.0000000000
94273  -18.775  5.434  -27.534 0.8888888955
94309  -19.375  6.004  -28.036 1.0000000000
94323  -20.123  6.481  -28.874 1.0000000000
95444  -20.582  6.801  -29.281 1.0000000000
96603  -20.701  7.509  -29.602 1.0000000000
96591  -21.539  7.480  -29.616 1.0000000000
98695  -23.884  9.021  -29.137 0.7777777910
98696  -24.871  9.004  -29.342 0.6666666865
93063  -16.883  4.253  -26.518 0.5555555820
94256  -16.566  5.300  -26.568 0.6666666865
94271  -16.912  6.012  -27.184 0.6666666865
94272  -17.598  5.416  -27.202 0.7777777910
153045  -17.669  7.864  -28.103 0.8888888955
95419  -18.205  6.732  -27.947 0.8888888955
153046  -17.948  7.219  -28.161 0.8888888955
94291  -18.979  6.534  -27.934 1.0000000000
153043  -18.963  7.387  -28.458 0.8888888955
96601  -19.470  7.715  -28.648 1.0000000000
97689  -20.093  8.418  -29.383 1.0000000000
98693  -21.847  8.997  -29.000 0.8888888955
99640  -23.227  9.454  -28.973 0.8888888955
99616  -24.354  10.116  -28.581 0.6666666865
98673  -25.889  9.935  -29.077 0.5555555820
99595  -24.897  10.041  -28.235 0.6666666865
95389  -16.120  6.043  -25.937 0.3333333433
95403  -16.268  6.612  -26.899 0.4444444478
97653  -16.460  8.878  -27.637 0.6666666865
97636  -16.914  8.273  -27.770 0.7777777910
97687  -18.717  8.542  -29.413 0.8888888955
97688  -19.318  8.388  -29.349 1.0000000000
98690  -19.315  9.463  -29.607 1.0000000000
100565  -25.642  10.971  -27.912 0.5555555820
100562  -22.851  11.675  -27.528 0.7777777910
100563  -23.468  11.334  -27.413 0.7777777910
101607  -25.185  11.543  -27.252 0.6666666865
97616  -15.130  8.308  -26.385 0.4444444478
100576  -16.624  10.662  -28.622 0.8888888955
100599  -19.136  10.993  -29.275 1.0000000000
101638  -19.295  11.714  -29.242 0.8888888955
102721  -26.263  12.789  -28.319 0.5555555820
99576  -14.497  9.854  -26.249 0.5555555820
100560  -14.816  11.060  -26.954 0.6666666865
102738  -21.580  13.371  -27.868 0.8888888955
100528  -13.725  11.241  -25.566 0.5555555820
101592  -14.615  11.878  -26.919 0.5555555820
102732  -15.952  12.615  -28.879 1.0000000000
102716  -15.306  12.569  -28.005 0.7777777910
102715  -14.855  12.276  -27.409 0.7777777910
103804  -13.935  13.900  -25.418 0.5555555820
102679  -14.029  13.026  -25.845 0.5555555820
105002  -14.411  14.320  -25.689 0.4444444478
102700  -15.199  13.290  -27.483 0.6666666865
103844  -16.154  14.608  -28.539 0.6666666865
103863  -15.696  13.176  -28.489 0.7777777910
101576  -14.207  12.076  -26.119 0.7777777910
101575  -13.546  12.183  -25.276 0.6666666865
103864  -16.027  13.582  -28.923 0.7777777910
105041  -19.629  15.034  -27.925 0.6666666865
105025  -20.970  15.678  -27.165 0.6666666865
105009  -23.994  16.334  -26.813 0.4444444478
105003  -14.968  14.740  -26.299 0.4444444478
106295  -16.522  17.010  -27.953 0.6666666865
107477  -21.252  17.781  -27.981 0.6666666865
98639  -14.309  9.266  -25.614 0.4444444478
101553  -12.713  12.298  -24.516 0.3333333433
96545  -15.179  7.614  -25.588 0.4444444478
97615  -14.679  8.450  -25.707 0.4444444478
108594  -24.129  18.700  -28.381 0.3333333433
89486  -23.292  1.608  -27.241 0.6666666865
83984  -18.148  -3.387  -25.023 0.4444444478
83969  -17.523  -3.233  -24.275 0.3333333433
95371  -16.111  5.852  -25.413 0.1111111119
97600  -14.202  8.423  -24.943 0.3333333433
98625  -13.556  9.430  -24.800 0.3333333433
102656  -12.698  13.489  -24.355 0.3333333433
86035  -24.062  -1.707  -25.432 0.4444444478
86020  -25.080  -1.578  -24.375 0.2222222239
83987  -20.649  -3.296  -25.831 0.4444444478
84011  -21.924  -3.048  -26.207 0.4444444478
85042  -21.409  -2.113  -26.557 0.4444444478
86056  -22.949  -1.507  -26.328 0.4444444478
87157  -24.134  -0.762  -25.791 0.4444444478
88234  -24.647  -0.066  -25.358 0.2222222239
86083  -21.891  -1.255  -26.765 0.4444444478
87177  -22.276  -0.552  -26.577 0.4444444478
87178  -23.061  -0.604  -26.492 0.4444444478
89412  -25.720  0.976  -24.334 0.1111111119
88268  -23.658  0.163  -26.589 0.4444444478
88254  -24.361  0.415  -26.035 0.3333333433
87201  -21.707  -0.508  -26.724 0.4444444478
89453  -24.525  1.494  -26.089 0.3333333433
89432  -25.312  1.425  -24.889 0.2222222239
88267  -22.891  0.369  -26.880 0.4444444478
89470  -23.856  1.167  -26.792 0.3333333433
88266  -22.124  0.115  -26.711 0.5555555820
91835  -24.733  2.512  -25.995 0.2222222239
91836  -25.396  3.254  -25.589 0.1111111119
91837  -26.142  4.192  -25.305 0.1111111119
90678  -24.440  2.084  -26.479 0.3333333433
91850  -24.668  2.983  -26.567 0.3333333433
91871  -24.256  3.710  -27.294 0.5555555820
93083  -24.200  4.684  -27.702 0.6666666865
93065  -25.335  5.142  -27.151 0.4444444478
93104  -23.679  4.982  -27.982 0.6666666865
94258  -25.739  6.122  -27.236 0.3333333433
93105  -24.263  5.177  -28.363 0.6666666865
94275  -25.226  5.950  -27.954 0.5555555820
94311  -24.185  5.399  -29.148 0.6666666865
95421  -25.129  6.599  -28.785 0.5555555820
95406  -25.779  6.825  -28.018 0.5555555820
96564  -26.063  7.437  -28.433 0.3333333433
95434  -24.552  6.283  -29.442 0.5555555820
97657  -26.444  8.507  -28.979 0.4444444478
97678  -26.063  8.802  -29.596 0.5555555820
97656  -26.060  7.878  -28.812 0.4444444478
98698  -26.233  9.237  -29.397 0.4444444478
108582  -20.691  18.480  -27.987 0.5555555820
109653  -20.823  18.985  -27.460 0.5555555820
109654  -21.230  18.798  -27.179 0.5555555820
109641  -22.545  19.484  -26.895 0.5555555820
85020  -22.705  -2.525  -25.975 0.4444444478
89454  -24.742  1.224  -25.536 0.2222222239
90665  -24.883  2.075  -25.528 0.2222222239
90645  -25.434  2.381  -25.029 0.1111111119
91851  -25.177  3.980  -26.795 0.4444444478
93084  -24.782  5.187  -27.900 0.6666666865
97638  -26.398  7.901  -28.509 0.3333333433
100585  -26.874  11.478  -29.300 0.4444444478
109652  -20.311  19.149  -27.899 0.5555555820
109638  -19.555  19.487  -27.372 0.5555555820
86082  -21.293  -1.280  -26.624 0.4444444478
94242  -25.824  5.567  -26.628 0.2222222239
82906  -21.792  -4.411  -25.760 0.4444444478
82907  -22.637  -4.377  -25.465 0.4444444478
83990  -23.424  -3.545  -25.181 0.4444444478
85004  -24.637  -2.581  -24.570 0.2222222239
85005  -25.147  -2.295  -24.128 0.2222222239
86007  -25.960  -1.664  -23.256 0.1111111119
83986  -19.728  -3.479  -25.586 0.4444444478
82905  -20.869  -4.416  -25.750 0.4444444478
87134  -25.314  -0.601  -24.343 0.1111111119
88213  -25.802  0.205  -23.819 0.1111111119
87110  -25.662  -0.984  -23.775 0.1111111119
89413  -26.248  1.481  -23.779 0.1111111119
90646  -25.899  2.236  -24.436 0.1111111119
91817  -26.488  3.330  -24.544 0.1111111119
93053  -26.213  5.009  -25.420 0.1111111119
94243  -26.274  5.854  -25.997 0.2222222239
95407  -26.172  6.832  -27.588 0.1111111119
94259  -26.045  6.019  -26.707 0.2222222239
97637  -26.271  7.656  -28.417 0.2222222239
96566  -27.073  8.065  -28.123 0.2222222239
97658  -27.065  8.711  -28.522 0.3333333433
100603  -27.498  11.325  -30.514 0.3333333433
100584  -26.234  11.239  -28.630 0.4444444478
102678  -13.348  13.175  -25.026 0.4444444478
107459  -16.172  17.864  -27.195 0.4444444478
109642  -23.325  19.445  -27.355 0.5555555820
108580  -17.854  18.001  -27.238 0.5555555820
108566  -18.975  18.558  -27.202 0.5555555820
109639  -20.510  19.817  -27.595 0.5555555820
110625  -23.006  20.318  -26.991 0.5555555820
109637  -18.422  19.424  -26.618 0.5555555820
85019  -20.133  -2.899  -25.815 0.4444444478
84009  -21.030  -2.622  -26.158 0.4444444478
88282  -22.330  0.508  -27.056 0.5555555820
89469  -23.187  1.052  -27.146 0.5555555820
90697  -23.922  2.398  -27.214 0.6666666865
93082  -23.544  4.223  -27.660 0.6666666865
96595  -24.977  7.254  -29.529 0.5555555820
101627  -26.562  11.985  -28.754 0.4444444478
86054  -20.972  -1.838  -26.445 0.4444444478
85044  -22.947  -2.092  -26.085 0.4444444478
85022  -24.078  -2.591  -25.174 0.3333333433
86034  -23.521  -1.604  -25.963 0.4444444478
85021  -23.322  -2.484  -25.682 0.4444444478
86019  -24.506  -1.869  -24.900 0.3333333433
83988  -21.509  -3.543  -25.927 0.4444444478
84010  -21.466  -2.823  -26.198 0.4444444478
83989  -22.427  -3.276  -25.813 0.4444444478
85066  -21.964  -1.828  -26.907 0.4444444478
85043  -22.272  -2.347  -26.439 0.4444444478
86055  -22.356  -1.365  -26.598 0.4444444478
87156  -23.527  -0.985  -26.221 0.4444444478
87133  -24.655  -0.887  -24.941 0.4444444478
87179  -23.817  -0.386  -26.312 0.4444444478
88235  -25.225  0.240  -24.733 0.1111111119
88255  -24.831  0.657  -25.285 0.2222222239
89433  -25.780  1.543  -24.333 0.1111111119
88214  -26.631  0.601  -23.282 0.1111111119
90664  -24.638  2.038  -26.015 0.3333333433
93052  -25.740  4.720  -26.103 0.1111111119
91872  -24.788  4.516  -27.407 0.4444444478
95391  -26.275  6.592  -26.979 0.1111111119
94294  -24.734  5.745  -28.662 0.5555555820
96579  -25.664  7.356  -28.959 0.5555555820
96565  -26.520  7.390  -27.882 0.3333333433
98674  -26.753  9.539  -28.940 0.4444444478
108581  -19.818  18.573  -27.914 0.5555555820
107461  -18.430  18.030  -27.289 0.5555555820
109640  -21.468  19.432  -27.044 0.5555555820
91816  -25.784  2.822  -24.864 0.1111111119
83991  -24.134  -3.214  -24.843 0.4444444478
84989  -24.940  -2.884  -24.097 0.2222222239
82904  -19.959  -4.385  -25.571 0.4444444478
90629  -26.511  2.452  -23.981 0.1111111119
76004  -24.037  -10.707  -21.487 0.1111111119
77135  -20.420  -9.879  -24.084 0.3333333433
76038  -22.567  -10.042  -23.084 0.2222222239
76022  -23.718  -10.285  -22.065 0.2222222239
77098  -24.383  -9.926  -21.839 0.1111111119
77118  -24.547  -9.179  -21.936 0.1111111119
78259  -18.906  -8.083  -24.408 0.3333333433
78237  -19.329  -8.888  -23.953 0.3333333433
77134  -19.904  -9.386  -23.945 0.3333333433
78238  -21.865  -8.599  -24.179 0.3333333433
78239  -22.361  -8.341  -23.933 0.3333333433
77137  -22.494  -9.232  -23.342 0.2222222239
78240  -22.961  -8.440  -23.329 0.2222222239
77117  -23.741  -9.369  -22.383 0.2222222239
78215  -23.764  -8.213  -22.943 0.2222222239
80491  -17.842  -6.208  -24.134 0.2222222239
80492  -18.449  -6.905  -24.401 0.2222222239
79354  -18.622  -7.757  -24.241 0.2222222239
78260  -19.553  -8.348  -24.612 0.3333333433
77154  -20.204  -8.825  -24.433 0.3333333433
78262  -21.456  -8.589  -24.543 0.3333333433
81720  -17.879  -5.304  -24.679 0.2222222239
81734  -18.545  -5.283  -25.170 0.3333333433
80493  -19.047  -6.919  -24.915 0.3333333433
81735  -19.351  -5.355  -25.414 0.3333333433
80511  -20.664  -6.355  -25.353 0.3333333433
79372  -19.503  -7.471  -25.076 0.3333333433
80495  -22.490  -6.677  -24.802 0.3333333433
80512  -21.614  -6.427  -25.232 0.3333333433
80496  -23.373  -6.414  -24.246 0.3333333433
81721  -23.069  -5.752  -24.830 0.3333333433
80461  -24.148  -6.765  -23.200 0.1111111119
80475  -24.508  -5.939  -23.414 0.2222222239
82887  -17.656  -4.372  -24.478 0.2222222239
82902  -18.284  -4.370  -25.133 0.3333333433
81736  -20.266  -5.393  -25.483 0.3333333433
81738  -22.102  -5.312  -25.501 0.3333333433
80513  -22.414  -5.868  -25.106 0.3333333433
81739  -22.827  -5.158  -25.219 0.3333333433
81705  -24.179  -5.774  -23.938 0.3333333433
81706  -24.703  -5.216  -23.575 0.1111111119
81740  -23.381  -5.020  -24.946 0.3333333433
82908  -23.207  -4.488  -25.117 0.3333333433
83970  -23.916  -3.654  -24.748 0.3333333433
98675  -27.482  9.406  -28.432 0.2222222239
99619  -27.588  10.415  -29.267 0.2222222239
76052  -21.412  -9.735  -24.025 0.3333333433
78216  -24.577  -8.450  -22.285 0.1111111119
80508  -18.216  -6.013  -24.786 0.3333333433
79357  -21.213  -7.593  -25.092 0.3333333433
79358  -22.107  -7.726  -24.551 0.3333333433
79337  -22.618  -7.717  -24.135 0.3333333433
80474  -23.978  -6.585  -23.510 0.3333333433
80509  -18.881  -6.135  -24.942 0.3333333433
82903  -19.059  -4.393  -25.540 0.3333333433
82889  -24.261  -4.503  -24.286 0.3333333433
74925  -22.463  -11.560  -22.152 0.1111111119
76034  -19.404  -10.290  -23.490 0.3333333433
76035  -20.111  -10.400  -23.841 0.3333333433
74941  -20.453  -11.180  -23.460 0.3333333433
76036  -20.957  -10.249  -23.882 0.3333333433
74943  -22.303  -10.715  -22.901 0.3333333433
76021  -23.063  -10.410  -22.565 0.3333333433
74905  -24.631  -11.294  -20.942 0.1111111119
78236  -18.724  -8.495  -23.871 0.3333333433
77099  -25.195  -9.452  -21.562 0.1111111119
80473  -17.977  -6.951  -23.686 0.2222222239
79322  -25.213  -7.752  -22.120 0.1111111119
79321  -24.591  -7.461  -22.651 0.1111111119
81692  -25.120  -5.514  -22.952 0.1111111119
81723  -24.407  -5.029  -24.057 0.1111111119
83971  -24.417  -3.591  -24.331 0.1111111119
83954  -17.366  -3.554  -23.264 0.1111111119
99642  -27.772  11.021  -30.463 0.2222222239
103872  -26.771  13.762  -28.692 0.2222222239
102742  -26.927  12.845  -29.167 0.2222222239
85003  -17.563  -2.203  -24.577 0.2222222239
89467  -17.804  1.457  -26.322 0.5555555820
101650  -27.641  12.229  -31.276 0.2222222239
76005  -25.000  -10.482  -21.443 0.1111111119
74926  -23.350  -10.956  -21.925 0.1111111119
77155  -20.724  -9.352  -24.425 0.3333333433
76037  -21.891  -10.108  -23.536 0.3333333433
79355  -18.951  -7.606  -24.675 0.3333333433
79336  -18.242  -7.670  -23.739 0.2222222239
77133  -19.046  -9.432  -23.578 0.2222222239
77136  -21.776  -9.127  -23.944 0.3333333433
78261  -20.522  -8.335  -24.961 0.3333333433
79338  -23.198  -7.503  -23.667 0.2222222239
78279  -19.791  -7.897  -25.168 0.3333333433
79320  -23.986  -7.162  -23.106 0.1111111119
81704  -17.471  -5.436  -23.809 0.2222222239
80510  -19.699  -6.441  -25.220 0.3333333433
79374  -20.962  -6.982  -25.350 0.3333333433
79356  -20.699  -7.840  -25.232 0.3333333433
79359  -22.770  -7.225  -24.305 0.3333333433
80462  -24.544  -6.576  -23.035 0.1111111119
81737  -21.206  -5.410  -25.591 0.3333333433
81722  -23.825  -5.283  -24.498 0.3333333433
82873  -24.784  -4.258  -23.679 0.1111111119
74903  -22.740  -11.780  -21.490 0.1111111119
74940  -19.679  -11.115  -23.489 0.3333333433
76033  -18.598  -10.249  -23.241 0.2222222239
74942  -21.483  -11.340  -23.002 0.3333333433
78235  -17.942  -8.449  -23.194 0.2222222239
99598  -28.212  10.773  -29.162 0.1111111119
100566  -28.383  11.528  -28.808 0.1111111119
101642  -28.235  12.327  -30.432 0.1111111119
101629  -28.356  12.347  -29.349 0.1111111119
101640  -27.373  12.224  -30.251 0.1111111119
102753  -28.004  13.029  -29.408 0.1111111119
102752  -27.747  12.825  -29.602 0.1111111119
102751  -27.457  12.698  -29.703 0.1111111119
103883  -27.728  13.859  -29.252 0.1111111119
105055  -25.767  15.369  -29.493 0.1111111119
105042  -24.995  15.684  -28.727 0.1111111119
105043  -25.932  15.307  -28.200 0.1111111119
105054  -24.924  15.591  -29.949 0.1111111119
107474  -17.939  17.616  -27.424 0.4444444478
108563  -15.783  18.461  -26.387 0.4444444478
108565  -17.938  18.390  -26.935 0.4444444478
106332  -24.374  16.368  -29.442 0.1111111119
109655  -23.860  19.439  -27.954 0.3333333433
108602  -24.160  18.120  -29.701 0.1111111119
107495  -23.950  17.230  -29.595 0.1111111119
107500  -23.638  17.099  -30.540 0.1111111119
110622  -19.812  20.445  -27.074 0.4444444478
110623  -20.839  20.780  -26.980 0.4444444478
111618  -22.800  21.403  -27.145 0.4444444478
110624  -22.039  20.503  -26.700 0.4444444478
111619  -23.371  20.801  -27.207 0.4444444478
111625  -24.491  21.191  -28.040 0.4444444478
110634  -24.300  20.283  -28.150 0.2222222239
110643  -24.308  20.482  -28.984 0.2222222239
110642  -24.033  19.853  -29.003 0.2222222239
110652  -23.982  19.928  -29.753 0.2222222239
109677  -23.709  18.928  -30.620 0.2222222239
113632  -22.289  23.322  -32.811 0.1111111119
112654  -22.810  22.198  -32.668 0.1111111119
109685  -23.280  19.248  -31.668 0.1111111119
109624  -16.728  19.841  -26.135 0.4444444478
109625  -17.570  19.896  -26.343 0.4444444478
110610  -18.152  20.441  -26.491 0.3333333433
110621  -18.943  20.315  -26.846 0.4444444478
111617  -21.692  21.569  -26.879 0.4444444478
112608  -22.193  22.123  -27.105 0.4444444478
112613  -24.229  21.625  -27.745 0.4444444478
113606  -22.804  23.826  -28.140 0.3333333433
112623  -24.049  21.962  -29.016 0.3333333433
111640  -24.180  21.518  -29.788 0.1111111119
111655  -24.031  21.238  -30.482 0.1111111119
110663  -23.816  20.360  -30.665 0.1111111119
111654  -23.494  21.409  -31.067 0.1111111119
111615  -19.064  21.138  -26.939 0.3333333433
111608  -20.163  21.878  -26.496 0.3333333433
112611  -22.777  22.759  -27.549 0.4444444478
113607  -23.349  23.765  -28.625 0.2222222239
112615  -23.163  23.281  -28.176 0.2222222239
112622  -23.792  22.489  -29.706 0.2222222239
112635  -23.591  22.454  -30.714 0.1111111119
114506  -23.477  24.439  -29.217 0.1111111119
113612  -23.604  23.527  -29.367 0.1111111119
114520  -23.474  24.109  -30.802 0.1111111119
112643  -23.274  22.293  -31.677 0.1111111119
114510  -23.664  24.269  -29.997 0.1111111119
114527  -23.156  24.169  -31.640 0.1111111119
113625  -23.366  23.275  -31.197 0.1111111119
111614  -18.498  20.896  -26.809 0.3333333433
111606  -18.231  21.464  -26.106 0.3333333433
112603  -19.821  22.562  -26.067 0.3333333433
112607  -21.460  22.671  -27.136 0.3333333433
113604  -22.116  23.844  -27.768 0.2222222239
115424  -23.187  25.166  -29.142 0.1111111119
115455  -22.932  25.233  -31.481 0.1111111119
114533  -22.726  23.970  -32.397 0.1111111119
115464  -21.028  25.723  -33.231 0.1111111119
112600  -17.267  22.147  -24.346 0.1111111119
112601  -17.965  22.536  -24.788 0.1111111119
112602  -18.965  22.465  -25.619 0.2222222239
113598  -20.055  23.669  -26.292 0.2222222239
113602  -20.558  24.116  -27.007 0.2222222239
112610  -21.912  23.290  -27.424 0.3333333433
114500  -20.959  24.877  -27.235 0.2222222239
115416  -21.915  25.361  -28.125 0.1111111119
115422  -21.660  25.938  -28.461 0.1111111119
115423  -22.416  25.575  -28.806 0.1111111119
115429  -22.882  25.717  -29.662 0.1111111119
115430  -23.467  25.095  -29.823 0.1111111119
115442  -23.045  25.606  -30.508 0.1111111119
116407  -22.525  26.155  -32.088 0.1111111119
114526  -22.667  24.670  -32.169 0.1111111119
113630  -20.671  24.072  -33.384 0.1111111119
113631  -21.213  23.588  -33.342 0.1111111119
112592  -17.830  23.169  -24.145 0.1111111119
113582  -18.534  24.006  -24.229 0.1111111119
113590  -18.843  23.450  -24.960 0.1111111119
114494  -19.858  24.704  -25.763 0.1111111119
115409  -20.028  25.755  -26.256 0.1111111119
115414  -20.679  25.910  -26.953 0.1111111119
115415  -21.324  25.805  -27.735 0.1111111119
116379  -20.925  27.404  -28.991 0.1111111119
116380  -21.610  26.580  -29.171 0.1111111119
116386  -21.712  26.922  -30.207 0.1111111119
116387  -22.417  26.242  -30.333 0.1111111119
114489  -19.445  24.502  -24.627 0.1111111119
153180  -19.087  24.637  -23.916 0.1111111119
115408  -19.962  25.460  -25.434 0.1111111119
116370  -20.053  26.831  -26.914 0.1111111119
153178  -19.613  26.666  -26.013 0.1111111119
153182  -20.077  25.609  -24.675 0.1111111119
153177  -19.663  27.746  -26.404 0.1111111119
99585  -28.353  10.774  -28.273 0.1111111119
100586  -28.421  11.437  -29.963 0.1111111119
101609  -28.391  12.470  -28.307 0.1111111119
103882  -27.339  13.642  -29.054 0.1111111119
105056  -26.773  14.932  -29.067 0.1111111119
109636  -17.278  19.179  -26.531 0.4444444478
110626  -23.646  20.258  -27.494 0.4444444478
109671  -24.118  19.059  -29.591 0.2222222239
108601  -24.145  18.657  -29.047 0.1111111119
109678  -23.840  18.306  -30.547 0.1111111119
106341  -23.945  16.381  -30.455 0.1111111119
111639  -23.852  21.831  -30.358 0.1111111119
111665  -22.469  20.925  -32.556 0.1111111119
111616  -20.850  21.823  -26.787 0.3333333433
113633  -23.043  23.207  -32.132 0.1111111119
114495  -20.401  24.841  -26.523 0.2222222239
116374  -20.615  26.938  -27.920 0.1111111119
116385  -21.169  27.505  -29.830 0.1111111119
153176  -19.799  27.605  -26.729 0.1111111119
153183  -19.670  27.513  -25.744 0.1111111119
101593  -28.307  12.665  -27.174 0.1111111119
108564  -16.830  18.374  -26.860 0.4444444478
110612  -20.468  21.387  -26.670 0.4444444478
112612  -23.817  22.091  -27.667 0.4444444478
112616  -23.637  22.734  -28.512 0.2222222239
99597  -28.197  9.974  -28.416 0.1111111119
100551  -28.320  11.513  -27.587 0.1111111119
102706  -28.304  13.975  -26.770 0.1111111119
103855  -28.595  14.589  -27.854 0.1111111119
102743  -28.290  13.246  -28.826 0.1111111119
103873  -28.422  14.248  -28.686 0.1111111119
105057  -27.387  14.814  -29.245 0.1111111119
105069  -26.354  15.388  -30.296 0.1111111119
105068  -25.542  15.501  -30.604 0.1111111119
108579  -17.501  17.971  -27.145 0.4444444478
105067  -24.809  15.712  -30.942 0.1111111119
106342  -24.447  15.956  -30.433 0.1111111119
107509  -23.358  17.049  -31.605 0.1111111119
106353  -23.372  16.105  -31.590 0.1111111119
109635  -16.432  19.089  -26.360 0.4444444478
108621  -22.973  18.027  -32.371 0.1111111119
109693  -23.038  19.222  -32.581 0.1111111119
110608  -16.612  20.326  -25.293 0.2222222239
110609  -17.403  20.533  -25.871 0.3333333433
111595  -16.392  21.006  -24.147 0.1111111119
112652  -21.450  22.958  -33.770 0.1111111119
113647  -21.017  23.375  -34.714 0.1111111119
111596  -16.701  21.897  -23.926 0.1111111119
111586  -16.721  22.212  -22.891 0.1111111119
114487  -18.385  24.180  -23.807 0.1111111119
113574  -17.953  24.010  -22.685 0.1111111119
114536  -20.467  24.696  -34.033 0.1111111119
114478  -18.374  24.046  -22.349 0.1111111119
153186  -19.514  24.824  -23.564 0.1111111119
117482  -21.202  27.979  -30.838 0.1111111119
117493  -22.172  27.815  -32.184 0.1111111119
116419  -21.051  27.094  -32.767 0.1111111119
116439  -20.117  26.577  -34.006 0.1111111119
153185  -19.702  25.137  -24.128 0.1111111119
116373  -20.326  28.078  -27.550 0.1111111119
117478  -20.567  28.715  -30.025 0.1111111119
153175  -19.841  28.054  -26.693 0.1111111119
105044  -26.394  14.386  -28.197 0.1111111119
100617  -28.189  11.506  -31.473 0.1111111119
103884  -28.105  13.881  -29.167 0.1111111119
108608  -23.931  17.898  -30.357 0.1111111119
106359  -23.181  16.367  -31.818 0.1111111119
112617  -24.192  21.839  -28.263 0.2222222239
111630  -24.434  21.247  -28.893 0.2222222239
110653  -24.299  20.747  -29.742 0.1111111119
114532  -21.989  24.425  -32.785 0.1111111119
111666  -22.667  21.298  -31.918 0.1111111119
112653  -22.004  22.630  -33.288 0.1111111119
111677  -22.564  21.437  -32.579 0.1111111119
109694  -23.194  18.733  -32.208 0.1111111119
108622  -23.190  18.507  -31.995 0.1111111119
109684  -22.835  19.751  -31.931 0.2222222239
110674  -22.940  20.377  -31.454 0.2222222239
113621  -23.605  23.369  -30.278 0.1111111119
115456  -23.302  24.610  -31.131 0.1111111119
111607  -19.364  21.746  -26.295 0.3333333433
111605  -17.103  21.335  -24.932 0.1111111119
112606  -20.485  22.658  -26.656 0.3333333433
113603  -21.282  23.829  -27.414 0.2222222239
114502  -22.389  24.695  -28.106 0.1111111119
115460  -22.353  25.512  -32.454 0.1111111119
115459  -21.657  25.357  -32.937 0.1111111119
116421  -22.274  26.086  -32.457 0.1111111119
114531  -21.024  24.617  -33.192 0.1111111119
116430  -21.076  26.304  -33.055 0.1111111119
111585  -16.449  21.315  -23.124 0.1111111119
112591  -17.378  22.786  -23.623 0.1111111119
113591  -19.505  23.185  -25.598 0.1111111119
113597  -19.501  23.916  -25.461 0.1111111119
113599  -20.687  23.366  -26.998 0.3333333433
114501  -21.701  24.754  -27.667 0.2222222239
116381  -22.240  26.232  -29.602 0.1111111119
116394  -22.542  26.165  -31.181 0.1111111119
116420  -21.681  26.479  -32.614 0.1111111119
116406  -22.030  26.788  -31.724 0.1111111119
113589  -18.186  23.426  -24.379 0.1111111119
113581  -17.944  23.779  -23.654 0.1111111119
116375  -21.247  26.555  -28.412 0.1111111119
117488  -21.777  27.542  -31.368 0.1111111119
116393  -21.944  26.775  -30.942 0.1111111119
153184  -18.741  24.370  -23.970 0.1111111119
153181  -19.538  24.950  -24.153 0.1111111119
117470  -20.643  28.229  -28.698 0.1111111119
102723  -28.611  13.522  -27.960 0.1111111119
108607  -23.590  17.898  -30.888 0.1111111119
110673  -22.588  20.280  -32.193 0.1111111119
110683  -22.648  20.225  -32.980 0.1111111119
153174  -19.991  28.120  -26.916 0.1111111119
108614  -23.102  17.633  -32.053 0.1111111119
111676  -22.507  21.432  -33.193 0.1111111119
110593  -16.340  20.421  -23.416 0.1111111119
112664  -22.131  22.403  -33.776 0.1111111119
117487  -21.652  28.537  -31.685 0.1111111119
117508  -21.528  27.608  -32.501 0.1111111119
73760  -19.858  -11.835  -23.251 0.2222222239
90676  -16.710  2.820  -25.466 0.2222222239
91834  -16.465  3.505  -25.244 0.2222222239
87132  -17.712  -0.588  -24.856 0.3333333433
89452  -17.315  1.516  -25.464 0.3333333433
107458  -15.656  17.646  -26.570 0.2222222239
109623  -16.167  19.221  -25.404 0.1111111119
152974  -13.097  14.626  -23.666 0.2222222239
101552  -12.287  12.835  -23.695 0.1111111119
101535  -12.688  13.302  -22.970 0.1111111119
103806  -15.514  15.182  -24.237 0.1111111119
107445  -15.688  17.508  -25.394 0.1111111119
108534  -15.991  18.628  -24.683 0.1111111119
109615  -16.374  19.295  -24.515 0.1111111119
86018  -17.468  -1.414  -24.480 0.2222222239
88251  -17.218  0.973  -25.044 0.2222222239
95370  -15.811  6.398  -25.239 0.2222222239
108548  -15.506  18.158  -25.448 0.1111111119
106281  -15.555  17.304  -25.796 0.1111111119
108547  -15.316  17.835  -25.791 0.1111111119
108549  -15.826  17.811  -24.731 0.1111111119
106282  -15.904  16.837  -25.612 0.1111111119
106283  -16.578  16.304  -25.520 0.1111111119
107446  -16.286  17.261  -25.244 0.1111111119
94223  -26.569  5.475  -25.239 0.1111111119
73741  -19.983  -12.645  -22.887 0.1111111119
73761  -20.626  -12.004  -23.091 0.1111111119
73743  -21.574  -12.203  -22.317 0.1111111119
73739  -18.121  -12.356  -22.674 0.1111111119
74923  -18.360  -11.667  -23.036 0.1111111119
74939  -18.960  -11.178  -23.199 0.1111111119
77132  -18.250  -9.357  -23.240 0.1111111119
86017  -17.192  -1.440  -23.837 0.1111111119
90663  -16.886  2.170  -25.302 0.1111111119
97578  -13.581  8.600  -24.044 0.2222222239
97561  -13.439  9.208  -23.765 0.2222222239
98591  -13.425  9.856  -23.512 0.2222222239
93051  -16.444  4.326  -25.833 0.1111111119
72507  -17.931  -12.958  -22.143 0.1111111119
73742  -20.703  -12.541  -22.491 0.1111111119
74924  -21.879  -11.745  -22.561 0.1111111119
73719  -17.507  -12.279  -22.066 0.1111111119
74922  -17.727  -11.357  -22.584 0.1111111119
76020  -17.829  -10.227  -22.809 0.1111111119
78214  -17.414  -8.358  -22.421 0.1111111119
80472  -17.496  -6.563  -23.163 0.1111111119
84988  -17.124  -2.240  -23.391 0.1111111119
87131  -17.254  -0.628  -24.363 0.1111111119
90662  -16.491  2.524  -24.753 0.1111111119
96483  -14.203  8.130  -23.449 0.2222222239
98592  -14.031  9.732  -23.191 0.2222222239
99531  -13.343  10.978  -22.931 0.1111111119
72509  -19.381  -13.252  -22.532 0.1111111119
99545  -12.718  10.692  -23.616 0.2222222239
100511  -12.553  11.785  -23.721 0.1111111119
88233  -17.386  -0.113  -24.792 0.1111111119
96497  -14.457  7.901  -24.244 0.2222222239
81691  -17.233  -5.658  -22.565 0.1111111119
83968  -17.336  -2.613  -24.192 0.1111111119
85002  -17.256  -2.141  -24.062 0.1111111119
79335  -17.715  -7.564  -23.121 0.1111111119
73759  -19.378  -11.631  -23.292 0.1111111119
89451  -16.850  1.517  -24.865 0.1111111119
73740  -19.044  -12.309  -23.108 0.1111111119
72508  -18.609  -13.220  -22.390 0.1111111119
74938  -18.208  -10.961  -23.116 0.1111111119
86004  -17.194  -1.557  -22.981 0.1111111119
97563  -14.401  8.756  -23.167 0.1111111119
76003  -17.440  -10.467  -22.091 0.1111111119
77096  -17.191  -9.482  -21.876 0.1111111119
99532  -14.430  10.617  -23.537 0.1111111119
100495  -13.322  11.767  -22.959 0.1111111119
152975  -13.535  15.100  -23.689 0.1111111119
101525  -13.216  13.935  -22.942 0.1111111119
103805  -14.709  15.346  -23.764 0.1111111119
73762  -21.147  -12.111  -22.840 0.1111111119
76051  -21.108  -9.715  -24.237 0.3333333433
77097  -17.501  -9.858  -22.353 0.1111111119
77116  -23.008  -9.623  -22.882 0.2222222239
77138  -23.163  -8.971  -22.940 0.2222222239
77156  -21.312  -9.341  -24.304 0.3333333433
78217  -25.125  -8.352  -22.005 0.1111111119
78263  -21.938  -8.321  -24.306 0.3333333433
78280  -20.018  -8.107  -25.173 0.3333333433
79373  -20.325  -7.473  -25.326 0.3333333433
80494  -21.894  -7.148  -25.018 0.3333333433
82888  -23.760  -4.300  -24.714 0.3333333433
85065  -21.719  -1.633  -26.738 0.4444444478
86006  -25.482  -1.821  -23.849 0.2222222239
86079  -19.757  -0.430  -26.590 0.7777777910
87198  -19.931  -0.137  -26.877 0.7777777910
89468  -18.106  0.888  -26.504 0.6666666865
90693  -21.101  3.431  -27.538 1.0000000000
90717  -21.641  3.049  -27.896 1.0000000000
90745  -22.132  3.753  -29.070 1.0000000000
91868  -21.243  3.856  -27.617 1.0000000000
91869  -21.628  3.918  -27.901 1.0000000000
91907  -21.071  5.065  -28.406 1.0000000000
91909  -21.761  3.760  -29.126 1.0000000000
91910  -22.577  4.482  -28.129 1.0000000000
91911  -22.798  5.026  -28.257 1.0000000000
91923  -21.121  5.301  -28.628 1.0000000000
91927  -22.435  4.613  -28.508 1.0000000000
93080  -21.336  3.851  -28.026 1.0000000000
93081  -21.190  3.599  -28.129 1.0000000000
93100  -20.176  5.178  -27.718 1.0000000000
93101  -21.180  3.967  -28.437 1.0000000000
93102  -21.205  3.904  -28.325 1.0000000000
93120  -18.850  6.228  -28.870 1.0000000000
93121  -19.254  6.054  -28.677 1.0000000000
93124  -22.790  5.022  -28.034 1.0000000000
93126  -23.852  5.203  -28.510 0.7777777910
93137  -19.743  6.137  -28.901 1.0000000000
93143  -22.658  5.172  -28.467 1.0000000000
94274  -19.402  5.081  -27.576 1.0000000000
94290  -18.927  6.711  -28.166 0.8888888955
94292  -19.188  5.955  -27.852 1.0000000000
94307  -18.929  6.342  -28.331 0.8888888955
94308  -19.065  5.982  -28.285 1.0000000000
94321  -19.094  6.972  -28.827 1.0000000000
94322  -19.301  6.606  -29.054 1.0000000000
95390  -25.992  6.592  -27.446 0.4444444478
95420  -18.454  6.275  -27.739 1.0000000000
95431  -21.415  7.145  -29.726 1.0000000000
95432  -21.693  7.012  -29.490 1.0000000000
95447  -22.946  6.132  -29.321 0.8888888955
96544  -14.678  8.057  -25.272 0.3333333433
96580  -26.679  8.031  -28.418 0.3333333433
96581  -26.855  8.304  -28.544 0.2222222239
96604  -21.186  7.437  -29.874 1.0000000000
96606  -23.424  6.441  -29.820 0.7777777910
96607  -23.803  6.196  -30.244 0.6666666865
97562  -13.768  8.954  -23.378 0.1111111119
97577  -13.357  9.106  -23.987 0.2222222239
97634  -15.620  8.181  -26.841 0.6666666865
97655  -21.144  8.689  -29.110 1.0000000000
97671  -20.132  8.902  -29.522 1.0000000000
97672  -20.647  8.696  -29.226 1.0000000000
97673  -21.499  8.197  -29.356 0.8888888955
97691  -21.282  7.800  -29.748 1.0000000000
98607  -13.374  9.176  -24.214 0.2222222239
98624  -13.040  9.939  -24.644 0.2222222239
98657  -25.589  10.286  -28.730 0.5555555820
98669  -21.252  8.928  -28.960 1.0000000000
98692  -20.929  9.379  -28.937 1.0000000000
98710  -19.437  8.802  -29.710 1.0000000000
99544  -12.793  11.456  -23.207 0.1111111119
99560  -12.723  10.483  -24.483 0.3333333433
99596  -25.366  10.392  -28.249 0.6666666865
99612  -20.719  10.952  -28.924 0.8888888955
99620  -28.102  10.822  -29.972 0.1111111119
99641  -27.405  11.154  -29.755 0.3333333433
99643  -28.149  11.106  -30.553 0.1111111119
99654  -27.526  11.579  -31.662 0.1111111119
99655  -27.713  11.293  -31.242 0.1111111119
99656  -28.028  11.195  -31.057 0.1111111119
99667  -27.581  11.735  -32.014 0.1111111119
99668  -27.761  11.494  -31.831 0.1111111119
99669  -27.959  11.279  -31.535 0.1111111119
100544  -14.371  11.192  -26.269 0.5555555820
100598  -18.391  10.814  -29.158 1.0000000000
100601  -20.325  11.086  -29.135 1.0000000000
100602  -27.282  11.693  -30.053 0.3333333433
100604  -28.293  11.534  -30.891 0.1111111119
100615  -27.437  11.658  -31.033 0.2222222239
100616  -27.589  11.253  -30.863 0.3333333433
100629  -27.512  11.996  -31.809 0.1111111119
100630  -27.835  11.905  -32.226 0.1111111119
100631  -28.073  11.626  -31.897 0.1111111119
101534  -12.933  14.057  -23.128 0.1111111119
101603  -15.382  11.499  -28.081 0.8888888955
101628  -26.983  12.112  -29.449 0.4444444478
101639  -19.704  11.734  -29.108 0.8888888955
101641  -27.775  12.466  -30.556 0.1111111119
101651  -28.064  12.388  -31.372 0.2222222239
101652  -28.299  11.973  -31.394 0.1111111119
101662  -27.833  12.370  -31.917 0.1111111119
101663  -28.178  12.086  -31.901 0.1111111119
101664  -28.238  11.793  -31.745 0.1111111119
102641  -13.211  14.561  -23.269 0.1111111119
102642  -12.810  14.159  -23.377 0.2222222239
102655  -12.598  13.796  -23.693 0.1111111119
102722  -26.570  13.248  -28.651 0.3333333433
102739  -22.388  13.806  -27.094 0.6666666865
102740  -22.604  13.465  -26.939 0.6666666865
103764  -13.339  14.978  -24.052 0.2222222239
103781  -12.847  14.275  -23.704 0.2222222239
103782  -13.038  14.414  -24.107 0.2222222239
103803  -13.418  14.081  -24.694 0.3333333433
103827  -14.447  13.844  -26.259 0.5555555820
104956  -13.524  14.948  -24.210 0.3333333433
104958  -14.145  15.399  -23.855 0.3333333433
104982  -14.082  14.715  -24.938 0.4444444478
106292  -15.468  17.245  -26.020 0.2222222239
106296  -21.432  17.345  -27.531 0.6666666865
106331  -23.965  16.663  -29.863 0.1111111119
107444  -15.395  17.646  -25.651 0.1111111119
107457  -15.400  17.511  -26.022 0.2222222239
107460  -18.069  18.019  -27.279 0.5555555820
107494  -23.776  16.803  -30.071 0.1111111119
107501  -23.904  17.578  -30.040 0.1111111119
107508  -23.189  17.438  -31.903 0.1111111119
108562  -15.368  17.956  -26.064 0.1111111119
108595  -24.232  18.021  -28.914 0.3333333433
108615  -23.206  18.093  -31.623 0.1111111119
109663  -24.052  19.345  -28.675 0.3333333433
109672  -24.058  18.472  -30.214 0.1111111119
110611  -19.946  21.145  -26.606 0.4444444478
110635  -24.513  20.798  -28.478 0.2222222239
110664  -24.244  20.973  -30.230 0.1111111119
111623  -23.371  21.884  -27.378 0.4444444478
111624  -23.939  21.205  -27.344 0.4444444478
113638  -20.390  23.877  -33.707 0.1111111119
114479  -18.635  24.194  -23.280 0.1111111119
114505  -23.034  24.624  -28.593 0.1111111119
114530  -20.579  24.408  -33.570 0.1111111119
114537  -20.755  24.977  -33.614 0.1111111119
115443  -23.432  24.863  -30.624 0.1111111119
116429  -20.603  26.728  -33.282 0.1111111119
117483  -21.640  27.302  -30.823 0.1111111119
117492  -22.021  28.654  -32.145 0.1111111119
117494  -22.218  27.996  -32.335 0.1111111119
117509  -22.062  27.898  -32.463 0.1111111119
118575  -22.098  28.133  -32.502 0.1111111119
118581  -21.880  28.065  -32.617 0.1111111119
152973  -13.599  13.444  -22.910 0.1111111119
153040  -17.887  6.914  -27.978 0.8888888955
153041  -19.145  7.259  -28.878 1.0000000000
153044  -18.689  7.136  -28.260 0.8888888955
