#!ascii label  , from subject 3228 vox2ras=TkReg
416
29567  39.346  -57.786  -1.581 0.0000000000
25069  47.213  -61.230  -12.629 0.0000000000
20776  40.743  -66.068  -4.244 0.0000000000
23915  40.023  -62.335  -8.404 0.0000000000
20789  48.454  -65.638  -4.516 0.0000000000
19751  45.405  -66.989  -3.760 0.0000000000
16482  48.462  -69.496  -1.758 0.0000000000
23931  43.697  -62.937  -10.197 0.0000000000
27299  38.378  -58.988  -10.531 0.0000000000
24959  36.368  -61.683  -3.111 0.0000000000
22862  40.988  -64.425  -5.876 0.0000000000
22879  44.997  -64.325  -7.331 0.0000000000
22896  48.316  -63.881  -8.617 0.0000000000
20833  51.263  -65.512  -7.102 0.0000000000
27200  46.300  -59.593  -2.557 0.0000000000
26074  39.497  -60.233  -0.207 0.0000000000
21802  36.358  -64.266  -2.408 0.0000000000
30842  36.477  -56.821  -7.008 0.0000000000
16485  46.096  -69.934  -1.494 0.0000000000
23966  45.737  -61.984  -11.390 0.0000000000
26205  42.633  -60.362  -11.582 0.0000000000
22834  38.275  -64.017  -4.289 0.0000000000
20796  41.020  -65.730  -4.622 0.0000000000
19773  46.915  -66.179  -3.989 0.0000000000
20792  45.324  -65.909  -4.993 0.0000000000
20814  46.882  -65.254  -5.338 0.0000000000
22878  46.507  -64.289  -7.775 0.0000000000
21871  48.225  -64.438  -7.162 0.0000000000
22913  51.561  -64.456  -8.984 0.0000000000
26057  38.758  -61.044  0.657 0.0000000000
24930  37.138  -61.564  -0.230 0.0000000000
22802  36.746  -63.366  -0.536 0.0000000000
24992  37.756  -61.471  -6.885 0.0000000000
27259  36.840  -60.052  -8.125 0.0000000000
30927  37.844  -56.466  -10.447 0.0000000000
30908  36.753  -56.165  -9.167 0.0000000000
18665  42.911  -68.278  -3.053 0.0000000000
19753  43.343  -67.179  -4.021 0.0000000000
18663  44.571  -68.086  -2.739 0.0000000000
18661  46.431  -67.762  -2.396 0.0000000000
18659  48.497  -67.552  -2.639 0.0000000000
23933  42.112  -62.599  -9.529 0.0000000000
26182  38.467  -60.451  -9.645 0.0000000000
26192  41.131  -61.087  -10.888 0.0000000000
27311  39.866  -58.950  -11.281 0.0000000000
25087  48.561  -60.818  -13.816 0.0000000000
27205  36.735  -59.452  -2.057 0.0000000000
24986  38.377  -62.276  -6.128 0.0000000000
23892  40.655  -63.307  -6.709 0.0000000000
20794  43.203  -66.157  -5.088 0.0000000000
22860  43.296  -64.771  -6.293 0.0000000000
22881  42.754  -63.541  -7.739 0.0000000000
22899  44.643  -63.757  -8.461 0.0000000000
22919  45.566  -63.524  -9.378 0.0000000000
23946  46.995  -62.705  -10.898 0.0000000000
20826  50.242  -65.483  -6.065 0.0000000000
22875  49.668  -64.363  -7.873 0.0000000000
22929  49.653  -63.345  -10.275 0.0000000000
23962  49.425  -62.642  -12.010 0.0000000000
28421  45.678  -58.588  -2.964 0.0000000000
27203  43.343  -58.849  -1.925 0.0000000000
27179  43.239  -59.561  -1.407 0.0000000000
27182  39.605  -59.148  -0.880 0.0000000000
26097  36.661  -60.483  -1.368 0.0000000000
22819  36.654  -63.456  -2.870 0.0000000000
20779  38.167  -65.436  -4.158 0.0000000000
19778  38.420  -67.090  -4.476 0.0000000000
18683  40.746  -67.619  -3.861 0.0000000000
28470  36.676  -58.159  -8.764 0.0000000000
29577  41.429  -57.355  -2.388 0.0000000000
29598  41.182  -56.976  -2.702 0.0000000000
29579  39.663  -56.957  -1.955 0.0000000000
25045  46.331  -61.524  -11.894 0.0000000000
25046  45.409  -61.173  -11.838 0.0000000000
21812  39.595  -65.030  -4.290 0.0000000000
21829  39.316  -64.454  -4.541 0.0000000000
20797  40.493  -65.600  -4.459 0.0000000000
19772  47.975  -66.023  -3.763 0.0000000000
20790  47.424  -65.656  -4.593 0.0000000000
20813  47.843  -65.283  -5.263 0.0000000000
21860  47.721  -64.663  -6.482 0.0000000000
20812  48.870  -65.359  -5.402 0.0000000000
20853  51.319  -65.987  -9.493 0.0000000000
24912  37.359  -62.074  0.294 0.0000000000
24995  39.086  -62.017  -7.857 0.0000000000
24997  37.699  -61.283  -7.787 0.0000000000
25004  38.244  -61.303  -8.606 0.0000000000
33275  37.394  -54.612  -9.704 0.0000000000
18664  43.677  -68.136  -2.834 0.0000000000
17589  44.309  -68.821  -2.557 0.0000000000
16484  46.898  -69.808  -1.260 0.0000000000
16495  46.490  -69.224  -1.711 0.0000000000
17577  47.692  -68.802  -1.555 0.0000000000
18660  47.449  -67.575  -2.564 0.0000000000
17576  48.337  -68.817  -1.680 0.0000000000
23932  42.871  -62.775  -9.844 0.0000000000
25035  41.279  -61.758  -10.384 0.0000000000
25034  42.554  -61.825  -10.849 0.0000000000
27309  41.289  -59.403  -11.525 0.0000000000
28520  41.026  -58.717  -11.763 0.0000000000
28521  40.341  -58.238  -11.749 0.0000000000
26116  36.374  -60.575  -2.582 0.0000000000
27223  36.499  -59.620  -3.171 0.0000000000
24971  36.608  -61.865  -3.946 0.0000000000
23893  39.687  -62.852  -6.495 0.0000000000
22871  40.773  -63.943  -6.112 0.0000000000
19752  44.380  -67.120  -3.911 0.0000000000
19777  42.869  -66.634  -4.574 0.0000000000
19776  43.803  -66.641  -4.555 0.0000000000
21863  44.934  -64.907  -6.514 0.0000000000
21847  43.943  -65.041  -6.202 0.0000000000
22868  43.662  -64.304  -6.687 0.0000000000
23889  43.025  -63.963  -6.764 0.0000000000
22880  43.626  -63.817  -7.486 0.0000000000
22900  43.404  -63.459  -8.585 0.0000000000
22897  47.185  -64.005  -8.637 0.0000000000
22898  45.928  -64.009  -8.532 0.0000000000
22918  46.738  -63.641  -9.406 0.0000000000
22932  46.366  -63.185  -10.176 0.0000000000
22931  47.442  -63.295  -10.239 0.0000000000
16539  49.113  -69.055  -8.048 0.0000000000
19796  51.378  -66.412  -7.076 0.0000000000
18699  51.245  -67.220  -6.086 0.0000000000
20809  51.253  -66.342  -5.876 0.0000000000
20825  50.956  -65.666  -6.420 0.0000000000
21858  49.747  -64.983  -6.636 0.0000000000
21868  50.912  -65.050  -7.259 0.0000000000
22928  50.847  -63.468  -10.281 0.0000000000
22915  50.089  -63.818  -9.367 0.0000000000
23944  49.082  -62.889  -11.070 0.0000000000
23943  50.028  -63.242  -11.280 0.0000000000
27221  47.102  -59.072  -2.838 0.0000000000
28396  45.461  -59.290  -2.526 0.0000000000
28398  43.872  -58.535  -2.482 0.0000000000
27202  44.076  -59.374  -2.072 0.0000000000
26073  40.311  -60.207  -0.169 0.0000000000
26094  42.768  -60.068  -0.753 0.0000000000
27168  40.888  -59.825  -0.650 0.0000000000
27181  40.615  -59.280  -1.042 0.0000000000
27170  39.091  -59.803  -0.525 0.0000000000
26096  37.103  -59.962  -1.012 0.0000000000
26076  37.437  -60.442  -0.553 0.0000000000
22803  36.506  -63.297  -1.308 0.0000000000
23845  36.418  -62.455  -1.637 0.0000000000
21815  36.972  -64.424  -3.244 0.0000000000
21814  37.811  -64.557  -3.921 0.0000000000
20780  37.407  -65.377  -3.631 0.0000000000
17613  39.455  -68.584  -4.484 0.0000000000
18694  39.027  -67.421  -4.498 0.0000000000
18685  39.270  -66.731  -4.279 0.0000000000
27280  37.981  -59.482  -10.019 0.0000000000
26183  37.630  -59.710  -9.353 0.0000000000
27281  37.438  -58.928  -9.569 0.0000000000
32080  36.909  -55.592  -7.835 0.0000000000
23949  44.110  -62.305  -11.009 0.0000000000
25033  43.488  -61.870  -11.153 0.0000000000
23871  37.344  -62.955  -4.008 0.0000000000
23882  37.583  -62.698  -4.578 0.0000000000
22852  38.032  -63.457  -4.547 0.0000000000
21851  40.492  -64.710  -5.294 0.0000000000
19750  46.387  -66.774  -3.497 0.0000000000
19775  44.855  -66.574  -4.486 0.0000000000
20791  46.400  -65.804  -4.820 0.0000000000
20815  45.882  -65.316  -5.654 0.0000000000
21862  45.847  -64.767  -6.339 0.0000000000
21873  46.114  -64.495  -6.983 0.0000000000
21861  46.756  -64.598  -6.438 0.0000000000
21872  47.166  -64.415  -7.126 0.0000000000
22877  47.690  -64.191  -7.873 0.0000000000
21884  51.694  -64.862  -8.321 0.0000000000
20843  51.656  -65.588  -8.400 0.0000000000
21894  51.811  -64.950  -9.298 0.0000000000
26075  38.525  -60.539  0.025 0.0000000000
24929  37.731  -60.992  0.018 0.0000000000
23834  36.975  -62.586  0.008 0.0000000000
21797  36.297  -64.019  -1.699 0.0000000000
27260  36.397  -59.384  -7.427 0.0000000000
28466  36.291  -58.308  -7.425 0.0000000000
28503  38.119  -58.078  -10.633 0.0000000000
28504  37.415  -58.154  -9.938 0.0000000000
30907  37.117  -56.431  -9.759 0.0000000000
33262  37.521  -54.349  -8.829 0.0000000000
19755  41.254  -66.740  -3.763 0.0000000000
19754  42.272  -66.806  -3.932 0.0000000000
18681  43.007  -67.621  -3.385 0.0000000000
18680  43.959  -67.532  -3.251 0.0000000000
18679  44.959  -67.587  -3.247 0.0000000000
18662  45.470  -67.911  -2.507 0.0000000000
18678  45.885  -67.299  -2.976 0.0000000000
18677  46.806  -67.183  -2.882 0.0000000000
19730  47.909  -67.083  -2.813 0.0000000000
23935  40.619  -62.351  -8.918 0.0000000000
25002  39.827  -62.108  -8.782 0.0000000000
25022  40.236  -61.813  -9.398 0.0000000000
26180  40.245  -61.215  -9.973 0.0000000000
26194  39.365  -60.207  -10.470 0.0000000000
25049  42.070  -61.197  -11.190 0.0000000000
26207  40.773  -59.910  -11.158 0.0000000000
27298  39.168  -59.224  -10.853 0.0000000000
29731  38.714  -57.440  -11.121 0.0000000000
30957  38.980  -56.390  -11.442 0.0000000000
25088  47.943  -60.883  -13.160 0.0000000000
28402  38.150  -58.135  -1.738 0.0000000000
29580  38.368  -57.319  -1.942 0.0000000000
28403  37.418  -58.385  -1.886 0.0000000000
23902  38.778  -62.136  -7.102 0.0000000000
23900  40.385  -62.738  -7.472 0.0000000000
21849  42.167  -65.056  -5.532 0.0000000000
20793  44.251  -66.065  -5.090 0.0000000000
21848  43.068  -65.266  -5.963 0.0000000000
21864  42.048  -64.644  -5.916 0.0000000000
23891  41.481  -63.752  -6.721 0.0000000000
23899  41.356  -63.267  -7.495 0.0000000000
22902  41.721  -63.200  -8.203 0.0000000000
22901  42.410  -63.304  -8.381 0.0000000000
23912  42.668  -63.060  -9.107 0.0000000000
22920  44.354  -63.361  -9.547 0.0000000000
22934  44.515  -62.955  -10.440 0.0000000000
23948  45.121  -62.505  -10.903 0.0000000000
23965  46.566  -62.150  -11.452 0.0000000000
23964  47.440  -62.236  -11.775 0.0000000000
18674  49.791  -67.256  -3.096 0.0000000000
18718  50.442  -67.620  -6.870 0.0000000000
20787  50.141  -66.092  -4.645 0.0000000000
20788  49.426  -65.825  -4.555 0.0000000000
20827  49.509  -65.309  -5.979 0.0000000000
21870  49.230  -64.549  -7.221 0.0000000000
22876  48.749  -64.204  -7.882 0.0000000000
22894  50.415  -64.348  -8.283 0.0000000000
22895  49.363  -64.064  -8.594 0.0000000000
22916  48.998  -63.561  -9.382 0.0000000000
22930  48.542  -63.269  -10.241 0.0000000000
23963  48.488  -62.462  -11.800 0.0000000000
23987  48.026  -61.973  -12.407 0.0000000000
23986  48.818  -62.114  -12.597 0.0000000000
29591  47.015  -57.746  -3.703 0.0000000000
28419  47.594  -58.455  -3.297 0.0000000000
28420  46.654  -58.436  -3.180 0.0000000000
28422  44.545  -58.089  -3.036 0.0000000000
28399  42.892  -58.091  -2.366 0.0000000000
28400  41.929  -57.888  -1.874 0.0000000000
26093  43.786  -60.291  -1.139 0.0000000000
27201  45.106  -59.878  -2.087 0.0000000000
28383  42.453  -58.720  -1.552 0.0000000000
28384  41.312  -58.626  -1.423 0.0000000000
28386  39.080  -58.512  -1.209 0.0000000000
28388  37.624  -58.925  -1.494 0.0000000000
27185  37.000  -59.652  -1.364 0.0000000000
24947  36.263  -61.538  -2.028 0.0000000000
24931  36.629  -61.576  -1.113 0.0000000000
23872  36.907  -62.721  -3.624 0.0000000000
22835  37.498  -63.520  -3.911 0.0000000000
21813  38.760  -64.695  -4.153 0.0000000000
20778  39.137  -65.519  -4.203 0.0000000000
19758  38.625  -66.419  -4.394 0.0000000000
19757  39.558  -66.250  -4.198 0.0000000000
19756  40.364  -66.490  -3.976 0.0000000000
26162  38.120  -60.874  -9.126 0.0000000000
27263  36.847  -59.134  -8.648 0.0000000000
29676  36.379  -57.418  -7.627 0.0000000000
29690  36.763  -56.750  -9.144 0.0000000000
30868  36.547  -56.342  -7.771 0.0000000000
16483  47.784  -69.561  -1.334 0.0000000000
16494  47.189  -69.179  -1.528 0.0000000000
17584  48.822  -67.992  -2.078 0.0000000000
17585  48.003  -68.186  -1.989 0.0000000000
17586  47.053  -68.520  -2.042 0.0000000000
17587  46.015  -68.495  -2.000 0.0000000000
17614  38.427  -68.456  -4.677 0.0000000000
18675  49.017  -66.929  -2.930 0.0000000000
18676  47.301  -67.114  -2.836 0.0000000000
18684  39.793  -67.018  -4.019 0.0000000000
18693  39.964  -67.809  -4.273 0.0000000000
18708  51.238  -67.047  -6.759 0.0000000000
18709  50.789  -67.413  -6.446 0.0000000000
18716  51.193  -66.794  -7.429 0.0000000000
19731  47.547  -67.091  -2.818 0.0000000000
19747  49.525  -66.654  -3.310 0.0000000000
19749  47.425  -66.724  -3.178 0.0000000000
19759  37.514  -66.393  -4.057 0.0000000000
19774  45.877  -66.343  -4.235 0.0000000000
19793  51.407  -66.686  -6.341 0.0000000000
20775  41.442  -66.251  -4.269 0.0000000000
20777  40.020  -65.601  -4.257 0.0000000000
20811  49.859  -65.691  -5.311 0.0000000000
20816  44.758  -65.449  -5.769 0.0000000000
20817  43.653  -65.611  -5.610 0.0000000000
20818  42.805  -65.612  -5.416 0.0000000000
20824  51.393  -66.037  -6.696 0.0000000000
20828  45.759  -64.982  -6.007 0.0000000000
20829  45.429  -65.100  -6.093 0.0000000000
20852  51.557  -65.750  -9.033 0.0000000000
20860  51.542  -65.429  -9.761 0.0000000000
21811  39.911  -65.213  -4.429 0.0000000000
21827  41.385  -65.359  -5.055 0.0000000000
21828  40.256  -65.033  -4.784 0.0000000000
21830  38.789  -64.205  -4.434 0.0000000000
21843  48.101  -65.011  -5.892 0.0000000000
21844  47.290  -64.890  -5.876 0.0000000000
21845  46.436  -64.895  -5.920 0.0000000000
21846  45.993  -64.919  -5.959 0.0000000000
21850  41.119  -64.820  -5.532 0.0000000000
21857  50.432  -65.172  -6.760 0.0000000000
21859  48.777  -64.895  -6.407 0.0000000000
21865  41.749  -64.711  -5.765 0.0000000000
21867  51.437  -65.090  -7.568 0.0000000000
21869  50.172  -64.636  -7.417 0.0000000000
21874  45.458  -64.635  -6.817 0.0000000000
21885  51.165  -64.647  -7.896 0.0000000000
21886  50.705  -64.612  -7.679 0.0000000000
22796  37.144  -63.482  0.189 0.0000000000
22814  36.354  -63.333  -2.087 0.0000000000
22836  37.020  -63.510  -3.370 0.0000000000
22851  38.812  -63.689  -4.773 0.0000000000
22859  43.774  -64.633  -6.422 0.0000000000
22861  42.767  -64.925  -6.080 0.0000000000
22863  40.575  -64.378  -5.597 0.0000000000
22867  44.250  -64.587  -6.601 0.0000000000
22869  42.617  -64.494  -6.262 0.0000000000
22870  41.627  -64.377  -6.133 0.0000000000
22874  50.087  -64.442  -7.853 0.0000000000
22882  42.077  -63.417  -7.800 0.0000000000
22892  51.552  -64.588  -8.635 0.0000000000
22893  51.285  -64.468  -8.562 0.0000000000
22914  51.082  -63.972  -9.185 0.0000000000
22917  47.886  -63.590  -9.412 0.0000000000
22921  43.386  -63.170  -9.456 0.0000000000
22927  51.562  -64.117  -9.852 0.0000000000
22933  45.335  -63.127  -10.260 0.0000000000
23826  37.524  -62.653  0.601 0.0000000000
23835  36.687  -62.470  -0.784 0.0000000000
23854  36.410  -62.532  -2.567 0.0000000000
23883  36.942  -62.275  -4.254 0.0000000000
23890  42.297  -63.963  -6.672 0.0000000000
23897  42.789  -63.731  -7.131 0.0000000000
23898  42.145  -63.591  -7.225 0.0000000000
23901  39.359  -62.289  -7.561 0.0000000000
23913  41.855  -62.903  -8.845 0.0000000000
23914  41.035  -62.731  -8.382 0.0000000000
23916  39.557  -62.216  -8.134 0.0000000000
23934  41.210  -62.353  -9.407 0.0000000000
23945  48.021  -62.809  -11.000 0.0000000000
23947  46.037  -62.588  -10.817 0.0000000000
23950  43.145  -62.396  -10.579 0.0000000000
23951  42.273  -62.311  -10.193 0.0000000000
23952  41.709  -62.300  -9.898 0.0000000000
23967  44.916  -61.916  -11.397 0.0000000000
24911  37.988  -61.584  0.585 0.0000000000
24996  38.585  -61.791  -7.599 0.0000000000
25003  39.304  -61.962  -8.421 0.0000000000
25005  37.599  -61.026  -8.339 0.0000000000
25021  40.888  -62.032  -9.765 0.0000000000
25023  39.033  -61.316  -9.247 0.0000000000
25024  38.449  -61.026  -9.196 0.0000000000
25032  43.920  -61.885  -11.276 0.0000000000
25036  40.540  -61.412  -10.110 0.0000000000
25044  46.851  -61.852  -11.992 0.0000000000
25048  43.091  -61.221  -11.424 0.0000000000
25050  41.471  -61.168  -10.994 0.0000000000
25067  48.947  -61.701  -13.306 0.0000000000
25068  48.266  -61.458  -12.991 0.0000000000
26056  39.547  -60.667  0.504 0.0000000000
26077  36.842  -60.978  -0.728 0.0000000000
26152  37.111  -60.919  -7.224 0.0000000000
26155  37.207  -60.719  -7.982 0.0000000000
26156  36.778  -60.302  -7.514 0.0000000000
26163  37.544  -60.461  -8.791 0.0000000000
26181  39.661  -60.938  -9.861 0.0000000000
26193  40.471  -60.787  -10.621 0.0000000000
26195  38.648  -59.703  -10.346 0.0000000000
26202  45.409  -60.608  -12.094 0.0000000000
26206  41.495  -60.426  -11.261 0.0000000000
27167  41.322  -59.855  -0.652 0.0000000000
27169  39.997  -59.807  -0.653 0.0000000000
27171  38.264  -59.885  -0.593 0.0000000000
27180  41.778  -59.564  -0.905 0.0000000000
27183  38.629  -59.211  -0.879 0.0000000000
27184  37.662  -59.464  -1.075 0.0000000000
27204  37.281  -59.180  -1.586 0.0000000000
27220  48.083  -59.230  -3.018 0.0000000000
27222  46.432  -58.954  -2.868 0.0000000000
27264  36.399  -58.770  -7.949 0.0000000000
27297  40.011  -59.750  -11.030 0.0000000000
27300  37.802  -58.757  -10.200 0.0000000000
27310  40.554  -59.178  -11.427 0.0000000000
28385  40.168  -58.363  -1.306 0.0000000000
28387  38.152  -58.656  -1.382 0.0000000000
28397  44.792  -58.965  -2.482 0.0000000000
28401  40.966  -57.769  -1.777 0.0000000000
28471  36.462  -58.188  -8.182 0.0000000000
28481  36.981  -58.288  -9.258 0.0000000000
28502  38.725  -58.540  -10.854 0.0000000000
28519  41.641  -58.802  -11.886 0.0000000000
28522  39.298  -58.268  -11.227 0.0000000000
28523  38.706  -58.090  -10.967 0.0000000000
29566  40.181  -57.533  -1.703 0.0000000000
29568  38.626  -58.101  -1.600 0.0000000000
29578  40.678  -56.995  -2.316 0.0000000000
29597  41.655  -56.974  -2.972 0.0000000000
29663  36.237  -57.584  -6.783 0.0000000000
29680  36.761  -57.811  -9.037 0.0000000000
29681  36.573  -57.313  -8.596 0.0000000000
29689  36.963  -57.447  -9.458 0.0000000000
29707  38.117  -57.195  -10.673 0.0000000000
29708  37.570  -57.302  -10.181 0.0000000000
29730  39.634  -57.306  -11.645 0.0000000000
30893  36.600  -56.364  -8.667 0.0000000000
30926  38.368  -56.657  -10.952 0.0000000000
32106  37.191  -55.130  -8.274 0.0000000000
32107  36.754  -55.759  -8.426 0.0000000000
32129  37.057  -55.449  -9.176 0.0000000000
32130  36.720  -55.910  -8.868 0.0000000000
32147  38.272  -55.755  -10.997 0.0000000000
32148  37.501  -55.423  -10.238 0.0000000000
33261  37.870  -53.936  -8.201 0.0000000000
34443  37.594  -53.884  -9.406 0.0000000000
