#!ascii label  , from subject 3227 vox2ras=TkReg
633
61566  -15.890  23.899  53.142 0.0000000000
56217  -40.005  15.348  40.358 0.0000000000
56241  -44.658  14.759  34.845 0.0000000000
58352  -34.561  18.718  44.243 0.0000000000
53431  -51.755  9.743  24.512 0.0000000000
55130  -47.254  12.764  28.877 0.0000000000
58371  -39.337  18.952  40.243 0.0000000000
57279  -37.900  17.166  42.606 0.0000000000
55155  -52.554  12.757  21.430 0.0000000000
53451  -53.681  9.705  18.326 0.0000000000
51424  -52.439  7.029  15.660 0.0000000000
57856  -45.552  17.734  31.988 0.0000000000
55701  -46.468  13.942  32.218 0.0000000000
57334  -44.954  16.660  27.788 0.0000000000
56808  -47.747  15.784  24.006 0.0000000000
58334  -27.974  18.243  46.290 0.0000000000
63318  -12.594  27.030  55.158 0.0000000000
56229  -42.767  15.141  37.791 0.0000000000
58396  -43.822  18.711  34.562 0.0000000000
57259  -31.692  16.673  45.861 0.0000000000
56192  -35.836  14.969  44.111 0.0000000000
48522  -50.301  1.041  13.396 0.0000000000
50236  -50.814  5.184  12.010 0.0000000000
54571  -49.032  10.982  25.487 0.0000000000
56282  -50.863  14.617  23.428 0.0000000000
60416  -20.116  22.219  52.588 0.0000000000
61541  -8.418  23.898  58.702 0.0000000000
54017  -53.296  11.051  19.998 0.0000000000
57325  -45.783  16.811  30.205 0.0000000000
58326  -27.069  18.084  48.725 0.0000000000
62709  -13.900  25.670  54.022 0.0000000000
55667  -41.712  14.464  38.032 0.0000000000
56226  -41.568  15.240  38.857 0.0000000000
57804  -33.178  17.807  44.730 0.0000000000
56719  -33.561  15.804  45.208 0.0000000000
57268  -35.589  16.847  44.253 0.0000000000
56739  -39.190  16.042  41.445 0.0000000000
56200  -38.584  14.830  42.845 0.0000000000
55648  -39.132  14.269  41.865 0.0000000000
58869  -32.978  19.623  44.005 0.0000000000
58349  -31.188  18.945  44.208 0.0000000000
50773  -53.276  6.179  19.528 0.0000000000
49068  -50.388  2.548  15.696 0.0000000000
50787  -50.981  6.211  14.263 0.0000000000
55706  -47.026  13.545  30.190 0.0000000000
55135  -47.573  12.036  25.772 0.0000000000
56278  -49.731  14.577  23.738 0.0000000000
59357  -24.809  20.493  49.899 0.0000000000
60425  -23.054  22.588  50.456 0.0000000000
61016  -21.775  23.522  50.922 0.0000000000
59878  -22.067  20.962  51.869 0.0000000000
60985  -10.760  23.667  57.103 0.0000000000
57287  -40.114  16.947  40.220 0.0000000000
57289  -41.179  16.877  39.178 0.0000000000
58376  -41.045  18.700  38.914 0.0000000000
58876  -35.875  19.616  43.613 0.0000000000
57808  -36.443  17.652  43.607 0.0000000000
58362  -37.212  18.956  42.690 0.0000000000
57821  -38.801  17.743  41.323 0.0000000000
54586  -52.197  11.812  22.755 0.0000000000
53439  -53.215  10.030  21.525 0.0000000000
52825  -53.768  8.792  20.216 0.0000000000
51416  -53.530  7.070  18.316 0.0000000000
50781  -52.478  6.128  16.893 0.0000000000
52164  -53.537  8.004  16.955 0.0000000000
57310  -45.193  16.219  33.502 0.0000000000
56246  -45.828  14.811  33.038 0.0000000000
56785  -45.997  15.895  32.075 0.0000000000
56794  -46.216  15.754  30.411 0.0000000000
56266  -45.585  14.544  28.487 0.0000000000
55716  -46.565  13.162  25.538 0.0000000000
56806  -45.147  15.775  25.689 0.0000000000
59902  -25.798  20.370  47.112 0.0000000000
58844  -25.866  19.263  49.214 0.0000000000
47989  -53.746  1.359  8.854 0.0000000000
63892  -11.058  28.096  55.917 0.0000000000
55679  -43.193  14.123  36.870 0.0000000000
56237  -43.980  15.053  35.960 0.0000000000
57296  -42.645  16.760  37.696 0.0000000000
57303  -43.566  16.561  36.342 0.0000000000
57308  -44.273  16.787  34.641 0.0000000000
57849  -44.718  17.838  33.575 0.0000000000
56728  -37.412  15.689  43.318 0.0000000000
58864  -29.060  19.208  43.450 0.0000000000
57798  -29.980  17.648  45.849 0.0000000000
50228  -50.989  5.132  15.393 0.0000000000
49080  -51.007  2.700  12.221 0.0000000000
48529  -52.669  1.981  10.528 0.0000000000
49670  -52.295  3.968  10.007 0.0000000000
60407  -17.091  22.428  54.507 0.0000000000
60993  -15.182  23.164  54.944 0.0000000000
54576  -50.714  10.694  24.729 0.0000000000
55720  -48.725  13.323  23.931 0.0000000000
55143  -50.546  12.508  23.990 0.0000000000
55146  -51.382  12.324  23.881 0.0000000000
55731  -51.640  13.361  23.159 0.0000000000
61003  -18.330  22.806  53.247 0.0000000000
61550  -12.620  24.535  55.991 0.0000000000
62150  -11.197  25.479  56.554 0.0000000000
63310  -9.271  26.460  57.104 0.0000000000
62164  -15.237  24.343  53.316 0.0000000000
55658  -39.942  14.712  40.091 0.0000000000
55665  -40.425  14.949  39.348 0.0000000000
56219  -41.080  15.595  39.204 0.0000000000
57805  -34.123  17.797  44.551 0.0000000000
57806  -35.066  17.784  44.341 0.0000000000
56744  -39.750  16.080  40.765 0.0000000000
56209  -39.299  15.066  41.557 0.0000000000
55657  -39.704  14.790  40.676 0.0000000000
55652  -39.514  14.424  40.793 0.0000000000
58871  -35.072  19.640  43.921 0.0000000000
59399  -33.452  20.536  43.725 0.0000000000
58870  -34.023  19.648  44.048 0.0000000000
58351  -33.552  18.714  44.371 0.0000000000
49652  -50.933  3.990  16.528 0.0000000000
55689  -44.594  14.084  35.139 0.0000000000
55690  -45.065  13.764  34.660 0.0000000000
54560  -48.067  11.784  29.768 0.0000000000
54567  -47.448  12.088  27.665 0.0000000000
59356  -24.145  20.587  50.495 0.0000000000
59887  -24.172  21.439  50.029 0.0000000000
59883  -23.120  21.059  51.103 0.0000000000
59882  -22.453  21.525  51.362 0.0000000000
59352  -22.427  20.481  51.783 0.0000000000
57824  -39.799  17.763  40.311 0.0000000000
57825  -40.425  17.816  39.755 0.0000000000
58894  -40.152  19.523  39.498 0.0000000000
59407  -36.533  20.429  42.805 0.0000000000
58877  -36.469  19.579  43.198 0.0000000000
59408  -37.025  20.118  42.490 0.0000000000
58892  -39.029  19.575  40.407 0.0000000000
58885  -38.097  19.015  41.496 0.0000000000
58368  -38.935  18.626  40.796 0.0000000000
57822  -39.294  17.750  40.802 0.0000000000
54588  -52.548  11.862  22.006 0.0000000000
54011  -52.541  10.930  22.570 0.0000000000
54013  -52.872  10.964  21.780 0.0000000000
53444  -53.539  10.289  19.566 0.0000000000
53445  -53.699  9.486  19.887 0.0000000000
52829  -53.823  8.814  19.415 0.0000000000
52158  -53.826  7.994  18.878 0.0000000000
52833  -53.807  8.915  18.541 0.0000000000
52160  -53.735  8.046  17.937 0.0000000000
52838  -53.664  9.208  17.491 0.0000000000
57314  -45.646  16.755  32.347 0.0000000000
56781  -45.718  15.849  32.713 0.0000000000
57318  -45.853  16.864  31.704 0.0000000000
57330  -45.480  17.183  29.597 0.0000000000
56798  -45.846  15.708  29.625 0.0000000000
56265  -45.903  15.056  29.289 0.0000000000
56802  -45.259  15.679  28.718 0.0000000000
56803  -44.931  15.637  27.342 0.0000000000
59385  -26.552  20.189  45.079 0.0000000000
59384  -26.005  20.327  45.854 0.0000000000
59379  -26.234  19.533  45.902 0.0000000000
58325  -26.380  18.629  49.011 0.0000000000
47991  -53.645  1.400  7.873 0.0000000000
63893  -11.777  28.032  55.465 0.0000000000
55674  -42.405  14.629  37.851 0.0000000000
55668  -42.275  14.115  37.421 0.0000000000
55675  -42.769  14.379  37.375 0.0000000000
55683  -43.562  14.242  36.598 0.0000000000
56760  -43.307  15.325  37.145 0.0000000000
57833  -41.792  17.966  38.318 0.0000000000
57831  -41.854  17.389  38.417 0.0000000000
58381  -42.298  18.179  37.576 0.0000000000
58392  -43.521  18.339  35.260 0.0000000000
57841  -43.167  17.987  36.271 0.0000000000
57842  -43.535  17.638  35.804 0.0000000000
57306  -43.956  16.758  35.431 0.0000000000
57845  -43.930  17.673  34.997 0.0000000000
57846  -44.295  17.734  34.212 0.0000000000
58397  -44.329  18.653  33.817 0.0000000000
56191  -34.902  14.965  44.624 0.0000000000
57274  -37.216  17.223  43.133 0.0000000000
57270  -37.038  16.730  43.359 0.0000000000
57271  -37.500  16.211  43.193 0.0000000000
56196  -38.371  14.509  43.127 0.0000000000
59396  -30.573  20.515  43.288 0.0000000000
57800  -31.794  17.388  45.179 0.0000000000
58343  -29.933  18.436  44.560 0.0000000000
57795  -30.321  17.120  46.336 0.0000000000
57255  -30.273  16.833  46.790 0.0000000000
50783  -51.994  6.145  16.039 0.0000000000
50785  -51.465  6.176  15.179 0.0000000000
50232  -50.489  5.109  13.223 0.0000000000
49665  -51.031  3.926  12.187 0.0000000000
49082  -51.843  2.870  11.314 0.0000000000
49084  -52.532  3.012  10.341 0.0000000000
49668  -51.839  4.002  11.191 0.0000000000
56247  -46.156  14.542  32.561 0.0000000000
55696  -45.797  13.802  33.646 0.0000000000
53999  -50.043  10.211  25.466 0.0000000000
54572  -49.612  10.999  25.013 0.0000000000
56270  -46.864  14.438  24.142 0.0000000000
55717  -47.589  13.068  24.269 0.0000000000
56273  -48.304  14.571  23.861 0.0000000000
56280  -50.382  14.518  23.652 0.0000000000
55723  -50.135  13.479  23.812 0.0000000000
55725  -50.781  13.616  23.740 0.0000000000
55148  -51.369  13.048  23.641 0.0000000000
55149  -51.527  12.604  23.575 0.0000000000
55727  -51.304  13.705  23.442 0.0000000000
60421  -21.111  22.381  51.798 0.0000000000
61011  -19.898  23.246  51.879 0.0000000000
61010  -19.284  23.612  51.827 0.0000000000
60415  -19.431  22.580  52.770 0.0000000000
60412  -19.011  22.169  53.511 0.0000000000
60413  -19.741  21.753  53.297 0.0000000000
60989  -14.190  23.118  55.600 0.0000000000
60991  -13.849  23.761  55.514 0.0000000000
60988  -13.390  23.553  55.876 0.0000000000
60984  -10.020  23.788  57.490 0.0000000000
61548  -10.987  24.576  56.831 0.0000000000
62146  -9.664  24.923  57.360 0.0000000000
62696  -9.728  26.124  57.017 0.0000000000
62145  -8.916  24.997  57.774 0.0000000000
59411  -37.365  20.367  42.007 0.0000000000
55157  -52.775  12.749  20.610 0.0000000000
54590  -52.837  11.883  21.194 0.0000000000
54592  -53.033  11.909  20.335 0.0000000000
57860  -45.741  17.719  31.309 0.0000000000
58335  -28.762  17.593  47.005 0.0000000000
58850  -27.105  18.498  47.706 0.0000000000
63329  -13.919  26.334  53.096 0.0000000000
62708  -13.478  26.263  54.274 0.0000000000
55088  -39.569  14.509  38.525 0.0000000000
56227  -42.289  15.191  38.336 0.0000000000
57260  -32.548  16.717  45.294 0.0000000000
56718  -32.775  15.758  45.786 0.0000000000
57266  -33.579  16.813  44.948 0.0000000000
56724  -34.403  15.951  44.898 0.0000000000
56725  -35.302  15.928  44.481 0.0000000000
57280  -38.266  16.748  42.422 0.0000000000
57276  -38.144  16.239  42.737 0.0000000000
56204  -38.829  15.192  42.394 0.0000000000
56205  -39.070  14.712  42.126 0.0000000000
55074  -38.982  13.960  41.737 0.0000000000
59398  -32.442  20.566  43.652 0.0000000000
58867  -31.004  19.713  43.674 0.0000000000
58868  -31.922  19.665  43.884 0.0000000000
58345  -31.981  17.917  44.818 0.0000000000
51412  -53.704  7.121  20.069 0.0000000000
49072  -50.215  2.475  14.518 0.0000000000
52169  -52.734  7.819  15.207 0.0000000000
51427  -51.920  7.067  14.850 0.0000000000
55703  -46.721  13.890  31.478 0.0000000000
53995  -48.906  10.497  27.515 0.0000000000
54570  -48.389  11.062  26.201 0.0000000000
57340  -48.340  16.468  24.089 0.0000000000
56277  -49.129  15.048  23.819 0.0000000000
56813  -49.489  15.865  23.755 0.0000000000
59892  -25.114  21.178  48.964 0.0000000000
60427  -24.158  22.210  49.530 0.0000000000
61018  -23.279  23.345  49.840 0.0000000000
60424  -22.457  22.643  50.906 0.0000000000
59881  -21.743  21.958  51.648 0.0000000000
60417  -20.890  21.839  52.317 0.0000000000
59347  -20.623  20.763  53.221 0.0000000000
59348  -21.202  20.485  52.824 0.0000000000
56748  -40.362  16.122  40.037 0.0000000000
56749  -40.904  16.156  39.468 0.0000000000
57288  -40.683  16.905  39.689 0.0000000000
57829  -40.872  18.112  39.256 0.0000000000
58872  -35.622  19.133  43.878 0.0000000000
58353  -35.396  18.618  44.072 0.0000000000
58358  -36.370  18.960  43.441 0.0000000000
58359  -36.867  18.649  43.079 0.0000000000
57815  -37.651  17.729  42.607 0.0000000000
58884  -37.834  19.508  41.756 0.0000000000
58365  -38.001  18.573  41.864 0.0000000000
57819  -38.296  17.708  41.931 0.0000000000
57282  -38.773  16.877  41.779 0.0000000000
56743  -39.432  16.524  41.046 0.0000000000
59402  -35.046  20.569  43.621 0.0000000000
54009  -52.166  10.855  23.290 0.0000000000
52807  -52.605  9.073  23.692 0.0000000000
53435  -52.565  9.998  23.139 0.0000000000
52815  -53.240  9.128  22.131 0.0000000000
52819  -53.521  9.044  21.268 0.0000000000
54015  -53.137  10.975  20.913 0.0000000000
52824  -53.644  9.168  20.657 0.0000000000
52154  -53.790  7.991  20.497 0.0000000000
52156  -53.833  7.979  19.739 0.0000000000
51414  -53.653  7.081  19.213 0.0000000000
50777  -52.856  6.131  17.766 0.0000000000
50224  -51.909  5.154  17.199 0.0000000000
51420  -53.302  7.056  17.396 0.0000000000
51422  -52.931  7.029  16.499 0.0000000000
52166  -53.174  7.884  16.036 0.0000000000
52837  -53.507  9.944  17.229 0.0000000000
52850  -53.136  8.665  15.545 0.0000000000
56778  -45.121  15.679  33.840 0.0000000000
56245  -45.441  14.816  33.678 0.0000000000
56780  -45.447  15.686  33.297 0.0000000000
56251  -46.011  15.215  32.501 0.0000000000
56252  -46.232  14.969  32.112 0.0000000000
56793  -46.145  16.243  30.876 0.0000000000
56791  -46.354  15.539  31.183 0.0000000000
56258  -46.571  14.799  30.931 0.0000000000
55709  -46.658  14.088  29.970 0.0000000000
55710  -46.693  13.699  29.284 0.0000000000
55712  -46.205  13.469  27.813 0.0000000000
55713  -46.439  12.961  26.865 0.0000000000
55715  -45.864  13.628  26.407 0.0000000000
56269  -45.509  14.381  25.149 0.0000000000
56807  -46.250  15.911  24.242 0.0000000000
57338  -45.930  17.151  25.066 0.0000000000
57339  -47.715  17.089  24.390 0.0000000000
59901  -25.649  20.870  47.548 0.0000000000
58849  -26.607  18.954  47.934 0.0000000000
59367  -26.074  19.584  48.191 0.0000000000
59893  -25.462  20.966  48.370 0.0000000000
59358  -25.275  20.154  49.560 0.0000000000
56235  -44.030  14.421  35.924 0.0000000000
56238  -44.230  14.735  35.438 0.0000000000
56750  -41.458  16.112  39.049 0.0000000000
57293  -42.179  16.766  38.257 0.0000000000
57298  -43.122  16.761  37.033 0.0000000000
56763  -43.265  16.149  37.037 0.0000000000
56768  -43.783  15.570  36.263 0.0000000000
56772  -44.021  15.742  35.664 0.0000000000
56777  -44.662  15.761  34.510 0.0000000000
57309  -44.845  16.764  33.839 0.0000000000
57312  -44.997  17.304  33.360 0.0000000000
57855  -45.270  18.135  32.442 0.0000000000
58401  -44.666  18.678  33.253 0.0000000000
58402  -44.956  18.810  32.667 0.0000000000
57807  -35.834  17.727  44.001 0.0000000000
57269  -36.318  16.787  43.813 0.0000000000
56727  -36.810  15.818  43.594 0.0000000000
56729  -37.827  15.711  43.133 0.0000000000
56194  -37.325  14.851  43.445 0.0000000000
59390  -27.324  20.093  44.154 0.0000000000
58863  -27.939  19.050  43.927 0.0000000000
58348  -30.602  19.075  43.864 0.0000000000
58342  -28.806  18.755  44.178 0.0000000000
58339  -29.092  17.871  45.875 0.0000000000
57792  -29.298  16.974  47.524 0.0000000000
50226  -51.452  5.146  16.326 0.0000000000
49654  -50.578  3.912  15.535 0.0000000000
49656  -50.301  3.882  14.419 0.0000000000
50230  -50.599  5.123  14.365 0.0000000000
49660  -50.372  3.890  13.218 0.0000000000
49077  -50.260  2.546  13.248 0.0000000000
48525  -51.001  1.386  12.212 0.0000000000
48527  -51.912  1.739  11.397 0.0000000000
47983  -52.926  0.969  10.742 0.0000000000
47986  -53.436  1.184  9.796 0.0000000000
48531  -53.197  2.162  9.572 0.0000000000
61001  -16.727  23.036  53.939 0.0000000000
61559  -15.319  23.698  54.233 0.0000000000
60994  -15.952  22.731  54.825 0.0000000000
55691  -45.563  13.468  34.221 0.0000000000
54005  -51.316  10.494  24.488 0.0000000000
55133  -47.116  12.340  26.850 0.0000000000
55136  -48.613  12.002  24.700 0.0000000000
56274  -49.123  14.223  23.821 0.0000000000
55140  -49.135  12.701  24.048 0.0000000000
55141  -49.653  12.181  24.227 0.0000000000
54575  -50.376  11.174  24.546 0.0000000000
54579  -50.970  11.043  24.475 0.0000000000
54007  -51.765  10.734  23.945 0.0000000000
54584  -51.803  11.727  23.428 0.0000000000
55151  -51.893  12.681  22.949 0.0000000000
55153  -52.246  12.761  22.221 0.0000000000
62169  -17.385  24.322  51.670 0.0000000000
61572  -17.930  24.086  51.794 0.0000000000
61564  -17.185  23.456  53.005 0.0000000000
60411  -18.209  22.522  53.712 0.0000000000
59870  -18.484  21.649  54.536 0.0000000000
61558  -14.621  24.150  54.530 0.0000000000
62156  -13.676  24.940  54.983 0.0000000000
62700  -12.809  26.118  55.294 0.0000000000
60986  -11.597  23.773  56.749 0.0000000000
62151  -12.000  25.467  56.114 0.0000000000
62699  -12.141  26.296  55.800 0.0000000000
63315  -10.789  27.240  56.281 0.0000000000
63314  -9.733  27.097  56.704 0.0000000000
62136  -7.649  24.526  58.886 0.0000000000
62690  -7.754  25.387  58.419 0.0000000000
62167  -15.599  24.285  52.487 0.0000000000
56218  -40.569  15.390  39.681 0.0000000000
56212  -39.657  15.191  40.989 0.0000000000
54564  -47.685  11.986  28.470 0.0000000000
55132  -47.025  12.611  27.759 0.0000000000
59355  -23.558  20.577  50.984 0.0000000000
59353  -23.008  20.537  51.385 0.0000000000
58372  -39.905  18.681  39.941 0.0000000000
58369  -39.423  18.347  40.385 0.0000000000
53448  -53.714  9.616  19.090 0.0000000000
57851  -45.386  17.448  32.564 0.0000000000
57331  -45.330  16.675  29.174 0.0000000000
57326  -45.812  16.230  29.894 0.0000000000
58860  -27.126  19.054  45.212 0.0000000000
58855  -26.885  18.915  46.894 0.0000000000
48534  -53.445  2.285  8.554 0.0000000000
63898  -12.877  27.289  54.634 0.0000000000
63897  -12.417  27.897  54.854 0.0000000000
63894  -12.278  27.538  55.285 0.0000000000
56230  -43.155  14.928  37.323 0.0000000000
58380  -41.947  18.424  37.943 0.0000000000
57256  -30.869  16.509  46.651 0.0000000000
56712  -31.896  15.755  46.483 0.0000000000
57275  -37.695  16.718  42.922 0.0000000000
57799  -30.843  17.426  45.622 0.0000000000
55697  -46.194  13.787  32.954 0.0000000000
53998  -49.481  10.290  25.949 0.0000000000
60420  -20.495  22.798  51.870 0.0000000000
61007  -19.608  22.794  52.440 0.0000000000
61544  -8.899  24.099  58.194 0.0000000000
61545  -9.514  24.276  57.674 0.0000000000
62141  -8.306  24.496  58.320 0.0000000000
58412  -45.618  18.629  30.931 0.0000000000
58331  -27.855  17.896  47.797 0.0000000000
62711  -14.243  25.639  53.365 0.0000000000
63325  -13.878  26.090  53.600 0.0000000000
55659  -40.020  14.723  39.295 0.0000000000
56225  -40.907  15.146  39.151 0.0000000000
55666  -40.753  14.680  38.715 0.0000000000
57265  -32.941  17.230  44.937 0.0000000000
57267  -34.708  16.873  44.630 0.0000000000
56736  -38.768  15.998  42.129 0.0000000000
55645  -39.014  13.995  42.342 0.0000000000
55081  -39.192  14.467  40.641 0.0000000000
58350  -32.332  18.553  44.448 0.0000000000
57803  -32.458  17.593  44.867 0.0000000000
55705  -46.870  13.933  30.695 0.0000000000
55123  -47.122  13.131  31.323 0.0000000000
55126  -47.211  13.168  30.728 0.0000000000
54568  -48.009  11.448  27.554 0.0000000000
57343  -48.897  16.938  24.185 0.0000000000
56810  -48.717  15.821  23.961 0.0000000000
56817  -50.439  15.400  23.399 0.0000000000
59888  -24.717  21.379  49.465 0.0000000000
60426  -23.644  22.326  50.028 0.0000000000
61017  -22.610  23.505  50.446 0.0000000000
59877  -21.508  21.367  52.089 0.0000000000
59349  -21.866  20.444  52.246 0.0000000000
58373  -40.532  18.734  39.408 0.0000000000
58360  -37.311  18.347  42.748 0.0000000000
59413  -37.800  20.403  41.441 0.0000000000
58366  -38.358  18.508  41.374 0.0000000000
57285  -39.616  17.012  40.748 0.0000000000
59404  -36.122  20.200  43.247 0.0000000000
58875  -35.429  20.113  43.675 0.0000000000
53437  -52.908  10.041  22.369 0.0000000000
53442  -53.669  9.362  20.350 0.0000000000
52820  -53.707  8.633  20.787 0.0000000000
50775  -53.113  6.149  18.646 0.0000000000
56786  -46.263  15.467  31.698 0.0000000000
57322  -45.957  16.929  31.038 0.0000000000
56261  -46.422  14.850  30.059 0.0000000000
56262  -46.226  14.432  29.468 0.0000000000
56268  -45.185  14.444  26.812 0.0000000000
59378  -26.027  19.853  46.756 0.0000000000
59909  -25.915  20.923  46.415 0.0000000000
59908  -25.736  21.337  46.840 0.0000000000
58330  -27.133  18.318  48.066 0.0000000000
58845  -26.257  19.046  48.622 0.0000000000
59366  -25.784  19.967  48.560 0.0000000000
59365  -25.442  20.292  49.094 0.0000000000
58843  -25.507  19.790  49.445 0.0000000000
63891  -10.291  28.162  56.205 0.0000000000
55090  -41.689  13.682  36.965 0.0000000000
55101  -43.227  13.371  36.506 0.0000000000
56234  -43.752  14.798  36.405 0.0000000000
57834  -42.200  17.590  37.946 0.0000000000
56755  -42.551  15.961  38.065 0.0000000000
57839  -43.319  17.409  36.382 0.0000000000
57838  -42.989  17.696  36.767 0.0000000000
57302  -43.260  17.115  36.646 0.0000000000
57299  -43.363  16.293  36.824 0.0000000000
56776  -44.237  16.090  35.057 0.0000000000
57850  -45.059  17.855  32.985 0.0000000000
58915  -43.958  19.708  33.808 0.0000000000
58916  -44.367  19.186  33.471 0.0000000000
58407  -45.276  18.797  32.000 0.0000000000
57261  -33.093  16.251  45.258 0.0000000000
58354  -36.029  18.587  43.745 0.0000000000
56726  -36.103  15.891  44.009 0.0000000000
56733  -38.465  15.783  42.602 0.0000000000
56732  -38.153  15.725  42.904 0.0000000000
56199  -38.193  15.115  43.081 0.0000000000
59391  -28.220  20.190  43.173 0.0000000000
57794  -29.708  17.230  46.710 0.0000000000
49086  -52.940  3.108  9.276 0.0000000000
60999  -17.127  22.668  54.184 0.0000000000
60998  -16.351  22.871  54.415 0.0000000000
55695  -45.397  14.131  34.089 0.0000000000
54002  -50.557  10.259  25.080 0.0000000000
54003  -50.915  10.309  24.854 0.0000000000
55721  -49.467  13.436  23.913 0.0000000000
54581  -51.251  12.146  23.997 0.0000000000
54578  -50.973  11.874  24.116 0.0000000000
54582  -51.409  11.641  24.039 0.0000000000
55734  -51.924  13.748  22.451 0.0000000000
61006  -18.937  23.116  52.484 0.0000000000
61573  -18.696  23.992  51.652 0.0000000000
61569  -18.189  23.658  52.221 0.0000000000
61005  -17.937  23.301  52.833 0.0000000000
61002  -17.506  22.924  53.613 0.0000000000
60409  -18.617  21.824  54.224 0.0000000000
59871  -19.008  21.319  54.396 0.0000000000
60997  -15.555  23.195  54.619 0.0000000000
61555  -15.000  23.629  54.652 0.0000000000
61551  -13.280  24.448  55.599 0.0000000000
61553  -13.825  24.281  55.259 0.0000000000
62153  -13.256  25.122  55.316 0.0000000000
62701  -13.271  25.525  55.087 0.0000000000
62152  -12.688  25.349  55.674 0.0000000000
60393  -11.373  23.234  56.999 0.0000000000
60987  -12.460  23.676  56.347 0.0000000000
62698  -11.410  26.372  56.244 0.0000000000
63316  -11.598  27.220  55.906 0.0000000000
62694  -9.058  25.909  57.395 0.0000000000
62686  -7.565  24.981  58.737 0.0000000000
62163  -14.582  24.921  53.644 0.0000000000
56740  -39.465  15.568  41.179 0.0000000000
55651  -39.315  14.504  41.249 0.0000000000
59400  -34.368  20.499  43.755 0.0000000000
55686  -44.302  13.742  35.566 0.0000000000
55127  -47.463  12.776  30.152 0.0000000000
59886  -23.394  21.538  50.667 0.0000000000
59885  -22.858  22.090  50.852 0.0000000000
58880  -36.924  19.553  42.804 0.0000000000
58881  -37.333  19.535  42.369 0.0000000000
58889  -38.384  19.498  41.077 0.0000000000
59406  -36.014  20.756  43.063 0.0000000000
57313  -45.302  16.738  33.068 0.0000000000
57335  -45.018  16.819  26.440 0.0000000000
59915  -26.705  20.990  45.474 0.0000000000
47411  -54.084  0.535  8.171 0.0000000000
47413  -53.555  0.433  7.298 0.0000000000
56232  -43.453  14.842  36.916 0.0000000000
57830  -41.373  17.758  38.827 0.0000000000
58920  -44.480  19.685  33.031 0.0000000000
56190  -34.106  15.243  45.017 0.0000000000
57811  -36.891  17.720  43.270 0.0000000000
59395  -29.507  20.380  43.080 0.0000000000
58344  -31.342  18.125  44.813 0.0000000000
60404  -17.716  21.760  54.904 0.0000000000
60403  -16.922  22.056  54.988 0.0000000000
55145  -51.177  12.746  23.837 0.0000000000
55728  -51.472  13.195  23.472 0.0000000000
61013  -21.406  22.955  51.319 0.0000000000
61012  -20.870  23.411  51.334 0.0000000000
59873  -19.663  21.332  53.808 0.0000000000
60992  -14.514  23.357  55.262 0.0000000000
61547  -10.179  24.437  57.184 0.0000000000
62149  -10.267  25.357  56.983 0.0000000000
62697  -10.540  26.311  56.647 0.0000000000
62148  -9.515  25.479  57.293 0.0000000000
59416  -38.691  20.371  40.521 0.0000000000
53447  -53.537  10.391  18.680 0.0000000000
58408  -45.553  18.393  31.537 0.0000000000
57863  -45.754  17.750  30.589 0.0000000000
57865  -45.472  17.789  29.747 0.0000000000
63322  -13.170  26.766  54.443 0.0000000000
63321  -12.891  26.913  54.836 0.0000000000
55089  -40.579  14.156  37.516 0.0000000000
56717  -32.212  16.212  45.846 0.0000000000
56208  -39.046  15.385  41.955 0.0000000000
56201  -38.907  14.516  42.528 0.0000000000
55075  -38.981  14.012  41.341 0.0000000000
59397  -31.465  20.585  43.581 0.0000000000
51410  -53.700  7.241  20.842 0.0000000000
56814  -50.044  15.311  23.577 0.0000000000
60422  -21.834  22.503  51.313 0.0000000000
59874  -20.171  21.302  53.243 0.0000000000
59876  -20.770  21.346  52.741 0.0000000000
60980  -8.894  23.537  58.590 0.0000000000
57826  -40.926  17.502  39.351 0.0000000000
58355  -36.528  18.321  43.443 0.0000000000
57812  -37.260  17.729  42.963 0.0000000000
58363  -37.595  18.668  42.335 0.0000000000
57818  -37.894  18.027  42.233 0.0000000000
57816  -37.998  17.475  42.382 0.0000000000
57284  -39.185  16.990  41.203 0.0000000000
53433  -52.189  9.905  23.854 0.0000000000
52811  -52.936  9.126  22.931 0.0000000000
53441  -53.488  9.941  20.544 0.0000000000
52152  -53.666  8.088  21.162 0.0000000000
52845  -53.448  8.853  16.432 0.0000000000
56242  -45.052  14.813  34.255 0.0000000000
56256  -46.443  14.764  31.614 0.0000000000
56790  -46.127  16.157  31.442 0.0000000000
57875  -45.531  18.031  26.191 0.0000000000
58854  -26.277  19.321  47.329 0.0000000000
59374  -26.009  19.867  47.605 0.0000000000
59373  -25.814  20.154  48.054 0.0000000000
59894  -25.682  20.499  48.174 0.0000000000
59364  -25.102  20.715  49.421 0.0000000000
58836  -25.386  19.411  49.840 0.0000000000
55684  -43.832  13.789  36.124 0.0000000000
57292  -41.687  16.824  38.722 0.0000000000
56754  -42.010  16.017  38.597 0.0000000000
56759  -43.074  15.845  37.403 0.0000000000
57836  -42.639  17.584  37.362 0.0000000000
56764  -43.463  15.677  36.817 0.0000000000
56773  -44.343  15.413  35.091 0.0000000000
56193  -36.628  14.923  43.712 0.0000000000
56195  -37.930  14.811  43.263 0.0000000000
59916  -27.096  21.065  44.412 0.0000000000
58866  -30.183  19.421  43.356 0.0000000000
58338  -28.417  18.466  44.956 0.0000000000
47981  -52.398  0.803  11.784 0.0000000000
61563  -16.515  23.446  53.448 0.0000000000
61562  -15.655  23.787  53.657 0.0000000000
61560  -16.106  23.336  53.948 0.0000000000
60402  -15.754  22.485  55.155 0.0000000000
60401  -15.136  22.836  55.216 0.0000000000
55120  -46.993  12.892  32.049 0.0000000000
55137  -49.232  11.512  24.812 0.0000000000
56284  -51.217  14.756  23.012 0.0000000000
61567  -16.532  23.806  52.729 0.0000000000
61568  -17.404  23.813  52.317 0.0000000000
60408  -17.919  22.138  54.355 0.0000000000
62161  -15.020  24.258  53.827 0.0000000000
62160  -14.453  24.661  54.200 0.0000000000
61554  -14.391  24.034  54.892 0.0000000000
62157  -14.056  24.815  54.638 0.0000000000
62706  -13.926  25.253  54.418 0.0000000000
62705  -13.387  25.882  54.718 0.0000000000
62704  -12.912  26.504  55.018 0.0000000000
61549  -11.829  24.608  56.425 0.0000000000
63317  -12.218  27.068  55.505 0.0000000000
61537  -8.024  23.768  59.214 0.0000000000
62137  -7.990  24.285  58.752 0.0000000000
62144  -8.191  25.062  58.173 0.0000000000
62693  -8.402  25.661  57.859 0.0000000000
59865  -17.642  21.571  55.131 0.0000000000
62140  -7.855  24.785  58.568 0.0000000000
