#!ascii label  , from subject 3227 vox2ras=TkReg
248
2994  -20.388  -78.169  19.240 0.0000000000
2216  -15.626  -79.968  12.577 0.0000000000
3032  -23.003  -77.956  16.251 0.0000000000
2602  -18.036  -79.508  16.531 0.0000000000
2655  -20.607  -79.265  12.006 0.0000000000
3919  -23.450  -76.671  20.087 0.0000000000
3945  -25.409  -76.605  16.353 0.0000000000
4885  -28.241  -73.786  17.017 0.0000000000
3057  -23.756  -77.761  13.572 0.0000000000
3055  -21.865  -78.587  14.251 0.0000000000
3079  -22.664  -78.310  12.021 0.0000000000
3926  -24.305  -76.949  18.655 0.0000000000
4376  -25.907  -75.634  19.131 0.0000000000
4904  -29.606  -72.992  14.914 0.0000000000
4422  -27.934  -74.472  14.135 0.0000000000
2991  -17.940  -78.518  19.573 0.0000000000
2631  -16.373  -80.297  14.014 0.0000000000
2608  -15.456  -80.135  15.924 0.0000000000
2197  -14.316  -80.648  14.068 0.0000000000
3009  -21.343  -78.501  17.886 0.0000000000
3007  -19.247  -78.958  17.708 0.0000000000
2634  -19.253  -79.726  14.282 0.0000000000
2652  -17.575  -79.806  12.434 0.0000000000
3464  -23.095  -77.796  17.975 0.0000000000
3476  -24.340  -77.281  16.473 0.0000000000
3499  -25.731  -76.674  14.561 0.0000000000
4867  -27.089  -74.700  19.010 0.0000000000
4404  -27.184  -74.934  16.167 0.0000000000
3967  -26.847  -75.751  14.554 0.0000000000
3533  -27.152  -75.635  12.092 0.0000000000
2590  -16.629  -79.429  17.708 0.0000000000
2248  -15.205  -78.492  7.123 0.0000000000
2232  -13.726  -79.134  11.077 0.0000000000
1813  -11.657  -81.271  10.303 0.0000000000
3058  -24.530  -77.422  13.102 0.0000000000
3068  -23.168  -78.020  12.883 0.0000000000
2992  -18.663  -78.405  19.400 0.0000000000
2640  -16.347  -80.216  13.123 0.0000000000
2630  -15.910  -80.358  14.307 0.0000000000
2205  -14.619  -80.461  13.181 0.0000000000
2204  -13.724  -80.887  13.100 0.0000000000
2214  -13.988  -80.451  12.267 0.0000000000
3019  -22.140  -78.253  17.278 0.0000000000
3031  -21.858  -78.490  16.184 0.0000000000
2645  -20.903  -79.145  12.815 0.0000000000
3053  -20.460  -79.294  14.492 0.0000000000
2644  -20.180  -79.425  13.481 0.0000000000
2643  -18.977  -79.792  13.298 0.0000000000
2654  -19.531  -79.609  12.243 0.0000000000
3460  -22.691  -77.792  18.752 0.0000000000
3455  -23.088  -77.246  19.579 0.0000000000
3927  -25.100  -76.502  18.283 0.0000000000
3935  -24.671  -76.937  17.551 0.0000000000
3944  -24.710  -77.034  16.739 0.0000000000
3488  -24.537  -77.255  15.741 0.0000000000
3955  -25.689  -76.560  15.588 0.0000000000
4876  -27.551  -74.467  17.914 0.0000000000
4385  -27.086  -74.896  17.904 0.0000000000
4884  -27.613  -74.408  16.746 0.0000000000
3978  -27.929  -74.997  13.220 0.0000000000
3968  -27.534  -75.009  14.289 0.0000000000
3977  -27.305  -75.417  13.625 0.0000000000
3510  -26.358  -76.225  13.759 0.0000000000
2592  -18.664  -79.232  16.955 0.0000000000
2591  -17.883  -79.124  17.640 0.0000000000
2601  -17.094  -79.636  16.746 0.0000000000
2599  -14.969  -79.943  16.876 0.0000000000
2237  -13.640  -77.707  10.129 0.0000000000
1824  -11.928  -81.001  8.988 0.0000000000
3045  -23.617  -77.765  14.844 0.0000000000
3044  -22.409  -78.221  15.133 0.0000000000
3056  -22.812  -78.091  13.980 0.0000000000
3067  -22.193  -78.428  13.151 0.0000000000
3078  -21.596  -78.840  12.245 0.0000000000
3920  -24.013  -76.712  19.576 0.0000000000
3921  -24.824  -76.414  19.137 0.0000000000
3928  -25.657  -76.120  18.078 0.0000000000
4895  -29.034  -73.061  16.110 0.0000000000
4894  -28.009  -73.863  15.870 0.0000000000
4416  -28.409  -73.486  14.425 0.0000000000
4429  -28.995  -74.163  13.261 0.0000000000
3979  -28.937  -74.813  12.815 0.0000000000
2621  -17.882  -79.982  14.972 0.0000000000
2609  -16.493  -80.015  15.875 0.0000000000
2619  -15.932  -80.291  14.881 0.0000000000
2191  -14.901  -80.404  14.994 0.0000000000
2190  -13.891  -80.629  15.016 0.0000000000
2196  -13.341  -81.003  14.075 0.0000000000
1764  -12.720  -81.232  13.677 0.0000000000
1786  -12.053  -81.447  12.193 0.0000000000
3000  -20.895  -78.427  18.567 0.0000000000
2999  -19.926  -78.611  18.591 0.0000000000
3016  -19.378  -79.239  16.621 0.0000000000
3028  -19.340  -79.435  15.997 0.0000000000
3042  -20.696  -79.140  15.220 0.0000000000
2624  -19.787  -79.481  15.260 0.0000000000
2622  -18.710  -79.824  14.985 0.0000000000
2633  -18.382  -79.952  14.161 0.0000000000
2641  -17.075  -80.105  13.242 0.0000000000
2651  -16.735  -79.961  12.511 0.0000000000
3458  -21.366  -78.243  18.708 0.0000000000
3463  -22.397  -78.053  18.066 0.0000000000
3020  -22.780  -78.003  17.066 0.0000000000
3461  -23.582  -77.441  18.585 0.0000000000
3465  -23.840  -77.454  17.638 0.0000000000
3486  -23.483  -77.715  16.623 0.0000000000
3497  -24.096  -77.523  15.433 0.0000000000
3046  -24.368  -77.482  13.942 0.0000000000
3508  -25.092  -77.124  13.473 0.0000000000
4370  -26.345  -75.147  19.444 0.0000000000
4383  -26.124  -75.709  18.235 0.0000000000
3946  -26.277  -75.865  16.456 0.0000000000
4414  -27.327  -74.941  15.393 0.0000000000
3957  -26.934  -75.396  15.419 0.0000000000
3956  -26.227  -76.160  15.360 0.0000000000
3500  -26.291  -76.257  14.576 0.0000000000
3509  -25.730  -76.727  13.704 0.0000000000
2997  -18.108  -78.756  18.947 0.0000000000
2575  -17.162  -78.997  18.788 0.0000000000
2600  -16.043  -79.822  16.818 0.0000000000
2589  -15.588  -79.640  17.667 0.0000000000
2663  -18.992  -79.646  11.240 0.0000000000
2661  -17.141  -79.424  11.785 0.0000000000
2669  -16.692  -78.666  11.544 0.0000000000
2233  -15.232  -78.258  11.630 0.0000000000
2225  -14.438  -79.546  11.941 0.0000000000
2224  -13.810  -79.974  11.521 0.0000000000
1802  -12.311  -81.138  11.325 0.0000000000
3070  -24.665  -77.303  12.398 0.0000000000
3069  -24.024  -77.656  12.622 0.0000000000
2985  -19.098  -77.973  19.809 0.0000000000
2993  -19.497  -78.311  19.268 0.0000000000
2207  -15.882  -80.252  12.952 0.0000000000
2199  -15.886  -80.339  13.439 0.0000000000
2206  -15.398  -80.314  13.097 0.0000000000
2215  -14.915  -80.125  12.484 0.0000000000
3442  -22.912  -76.482  20.765 0.0000000000
3451  -22.869  -76.719  20.336 0.0000000000
3936  -25.596  -76.284  17.382 0.0000000000
3477  -24.856  -77.024  16.170 0.0000000000
4878  -28.855  -73.251  17.877 0.0000000000
4877  -28.388  -73.676  18.115 0.0000000000
3522  -27.289  -75.626  12.832 0.0000000000
3523  -28.065  -75.559  12.144 0.0000000000
1835  -12.924  -79.335  8.306 0.0000000000
1825  -12.625  -80.120  9.230 0.0000000000
3922  -25.487  -76.083  18.741 0.0000000000
4903  -28.573  -73.151  15.121 0.0000000000
4417  -29.012  -73.113  14.470 0.0000000000
2990  -17.259  -78.668  19.627 0.0000000000
2620  -16.937  -80.140  14.959 0.0000000000
2198  -15.420  -80.415  14.003 0.0000000000
1774  -13.066  -81.179  13.262 0.0000000000
1773  -12.473  -81.400  13.036 0.0000000000
1787  -13.004  -81.098  12.371 0.0000000000
3008  -20.474  -78.750  17.803 0.0000000000
3029  -20.009  -79.301  15.861 0.0000000000
3043  -21.474  -78.745  15.234 0.0000000000
3054  -21.078  -79.000  14.458 0.0000000000
2635  -19.871  -79.506  14.627 0.0000000000
2623  -19.362  -79.642  15.071 0.0000000000
2653  -18.512  -79.781  12.317 0.0000000000
2642  -17.992  -79.968  13.264 0.0000000000
3473  -22.731  -77.987  17.524 0.0000000000
3456  -23.759  -77.128  19.128 0.0000000000
3466  -24.280  -77.258  17.070 0.0000000000
3475  -23.836  -77.515  16.868 0.0000000000
3487  -23.849  -77.576  16.167 0.0000000000
3033  -23.637  -77.706  15.686 0.0000000000
3498  -24.823  -77.223  14.660 0.0000000000
4395  -27.102  -74.915  17.331 0.0000000000
4384  -26.728  -75.225  17.973 0.0000000000
4394  -26.524  -75.516  17.203 0.0000000000
4403  -26.695  -75.464  16.504 0.0000000000
4902  -28.075  -73.646  15.071 0.0000000000
4405  -27.624  -74.395  15.784 0.0000000000
4415  -27.761  -74.372  14.987 0.0000000000
3966  -26.489  -76.076  14.743 0.0000000000
3501  -26.593  -76.019  14.464 0.0000000000
3521  -26.470  -76.196  12.893 0.0000000000
3520  -25.798  -76.644  12.810 0.0000000000
2998  -18.983  -78.663  18.721 0.0000000000
3006  -18.428  -78.893  18.308 0.0000000000
2576  -17.900  -78.949  18.438 0.0000000000
2574  -15.983  -79.322  18.501 0.0000000000
2588  -14.711  -79.742  17.717 0.0000000000
2670  -17.597  -78.835  10.602 0.0000000000
2231  -13.468  -79.905  11.091 0.0000000000
1814  -12.349  -80.579  10.322 0.0000000000
3080  -23.597  -77.858  11.910 0.0000000000
4424  -29.596  -73.583  13.902 0.0000000000
4425  -30.653  -74.094  13.556 0.0000000000
2213  -13.551  -80.844  12.473 0.0000000000
3018  -21.167  -78.694  17.038 0.0000000000
3030  -20.911  -78.927  16.084 0.0000000000
3066  -21.229  -78.974  13.494 0.0000000000
3065  -20.743  -79.201  13.992 0.0000000000
3934  -24.103  -77.220  18.128 0.0000000000
3489  -25.272  -76.858  15.469 0.0000000000
4868  -27.780  -74.161  18.725 0.0000000000
4875  -27.000  -74.933  18.325 0.0000000000
3969  -28.197  -74.509  13.495 0.0000000000
3511  -26.747  -75.871  13.966 0.0000000000
1843  -13.519  -78.286  7.345 0.0000000000
2242  -14.627  -77.864  8.474 0.0000000000
1836  -13.185  -78.304  8.832 0.0000000000
1827  -13.133  -78.537  9.639 0.0000000000
1816  -13.164  -78.884  10.180 0.0000000000
1815  -13.036  -79.794  10.409 0.0000000000
4423  -28.409  -74.028  13.939 0.0000000000
3988  -29.305  -75.366  12.199 0.0000000000
2610  -17.465  -79.862  15.816 0.0000000000
2185  -14.387  -80.253  16.024 0.0000000000
1754  -12.567  -81.104  14.284 0.0000000000
1763  -12.135  -81.337  13.672 0.0000000000
1772  -11.717  -81.518  12.943 0.0000000000
3017  -20.206  -79.015  16.874 0.0000000000
2603  -18.790  -79.454  16.247 0.0000000000
3041  -20.173  -79.374  15.106 0.0000000000
2613  -19.502  -79.501  15.572 0.0000000000
2612  -19.009  -79.622  15.613 0.0000000000
2611  -18.320  -79.733  15.711 0.0000000000
2632  -17.444  -80.126  14.110 0.0000000000
2650  -16.144  -80.082  12.601 0.0000000000
3453  -21.220  -78.014  19.099 0.0000000000
3001  -21.464  -78.323  18.402 0.0000000000
3459  -21.864  -78.096  18.674 0.0000000000
3010  -21.850  -78.280  18.084 0.0000000000
3474  -23.253  -77.787  17.151 0.0000000000
4377  -26.535  -75.252  18.711 0.0000000000
4393  -26.000  -75.933  17.639 0.0000000000
3937  -26.094  -75.916  17.188 0.0000000000
4893  -27.614  -74.417  16.140 0.0000000000
3958  -27.402  -74.961  15.015 0.0000000000
3947  -26.774  -75.439  16.144 0.0000000000
3490  -25.854  -76.540  15.124 0.0000000000
2996  -17.624  -78.744  19.252 0.0000000000
2558  -16.823  -78.849  19.416 0.0000000000
3090  -21.338  -78.998  11.305 0.0000000000
2664  -19.933  -79.463  11.084 0.0000000000
2662  -18.044  -79.599  11.417 0.0000000000
2671  -18.549  -79.405  10.248 0.0000000000
2660  -16.137  -79.401  12.180 0.0000000000
2238  -15.740  -76.964  9.786 0.0000000000
2234  -16.660  -77.997  10.665 0.0000000000
2226  -15.276  -79.499  12.139 0.0000000000
1788  -13.432  -80.744  12.152 0.0000000000
1803  -13.186  -80.503  11.435 0.0000000000
