#!ascii label  , from subject 3227 vox2ras=TkReg
1976
62658  28.260  25.270  49.291 0.1111110002
62659  27.373  25.464  49.504 0.2222220004
62018  30.845  23.820  48.036 0.1111110002
62666  29.722  25.014  48.633 0.1111110002
62667  29.304  25.438  48.768 0.1111110002
62019  30.585  24.565  47.698 0.1111110002
62669  30.146  25.125  48.034 0.1111110002
62657  29.100  25.053  49.025 0.1111110002
62674  31.255  24.417  46.178 0.2222220004
62675  30.850  25.137  46.553 0.2222220004
62005  27.055  24.650  49.805 0.4444440007
62660  26.416  25.545  49.730 0.4444440007
62006  25.990  24.557  49.922 0.4444440007
62007  24.988  24.833  50.086 0.2222220004
63387  28.533  25.920  48.955 0.1111110002
62680  31.010  25.543  45.960 0.2222220004
62023  30.731  24.760  47.194 0.2222220004
63411  31.588  26.197  45.032 0.2222220004
63405  30.304  26.162  47.069 0.2222220004
63396  29.741  25.658  48.195 0.2222220004
63388  27.715  26.429  49.066 0.4444440007
63417  32.324  26.314  44.544 0.2222220004
63389  26.692  26.463  49.373 0.4444440007
63390  25.721  26.475  49.640 0.4444440007
62661  25.423  25.586  49.920 0.3333329856
62662  24.453  25.601  50.180 0.2222220004
62009  23.389  24.603  50.658 0.3333329856
61997  22.686  24.477  51.106 0.2222220004
63386  29.014  25.763  48.796 0.1111110002
63399  28.271  26.509  48.829 0.4444440007
63412  31.054  26.104  45.738 0.2222220004
63409  30.753  25.982  46.371 0.2222220004
63406  29.916  26.369  47.561 0.2222220004
63397  29.324  25.902  48.502 0.2222220004
85825  33.200  27.454  43.907 0.2222220004
64110  32.470  27.212  44.234 0.2222220004
64098  30.171  26.701  46.964 0.3333329856
64099  29.755  27.013  47.332 0.3333329856
64095  28.910  27.172  48.097 0.3333329856
64115  33.093  27.969  43.647 0.2222220004
64790  31.837  27.727  44.407 0.2222220004
64107  31.084  27.025  45.443 0.2222220004
64782  30.637  27.571  45.765 0.3333329856
64083  26.872  27.452  48.960 0.5555559993
64084  25.902  27.403  49.288 0.4444440007
63391  24.766  26.469  49.931 0.4444440007
64800  33.682  28.150  42.372 0.2222220004
62663  23.405  25.511  50.590 0.4444440007
61391  22.364  23.608  51.662 0.1111110002
63398  28.737  26.490  48.599 0.4444440007
64091  28.040  27.201  48.611 0.5555559993
64104  30.002  27.416  46.735 0.3333329856
64100  29.259  27.497  47.593 0.3333329856
64096  28.246  27.651  48.268 0.5555559993
64092  27.390  27.501  48.768 0.5555559993
64106  31.683  27.103  44.703 0.3333329856
64791  31.063  28.236  44.980 0.2222220004
64775  29.388  27.895  47.142 0.5555559993
64767  28.158  28.276  47.887 0.5555559993
64783  30.016  28.119  46.234 0.5555559993
65421  29.432  29.161  46.233 0.6666669846
64756  25.969  28.377  48.912 0.6666669846
64085  24.975  27.376  49.624 0.6666669846
64801  33.017  28.327  43.264 0.4444440007
61998  21.930  24.602  51.915 0.1111110002
65444  33.856  29.139  41.085 0.6666669846
64803  33.488  28.413  41.396 0.3333329856
62664  22.876  25.870  50.821 0.2222220004
64763  27.067  28.205  48.526 0.5555559993
64776  28.769  28.452  47.335 0.5555559993
65405  27.775  28.966  47.640 0.5555559993
64797  31.501  28.873  44.288 0.5555559993
65430  30.372  29.435  45.193 0.6666669846
65420  29.965  29.031  45.784 0.6666669846
64785  28.704  28.919  47.046 0.5555559993
65406  27.173  29.055  47.949 0.7777780294
64764  26.430  28.444  48.695 0.7777780294
65391  25.643  29.049  48.803 0.6666669846
64758  24.242  28.293  49.743 0.5555559993
65437  31.762  29.458  43.925 0.5555559993
65429  31.094  29.443  44.535 0.7777780294
64757  25.099  28.303  49.298 0.6666669846
64086  24.072  27.341  50.030 0.5555559993
63392  23.838  26.427  50.302 0.4444440007
65445  35.157  28.767  40.343 0.6666669846
65440  33.139  29.384  41.878 0.7777780294
65441  32.366  29.722  43.120 0.7777780294
62651  22.467  25.448  51.091 0.2222220004
66057  29.886  30.439  45.199 0.8888890147
65432  29.071  29.864  46.084 0.7777780294
66051  28.020  30.101  46.577 0.8888890147
66063  31.714  30.371  43.767 0.8888890147
66056  30.610  30.448  44.648 0.8888890147
66058  29.171  30.488  45.628 0.8888890147
66059  28.406  30.413  46.106 0.8888890147
66067  32.811  30.902  42.261 0.7777780294
85827  31.929  30.516  43.435 0.8888890147
66632  30.057  31.301  44.820 0.8888890147
65456  35.339  29.379  39.522 0.6666669846
65446  34.370  29.317  40.414 0.6666669846
66070  33.361  30.218  41.465 0.7777780294
67202  31.459  32.018  43.622 0.8888890147
66641  31.065  31.168  44.135 0.8888890147
66631  30.555  31.154  44.524 0.8888890147
67193  29.569  31.722  44.911 0.7777780294
66071  33.262  31.002  41.604 0.7777780294
85828  31.998  30.853  43.294 0.8888890147
66633  29.382  31.197  45.162 0.8888890147
65467  36.149  29.817  38.528 0.7777780294
66085  34.862  29.908  39.155 0.7777780294
66075  33.781  30.293  40.774 0.7777780294
65465  37.923  29.164  38.064 0.7777780294
66093  37.280  30.189  37.909 0.7777780294
67203  30.667  32.311  44.156 0.8888890147
66642  30.451  31.677  44.483 0.6666669846
85830  32.593  31.433  42.528 0.8888890147
67210  31.702  32.416  43.264 0.8888890147
67808  30.934  33.048  43.738 0.7777780294
66665  34.251  31.099  39.371 0.7777780294
66652  33.567  31.235  41.032 0.8888890147
65462  40.710  29.117  37.078 0.5555559993
65463  39.852  29.007  37.346 0.5555559993
66091  39.169  29.963  37.096 0.7777780294
66092  38.267  30.078  37.503 0.7777780294
66084  35.487  30.106  38.433 0.7777780294
66090  39.988  29.907  36.825 0.6666669846
66672  38.649  31.126  37.122 0.7777780294
64840  44.056  28.387  34.735 0.3333329856
64845  44.169  28.982  34.191 0.4444440007
67217  33.546  32.357  41.010 0.8888890147
67816  32.370  32.581  42.495 0.8888890147
65461  41.362  29.240  36.794 0.4444440007
64816  41.607  28.365  37.292 0.3333329856
66664  34.525  30.665  38.215 0.7777780294
67224  34.091  31.808  40.038 0.8888890147
67821  32.556  33.330  42.035 0.8888890147
66673  37.726  31.247  37.570 0.7777780294
66674  36.753  31.298  38.013 0.8888890147
66671  39.455  30.872  36.748 0.7777780294
66089  40.685  30.003  36.536 0.7777780294
66678  40.368  31.021  36.245 0.7777780294
64159  43.777  28.285  35.248 0.3333329856
64155  43.660  27.646  35.779 0.2222220004
64833  43.239  28.123  36.089 0.3333329856
65490  45.121  29.676  32.823 0.4444440007
65472  42.413  28.900  36.505 0.3333329856
65478  42.492  29.249  36.162 0.4444440007
67827  33.123  33.377  41.291 0.7777780294
68558  32.179  33.961  42.177 0.7777780294
67817  31.752  33.146  42.949 0.6666669846
65491  44.445  29.683  33.512 0.5555559993
64828  41.824  28.854  36.893 0.5555559993
67230  34.748  31.701  38.739 0.8888890147
67231  34.504  32.580  39.532 0.8888890147
67826  33.599  33.126  40.746 0.7777780294
66111  44.960  30.509  32.519 0.5555559993
65479  42.105  29.856  35.965 0.6666669846
67241  36.258  32.484  38.256 0.8888890147
66088  41.316  29.814  36.420 0.7777780294
66097  41.560  30.099  36.120 0.6666669846
67237  39.784  31.407  36.469 0.7777780294
67238  39.104  32.225  36.724 0.8888890147
67240  37.214  32.433  37.793 0.8888890147
66098  40.998  30.479  36.148 0.7777780294
64841  43.646  28.983  34.913 0.3333329856
64837  43.268  28.727  35.663 0.5555559993
65492  43.825  29.790  34.115 0.4444440007
65483  43.248  29.326  35.232 0.5555559993
64838  42.837  29.071  35.942 0.4444440007
67838  34.264  33.592  39.828 0.7777780294
65486  43.294  29.803  34.749 0.5555559993
65484  42.711  29.752  35.487 0.5555559993
67242  35.267  32.651  38.738 0.8888890147
67837  34.648  33.620  39.406 0.7777780294
67832  33.848  33.550  40.298 0.7777780294
66112  44.543  30.419  32.979 0.5555559993
66113  43.875  30.549  33.529 0.5555559993
66108  43.416  30.342  34.153 0.5555559993
65487  42.874  30.167  34.961 0.5555559993
67845  35.823  33.618  38.472 0.8888890147
66122  45.674  30.881  31.559 0.5555559993
66696  44.778  31.334  32.246 0.6666669846
66691  44.203  31.237  32.834 0.6666669846
66692  43.459  31.483  33.261 0.6666669846
66114  43.259  30.945  33.874 0.7777780294
66110  42.414  30.919  34.809 0.7777780294
66101  41.711  30.524  35.720 0.7777780294
66704  45.669  32.266  30.868 0.6666669846
66700  45.370  31.621  31.503 0.6666669846
66697  44.272  31.988  32.404 0.6666669846
67262  43.819  32.037  32.773 0.6666669846
66688  42.462  31.208  34.468 0.7777780294
66685  41.484  31.337  35.412 0.7777780294
66682  40.847  31.407  35.833 0.7777780294
67250  40.512  32.536  35.683 0.7777780294
67246  39.387  32.861  36.458 0.7777780294
66722  48.090  31.568  26.361 0.5555559993
66723  47.792  32.013  26.661 0.5555559993
67286  47.330  32.853  27.087 0.7777780294
66719  47.051  32.010  28.103 0.6666669846
67278  46.440  32.956  29.102 0.6666669846
67275  45.892  33.145  30.039 0.6666669846
67266  44.648  32.515  31.833 0.6666669846
67279  46.176  33.120  29.571 0.6666669846
67271  45.515  33.067  30.654 0.7777780294
68585  35.340  34.616  38.636 0.8888890147
67846  35.111  33.707  38.949 0.8888890147
67844  36.680  33.577  38.002 0.8888890147
66693  42.708  31.721  33.933 0.7777780294
67842  38.399  33.571  36.965 0.8888890147
67843  37.530  33.566  37.500 0.8888890147
66148  48.890  31.132  24.787 0.5555559993
66730  48.596  31.883  25.033 0.5555559993
66694  42.083  32.409  34.140 0.7777780294
67255  41.375  32.143  35.073 0.7777780294
66686  41.031  32.060  35.461 0.7777780294
67848  40.016  33.180  35.871 0.8888890147
67849  39.413  33.638  36.221 0.8888890147
66726  48.237  31.943  25.846 0.5555559993
66727  47.957  32.443  26.124 0.8888890147
67290  47.705  32.915  26.342 0.8888890147
67899  46.937  33.378  27.648 0.8888890147
67875  44.788  33.353  31.407 0.7777780294
67267  43.916  32.848  32.381 0.8888890147
67268  43.513  33.194  32.598 0.8888890147
67260  41.001  33.325  34.767 0.8888890147
67854  40.320  33.407  35.433 0.8888890147
67898  47.158  33.437  27.134 0.8888890147
67890  46.320  33.557  28.974 0.8888890147
67891  46.105  33.705  29.348 0.8888890147
67884  45.472  33.898  30.361 0.8888890147
67881  44.723  34.023  31.291 0.8888890147
67876  44.294  33.754  31.773 0.8888890147
67894  46.479  33.728  28.464 0.8888890147
67895  46.265  33.829  28.921 0.8888890147
67886  45.749  34.056  29.844 0.8888890147
68584  36.137  34.639  38.174 0.8888890147
68582  37.718  34.725  37.256 0.8888890147
68583  36.947  34.669  37.727 0.8888890147
67850  38.825  34.002  36.594 0.8888890147
66152  49.034  31.313  23.998 0.6666669846
67869  43.271  33.471  32.712 0.8888890147
67263  43.225  32.653  33.012 0.8888890147
67855  39.793  33.978  35.606 0.8888890147
66156  49.134  31.361  23.367 0.8888890147
66733  48.808  31.955  24.287 0.8888890147
67292  48.367  32.484  25.187 0.8888890147
67870  42.759  33.693  33.012 0.8888890147
67871  41.976  33.768  33.554 0.7777780294
67864  41.538  33.477  34.043 0.8888890147
67860  40.550  33.787  34.907 0.7777780294
67299  48.712  32.806  23.809 0.8888890147
67296  48.318  33.115  24.835 0.8888890147
67904  47.725  33.634  25.893 0.8888890147
68640  47.092  34.552  26.719 0.8888890147
68631  45.865  34.648  29.370 0.7777780294
68629  45.185  35.053  30.433 0.8888890147
68618  44.893  34.437  30.990 0.8888890147
68637  46.705  34.355  27.609 0.8888890147
68633  46.293  34.648  28.238 0.7777780294
68634  46.143  34.308  28.827 0.8888890147
69245  37.128  35.761  37.493 0.7777780294
69246  36.376  35.684  37.921 0.4444440007
68590  38.370  34.787  36.782 0.7777780294
64890  50.539  28.879  22.395 0.4444440007
65539  50.043  29.793  22.638 0.5555559993
65540  49.776  30.372  22.807 0.5555559993
68589  38.869  34.712  36.325 0.8888890147
66161  50.159  30.298  22.034 0.5555559993
68599  40.323  34.696  34.398 0.7777780294
68596  40.161  34.348  34.896 0.7777780294
66162  49.891  30.745  22.232 0.7777780294
66735  49.127  31.862  22.787 0.8888890147
66736  48.963  32.017  23.515 0.8888890147
68612  43.861  34.889  31.915 0.8888890147
68613  43.349  34.624  32.414 0.8888890147
68606  42.332  34.707  33.005 0.7777780294
68607  41.460  34.590  33.384 0.7777780294
68608  40.961  34.463  33.885 0.7777780294
67304  48.938  32.807  22.860 0.8888890147
67910  48.266  33.828  24.190 0.8888890147
68642  47.663  34.353  25.446 0.7777780294
69313  46.689  35.206  27.187 0.7777780294
69866  46.398  35.621  27.566 0.7777780294
69301  45.647  35.582  29.435 0.7777780294
69299  45.420  35.543  29.892 0.7777780294
68624  44.933  35.074  30.761 0.7777780294
68619  44.499  34.837  31.298 0.7777780294
69306  46.028  35.314  28.595 0.7777780294
69244  37.812  35.932  36.986 0.5555559993
64894  51.325  28.558  20.917 0.2222220004
64895  50.998  28.978  21.416 0.3333329856
69254  38.459  35.714  36.393 0.5555559993
65543  50.493  29.933  21.688 0.5555559993
69258  39.049  35.839  35.600 0.4444440007
68593  39.262  34.729  35.810 0.6666669846
65545  50.803  30.001  20.718 0.6666669846
66167  50.191  30.726  21.605 0.6666669846
68597  39.744  34.891  35.057 0.7777780294
66168  49.954  31.314  21.618 0.7777780294
68605  42.932  35.151  32.558 0.7777780294
69276  40.686  35.318  33.501 0.6666669846
67303  49.195  32.448  22.240 0.8888890147
67308  49.074  33.072  22.090 0.8888890147
67912  48.542  33.730  23.262 0.8888890147
68651  47.571  35.016  24.315 0.7777780294
68647  47.459  35.054  24.972 0.7777780294
69870  46.507  36.033  26.975 0.7777780294
69867  46.117  36.267  27.818 0.7777780294
69862  45.494  36.267  29.401 0.7777780294
69300  45.143  35.724  30.254 0.7777780294
69295  44.633  35.849  30.882 0.7777780294
68604  43.401  35.417  32.232 0.6666669846
71047  42.061  39.687  31.873 0.3333329856
71048  41.471  39.567  32.236 0.2222220004
71050  40.108  39.113  33.025 0.1111110002
70619  39.368  38.412  34.116 0.1111110002
70226  38.897  37.904  35.005 0.1111110002
70221  38.577  37.672  35.550 0.2222220004
71061  43.660  39.580  30.236 0.1111110002
71056  43.334  39.447  30.724 0.3333329856
70631  42.569  39.155  31.665 0.3333329856
70624  42.097  38.623  32.136 0.2222220004
70243  41.024  37.908  32.858 0.2222220004
70244  40.464  37.894  33.238 0.2222220004
70234  40.012  37.348  33.867 0.1111110002
69821  39.066  36.810  35.229 0.2222220004
69818  38.576  36.598  35.974 0.2222220004
64218  51.811  27.858  20.040 0.2222220004
64897  51.474  28.587  20.264 0.2222220004
70645  44.266  39.381  29.387 0.1111110002
70634  43.145  38.843  31.272 0.3333329856
70630  42.740  38.382  31.819 0.2222220004
70242  41.685  37.880  32.539 0.2222220004
69825  39.599  36.576  34.533 0.2222220004
69817  38.855  36.537  35.619 0.3333329856
69259  38.737  35.884  36.024 0.3333329856
64219  51.847  27.909  19.128 0.3333329856
64898  51.165  29.249  20.474 0.4444440007
70650  45.354  38.671  27.004 0.1111110002
70644  44.688  38.733  29.153 0.2222220004
70641  44.192  38.885  29.959 0.2222220004
70267  44.141  38.115  30.553 0.3333329856
70251  43.201  37.813  31.688 0.2222220004
70241  42.338  37.515  32.318 0.2222220004
70232  41.410  37.208  32.784 0.2222220004
69831  40.357  36.361  33.480 0.2222220004
69832  40.006  36.313  34.040 0.3333329856
69263  39.441  35.924  34.970 0.4444440007
64899  51.488  28.763  19.350 0.4444440007
64900  51.273  29.253  19.807 0.5555559993
69882  46.201  36.466  23.658 0.5555559993
70279  46.031  37.115  25.057 0.4444440007
70277  45.899  37.619  26.647 0.4444440007
70276  45.570  37.862  27.809 0.4444440007
70270  44.814  37.668  29.818 0.4444440007
70266  44.447  37.519  30.479 0.5555559993
69846  43.567  37.137  31.644 0.4444440007
69838  43.031  36.938  32.117 0.4444440007
69829  42.021  36.627  32.653 0.3333329856
69830  41.115  36.358  33.024 0.5555559993
69267  39.889  35.544  34.426 0.6666669846
65548  50.948  30.061  19.722 0.6666669846
66745  50.145  31.291  21.135 0.7777780294
69326  46.600  35.822  22.990 0.7777780294
69879  46.429  36.449  24.721 0.6666669846
69875  46.119  37.167  26.301 0.6666669846
70275  45.914  37.283  27.425 0.5555559993
70274  45.331  37.482  28.876 0.6666669846
69861  44.771  36.724  30.386 0.6666669846
69853  44.231  36.876  31.034 0.5555559993
69837  43.521  36.576  31.885 0.5555559993
69273  43.055  35.985  32.340 0.4444440007
69275  41.675  35.548  33.009 0.4444440007
65547  51.190  29.570  19.235 0.7777780294
66751  50.214  31.603  20.456 0.8888890147
67307  49.388  32.794  21.493 0.8888890147
67916  48.970  33.605  21.551 0.8888890147
68655  47.976  34.618  22.949 0.7777780294
69322  47.031  35.623  24.154 0.7777780294
69874  46.424  36.580  25.926 0.7777780294
69871  46.196  36.841  26.862 0.6666669846
69864  45.704  36.392  28.805 0.6666669846
69863  45.234  36.661  29.704 0.7777780294
69289  44.140  35.830  31.448 0.5555559993
66752  49.964  32.439  20.151 0.8888890147
67311  49.608  32.965  20.570 0.8888890147
63536  52.187  27.153  18.921 0.1111110002
64901  51.530  28.661  18.434 0.5555559993
65551  51.236  29.483  18.560 0.5555559993
69331  47.086  35.191  22.099 0.7777780294
66176  50.617  31.110  19.048 0.7777780294
68660  48.404  34.333  21.546 0.7777780294
69330  47.692  34.832  21.473 0.7777780294
66755  50.224  32.107  19.411 0.8888890147
66756  49.959  32.707  19.602 0.8888890147
67926  49.329  33.709  20.058 0.8888890147
68663  48.859  34.293  20.335 0.7777780294
63540  52.154  27.087  18.092 0.2222220004
63545  52.089  26.956  17.280 0.4444440007
64221  51.842  27.859  18.263 0.4444440007
69891  45.384  36.592  21.600 0.3333329856
64225  51.800  27.770  17.426 0.4444440007
69890  46.185  35.851  20.920 0.5555559993
64902  51.525  28.564  17.589 0.5555559993
69889  47.106  35.114  20.961 0.6666669846
69893  48.021  35.131  19.973 0.5555559993
65558  51.251  29.378  17.729 0.6666669846
69334  48.393  34.754  20.313 0.6666669846
68667  49.040  34.413  19.541 0.6666669846
65559  50.991  30.239  17.883 0.6666669846
66178  50.702  31.137  18.088 0.8888890147
66758  50.378  32.144  18.309 0.8888890147
67930  49.495  33.829  19.290 0.7777780294
67933  49.715  33.976  18.532 1.0000000000
66180  50.784  31.043  17.190 0.8888890147
66761  50.533  32.000  17.383 1.0000000000
67325  50.210  32.934  18.118 1.0000000000
70294  45.508  37.235  20.458 0.2222220004
63549  52.394  25.913  16.494 0.2222220004
69895  46.148  36.513  19.863 0.3333329856
63544  52.432  26.179  17.179 0.2222220004
69894  47.174  35.752  19.904 0.4444440007
64230  51.698  27.643  16.562 0.4444440007
69897  48.117  35.574  19.364 0.6666669846
64906  51.479  28.480  16.780 0.5555559993
69339  48.768  35.174  19.067 0.6666669846
68670  49.282  34.616  18.796 0.6666669846
67937  49.984  34.057  17.705 0.8888890147
67939  50.191  33.820  16.928 1.0000000000
65561  51.256  29.217  16.920 0.7777780294
67328  50.161  33.395  17.830 1.0000000000
67936  50.174  33.571  17.495 1.0000000000
65562  51.025  30.092  17.006 1.0000000000
66181  50.827  30.884  16.303 1.0000000000
66762  50.636  31.859  16.516 1.0000000000
67327  50.298  32.963  17.532 1.0000000000
71093  45.390  39.791  20.846 0.1111110002
70664  45.065  39.426  21.744 0.2222220004
71092  45.498  39.010  20.141 0.2222220004
70663  45.048  38.390  21.261 0.2222220004
70662  45.312  38.182  20.207 0.2222220004
70298  46.014  37.236  19.658 0.3333329856
69898  47.615  36.442  18.905 0.4444440007
69901  48.423  36.013  18.620 0.6666669846
69342  49.065  35.477  18.339 0.6666669846
63550  52.032  26.719  16.481 0.3333329856
63555  52.043  26.299  15.786 0.3333329856
68673  49.567  34.808  18.057 0.6666669846
67940  50.009  34.431  17.146 0.8888890147
64235  51.617  27.325  15.580 0.5555559993
67941  50.359  33.516  16.075 1.0000000000
65563  51.268  29.022  16.387 1.0000000000
67331  50.436  32.811  16.712 1.0000000000
67332  50.520  32.628  15.884 1.0000000000
65564  51.052  29.748  16.048 1.0000000000
70666  46.000  38.128  19.449 0.2222220004
70665  46.438  37.797  19.080 0.3333329856
70297  46.646  37.151  19.180 0.3333329856
69345  49.350  35.663  17.597 0.6666669846
68677  49.778  34.936  17.335 0.6666669846
63559  52.113  25.762  15.260 0.2222220004
68682  49.965  34.844  16.624 1.0000000000
63565  51.873  25.908  14.673 0.2222220004
63560  51.773  26.516  14.993 0.3333329856
64239  51.385  27.309  14.577 0.7777780294
68681  50.183  34.266  16.179 1.0000000000
67944  50.396  33.320  15.286 1.0000000000
64914  51.184  28.148  14.855 1.0000000000
64915  51.001  29.094  14.913 1.0000000000
64911  51.061  29.358  15.466 1.0000000000
65565  50.911  29.940  15.110 1.0000000000
66182  50.791  30.785  15.427 1.0000000000
66763  50.660  31.716  15.676 1.0000000000
66764  50.619  31.603  14.891 1.0000000000
67334  50.465  32.245  14.488 1.0000000000
67333  50.518  32.455  15.100 1.0000000000
71096  46.106  39.514  19.468 0.1111110002
70668  46.473  38.930  18.950 0.2222220004
70669  47.281  38.369  18.135 0.2222220004
70303  47.759  37.728  17.856 0.1111110002
70667  46.712  38.124  18.758 0.3333329856
70300  47.341  37.441  18.466 0.2222220004
70304  48.599  37.224  17.227 0.2222220004
69906  48.252  37.233  17.672 0.2222220004
69902  48.044  36.888  18.214 0.6666669846
69905  48.736  36.446  17.835 0.6666669846
69907  49.096  36.466  17.095 0.5555559993
69346  49.574  35.698  16.867 0.5555559993
62815  51.790  25.618  14.263 0.3333329856
63566  51.494  26.404  14.153 0.5555559993
68683  50.232  34.146  15.507 1.0000000000
64243  51.004  27.461  13.704 0.6666669846
68686  50.185  33.941  14.777 1.0000000000
64918  51.093  27.895  14.274 0.7777780294
64919  50.858  28.634  13.981 0.8888890147
65567  50.562  29.699  13.431 1.0000000000
65566  50.771  29.817  14.285 1.0000000000
66183  50.706  30.752  14.589 1.0000000000
66765  50.490  31.574  14.146 1.0000000000
67336  50.281  32.392  13.930 1.0000000000
67956  50.091  33.059  13.859 1.0000000000
67950  50.038  33.584  14.052 1.0000000000
69348  49.675  35.677  16.120 0.5555559993
68684  49.996  34.913  15.791 0.7777780294
63571  51.107  26.473  13.286 0.5555559993
68687  49.947  34.772  15.012 0.8888890147
62820  51.570  25.496  13.626 0.4444440007
64247  50.872  27.125  13.166 0.6666669846
64920  50.589  28.743  13.071 0.8888890147
66184  50.526  30.700  13.768 1.0000000000
66766  50.176  31.645  13.328 1.0000000000
67337  49.978  32.600  13.435 1.0000000000
69908  49.265  36.448  16.396 0.4444440007
69909  49.284  36.379  15.698 0.4444440007
69351  49.639  35.615  15.358 0.4444440007
63577  50.934  26.338  12.717 0.5555559993
68690  49.798  34.366  14.181 1.0000000000
62167  51.036  25.075  11.891 0.2222220004
62832  51.059  25.456  12.239 0.3333329856
63572  50.808  26.867  12.864 0.6666669846
62833  50.896  25.875  11.772 0.3333329856
63578  50.638  26.712  12.318 0.4444440007
64248  50.628  27.666  12.845 0.7777780294
67957  49.728  33.514  13.524 1.0000000000
62181  50.679  24.671  10.490 0.3333329856
62840  50.416  25.722  11.178 0.3333329856
63582  50.289  26.645  11.637 0.3333329856
64251  50.270  27.600  11.994 0.7777780294
64921  50.303  28.621  12.291 1.0000000000
65568  50.310  29.610  12.627 1.0000000000
66185  50.252  30.606  12.968 1.0000000000
66768  50.040  31.239  12.855 1.0000000000
66189  50.047  30.308  12.373 1.0000000000
66769  49.720  31.721  12.648 1.0000000000
67339  49.615  32.723  12.986 0.8888890147
62845  50.029  25.621  10.636 0.3333329856
63586  50.006  26.546  11.034 0.5555559993
64252  49.934  27.463  11.328 1.0000000000
64922  49.967  28.433  11.566 1.0000000000
65569  49.898  29.577  11.818 1.0000000000
66190  49.667  30.732  12.051 1.0000000000
67342  49.181  32.621  12.415 1.0000000000
67963  49.183  33.655  12.848 0.8888890147
63589  49.744  26.505  10.528 0.7777780294
64253  49.766  27.247  10.830 1.0000000000
64923  49.535  28.250  10.848 0.8888890147
65572  49.706  28.983  11.295 1.0000000000
65573  49.307  29.603  11.082 1.0000000000
66194  49.200  30.712  11.523 1.0000000000
66774  48.715  31.516  11.507 1.0000000000
63593  50.121  26.239  10.010 0.8888890147
64925  49.310  27.822  10.436 1.0000000000
64924  49.106  28.914  10.590 1.0000000000
69353  49.448  35.468  14.582 0.7777780294
61563  49.838  23.024  10.502 0.2222220004
61558  50.307  23.781  10.115 0.2222220004
62180  50.895  24.083  11.222 0.2222220004
62173  50.938  24.991  11.325 0.2222220004
62193  49.079  23.382  10.761 0.2222220004
62188  49.532  24.475  10.476 0.3333329856
67344  48.691  32.491  11.854 1.0000000000
67970  48.735  33.507  12.123 0.8888890147
62849  49.784  25.650  10.302 0.6666669846
62189  48.893  24.720  10.306 0.6666669846
62850  49.259  25.538  10.134 0.7777780294
63590  49.542  26.808  10.154 1.0000000000
64926  48.984  28.249  10.244 1.0000000000
66198  48.690  30.593  11.003 1.0000000000
63594  49.448  26.590  9.420 1.0000000000
65576  48.488  29.489  10.287 1.0000000000
69354  49.019  35.769  14.147 0.5555559993
69359  49.251  35.136  13.967 0.7777780294
60932  49.823  22.051  9.695 0.1111110002
68695  49.221  34.510  13.443 0.8888890147
61565  49.167  22.843  9.935 0.2222220004
68701  48.919  34.442  12.967 0.7777780294
67964  48.743  34.203  12.595 0.8888890147
67345  48.286  32.850  11.577 0.8888890147
62194  48.066  23.737  10.512 0.4444440007
62851  48.782  25.763  9.771 0.8888890147
66778  47.647  31.644  10.727 1.0000000000
66777  48.218  31.531  11.105 1.0000000000
67347  48.348  32.197  11.462 1.0000000000
62857  48.633  25.017  10.071 0.6666669846
63595  48.449  26.427  9.510 1.0000000000
64256  48.759  27.417  9.710 1.0000000000
64929  48.337  28.353  9.781 1.0000000000
66199  48.101  30.692  10.588 1.0000000000
64257  47.969  27.396  9.273 1.0000000000
65580  48.047  29.015  9.755 1.0000000000
69360  48.722  35.549  13.501 0.5555559993
68696  48.856  34.865  13.178 0.7777780294
60305  49.660  21.355  9.138 0.1111110002
60934  49.267  21.919  9.092 0.2222220004
61566  48.627  22.610  9.309 0.2222220004
67975  48.024  33.770  11.637 0.7777780294
67974  48.436  33.152  11.800 0.8888890147
67971  48.326  34.454  12.236 0.7777780294
67348  47.854  32.637  11.177 0.7777780294
65577  47.941  30.159  10.171 1.0000000000
62195  47.303  24.161  9.557 0.5555559993
62858  48.021  25.217  9.674 0.7777780294
64930  47.710  28.496  9.366 1.0000000000
65581  47.519  29.658  9.672 1.0000000000
63599  47.597  26.203  9.200 0.8888890147
69365  48.120  35.974  12.812 0.4444440007
69371  47.821  35.884  12.190 0.3333329856
68707  48.092  35.251  12.400 0.3333329856
68709  47.800  35.045  11.872 0.3333329856
60935  48.870  21.912  8.302 0.2222220004
67351  47.220  32.645  10.688 0.4444440007
67979  47.263  33.877  10.881 0.3333329856
68713  47.517  34.683  11.354 0.3333329856
66781  46.996  31.695  10.345 0.7777780294
62198  48.134  22.985  9.345 0.3333329856
62199  47.492  23.097  9.089 0.3333329856
62859  47.056  25.115  9.295 0.8888890147
64260  47.229  26.980  8.959 1.0000000000
60309  49.374  20.813  7.996 0.1111110002
68714  47.137  35.295  10.877 0.2222220004
67980  46.920  34.651  10.521 0.3333329856
61568  48.134  22.421  8.538 0.3333329856
67352  46.632  32.734  10.290 0.4444440007
66782  46.261  31.786  9.927 0.5555559993
62196  46.666  24.203  9.854 0.7777780294
64258  47.282  27.791  9.024 1.0000000000
64931  46.855  28.640  8.934 0.8888890147
66204  46.786  30.741  9.804 0.7777780294
62864  45.803  24.922  9.323 0.8888890147
63605  45.865  25.805  8.644 0.8888890147
64261  46.533  27.381  8.709 1.0000000000
65582  46.442  29.786  9.158 0.8888890147
67985  46.918  33.323  10.519 0.4444440007
62671  30.437  25.271  47.403 0.2222220004
63401  30.022  25.843  47.738 0.2222220004
63402  29.535  26.421  47.979 0.2222220004
64082  27.520  27.145  48.870 0.5555559993
61399  24.227  24.242  50.264 0.2222220004
62008  24.151  24.760  50.324 0.2222220004
62650  22.996  25.004  50.849 0.2222220004
61390  23.179  23.701  50.789 0.2222220004
64103  30.442  26.911  46.431 0.2222220004
63403  29.144  26.505  48.335 0.3333329856
64094  29.417  26.879  47.841 0.3333329856
64796  32.227  28.403  43.906 0.3333329856
64114  34.018  27.752  43.670 0.2222220004
63393  23.017  26.389  50.703 0.4444440007
61382  21.835  23.677  52.353 0.1111110002
64090  28.572  26.954  48.462 0.5555559993
64774  29.786  27.609  46.874 0.4444440007
64784  29.179  28.687  46.813 0.5555559993
64766  28.905  27.862  47.641 0.4444440007
64755  26.596  28.117  48.791 0.6666669846
64792  30.350  28.705  45.547 0.4444440007
85826  32.104  29.185  43.627 0.5555559993
61988  21.621  24.215  52.389 0.1111110002
65443  34.689  28.609  40.771 0.5555559993
63381  22.600  26.138  50.965 0.5555559993
64768  27.562  28.366  48.200 0.5555559993
64762  27.821  27.935  48.322 0.5555559993
65413  28.216  29.038  47.281 0.6666669846
65400  26.671  28.943  48.300 0.6666669846
65431  29.667  29.744  45.708 0.7777780294
65423  27.938  29.697  46.934 0.7777780294
65422  28.627  29.488  46.655 0.7777780294
65414  27.544  29.506  47.343 0.7777780294
65401  26.069  29.116  48.531 0.7777780294
66064  31.246  30.182  44.194 0.7777780294
64087  23.235  27.237  50.482 0.5555559993
65450  34.915  29.367  39.869 0.6666669846
66060  27.841  30.545  46.388 0.8888890147
66640  31.711  31.112  43.589 0.8888890147
65455  35.929  29.394  39.128 0.6666669846
66080  34.155  30.072  39.892 0.7777780294
66076  33.485  30.674  41.231 0.7777780294
67201  31.814  31.514  43.406 0.8888890147
66639  31.922  31.282  43.342 0.8888890147
66651  33.753  30.829  40.731 0.7777780294
66658  33.937  31.007  40.365 0.7777780294
66094  36.103  30.102  37.667 0.7777780294
67209  32.112  31.610  42.981 0.8888890147
85832  32.575  31.831  42.474 0.8888890147
67218  32.990  32.016  41.883 0.8888890147
67807  31.413  32.855  43.397 0.7777780294
66659  33.829  31.793  40.570 0.8888890147
66675  35.603  31.302  38.287 0.8888890147
67822  32.111  33.513  42.450 0.8888890147
67225  33.951  32.608  40.328 0.8888890147
66670  40.052  30.630  36.521 0.7777780294
64834  42.826  28.525  36.335 0.3333329856
67833  33.445  33.738  40.702 0.7777780294
67818  31.166  33.615  43.324 0.6666669846
65473  41.938  29.315  36.497 0.6666669846
67232  34.174  33.081  40.022 0.7777780294
65495  45.294  30.125  32.398 0.5555559993
66690  44.626  30.872  32.645 0.6666669846
65485  42.178  30.204  35.643 0.7777780294
67239  38.123  32.368  37.276 0.8888890147
66681  41.317  30.970  35.718 0.7777780294
67245  39.925  32.284  36.186 0.7777780294
64846  43.733  29.387  34.500 0.5555559993
68571  33.528  34.092  40.393 0.5555559993
68578  33.805  34.576  39.905 0.5555559993
68577  34.304  34.088  39.567 0.6666669846
67243  34.906  33.137  39.168 0.8888890147
66109  42.876  30.685  34.506 0.5555559993
66105  42.604  30.434  35.024 0.7777780294
66106  42.157  30.682  35.278 0.7777780294
66689  42.006  31.643  34.711 0.7777780294
67841  39.044  33.269  36.617 0.8888890147
66708  45.806  32.629  30.472 0.6666669846
67269  45.171  32.752  31.194 0.6666669846
66718  47.319  31.989  27.446 0.6666669846
67287  47.073  32.601  27.723 0.8888890147
67283  46.804  32.789  28.318 0.8888890147
66711  46.554  32.025  29.501 0.6666669846
67274  46.246  32.659  29.715 0.6666669846
67880  45.099  33.720  30.932 0.7777780294
68586  34.530  34.571  39.185 0.5555559993
67264  42.423  32.867  33.582 0.8888890147
67259  41.483  32.839  34.546 0.8888890147
67256  40.909  32.876  35.159 0.7777780294
67293  48.057  32.897  25.627 0.8888890147
67901  47.361  33.645  26.641 0.8888890147
67877  43.633  33.825  32.338 0.8888890147
67265  41.895  33.063  33.974 0.8888890147
67865  41.040  33.798  34.359 0.7777780294
67902  47.047  33.875  27.155 0.8888890147
68623  45.178  34.515  30.602 0.8888890147
69247  35.581  35.614  38.348 0.7777780294
66151  49.308  30.745  23.715 0.7777780294
67295  48.559  32.566  24.570 0.8888890147
67861  40.095  34.070  35.188 0.7777780294
67878  43.195  34.007  32.632 0.8888890147
67872  41.390  34.009  33.844 0.7777780294
67300  48.492  33.145  24.261 0.8888890147
67906  48.003  33.723  25.117 0.8888890147
68639  47.448  34.231  26.119 0.8888890147
68628  45.464  34.883  30.044 0.7777780294
69253  38.864  35.375  36.043 0.5555559993
66155  49.505  30.974  22.915 0.6666669846
68600  39.959  35.029  34.626 0.6666669846
66740  49.567  31.740  22.046 0.7777780294
68614  42.925  34.435  32.721 0.8888890147
67909  48.519  33.382  23.883 0.8888890147
68646  47.836  34.458  24.656 0.8888890147
68643  47.315  34.935  25.846 0.7777780294
69315  46.903  35.537  26.356 0.7777780294
69309  46.421  35.080  27.802 0.7777780294
69310  46.234  35.488  27.998 0.7777780294
69305  46.213  35.132  28.156 0.7777780294
66172  50.432  30.761  20.943 0.6666669846
69266  40.199  35.290  34.007 0.5555559993
66746  49.868  32.034  21.071 0.8888890147
69272  43.392  35.904  32.156 0.6666669846
69274  42.455  35.742  32.664 0.6666669846
67917  48.795  33.672  22.305 0.8888890147
68654  48.358  34.223  22.434 0.7777780294
67913  48.219  34.246  23.571 0.7777780294
68650  47.880  34.688  23.853 0.7777780294
69318  46.955  35.713  25.335 0.7777780294
70273  45.743  37.066  28.162 0.7777780294
69302  45.397  35.962  29.757 0.7777780294
69282  43.660  35.926  31.905 0.5555559993
71053  42.459  39.901  31.459 0.3333329856
70625  41.262  38.689  32.556 0.2222220004
71049  40.639  39.537  32.656 0.1111110002
70626  40.571  38.592  32.920 0.1111110002
70627  39.993  38.446  33.413 0.1111110002
70225  39.299  37.544  34.677 0.1111110002
70220  38.954  37.481  35.127 0.1111110002
69822  38.777  36.908  35.620 0.1111110002
71065  43.898  39.956  29.596 0.1111110002
71062  43.222  40.142  30.412 0.1111110002
71466  43.533  40.622  29.614 0.1111110002
71057  42.875  39.884  30.997 0.2222220004
70635  42.778  39.451  31.357 0.3333329856
70623  42.510  38.071  32.075 0.2222220004
70233  40.709  37.175  33.168 0.2222220004
71069  44.713  39.408  28.295 0.1111110002
70638  43.731  38.784  30.670 0.3333329856
70231  41.879  37.310  32.572 0.2222220004
70647  45.131  38.628  28.125 0.3333329856
70271  44.435  38.110  30.132 0.5555559993
70259  43.777  37.786  31.148 0.3333329856
70258  44.164  37.578  30.820 0.3333329856
70240  42.789  37.750  32.018 0.2222220004
69839  42.531  36.885  32.398 0.3333329856
69277  40.142  35.742  33.836 0.3333329856
70283  45.816  37.133  24.183 0.4444440007
70280  45.878  37.587  25.738 0.4444440007
70278  45.702  37.926  27.142 0.5555559993
70649  45.657  38.134  26.764 0.3333329856
70651  45.598  38.283  26.229 0.4444440007
69854  43.873  37.098  31.361 0.4444440007
69845  43.853  36.578  31.563 0.5555559993
69828  42.643  36.440  32.450 0.4444440007
69283  43.357  36.271  32.096 0.5555559993
69325  47.357  35.189  23.325 0.7777780294
69865  45.455  36.708  29.216 0.6666669846
65552  50.955  30.272  18.752 0.7777780294
66174  50.555  30.946  20.046 0.8888890147
68661  47.919  34.650  22.099 0.7777780294
67920  49.191  33.590  20.841 0.8888890147
69332  46.151  35.938  22.059 0.4444440007
68664  48.481  34.465  20.774 0.7777780294
68659  48.791  34.062  21.008 0.7777780294
69335  47.875  34.848  20.676 0.6666669846
67316  49.718  33.134  19.788 0.8888890147
69885  45.747  36.534  22.656 0.4444440007
69337  48.577  34.921  19.778 0.6666669846
67321  50.148  32.744  18.638 0.8888890147
67322  49.890  33.124  19.073 0.8888890147
67326  50.018  33.377  18.308 1.0000000000
71097  45.810  39.846  20.080 0.1111110002
64910  51.283  28.608  15.821 1.0000000000
67949  50.300  33.116  14.459 1.0000000000
64244  50.763  28.137  13.387 0.7777780294
66767  49.884  32.184  13.084 1.0000000000
62826  50.914  25.995  12.371 0.3333329856
66186  49.958  30.933  12.558 1.0000000000
65570  49.547  30.171  11.585 1.0000000000
66771  49.185  31.627  12.007 1.0000000000
64254  49.546  27.366  10.470 1.0000000000
64255  49.234  27.379  10.113 1.0000000000
68702  48.529  34.955  12.820 0.7777780294
66203  47.513  30.755  10.234 1.0000000000
68710  47.451  35.465  11.430 0.2222220004
68718  46.714  35.387  10.176 0.2222220004
63600  46.587  26.134  8.958 0.8888890147
67986  46.539  34.049  10.123 0.4444440007
65392  25.130  29.224  49.027 0.5555559993
65394  23.560  29.298  49.980 0.2222220004
64759  23.355  28.241  50.279 0.2222220004
65393  24.428  29.209  49.454 0.2222220004
66036  25.489  29.846  48.591 0.6666669846
65402  25.422  29.514  48.758 0.3333329856
65407  26.381  29.442  48.138 0.6666669846
66047  26.904  29.962  47.429 0.6666669846
66037  24.855  30.390  48.916 0.3333329856
66048  26.277  30.520  47.485 0.6666669846
66052  27.332  30.425  46.800 0.7777780294
66026  24.597  29.794  49.239 0.2222220004
66043  25.691  30.416  48.206 0.6666669846
66053  26.709  30.508  47.122 0.6666669846
66628  26.529  31.301  46.971 0.6666669846
66627  27.081  31.156  46.536 0.6666669846
66636  26.943  31.706  46.392 0.5555559993
66634  28.590  31.282  45.496 0.6666669846
66635  27.638  31.280  46.073 0.5555559993
67196  27.100  32.447  45.905 0.5555559993
67195  28.038  32.466  45.253 0.4444440007
67204  29.755  32.378  44.593 0.5555559993
67194  29.021  31.984  45.014 0.4444440007
67801  27.250  33.512  45.403 0.3333329856
67810  29.253  33.598  44.391 0.3333329856
67206  28.293  33.152  44.941 0.3333329856
67809  30.105  33.466  44.060 0.4444440007
68546  28.925  34.850  44.220 0.2222220004
67811  28.400  33.840  44.719 0.2222220004
67800  27.930  33.407  45.043 0.1111110002
68545  29.542  34.172  44.087 0.2222220004
68553  31.366  33.997  42.992 0.4444440007
68555  29.882  34.778  43.730 0.1111110002
68560  31.075  35.122  42.704 0.1111110002
68554  30.834  34.670  43.114 0.1111110002
67819  30.596  33.921  43.607 0.2222220004
68559  31.637  34.515  42.463 0.3333329856
68565  32.371  34.462  41.665 0.4444440007
66138  47.725  31.135  27.379 0.2222220004
66139  47.304  31.443  27.873 0.5555559993
69229  32.491  35.235  41.057 0.2222220004
68572  33.083  34.528  40.706 0.3333329856
65520  48.504  30.108  26.596 0.3333329856
66137  48.140  30.734  26.900 0.2222220004
66141  48.335  31.043  26.241 0.4444440007
66142  48.015  31.294  26.708 0.2222220004
68587  34.085  35.065  39.400 0.4444440007
68579  33.226  35.064  40.226 0.3333329856
71860  42.183  42.174  30.739 0.1111110002
71856  41.918  41.823  31.264 0.1111110002
71859  42.339  41.404  30.898 0.1111110002
71460  42.408  40.618  31.165 0.1111110002
71463  42.770  40.796  30.592 0.1111110002
69242  33.375  35.483  39.979 0.2222220004
69241  33.819  35.706  39.508 0.3333329856
69248  34.829  35.509  38.792 0.5555559993
66145  48.613  31.202  25.495 0.4444440007
69801  33.729  36.781  39.400 0.2222220004
69802  33.272  36.340  39.859 0.2222220004
69811  34.286  36.257  39.044 0.3333329856
69249  34.289  35.423  39.143 0.4444440007
71088  44.998  39.638  23.410 0.1111110002
70657  45.037  39.669  24.187 0.2222220004
70655  45.135  39.395  24.929 0.1111110002
70656  45.206  38.788  24.120 0.2222220004
70660  45.053  38.635  22.658 0.2222220004
70659  45.013  38.195  22.051 0.2222220004
70291  45.201  37.808  22.961 0.2222220004
70286  45.516  37.202  23.242 0.2222220004
70290  45.097  37.555  22.243 0.2222220004
70295  45.071  37.402  21.350 0.2222220004
70654  45.434  38.499  25.274 0.3333329856
70284  45.574  37.817  24.687 0.2222220004
70287  45.320  37.875  23.661 0.2222220004
64935  46.083  28.180  8.523 0.8888890147
64262  45.584  27.349  8.378 0.7777780294
70308  48.930  37.153  15.969 0.3333329856
64936  45.284  28.483  8.164 0.7777780294
64265  44.575  27.239  7.865 0.7777780294
69914  49.166  36.317  15.016 0.3333329856
65589  44.572  29.735  7.893 0.7777780294
64932  46.036  28.996  8.645 0.6666669846
64946  43.758  28.307  6.351 0.6666669846
64942  44.294  28.547  7.184 0.6666669846
64281  44.009  27.082  4.698 0.7777780294
64266  44.302  27.683  7.224 0.7777780294
64941  44.599  28.172  7.681 0.7777780294
70310  48.908  37.008  15.330 0.3333329856
70316  48.870  36.867  14.955 0.3333329856
69919  48.641  36.547  14.153 0.4444440007
66218  43.541  30.349  6.623 0.3333329856
66214  44.068  30.641  7.433 0.4444440007
65583  45.335  29.756  8.720 0.5555559993
65599  43.215  28.961  5.580 0.4444440007
66222  43.294  29.726  6.093 0.5555559993
65594  43.932  29.457  6.940 0.5555559993
65603  43.236  28.347  5.122 0.5555559993
64949  43.575  28.050  5.525 0.6666669846
64288  43.740  26.614  3.528 0.7777780294
64951  43.507  27.788  4.869 0.7777780294
63632  44.049  25.213  1.563 0.7777780294
69915  48.857  36.673  14.687 0.3333329856
67368  43.251  33.210  6.576 0.1111110002
66205  45.918  30.824  9.341 0.4444440007
66795  43.435  32.388  6.825 0.2222220004
66215  43.724  31.631  7.170 0.3333329856
66211  44.117  31.590  7.768 0.2222220004
66210  44.555  31.077  8.239 0.3333329856
66206  45.133  30.977  8.908 0.3333329856
67373  42.045  32.504  5.264 0.1111110002
66805  42.052  31.375  5.302 0.1111110002
66802  42.284  31.544  5.525 0.3333329856
66226  42.509  30.149  5.564 0.5555559993
66223  42.998  30.456  6.075 0.3333329856
65584  44.903  30.386  8.448 0.5555559993
66230  41.961  30.308  5.488 0.1111110002
66229  42.350  29.535  5.275 0.2222220004
65607  42.630  28.811  5.094 0.4444440007
65600  42.893  29.559  5.617 0.5555559993
65609  41.526  29.341  5.369 0.1111110002
65608  42.192  28.830  5.097 0.3333329856
64955  43.101  27.729  4.491 0.6666669846
64290  42.779  26.851  3.415 0.7777780294
64958  42.867  27.364  4.085 0.7777780294
64954  43.460  27.444  4.432 0.7777780294
63626  43.557  26.149  2.695 0.7777780294
69923  47.911  37.005  12.827 0.2222220004
66783  45.415  31.882  9.549 0.3333329856
66792  43.715  32.665  7.285 0.2222220004
66787  44.308  32.199  8.286 0.2222220004
66784  44.823  32.037  8.877 0.3333329856
69366  47.808  36.557  12.404 0.2222220004
67362  43.970  33.454  7.666 0.1111110002
67354  45.113  32.994  9.352 0.2222220004
67353  45.864  32.944  9.886 0.3333329856
66788  43.973  32.419  7.722 0.2222220004
67358  44.129  32.990  8.174 0.1111110002
67361  44.306  33.717  8.247 0.1111110002
67357  44.547  33.154  8.745 0.1111110002
67987  45.597  34.194  9.274 0.2222220004
67988  45.025  33.686  9.012 0.2222220004
65528  48.831  30.734  25.276 0.4444440007
69808  36.558  36.704  37.683 0.3333329856
71855  42.034  41.133  31.405 0.1111110002
66042  26.456  29.849  47.829 0.6666669846
66038  24.234  30.859  49.265 0.2222220004
67205  28.795  32.900  44.801 0.4444440007
69918  49.024  36.152  14.522 0.4444440007
64937  44.752  28.840  7.810 0.7777780294
65588  45.017  29.219  8.123 0.6666669846
65597  43.519  29.144  6.167 0.5555559993
63622  44.552  26.155  3.723 0.7777780294
64285  43.842  26.821  3.994 0.7777780294
66219  43.330  31.368  6.600 0.3333329856
64289  43.388  26.728  3.464 0.7777780294
64286  43.523  27.036  3.984 0.7777780294
63633  43.421  25.677  1.814 0.7777780294
63625  44.056  25.894  2.721 0.7777780294
66798  43.068  32.008  6.343 0.2222220004
66227  42.240  30.860  5.381 0.3333329856
66801  42.674  31.644  5.887 0.5555559993
65604  42.946  28.747  5.222 0.5555559993
64956  42.637  28.037  4.656 0.5555559993
64952  43.251  27.981  4.831 0.6666669846
64297  43.212  26.350  2.768 0.7777780294
63382  22.069  26.476  51.305 0.1111110002
62652  21.625  25.647  51.861 0.1111110002
63394  22.564  26.508  50.960 0.2222220004
62683  33.894  24.618  44.608 0.1111110002
62677  33.391  24.202  44.835 0.1111110002
62026  32.497  23.875  44.941 0.1111110002
62027  31.863  23.654  45.988 0.1111110002
62678  32.845  24.514  44.821 0.1111110002
62684  32.676  25.387  44.603 0.1111110002
62679  31.528  24.959  45.231 0.1111110002
66625  25.415  31.709  47.922 0.4444440007
66624  25.804  31.363  47.662 0.6666669846
67188  25.768  32.410  47.260 0.2222220004
67189  25.322  32.977  47.495 0.2222220004
67183  25.528  31.980  47.697 0.3333329856
63416  33.648  26.321  44.161 0.1111110002
62682  35.918  24.679  44.086 0.1111110002
63415  35.027  25.395  44.073 0.1111110002
62688  36.528  24.950  43.756 0.1111110002
67796  26.002  33.166  46.676 0.1111110002
63421  36.119  25.910  43.263 0.1111110002
85824  34.454  26.119  44.030 0.1111110002
63422  34.637  26.525  43.705 0.1111110002
62700  38.193  25.401  42.204 0.1111110002
62695  37.554  25.352  42.817 0.1111110002
63435  38.140  25.919  41.716 0.1111110002
63429  37.047  25.871  42.652 0.1111110002
63436  37.409  26.304  41.902 0.1111110002
63430  36.556  26.365  42.454 0.1111110002
64112  35.955  26.540  42.648 0.1111110002
64122  37.312  26.774  41.379 0.1111110002
64113  35.033  27.036  42.694 0.1111110002
64123  36.505  27.226  41.397 0.1111110002
64119  35.395  27.377  41.836 0.1111110002
64799  34.652  27.580  42.038 0.1111110002
64124  35.533  27.673  41.380 0.1111110002
64802  34.570  28.020  41.385 0.2222220004
62706  38.683  25.609  41.463 0.1111110002
64152  43.140  27.556  36.464 0.2222220004
62709  38.722  25.978  41.037 0.1111110002
63441  38.176  26.306  41.211 0.1111110002
64854  46.851  29.139  31.062 0.2222220004
64126  38.269  26.643  40.630 0.1111110002
65497  46.228  29.803  31.479 0.3333329856
64132  38.509  26.984  39.834 0.1111110002
64134  37.088  28.055  40.203 0.2222220004
64133  37.558  27.639  40.072 0.2222220004
64812  37.310  28.543  39.602 0.3333329856
64804  36.370  27.802  40.785 0.1111110002
64805  35.626  28.097  40.843 0.2222220004
66118  45.370  30.636  32.020 0.4444440007
64807  36.444  28.323  40.265 0.4444440007
64808  35.735  28.520  40.360 0.4444440007
63456  42.452  26.966  37.379 0.2222220004
63450  42.141  26.404  37.727 0.1111110002
62714  40.894  25.344  38.623 0.1111110002
63451  41.202  26.355  38.299 0.1111110002
63452  40.386  26.301  38.893 0.1111110002
64149  42.618  27.497  37.039 0.2222220004
64138  42.111  27.453  37.475 0.2222220004
63453  39.780  26.212  39.530 0.1111110002
62716  39.771  25.426  40.032 0.1111110002
64856  47.428  28.783  30.435 0.1111110002
64153  42.741  28.019  36.706 0.2222220004
64815  42.196  27.966  37.218 0.2222220004
64139  41.419  27.384  37.889 0.2222220004
64140  40.497  27.273  38.369 0.1111110002
63445  39.243  26.223  40.090 0.1111110002
64827  42.301  28.451  36.858 0.2222220004
64131  39.224  26.590  39.583 0.1111110002
64142  38.717  27.356  39.134 0.1111110002
65499  46.570  30.077  30.806 0.3333329856
66117  45.811  30.333  31.706 0.4444440007
64811  38.018  27.850  39.344 0.2222220004
65448  36.450  28.905  39.704 0.5555559993
65449  35.698  28.931  39.900 0.5555559993
64859  48.131  28.417  29.431 0.1111110002
64184  48.546  27.900  28.962 0.1111110002
64860  47.621  29.310  29.589 0.1111110002
64857  47.089  29.587  30.331 0.2222220004
64817  40.651  28.221  37.704 0.1111110002
64810  38.419  27.484  39.189 0.2222220004
64818  39.647  28.060  38.069 0.3333329856
64819  38.570  28.021  38.602 0.2222220004
66121  46.042  30.663  31.207 0.4444440007
65464  38.878  28.969  37.646 0.5555559993
65466  36.893  29.432  38.539 0.6666669846
66699  45.757  31.156  31.325 0.4444440007
64864  48.220  28.859  28.769 0.1111110002
64861  47.190  29.896  29.878 0.2222220004
65505  47.568  29.903  29.104 0.2222220004
65502  46.847  30.337  30.148 0.4444440007
66128  46.658  31.158  29.844 0.4444440007
66703  45.904  31.453  30.973 0.4444440007
63500  48.887  27.466  28.427 0.1111110002
64187  48.987  27.661  27.934 0.1111110002
64188  48.689  28.188  28.278 0.1111110002
64865  47.828  29.599  28.872 0.1111110002
65506  47.201  30.371  29.401 0.4444440007
66125  46.358  30.951  30.551 0.4444440007
66707  46.131  32.034  30.257 0.5555559993
63506  49.445  26.849  26.993 0.1111110002
64191  49.128  27.659  27.304 0.1111110002
64869  48.526  29.014  27.838 0.1111110002
65510  48.056  29.579  28.317 0.1111110002
65511  47.596  30.348  28.512 0.1111110002
66130  46.939  31.273  29.166 0.4444440007
62107  52.099  25.699  26.426 0.1111110002
62769  51.345  26.366  26.532 0.1111110002
63505  50.290  26.598  26.848 0.1111110002
69810  34.966  36.540  38.575 0.2222220004
64873  48.588  29.444  27.132 0.1111110002
69815  38.036  36.706  36.561 0.1111110002
70213  37.669  37.492  36.747 0.1111110002
65515  48.108  30.116  27.571 0.1111110002
65512  47.222  30.803  28.898 0.3333329856
66133  47.498  30.951  28.027 0.2222220004
66134  47.172  31.251  28.480 0.4444440007
66715  46.822  32.048  28.790 0.4444440007
61508  51.774  24.441  23.868 0.1111110002
62110  51.652  24.823  24.943 0.1111110002
62106  52.375  25.261  25.611 0.1111110002
70209  35.168  37.616  38.295 0.2222220004
70210  34.125  37.542  39.013 0.2222220004
62117  51.770  24.777  23.281 0.1111110002
62113  51.527  24.809  24.058 0.1111110002
62771  51.443  25.510  25.165 0.1111110002
62768  51.689  25.843  25.830 0.1111110002
62780  51.260  25.492  23.376 0.1111110002
62775  51.106  25.257  24.366 0.1111110002
62772  50.836  25.929  25.571 0.1111110002
63511  49.576  26.784  26.392 0.1111110002
70207  36.730  37.647  37.451 0.1111110002
69809  35.781  36.643  38.083 0.2222220004
62789  52.247  26.064  21.471 0.1111110002
63522  51.325  26.364  22.647 0.1111110002
62781  50.791  25.824  23.846 0.1111110002
63514  50.022  26.487  24.833 0.1111110002
63510  50.086  26.492  25.941 0.1111110002
64194  49.498  27.036  25.918 0.1111110002
70205  37.533  37.350  36.935 0.1111110002
69807  37.211  36.776  37.292 0.1111110002
63517  50.920  26.252  23.276 0.1111110002
63518  50.416  26.640  23.740 0.1111110002
64198  49.531  27.377  25.215 0.1111110002
64195  49.231  27.819  26.197 0.1111110002
69806  37.605  36.977  36.947 0.1111110002
63530  52.434  26.498  20.231 0.1111110002
63526  51.756  26.793  21.776 0.1111110002
63527  51.266  27.127  22.223 0.1111110002
63523  50.886  27.013  22.844 0.1111110002
64199  49.355  28.313  25.185 0.1111110002
64876  48.964  28.877  26.254 0.1111110002
65519  48.768  29.337  26.593 0.1111110002
63531  52.117  26.917  20.733 0.1111110002
64215  51.643  27.796  20.997 0.1111110002
64211  51.397  27.564  21.722 0.1111110002
64212  50.999  27.939  22.169 0.1111110002
65523  48.873  29.652  25.965 0.1111110002
64216  51.271  28.163  21.438 0.1111110002
64202  49.919  27.684  24.084 0.1111110002
64207  50.459  27.813  23.080 0.1111110002
64203  49.579  28.228  24.583 0.1111110002
64886  50.053  28.769  23.310 0.2222220004
64882  49.750  28.611  24.023 0.1111110002
64883  49.457  29.197  24.463 0.1111110002
64879  49.119  28.986  25.507 0.1111110002
65534  49.885  29.434  23.277 0.2222220004
65531  49.339  30.150  24.209 0.1111110002
66147  49.137  30.693  24.350 0.3333329856
61557  50.552  23.264  10.890 0.1111110002
62200  46.565  23.667  8.527 0.6666669846
62202  46.220  23.777  7.186 0.6666669846
62870  45.719  24.462  8.024 0.7777780294
62204  46.302  24.179  5.720 0.6666669846
62876  45.677  24.495  6.965 0.6666669846
62865  45.623  25.306  8.316 0.6666669846
62877  45.270  25.095  6.278 0.6666669846
63610  44.525  25.956  7.192 0.6666669846
63606  45.250  26.190  8.146 0.6666669846
62210  46.122  24.817  4.630 0.6666669846
63613  44.585  26.003  5.940 0.6666669846
64276  44.146  26.790  6.035 0.6666669846
64270  44.166  26.840  6.828 0.6666669846
60970  48.319  21.427  0.137 0.5555559993
61584  48.063  22.519  1.283 0.5555559993
61585  47.751  23.180  2.011 0.6666669846
64277  43.955  27.202  5.582 0.6666669846
61598  47.689  21.421  -0.639 0.5555559993
61591  47.844  21.970  0.358 0.5555559993
62212  47.089  23.987  2.610 0.6666669846
63616  44.930  25.938  4.875 0.6666669846
63614  44.411  26.472  5.397 0.6666669846
64271  44.028  27.560  6.538 0.5555559993
62216  46.781  23.354  1.253 0.5555559993
62888  45.703  24.980  2.828 0.6666669846
62884  45.607  25.385  4.034 0.6666669846
61604  47.702  21.067  -1.478 0.5555559993
61599  47.129  21.921  -0.529 0.5555559993
61592  47.351  22.588  0.694 0.5555559993
63621  44.984  25.902  4.127 0.6666669846
63617  44.492  26.461  4.703 0.6666669846
62217  46.214  24.189  2.025 0.6666669846
62885  45.200  25.547  3.435 0.6666669846
62891  45.471  24.494  1.805 0.6666669846
62889  44.970  25.256  2.600 0.6666669846
61611  47.578  21.016  -2.484 0.4444440007
61605  47.217  21.414  -1.668 0.5555559993
62225  46.485  21.948  -1.941 0.5555559993
62219  46.470  22.571  -0.199 0.6666669846
61617  47.580  21.072  -3.833 0.3333329856
61612  47.018  21.463  -3.028 0.4444440007
62226  45.736  22.633  -1.419 0.6666669846
62220  45.655  23.534  0.460 0.6666669846
62892  44.681  24.549  1.144 0.6666669846
60990  48.373  20.521  -4.619 0.3333329856
61623  47.575  21.391  -5.291 0.3333329856
61618  47.011  21.651  -4.480 0.3333329856
62235  45.287  22.867  -2.755 0.6666669846
62221  44.938  23.743  -0.034 0.6666669846
62227  45.041  23.201  -1.121 0.6666669846
62900  44.325  23.825  -0.682 0.6666669846
64959  42.255  27.622  4.295 0.5555559993
64291  42.062  26.886  3.285 0.6666669846
62895  42.359  25.298  0.153 0.5555559993
63634  42.518  25.744  1.292 0.6666669846
64298  42.673  26.283  2.485 0.6666669846
62921  44.542  23.839  -3.920 0.6666669846
62901  43.467  24.266  -0.826 0.6666669846
62894  43.068  25.019  0.393 0.5555559993
61627  47.417  22.030  -6.817 0.2222220004
61624  47.008  21.992  -5.779 0.4444440007
62239  46.539  22.200  -5.164 0.5555559993
62920  45.085  23.315  -4.080 0.6666669846
62910  44.631  23.340  -2.489 0.6666669846
62893  43.854  24.712  0.596 0.6666669846
60994  48.195  21.249  -6.174 0.2222220004
62234  45.909  22.406  -3.127 0.6666669846
63635  41.493  25.804  0.637 0.5555559993
63643  41.402  25.562  -0.374 0.4444440007
60385  49.694  20.869  -10.390 0.2222220004
61001  49.034  22.180  -8.364 0.2222220004
60998  48.233  21.931  -7.387 0.2222220004
62922  43.825  24.299  -3.834 0.6666669846
62913  42.342  24.870  -2.195 0.5555559993
61002  48.139  22.101  -8.245 0.2222220004
62248  45.811  22.914  -5.359 0.5555559993
61636  47.845  22.108  -9.197 0.2222220004
61630  47.631  22.226  -8.040 0.3333329856
62252  46.698  22.696  -7.421 0.4444440007
62247  46.136  22.761  -6.021 0.5555559993
62930  45.454  23.353  -5.605 0.5555559993
62914  41.426  25.445  -2.062 0.5555559993
59742  48.728  19.969  -10.991 0.1111110002
59741  49.189  19.860  -10.402 0.1111110002
59755  48.758  20.454  -12.335 0.1111110002
61017  48.245  20.836  -10.955 0.1111110002
61639  48.050  22.430  -10.690 0.1111110002
61635  48.602  22.770  -9.560 0.2222220004
62932  44.681  24.567  -5.365 0.5555559993
62923  42.980  24.787  -3.698 0.5555559993
59760  48.821  20.682  -13.090 0.2222220004
60392  48.470  20.895  -11.803 0.1111110002
62258  47.160  22.468  -8.813 0.4444440007
62929  45.772  23.174  -6.286 0.5555559993
59765  48.831  20.804  -13.853 0.2222220004
61021  48.217  21.744  -12.172 0.1111110002
61645  47.637  21.808  -10.937 0.2222220004
61640  47.556  22.206  -10.317 0.2222220004
62937  46.236  23.192  -7.710 0.5555559993
62938  45.942  23.409  -7.389 0.5555559993
62940  45.230  23.872  -6.789 0.5555559993
62941  44.962  24.276  -6.799 0.5555559993
62947  46.072  23.678  -8.240 0.5555559993
62925  41.293  25.717  -3.400 0.4444440007
62934  42.578  25.102  -5.096 0.5555559993
62933  43.656  24.820  -5.391 0.5555559993
59773  48.893  20.792  -14.701 0.1111110002
61655  48.077  22.393  -12.195 0.2222220004
62277  47.565  22.637  -11.239 0.2222220004
62271  47.228  22.486  -10.585 0.3333329856
62266  46.793  23.006  -9.450 0.5555559993
62946  46.300  23.441  -8.506 0.5555559993
62939  45.591  23.625  -7.017 0.5555559993
59125  49.542  19.118  -17.631 0.1111110002
59788  48.892  20.813  -15.673 0.1111110002
60416  48.536  21.514  -14.115 0.1111110002
61673  48.134  22.639  -12.652 0.2222220004
62283  47.730  22.729  -11.619 0.3333329856
62272  46.943  23.182  -10.261 0.4444440007
63681  46.124  24.127  -8.852 0.5555559993
63671  45.749  24.044  -8.035 0.5555559993
63672  45.486  24.229  -7.934 0.4444440007
59802  48.855  20.640  -16.649 0.1111110002
61062  48.311  22.171  -14.028 0.2222220004
62278  47.255  23.352  -11.011 0.3333329856
59818  48.639  20.535  -17.560 0.1111110002
63708  40.081  26.797  -8.248 0.3333329856
63688  40.491  26.498  -6.610 0.3333329856
63666  40.922  26.153  -4.414 0.3333329856
85817  41.953  24.424  -9.268 0.4444440007
63697  41.055  25.688  -8.128 0.4444440007
63676  41.090  26.027  -5.707 0.4444440007
63685  44.948  25.088  -8.998 0.4444440007
63674  44.915  24.429  -8.009 0.4444440007
62254  44.398  24.835  -8.536 0.4444440007
62943  43.062  24.696  -7.212 0.4444440007
63684  45.493  25.027  -8.918 0.5555559993
62959  46.850  24.232  -10.765 0.5555559993
63702  46.428  24.329  -9.925 0.5555559993
63693  46.097  24.976  -9.476 0.5555559993
63682  45.951  24.331  -8.672 0.5555559993
63673  45.168  24.338  -7.900 0.4444440007
59139  48.590  19.520  -19.045 0.1111110002
59835  48.286  20.384  -18.519 0.1111110002
60457  48.482  21.487  -15.624 0.2222220004
61044  48.167  22.653  -13.632 0.2222220004
62292  47.775  23.713  -12.566 0.3333329856
59151  48.994  18.764  -19.343 0.1111110002
59126  48.942  19.735  -18.097 0.1111110002
64369  40.026  27.276  -9.624 0.3333329856
63689  39.975  27.171  -6.450 0.3333329856
64405  40.070  27.060  -11.467 0.3333329856
62273  45.460  24.402  -9.784 0.4444440007
64354  46.080  25.928  -10.142 0.4444440007
63694  46.038  25.272  -9.472 0.5555559993
63683  45.780  24.957  -8.968 0.5555559993
63712  46.518  25.069  -10.562 0.5555559993
60458  48.144  21.937  -16.091 0.2222220004
61063  48.102  22.602  -14.437 0.2222220004
61691  47.929  23.299  -13.824 0.2222220004
62965  47.263  24.222  -11.535 0.4444440007
62966  46.905  24.968  -11.442 0.5555559993
59166  47.824  18.915  -21.139 0.1111110002
59845  47.725  20.147  -19.571 0.1111110002
59819  48.049  21.226  -17.864 0.2222220004
60472  47.818  22.020  -17.110 0.2222220004
61084  47.910  22.700  -15.325 0.2222220004
61710  47.783  23.334  -14.613 0.3333329856
63018  47.573  24.258  -12.822 0.4444440007
62986  47.498  24.285  -12.308 0.5555559993
59153  47.507  19.537  -20.700 0.2222220004
61106  47.615  22.815  -16.264 0.2222220004
59167  47.096  19.569  -21.366 0.4444440007
59857  46.761  20.270  -20.543 0.3333329856
59856  47.563  19.774  -20.247 0.3333329856
59846  47.043  20.922  -19.646 0.4444440007
64364  46.227  25.909  -10.481 0.4444440007
63749  46.722  25.552  -12.041 0.4444440007
62960  46.731  24.979  -11.036 0.4444440007
62312  47.703  23.979  -13.287 0.4444440007
63019  47.161  24.891  -13.223 0.4444440007
62987  47.112  24.925  -12.153 0.4444440007
59836  47.599  21.077  -18.820 0.3333329856
61727  47.563  23.448  -15.416 0.3333329856
62333  47.650  23.915  -14.022 0.3333329856
62313  47.487  24.333  -13.647 0.4444440007
60487  47.422  21.995  -18.122 0.3333329856
61762  47.212  23.279  -16.539 0.4444440007
62355  47.508  23.950  -14.717 0.3333329856
60507  46.604  20.948  -20.062 0.4444440007
63020  46.657  25.504  -13.449 0.4444440007
63780  46.872  25.363  -12.567 0.4444440007
62371  47.142  24.300  -15.696 0.4444440007
63046  46.987  24.899  -14.372 0.4444440007
60497  46.972  21.767  -19.081 0.4444440007
60488  46.983  22.374  -18.471 0.4444440007
61124  47.195  22.811  -17.323 0.4444440007
62370  47.359  24.003  -15.280 0.4444440007
59858  46.125  20.818  -20.915 0.4444440007
60503  46.632  21.399  -19.775 0.4444440007
60511  45.768  21.334  -21.363 0.4444440007
60508  46.165  21.351  -20.395 0.4444440007
65112  45.016  26.883  -13.454 0.1111110002
63818  45.598  25.993  -14.872 0.2222220004
63782  45.744  26.310  -13.494 0.3333329856
63069  46.526  25.247  -15.743 0.2222220004
63817  46.186  25.680  -14.427 0.4444440007
63059  46.558  25.295  -14.841 0.4444440007
63803  46.361  25.720  -13.722 0.4444440007
63781  46.382  25.916  -12.967 0.4444440007
63068  46.829  24.761  -16.052 0.4444440007
63058  46.900  24.852  -15.257 0.4444440007
60498  46.637  22.537  -18.960 0.4444440007
61141  46.783  23.028  -18.143 0.4444440007
61763  46.962  23.628  -16.958 0.4444440007
62387  46.941  24.244  -16.444 0.4444440007
60512  45.396  21.782  -21.792 0.3333329856
61167  45.337  22.263  -21.206 0.4444440007
61166  45.751  21.838  -20.809 0.4444440007
61152  46.187  22.807  -19.466 0.4444440007
61125  46.881  23.289  -17.503 0.4444440007
64452  45.090  26.495  -14.196 0.1111110002
63836  46.137  25.664  -16.456 0.1111110002
63089  46.085  25.164  -17.965 0.2222220004
63082  46.344  25.273  -17.207 0.2222220004
62406  46.006  24.627  -18.444 0.2222220004
63088  46.326  24.860  -17.602 0.2222220004
63081  46.537  24.762  -17.135 0.2222220004
63077  46.743  24.644  -16.653 0.4444440007
61784  45.986  23.581  -19.246 0.2222220004
62417  46.047  24.131  -18.674 0.3333329856
61774  46.333  23.748  -18.345 0.3333329856
62396  46.407  24.335  -17.706 0.4444440007
60517  45.542  21.359  -22.358 0.3333329856
61160  45.390  22.817  -20.648 0.2222220004
61790  45.884  23.067  -19.780 0.2222220004
61768  46.653  23.706  -17.613 0.4444440007
64453  44.430  26.734  -14.593 0.1111110002
64463  44.984  26.312  -15.520 0.1111110002
63829  45.554  26.022  -15.958 0.1111110002
63837  45.627  26.216  -16.960 0.1111110002
63840  45.995  25.779  -17.465 0.1111110002
62420  45.389  24.202  -19.752 0.2222220004
62418  45.749  24.348  -19.105 0.2222220004
61791  45.512  23.399  -20.090 0.2222220004
61785  45.663  23.894  -19.557 0.2222220004
64464  44.437  26.607  -15.276 0.1111110002
64471  45.057  26.479  -16.584 0.1111110002
63847  45.349  26.101  -18.625 0.1111110002
63841  45.581  26.266  -17.867 0.1111110002
63879  44.675  25.104  -19.922 0.1111110002
63872  45.030  25.280  -19.521 0.1111110002
63846  45.737  25.683  -18.277 0.1111110002
63121  44.646  24.349  -20.483 0.1111110002
63110  45.392  24.861  -19.342 0.1111110002
63100  45.739  25.050  -18.687 0.2222220004
61796  44.523  23.438  -21.375 0.1111110002
62422  44.999  23.949  -20.380 0.2222220004
61800  44.925  22.645  -21.593 0.2222220004
61795  44.951  23.167  -21.023 0.2222220004
58544  48.442  18.154  -21.131 0.1111110002
58543  49.151  17.171  -21.006 0.1111110002
58550  48.189  17.787  -22.186 0.1111110002
62685  31.926  25.683  44.662 0.1111110002
64109  33.984  27.283  44.430 0.1111110002
65454  36.778  29.104  39.254 0.5555559993
65527  49.051  30.125  25.040 0.2222220004
65535  49.646  29.982  23.465 0.2222220004
63601  45.945  26.573  8.587 0.6666669846
66619  25.495  31.245  48.023 0.4444440007
65516  47.727  30.628  27.875 0.1111110002
65524  48.710  30.476  25.770 0.2222220004
66620  25.133  31.523  48.274 0.2222220004
67184  25.155  32.450  47.892 0.2222220004
63414  35.942  25.277  43.864 0.1111110002
63420  36.959  25.565  43.008 0.1111110002
63423  34.018  26.957  43.915 0.1111110002
62701  37.581  25.750  42.420 0.1111110002
63437  36.634  26.669  41.981 0.1111110002
63442  37.648  26.593  41.344 0.1111110002
64118  36.010  26.821  42.144 0.1111110002
64148  43.007  27.009  36.824 0.2222220004
63446  38.714  26.308  40.615 0.1111110002
62708  39.204  25.608  40.772 0.1111110002
64127  37.638  26.996  40.837 0.1111110002
64128  36.941  27.670  40.630 0.1111110002
64821  37.389  29.268  39.091 0.5555559993
62715  40.275  25.376  39.296 0.1111110002
64141  39.420  27.086  38.993 0.1111110002
64820  37.975  28.855  38.877 0.3333329856
64868  48.875  28.235  27.684 0.1111110002
64872  48.901  28.631  27.011 0.1111110002
62776  50.641  25.791  24.612 0.1111110002
62785  51.886  25.558  22.428 0.1111110002
70208  36.013  37.643  37.841 0.1111110002
64887  49.766  29.197  23.706 0.1111110002
62871  45.153  25.154  7.561 0.6666669846
62205  45.768  24.861  5.447 0.6666669846
62881  45.390  25.357  5.188 0.6666669846
62213  46.376  24.681  3.332 0.6666669846
62233  46.466  21.970  -3.735 0.3333329856
64299  41.798  26.222  2.229 0.6666669846
62911  43.928  23.825  -2.344 0.6666669846
62902  42.682  24.721  -0.887 0.5555559993
62912  43.165  24.334  -2.295 0.6666669846
62240  46.068  22.494  -4.616 0.5555559993
62241  45.598  22.863  -4.261 0.6666669846
62903  41.860  25.249  -0.785 0.5555559993
61005  49.217  21.931  -9.946 0.2222220004
60384  50.059  20.533  -9.390 0.2222220004
61010  48.607  21.164  -10.897 0.1111110002
60380  49.908  21.264  -9.016 0.2222220004
60389  48.774  20.473  -10.905 0.1111110002
61628  46.922  22.279  -6.585 0.4444440007
62246  46.604  22.462  -6.322 0.4444440007
62931  45.022  23.849  -5.425 0.5555559993
62251  47.117  22.452  -7.927 0.5555559993
62253  46.315  22.887  -6.972 0.5555559993
59051  48.518  19.471  -11.402 0.1111110002
59747  48.686  20.201  -11.566 0.1111110002
59046  49.193  19.401  -11.236 0.1111110002
60390  48.484  20.593  -11.082 0.1111110002
62924  42.069  25.248  -3.508 0.5555559993
61644  47.864  21.685  -10.955 0.1111110002
60399  48.539  21.192  -12.543 0.2222220004
60405  48.572  21.383  -13.287 0.2222220004
61018  48.115  21.276  -11.295 0.1111110002
61011  48.020  21.237  -10.975 0.2222220004
62265  47.145  22.449  -9.745 0.4444440007
62259  46.722  22.900  -8.568 0.5555559993
61651  47.865  22.166  -11.607 0.2222220004
62935  41.681  25.650  -4.701 0.4444440007
61027  48.320  21.999  -12.739 0.2222220004
62952  46.465  23.577  -9.309 0.5555559993
59113  49.194  19.897  -17.176 0.1111110002
60434  48.565  21.432  -14.969 0.1111110002
61028  48.216  22.521  -13.086 0.2222220004
61043  48.357  22.054  -13.467 0.2222220004
61652  47.854  22.743  -11.889 0.2222220004
62284  47.660  23.364  -11.776 0.3333329856
62956  46.642  23.761  -10.006 0.5555559993
63692  46.253  24.235  -9.347 0.5555559993
59789  48.546  21.227  -16.200 0.1111110002
59803  48.351  21.265  -16.923 0.1111110002
60417  48.355  21.957  -14.537 0.2222220004
61674  48.020  23.151  -13.034 0.2222220004
61656  47.938  23.022  -12.329 0.3333329856
63711  46.602  24.350  -10.306 0.4444440007
63716  40.409  26.362  -9.913 0.4444440007
62944  41.874  25.357  -6.203 0.4444440007
62950  41.815  25.045  -7.670 0.4444440007
63753  41.582  25.202  -12.162 0.4444440007
62260  44.876  23.885  -8.464 0.4444440007
59152  48.227  19.153  -20.105 0.1111110002
60435  48.255  22.022  -15.162 0.2222220004
64331  46.103  26.060  -9.504 0.3333329856
64342  46.016  25.849  -9.897 0.5555559993
63703  46.268  25.068  -9.977 0.5555559993
58539  48.414  18.561  -20.621 0.1111110002
59181  47.934  18.487  -21.707 0.1111110002
61748  47.375  23.436  -16.028 0.3333329856
63723  46.509  25.739  -11.297 0.4444440007
62334  47.355  24.431  -14.131 0.4444440007
61140  47.084  22.544  -18.014 0.4444440007
61749  47.154  23.790  -16.224 0.4444440007
61728  47.328  23.809  -15.723 0.4444440007
62356  47.231  24.433  -14.899 0.4444440007
63047  46.663  25.359  -13.984 0.4444440007
63750  46.317  26.117  -12.016 0.4444440007
60504  46.396  22.046  -19.661 0.4444440007
61159  45.811  22.443  -20.257 0.4444440007
63828  46.078  25.641  -15.368 0.2222220004
63804  45.900  26.043  -13.921 0.2222220004
64431  46.079  26.374  -12.458 0.4444440007
61144  46.396  23.149  -18.843 0.4444440007
62393  46.707  24.231  -17.081 0.4444440007
65113  44.290  27.040  -13.885 0.1111110002
63078  46.563  25.100  -16.541 0.2222220004
62397  46.199  24.672  -17.987 0.3333329856
63860  45.403  25.498  -18.957 0.1111110002
63115  44.962  24.664  -19.966 0.1111110002
62423  44.579  23.868  -20.960 0.1111110002
61995  25.130  24.131  50.017 0.1111110002
66611  24.690  31.467  48.735 0.1111110002
71018  35.052  39.631  38.174 0.1111110002
70598  34.667  38.665  38.524 0.1111110002
70599  33.871  38.813  39.019 0.1111110002
70211  33.520  38.327  39.324 0.1111110002
64163  44.575  28.074  34.284 0.3333329856
64844  45.077  28.668  33.373 0.3333329856
71021  32.651  40.314  39.526 0.1111110002
71020  33.225  39.663  39.273 0.1111110002
71010  32.856  39.342  39.576 0.1111110002
71019  34.209  39.695  38.691 0.1111110002
70600  33.402  38.913  39.297 0.1111110002
70196  32.796  37.291  40.062 0.1111110002
70197  32.435  37.526  40.302 0.1111110002
69794  32.761  36.821  40.192 0.1111110002
70597  35.511  38.618  38.014 0.1111110002
71011  32.365  39.527  39.867 0.1111110002
71006  31.604  39.499  40.444 0.1111110002
70586  32.026  38.659  40.323 0.1111110002
69795  32.136  36.529  40.858 0.1111110002
69230  31.919  35.683  41.482 0.1111110002
68566  31.879  35.011  41.924 0.1111110002
69789  31.762  36.378  41.301 0.1111110002
60314  49.063  21.351  6.256 0.3333329856
60938  48.257  22.088  6.434 0.3333329856
61569  47.080  22.175  7.547 0.4444440007
60319  48.812  21.949  5.184 0.3333329856
60315  48.662  21.955  5.848 0.3333329856
60324  49.052  22.033  4.161 0.2222220004
60944  48.421  22.611  4.556 0.4444440007
61575  48.085  22.735  5.228 0.5555559993
61573  46.949  23.196  6.448 0.5555559993
61570  46.704  23.204  7.429 0.5555559993
60323  49.568  21.496  3.778 0.2222220004
60336  49.161  21.802  1.924 0.2222220004
60950  48.774  22.507  3.567 0.3333329856
61576  47.696  23.287  4.832 0.5555559993
60956  48.578  22.601  2.403 0.4444440007
60951  48.286  23.009  3.686 0.5555559993
60344  48.977  21.344  0.859 0.2222220004
60348  48.717  20.846  -0.103 0.3333329856
60964  48.540  21.995  1.128 0.4444440007
61581  47.761  23.563  3.323 0.5555559993
62209  46.997  24.193  4.078 0.5555559993
60975  48.131  20.950  -0.814 0.4444440007
60979  48.048  20.683  -1.846 0.4444440007
60984  48.076  20.573  -3.052 0.2222220004
60993  48.835  20.615  -5.893 0.1111110002
60989  48.910  20.249  -5.224 0.2222220004
60373  49.526  20.595  -6.527 0.1111110002
60997  48.972  21.284  -6.951 0.1111110002
64292  41.328  26.815  3.051 0.4444440007
64300  40.714  26.558  2.062 0.3333329856
63652  40.538  25.954  -1.828 0.2222220004
62904  41.334  25.514  -0.982 0.3333329856
64433  42.987  26.645  -12.796 0.3333329856
61996  24.574  24.332  50.167 0.1111110002
61400  23.851  24.196  50.421 0.1111110002
61389  24.193  23.689  50.126 0.1111110002
66044  25.087  30.947  48.546 0.2222220004
67197  26.433  32.393  46.510 0.3333329856
69235  32.819  35.723  40.471 0.1111110002
70202  33.195  37.507  39.706 0.1111110002
70201  33.691  37.287  39.369 0.1111110002
65494  45.692  29.672  32.204 0.3333329856
60957  48.153  23.139  2.832 0.5555559993
60377  49.875  20.842  -7.638 0.1111110002
62915  40.976  25.782  -2.609 0.4444440007
63659  40.646  26.096  -3.211 0.3333329856
63677  40.479  26.663  -5.414 0.2222220004
67178  24.499  32.463  48.555 0.1111110002
70203  32.627  38.272  39.974 0.1111110002
70591  32.963  38.805  39.610 0.1111110002
70592  32.496  38.823  39.936 0.1111110002
69236  32.329  35.792  40.966 0.1111110002
60940  48.352  22.336  5.533 0.3333329856
61572  47.720  22.601  5.981 0.5555559993
60330  49.201  22.022  3.071 0.2222220004
60329  49.679  21.392  2.667 0.2222220004
60335  49.590  21.109  1.578 0.2222220004
60945  48.168  22.990  4.351 0.5555559993
60343  49.352  20.693  0.578 0.2222220004
60347  49.081  20.253  -0.384 0.1111110002
60351  48.522  20.446  -1.104 0.2222220004
60355  48.485  20.225  -2.199 0.2222220004
60366  48.812  20.058  -4.021 0.1111110002
58289  42.571  18.649  40.601 0.1111110002
64175  46.911  28.405  31.462 0.1111110002
64171  46.664  27.923  32.041 0.1111110002
63475  45.832  27.004  33.354 0.1111110002
60199  44.167  21.715  38.142 0.1111110002
64851  46.368  28.929  31.832 0.1111110002
64167  45.617  27.977  33.183 0.2222220004
63470  45.312  26.580  34.052 0.2222220004
62727  44.614  25.706  35.270 0.1111110002
62066  44.549  24.847  35.734 0.1111110002
62062  44.185  24.491  36.350 0.1111110002
61447  43.802  23.618  37.267 0.1111110002
64849  45.487  28.414  33.069 0.2222220004
63471  44.768  27.174  34.522 0.2222220004
63467  44.410  26.768  35.159 0.1111110002
62723  44.096  25.492  36.030 0.1111110002
65489  45.501  29.254  32.651 0.2222220004
59542  42.192  20.504  40.685 0.1111110002
59545  42.960  20.484  39.975 0.1111110002
59544  43.588  20.611  39.251 0.1111110002
60822  43.522  22.616  38.201 0.1111110002
62719  43.604  25.382  36.669 0.1111110002
62053  43.474  24.090  37.360 0.1111110002
64154  44.051  27.153  35.473 0.1111110002
63458  43.754  25.981  36.287 0.1111110002
62720  43.229  25.928  36.911 0.1111110002
63464  43.540  27.066  36.184 0.1111110002
60818  41.773  22.206  39.556 0.1111110002
60191  41.724  21.402  40.398 0.1111110002
60197  42.150  21.647  39.889 0.1111110002
60196  42.748  21.531  39.540 0.1111110002
60823  42.793  22.352  38.801 0.1111110002
60200  43.546  21.887  38.676 0.1111110002
61449  42.794  23.335  38.108 0.1111110002
62054  42.987  24.354  37.623 0.1111110002
62718  43.076  25.360  37.226 0.1111110002
61450  41.875  23.087  38.631 0.1111110002
62055  42.147  24.252  37.969 0.1111110002
62712  42.461  25.272  37.685 0.1111110002
63449  42.651  25.884  37.470 0.1111110002
70652  45.224  39.121  25.903 0.2222220004
71090  45.002  40.038  22.445 0.1111110002
60310  48.898  21.454  7.508 0.2222220004
60937  48.439  21.940  7.431 0.2222220004
59675  49.550  21.066  5.291 0.2222220004
70307  48.397  37.991  16.800 0.1111110002
69921  48.218  36.690  13.433 0.2222220004
60360  48.604  20.127  -3.317 0.1111110002
64158  44.177  27.640  35.034 0.2222220004
70306  48.839  37.221  16.618 0.2222220004
63455  42.836  26.453  37.160 0.1111110002
64853  47.274  28.372  30.986 0.1111110002
64843  45.376  29.053  32.883 0.2222220004
60318  49.317  21.473  4.851 0.2222220004
58288  43.058  18.748  39.908 0.1111110002
64166  46.221  27.531  32.734 0.1111110002
63478  46.755  27.124  32.297 0.1111110002
60204  44.664  21.403  37.755 0.1111110002
60821  44.100  22.753  37.524 0.1111110002
64848  45.787  28.607  32.671 0.2222220004
64162  45.217  27.590  33.817 0.2222220004
62731  44.870  26.356  34.696 0.1111110002
62059  43.724  24.366  36.959 0.1111110002
60826  44.442  22.793  37.130 0.1111110002
63463  43.946  26.544  35.861 0.1111110002
59541  42.420  20.942  40.174 0.1111110002
59546  42.571  20.319  40.408 0.1111110002
58876  43.410  19.769  39.774 0.1111110002
59543  43.840  20.978  38.869 0.1111110002
60195  43.484  21.363  39.014 0.1111110002
62717  43.444  24.938  37.030 0.1111110002
61448  43.468  23.472  37.696 0.1111110002
62060  43.353  24.628  37.247 0.1111110002
63459  43.385  26.495  36.557 0.1111110002
60817  42.407  22.153  39.253 0.1111110002
60201  43.163  21.796  39.020 0.1111110002
60824  42.217  22.439  39.046 0.1111110002
62814  52.126  25.185  14.751 0.1111110002
62819  51.915  25.060  14.144 0.1111110002
62825  51.201  25.587  12.812 0.2222220004
67371  42.482  32.728  5.710 0.1111110002
63644  40.846  25.770  -0.486 0.2222220004
63636  40.308  26.162  0.725 0.2222220004
63678  39.955  27.220  -5.233 0.1111110002
63686  44.960  25.110  -9.163 0.2222220004
63695  44.921  26.816  -10.048 0.2222220004
65047  40.885  27.531  -10.373 0.1111110002
64343  45.575  26.172  -9.794 0.3333329856
63696  43.892  27.647  -10.347 0.2222220004
64345  44.972  27.124  -9.938 0.2222220004
64332  45.248  26.103  -9.608 0.2222220004
65015  45.035  27.274  -9.787 0.2222220004
64355  45.762  26.488  -10.181 0.2222220004
64365  45.910  26.553  -10.551 0.2222220004
65024  45.340  27.136  -10.273 0.1111110002
65043  45.866  26.943  -11.204 0.1111110002
64376  45.946  26.684  -11.176 0.2222220004
59182  47.228  19.077  -22.280 0.2222220004
65044  45.127  27.751  -11.186 0.1111110002
63724  46.182  26.318  -11.567 0.2222220004
59202  47.254  18.742  -22.938 0.2222220004
59183  46.630  19.642  -22.868 0.3333329856
59203  46.814  19.247  -23.332 0.3333329856
59890  46.315  20.039  -23.347 0.3333329856
64377  45.434  27.327  -11.540 0.1111110002
64402  45.536  27.077  -12.030 0.2222220004
59879  46.783  19.732  -21.924 0.2222220004
59868  46.567  20.033  -21.548 0.3333329856
59880  46.230  20.276  -22.418 0.3333329856
60516  45.912  20.867  -21.916 0.3333329856
59901  46.388  19.828  -23.768 0.2222220004
64432  45.600  26.701  -12.993 0.3333329856
59881  45.707  20.999  -22.904 0.3333329856
59891  45.802  20.783  -23.400 0.2222220004
60522  45.241  21.596  -23.342 0.1111110002
61179  45.134  21.871  -22.784 0.1111110002
61173  45.008  22.216  -22.188 0.1111110002
60526  44.779  21.995  -24.127 0.1111110002
60523  44.805  22.081  -23.682 0.1111110002
60529  45.301  21.254  -24.726 0.1111110002
60540  45.529  21.031  -25.305 0.1111110002
60533  45.314  21.092  -25.154 0.1111110002
60525  45.301  21.342  -24.107 0.1111110002
61183  44.422  22.437  -23.995 0.1111110002
61174  44.590  22.566  -22.539 0.1111110002
61186  44.233  22.635  -24.719 0.1111110002
60530  44.673  22.014  -24.759 0.1111110002
60534  44.617  22.006  -25.317 0.1111110002
63667  40.262  26.616  -4.178 0.1111110002
64379  42.288  27.267  -10.981 0.2222220004
64375  46.343  25.893  -10.830 0.3333329856
59869  46.150  20.539  -21.451 0.3333329856
64401  45.959  26.597  -11.988 0.3333329856
63705  43.988  27.504  -10.495 0.2222220004
64334  44.389  27.231  -10.131 0.2222220004
64333  44.863  26.795  -9.507 0.2222220004
64344  45.186  26.894  -9.931 0.2222220004
65016  44.985  27.911  -10.004 0.2222220004
65034  45.668  27.071  -10.713 0.1111110002
61180  44.693  22.295  -23.148 0.1111110002
60755  28.293  23.088  49.737 0.1111110002
60138  27.946  22.155  49.581 0.1111110002
61396  28.515  23.615  49.622 0.1111110002
61385  27.931  23.607  49.808 0.1111110002
62004  27.915  24.396  49.666 0.1111110002
60756  27.674  22.808  49.653 0.1111110002
60757  26.593  22.678  49.482 0.1111110002
61993  27.453  24.186  49.838 0.1111110002
61398  26.761  24.135  49.852 0.1111110002
61387  26.145  23.577  49.749 0.1111110002
61994  25.649  23.923  49.920 0.1111110002
71099  46.954  39.055  18.462 0.1111110002
69926  47.450  37.592  11.653 0.1111110002
70695  47.129  39.197  11.883 0.1111110002
70330  47.372  38.467  11.829 0.1111110002
69372  47.620  36.613  11.908 0.1111110002
69378  47.332  36.434  11.263 0.1111110002
68719  46.226  35.309  9.456 0.1111110002
69383  46.887  36.587  10.420 0.1111110002
64960  41.306  27.388  4.176 0.1111110002
64966  40.158  27.182  4.205 0.1111110002
64301  39.664  26.627  1.564 0.1111110002
57986  47.600  17.269  -23.652 0.1111110002
57991  47.313  17.032  -24.077 0.1111110002
58563  46.866  18.934  -23.750 0.1111110002
71100  46.720  39.755  18.866 0.1111110002
70670  47.665  38.615  17.592 0.1111110002
69377  47.578  35.885  11.739 0.1111110002
64961  40.648  26.972  3.299 0.1111110002
60768  28.293  22.570  49.674 0.1111110002
60139  27.120  21.746  49.397 0.1111110002
61992  27.677  23.979  49.846 0.1111110002
61386  27.221  23.658  49.795 0.1111110002
60758  25.363  22.556  49.444 0.1111110002
61397  27.168  24.171  49.845 0.1111110002
70332  47.113  38.481  11.392 0.1111110002
70691  47.430  38.841  12.141 0.1111110002
58562  47.424  18.197  -23.315 0.1111110002
58573  47.166  17.944  -24.047 0.1111110002
57996  47.041  17.155  -24.391 0.1111110002
64088  22.569  27.026  50.916 0.1111110002
66604  23.208  31.485  49.764 0.1111110002
66028  22.899  30.412  50.181 0.1111110002
70309  48.627  37.993  16.208 0.1111110002
70673  48.455  38.808  15.830 0.1111110002
70672  48.266  38.829  16.456 0.1111110002
70676  48.399  38.685  15.125 0.1111110002
70311  48.664  37.864  15.541 0.1111110002
60313  49.534  20.611  6.613 0.1111110002
70317  48.597  37.484  14.759 0.1111110002
59674  50.002  20.524  5.596 0.1111110002
66027  23.973  30.341  49.553 0.1111110002
64760  22.563  27.986  50.806 0.1111110002
59679  49.859  20.999  4.528 0.1111110002
60350  48.934  19.936  -1.418 0.1111110002
56254  44.292  13.527  -29.085 0.1111110002
56841  43.699  13.875  -28.000 0.1111110002
58587  46.637  18.224  -24.801 0.1111110002
59229  46.462  19.334  -24.605 0.1111110002
58005  46.057  16.907  -24.629 0.1111110002
59255  46.234  19.081  -25.439 0.1111110002
59238  46.405  19.165  -24.981 0.1111110002
58023  46.145  18.089  -25.082 0.1111110002
57427  45.033  15.496  -24.697 0.1111110002
56828  44.430  14.089  -26.372 0.1111110002
56266  44.156  13.576  -30.020 0.1111110002
56276  43.940  13.505  -30.788 0.1111110002
58006  45.871  17.009  -24.473 0.1111110002
58574  46.956  18.849  -23.908 0.1111110002
59218  46.463  19.591  -24.140 0.1111110002
58596  46.213  18.232  -25.235 0.1111110002
59230  46.175  20.013  -24.682 0.1111110002
59902  45.977  20.465  -24.117 0.1111110002
56283  43.577  13.397  -31.413 0.1111110002
58614  46.145  18.726  -25.608 0.1111110002
59239  46.132  19.920  -25.017 0.1111110002
56857  43.586  13.917  -29.363 0.1111110002
57428  43.810  15.501  -25.183 0.1111110002
56829  43.166  14.518  -26.664 0.1111110002
58024  45.983  18.248  -25.050 0.1111110002
58007  45.179  17.379  -24.288 0.1111110002
59219  46.127  20.165  -24.453 0.1111110002
59272  46.147  19.000  -26.197 0.1111110002
58615  46.122  18.849  -25.880 0.1111110002
59273  45.939  20.178  -26.004 0.1111110002
58581  46.750  18.542  -24.517 0.1111110002
56864  43.479  13.953  -30.265 0.1111110002
58022  46.121  17.883  -24.882 0.1111110002
59912  45.843  20.584  -24.711 0.1111110002
59256  46.025  19.829  -25.430 0.1111110002
59281  46.127  19.470  -26.679 0.1111110002
58616  45.979  18.844  -26.170 0.1111110002
58627  46.199  18.810  -26.566 0.1111110002
58628  46.230  18.939  -27.099 0.1111110002
58633  46.260  19.038  -27.334 0.1111110002
58878  42.436  20.022  40.662 0.1111110002
59280  46.345  18.997  -27.175 0.1111110002
59287  46.513  19.101  -27.192 0.1111110002
59288  46.400  19.439  -27.272 0.1111110002
60190  42.265  21.381  39.997 0.1111110002
61006  44.487  22.441  -9.953 0.4444440007
61012  45.426  22.023  -11.797 0.4444440007
61631  45.061  23.463  -9.419 0.4444440007
61632  44.793  23.846  -9.539 0.4444440007
61637  45.477  23.798  -9.466 0.4444440007
61641  45.581  23.538  -9.917 0.4444440007
61646  45.983  23.271  -11.014 0.4444440007
61653  46.069  23.221  -12.479 0.4444440007
61657  45.348  22.288  -13.397 0.4444440007
62025  33.115  24.066  44.951 0.1111110002
62116  52.113  24.472  22.939 0.1111110002
62121  52.022  24.888  22.743 0.1111110002
62255  43.374  24.053  -9.325 0.4444440007
62261  41.933  24.722  -8.452 0.4444440007
62267  45.327  24.105  -9.132 0.4444440007
62279  45.827  24.586  -10.631 0.4444440007
62285  45.988  24.802  -12.057 0.3333329856
62286  42.170  22.889  -11.993 0.4444440007
62293  45.566  24.198  -13.810 0.4444440007
62294  44.020  23.050  -14.486 0.4444440007
62295  43.329  21.267  -12.483 0.4444440007
62405  46.172  24.306  -18.221 0.3333329856
62942  44.638  24.889  -7.350 0.4444440007
62948  44.890  24.508  -8.666 0.4444440007
62949  42.415  24.402  -8.470 0.4444440007
62953  45.085  24.930  -9.486 0.4444440007
62954  41.561  25.075  -8.525 0.4444440007
62957  45.311  25.550  -10.272 0.3333329856
62961  45.481  25.780  -11.180 0.3333329856
62967  45.409  25.991  -11.976 0.3333329856
62968  41.736  24.307  -11.712 0.4444440007
62988  45.014  25.940  -13.096 0.3333329856
62989  43.650  25.568  -14.740 0.3333329856
62990  42.269  24.023  -13.371 0.4444440007
63021  42.656  25.824  -13.969 0.3333329856
63022  42.441  25.293  -14.039 0.3333329856
63651  41.042  25.643  -1.317 0.5555559993
63675  44.984  24.418  -8.338 0.4444440007
63687  41.111  25.814  -6.986 0.3333329856
63698  40.496  26.363  -7.695 0.3333329856
63699  39.942  26.946  -7.472 0.3333329856
63704  44.842  26.700  -10.762 0.2222220004
63706  41.096  25.509  -9.177 0.4444440007
63707  40.445  26.363  -8.766 0.3333329856
63713  44.819  26.723  -11.546 0.2222220004
63714  43.949  27.252  -11.046 0.2222220004
63715  41.258  25.038  -10.454 0.4444440007
63717  39.959  27.020  -10.309 0.4444440007
63725  44.854  26.855  -12.457 0.3333329856
63726  43.941  27.134  -11.850 0.2222220004
63727  41.253  25.332  -11.401 0.4444440007
63728  40.688  26.011  -10.947 0.4444440007
63729  40.184  26.858  -10.795 0.3333329856
63751  44.778  26.810  -13.049 0.3333329856
63752  43.990  27.002  -12.918 0.3333329856
63754  40.994  25.886  -11.529 0.4444440007
63755  40.544  26.527  -11.251 0.3333329856
63783  42.865  26.311  -13.405 0.3333329856
63784  42.000  25.704  -12.952 0.3333329856
63785  41.330  25.903  -11.738 0.4444440007
63786  40.873  26.213  -11.418 0.4444440007
64356  43.007  27.717  -10.470 0.2222220004
64358  40.076  26.950  -8.881 0.3333329856
64359  39.754  27.365  -8.425 0.3333329856
64366  43.062  27.279  -11.043 0.2222220004
64368  40.168  26.751  -9.303 0.4444440007
64378  43.068  27.055  -11.834 0.2222220004
64380  39.514  27.358  -10.705 0.3333329856
64403  42.907  26.810  -12.348 0.3333329856
64404  42.331  26.893  -11.645 0.2222220004
64434  42.194  26.575  -12.229 0.3333329856
64435  41.513  26.219  -11.706 0.3333329856
64436  40.785  26.456  -11.324 0.3333329856
65037  40.364  28.067  -9.572 0.1111110002
65046  41.669  27.149  -10.940 0.2222220004
65048  39.929  27.874  -10.188 0.1111110002
65065  41.870  26.805  -11.436 0.2222220004
65066  41.208  27.003  -10.948 0.3333329856
65067  40.336  27.225  -10.755 0.3333329856
65096  41.962  26.694  -11.680 0.3333329856
65097  41.778  26.528  -11.280 0.3333329856
65098  40.847  26.744  -11.193 0.3333329856
66102  41.275  30.676  35.903 0.7777780294
68689  50.110  33.770  14.348 1.0000000000
69321  47.479  35.142  23.912 0.7777780294
70206  37.305  37.568  37.071 0.1111110002
70640  44.545  38.354  29.782 0.5555559993
71005  31.995  39.234  40.204 0.1111110002
85809  45.019  23.130  -9.804 0.4444440007
85810  43.250  21.712  -10.844 0.4444440007
85811  42.247  23.151  -9.287 0.4444440007
85812  43.047  22.839  -9.027 0.4444440007
85813  42.718  22.146  -9.974 0.4444440007
85814  42.436  22.031  -11.151 0.4444440007
85815  42.595  23.406  -10.087 0.4444440007
85816  42.500  23.923  -9.288 0.4444440007
85818  42.180  23.459  -10.568 0.4444440007
85829  32.722  31.259  42.408 0.8888890147
85831  32.747  31.491  42.338 0.8888890147
