#!ascii label  , from subject 3227 vox2ras=TkReg
886
73043  22.437  43.740  43.497 0.0000000000
63343  12.433  26.430  56.130 0.0000000000
69179  20.802  35.567  49.869 0.0000000000
70506  13.394  38.192  52.781 0.0000000000
70086  8.039  37.445  54.971 0.0000000000
70978  20.565  39.762  47.670 0.0000000000
71750  17.987  41.739  49.452 0.0000000000
72639  27.228  43.735  43.518 0.0000000000
70566  24.449  38.783  44.832 0.0000000000
68534  23.354  35.138  48.322 0.0000000000
72578  10.856  43.367  52.105 0.0000000000
70475  10.592  38.464  54.911 0.0000000000
72550  8.039  42.336  53.217 0.0000000000
66031  20.001  30.978  51.066 0.0000000000
67138  16.945  32.228  53.556 0.0000000000
69728  17.005  36.509  51.202 0.0000000000
72159  14.864  42.913  50.978 0.0000000000
67096  14.491  32.591  55.130 0.0000000000
67101  10.345  32.632  55.448 0.0000000000
67121  7.888  31.872  54.865 0.0000000000
68506  6.113  35.619  50.642 0.0000000000
71772  21.327  41.391  45.815 0.0000000000
72194  19.752  42.125  47.283 0.0000000000
73031  25.042  44.540  43.717 0.0000000000
71780  25.228  41.752  42.548 0.0000000000
71770  22.833  41.419  44.128 0.0000000000
70558  22.447  39.081  46.055 0.0000000000
72569  9.257  43.299  52.772 0.0000000000
67776  20.217  33.511  50.680 0.0000000000
67768  18.871  33.408  51.475 0.0000000000
69738  19.286  36.233  50.453 0.0000000000
73018  17.001  44.938  49.520 0.0000000000
72170  16.214  42.719  50.469 0.0000000000
69187  21.930  35.543  49.218 0.0000000000
67782  23.176  33.569  49.176 0.0000000000
67774  21.939  33.524  49.849 0.0000000000
66606  21.251  31.528  50.585 0.0000000000
68504  15.570  35.068  53.071 0.0000000000
67736  15.573  32.719  54.496 0.0000000000
69142  13.735  35.234  54.147 0.0000000000
70478  9.254  38.533  55.113 0.0000000000
69124  10.779  35.543  55.262 0.0000000000
69127  8.906  35.616  55.514 0.0000000000
67722  8.895  33.128  55.500 0.0000000000
68468  7.776  34.808  54.925 0.0000000000
70150  20.264  37.995  49.149 0.0000000000
70534  18.744  38.639  49.847 0.0000000000
71365  19.394  40.276  48.691 0.0000000000
72612  18.119  43.835  48.349 0.0000000000
72645  27.487  42.418  40.790 0.0000000000
71002  29.412  40.252  41.780 0.0000000000
71788  26.517  41.210  41.855 0.0000000000
70564  26.140  38.804  44.128 0.0000000000
70170  23.485  37.434  46.267 0.0000000000
70159  21.955  37.218  48.139 0.0000000000
71323  12.018  40.647  52.507 0.0000000000
70109  12.220  38.137  53.919 0.0000000000
71315  10.930  40.411  53.708 0.0000000000
71685  9.290  40.799  54.382 0.0000000000
70918  8.496  39.580  54.226 0.0000000000
73922  23.980  44.836  43.285 0.0000000000
72663  32.195  43.534  38.978 0.0000000000
73957  30.685  46.105  38.562 0.0000000000
73484  26.697  43.861  40.218 0.0000000000
73935  25.869  45.423  42.539 0.0000000000
64750  20.042  28.701  52.578 0.0000000000
66008  18.339  29.901  53.434 0.0000000000
66591  18.621  31.238  52.238 0.0000000000
68512  17.318  34.447  52.102 0.0000000000
70131  15.160  37.353  51.773 0.0000000000
70950  17.631  39.441  50.220 0.0000000000
70952  16.305  39.497  50.720 0.0000000000
71344  14.154  40.903  51.399 0.0000000000
72575  12.937  43.078  51.431 0.0000000000
65363  17.341  29.477  54.270 0.0000000000
65344  15.751  29.469  54.879 0.0000000000
65346  13.885  29.597  55.340 0.0000000000
69122  12.277  35.237  54.723 0.0000000000
67099  11.822  32.539  55.336 0.0000000000
65349  10.905  29.283  55.769 0.0000000000
65961  9.792  30.194  55.896 0.0000000000
66543  8.586  29.843  56.051 0.0000000000
71712  7.663  41.725  52.224 0.0000000000
70502  7.415  38.643  52.800 0.0000000000
69721  6.600  37.752  50.981 0.0000000000
69154  6.794  36.477  53.644 0.0000000000
67740  7.011  33.783  53.944 0.0000000000
72626  21.890  43.160  44.019 0.0000000000
72210  20.511  42.863  45.833 0.0000000000
73034  21.407  43.617  44.220 0.0000000000
73032  24.096  43.901  43.241 0.0000000000
72624  24.341  43.871  43.123 0.0000000000
72208  22.309  42.362  44.063 0.0000000000
71771  21.920  41.481  45.054 0.0000000000
62611  11.503  25.379  57.094 0.0000000000
64023  10.575  26.620  57.108 0.0000000000
68518  20.482  34.515  50.342 0.0000000000
68519  19.533  34.493  50.864 0.0000000000
69180  19.914  35.455  50.390 0.0000000000
71409  31.154  40.342  40.510 0.0000000000
69188  21.362  35.618  49.553 0.0000000000
68525  21.961  34.539  49.580 0.0000000000
68517  21.293  34.478  49.926 0.0000000000
67775  21.051  33.522  50.254 0.0000000000
69712  14.429  36.464  52.910 0.0000000000
69152  14.464  35.186  53.808 0.0000000000
69159  14.029  36.185  53.425 0.0000000000
70085  8.429  37.600  55.195 0.0000000000
69680  9.198  36.655  55.488 0.0000000000
69681  8.652  36.664  55.419 0.0000000000
69128  8.401  35.660  55.354 0.0000000000
69683  7.812  36.662  54.966 0.0000000000
70546  20.490  38.988  48.292 0.0000000000
70543  20.069  38.797  48.876 0.0000000000
71374  19.793  40.634  48.029 0.0000000000
72611  18.603  43.240  48.071 0.0000000000
73440  17.797  45.082  48.338 0.0000000000
72642  26.429  43.884  42.507 0.0000000000
72227  26.664  41.910  41.474 0.0000000000
72224  26.004  42.391  42.025 0.0000000000
71393  24.958  40.597  43.248 0.0000000000
71392  25.561  40.675  42.833 0.0000000000
70565  25.287  38.731  44.487 0.0000000000
70556  23.995  38.128  45.395 0.0000000000
70980  21.144  39.782  47.007 0.0000000000
70167  21.812  38.455  47.173 0.0000000000
70549  21.164  39.026  47.480 0.0000000000
70155  21.292  37.690  48.461 0.0000000000
72152  11.775  42.154  52.074 0.0000000000
71324  11.600  40.528  52.943 0.0000000000
72145  10.511  42.010  52.931 0.0000000000
72955  8.639  43.159  53.112 0.0000000000
72136  9.370  42.044  53.656 0.0000000000
72125  9.027  41.765  53.785 0.0000000000
71297  8.974  40.156  54.577 0.0000000000
71695  8.679  40.902  53.958 0.0000000000
73064  27.858  43.612  39.821 0.0000000000
66020  19.526  30.371  51.626 0.0000000000
66013  19.325  29.921  52.344 0.0000000000
66597  18.956  31.558  51.734 0.0000000000
69171  17.740  35.597  51.445 0.0000000000
67769  18.121  33.446  51.933 0.0000000000
69172  16.777  35.563  51.939 0.0000000000
69173  16.048  35.746  52.206 0.0000000000
70130  16.350  37.459  51.085 0.0000000000
71352  18.552  40.331  49.455 0.0000000000
70535  18.289  38.761  50.076 0.0000000000
71353  17.864  40.873  49.786 0.0000000000
72171  15.501  42.623  50.779 0.0000000000
71738  15.959  41.800  50.671 0.0000000000
71726  15.415  41.403  50.896 0.0000000000
71343  14.964  40.680  51.119 0.0000000000
71728  13.867  41.759  51.385 0.0000000000
71729  13.248  41.540  51.616 0.0000000000
72586  13.601  43.481  51.242 0.0000000000
70994  28.524  39.628  42.488 0.0000000000
70576  29.845  38.841  42.162 0.0000000000
69199  23.968  35.300  47.604 0.0000000000
67798  24.841  34.091  47.486 0.0000000000
68533  23.849  34.650  48.170 0.0000000000
67171  23.197  32.530  49.504 0.0000000000
67170  23.878  32.528  49.063 0.0000000000
66607  20.363  31.605  50.860 0.0000000000
66019  20.338  29.946  51.523 0.0000000000
66009  18.024  30.652  53.306 0.0000000000
65369  18.047  29.472  53.869 0.0000000000
66572  17.079  31.243  53.845 0.0000000000
67095  14.834  32.734  54.959 0.0000000000
65994  15.528  31.088  54.824 0.0000000000
66537  14.642  31.687  55.179 0.0000000000
65345  14.872  29.635  55.127 0.0000000000
66538  13.793  31.597  55.449 0.0000000000
70097  11.430  37.819  54.629 0.0000000000
69695  12.350  36.304  54.411 0.0000000000
70080  11.371  37.002  54.834 0.0000000000
68463  10.441  34.598  55.415 0.0000000000
68462  11.130  34.539  55.214 0.0000000000
67100  11.010  32.656  55.356 0.0000000000
66540  12.134  31.514  55.439 0.0000000000
66525  10.448  31.202  55.523 0.0000000000
65350  10.184  28.936  56.140 0.0000000000
66526  10.033  31.474  55.577 0.0000000000
67105  7.889  32.186  54.871 0.0000000000
67104  8.681  31.445  55.571 0.0000000000
66544  8.201  30.646  55.454 0.0000000000
71334  7.151  40.820  50.953 0.0000000000
71327  7.813  40.297  52.289 0.0000000000
70945  7.312  39.855  51.356 0.0000000000
68514  5.726  35.684  48.959 0.0000000000
69166  6.359  36.778  50.905 0.0000000000
69715  6.838  37.337  52.630 0.0000000000
68499  6.431  35.662  52.118 0.0000000000
68483  6.778  35.397  53.883 0.0000000000
67756  6.444  34.633  52.615 0.0000000000
70981  20.724  40.412  47.058 0.0000000000
71378  20.256  40.809  47.328 0.0000000000
72199  20.170  42.281  46.642 0.0000000000
73040  26.633  44.377  44.850 0.0000000000
72215  26.125  43.278  43.361 0.0000000000
72205  25.877  43.832  43.071 0.0000000000
72218  24.128  42.160  42.794 0.0000000000
71395  23.769  40.596  44.098 0.0000000000
70983  23.260  39.680  45.055 0.0000000000
71386  22.390  40.651  45.214 0.0000000000
71387  21.741  40.842  45.755 0.0000000000
73395  10.084  45.057  51.624 0.0000000000
72970  9.903  43.543  52.401 0.0000000000
72985  9.169  44.231  52.063 0.0000000000
72973  8.582  44.002  52.339 0.0000000000
73385  7.864  43.903  52.902 0.0000000000
67164  19.938  32.530  50.932 0.0000000000
67154  19.238  32.507  51.354 0.0000000000
67767  19.496  33.410  51.087 0.0000000000
68520  19.030  35.059  50.981 0.0000000000
69727  17.953  36.646  50.893 0.0000000000
72168  17.275  42.955  49.689 0.0000000000
71736  17.392  42.039  49.847 0.0000000000
72594  16.376  43.640  50.254 0.0000000000
72583  15.869  43.942  50.522 0.0000000000
72994  14.910  44.473  50.846 0.0000000000
72995  14.095  44.450  51.055 0.0000000000
69186  22.596  35.215  48.892 0.0000000000
68530  23.222  34.612  48.724 0.0000000000
68524  22.560  34.565  49.190 0.0000000000
67773  22.660  33.204  49.589 0.0000000000
67161  22.485  32.469  49.870 0.0000000000
66605  22.235  31.499  50.236 0.0000000000
67162  21.620  32.520  50.220 0.0000000000
67163  20.736  32.540  50.565 0.0000000000
67753  16.408  33.376  53.473 0.0000000000
67129  16.456  31.914  54.086 0.0000000000
68488  15.492  33.971  53.935 0.0000000000
68479  14.727  34.113  54.367 0.0000000000
68458  14.023  33.822  54.842 0.0000000000
70477  9.743  38.437  55.120 0.0000000000
69677  11.098  36.400  55.049 0.0000000000
69679  9.794  36.633  55.453 0.0000000000
69125  10.118  35.609  55.462 0.0000000000
68464  9.789  34.538  55.528 0.0000000000
67721  9.459  33.212  55.566 0.0000000000
68465  9.182  34.458  55.542 0.0000000000
67723  8.408  33.304  55.246 0.0000000000
67724  7.981  33.691  54.968 0.0000000000
67157  5.223  32.925  49.724 0.0000000000
67762  6.138  33.328  51.917 0.0000000000
66599  4.878  31.587  49.931 0.0000000000
69736  20.611  36.620  49.582 0.0000000000
69737  19.984  36.446  49.996 0.0000000000
70533  19.521  38.518  49.446 0.0000000000
70971  19.054  40.068  49.144 0.0000000000
71367  18.340  41.159  49.344 0.0000000000
71764  19.388  41.788  47.920 0.0000000000
72189  18.520  42.514  48.567 0.0000000000
72183  17.891  42.673  49.177 0.0000000000
73017  17.272  44.344  49.327 0.0000000000
72234  28.943  41.990  40.756 0.0000000000
71799  29.804  41.450  40.889 0.0000000000
71796  28.750  41.273  41.309 0.0000000000
71778  25.955  41.869  42.121 0.0000000000
70988  26.872  39.660  43.047 0.0000000000
70562  27.745  38.854  43.404 0.0000000000
69203  24.306  35.681  46.944 0.0000000000
69761  23.436  36.524  47.117 0.0000000000
70171  22.739  38.261  46.289 0.0000000000
70166  22.562  37.511  47.178 0.0000000000
69747  22.641  36.244  48.242 0.0000000000
69748  22.194  36.336  48.615 0.0000000000
70148  21.324  36.873  48.982 0.0000000000
70516  13.270  38.837  52.557 0.0000000000
70116  12.958  38.051  53.259 0.0000000000
70508  12.338  38.979  53.332 0.0000000000
70928  11.382  39.624  53.809 0.0000000000
70915  10.811  39.620  54.307 0.0000000000
72134  10.139  41.790  53.435 0.0000000000
71693  10.006  40.984  54.156 0.0000000000
70916  10.193  39.391  54.745 0.0000000000
70904  9.578  39.358  54.896 0.0000000000
70906  8.782  39.540  54.663 0.0000000000
70480  8.217  38.356  54.713 0.0000000000
73461  23.896  44.319  43.393 0.0000000000
72249  31.735  42.642  39.466 0.0000000000
74429  32.582  47.541  36.899 0.0000000000
74423  31.613  47.415  37.670 0.0000000000
73955  32.358  46.118  37.927 0.0000000000
73498  31.090  45.247  38.746 0.0000000000
73072  30.391  44.215  39.293 0.0000000000
72654  29.920  43.344  39.781 0.0000000000
72650  27.349  42.950  40.401 0.0000000000
73056  26.390  44.167  42.219 0.0000000000
73486  25.942  44.169  41.894 0.0000000000
73466  27.487  45.266  43.700 0.0000000000
73468  25.993  45.084  43.883 0.0000000000
73460  24.668  44.627  44.526 0.0000000000
66014  18.718  30.421  52.649 0.0000000000
67147  17.512  32.239  52.969 0.0000000000
67155  18.605  32.542  51.824 0.0000000000
67156  18.016  32.472  52.328 0.0000000000
67148  17.021  32.946  53.113 0.0000000000
68503  16.375  34.414  52.841 0.0000000000
69174  15.684  35.767  52.455 0.0000000000
70122  14.683  37.100  52.239 0.0000000000
70140  19.098  37.450  50.097 0.0000000000
70128  18.280  37.524  50.446 0.0000000000
70129  17.268  37.608  50.766 0.0000000000
71354  17.118  41.104  50.207 0.0000000000
70951  17.111  39.431  50.414 0.0000000000
70536  16.664  38.192  50.815 0.0000000000
70525  15.954  38.424  51.029 0.0000000000
70526  14.915  38.660  51.550 0.0000000000
70515  13.825  38.729  52.187 0.0000000000
71332  13.001  40.787  51.945 0.0000000000
71717  12.600  41.664  51.840 0.0000000000
72577  11.466  43.202  51.913 0.0000000000
72996  13.262  44.339  51.228 0.0000000000
73392  12.085  44.786  51.347 0.0000000000
73394  10.916  44.815  51.607 0.0000000000
67189  25.322  32.977  47.495 0.0000000000
67781  23.763  33.306  48.883 0.0000000000
66557  16.185  31.210  54.428 0.0000000000
65971  16.629  29.679  54.536 0.0000000000
64049  12.857  27.342  55.762 0.0000000000
69706  13.025  36.764  53.831 0.0000000000
69143  12.882  35.427  54.433 0.0000000000
68459  13.524  34.056  54.849 0.0000000000
69123  11.478  35.394  54.985 0.0000000000
68461  11.888  34.396  54.996 0.0000000000
67120  13.392  32.081  55.484 0.0000000000
66539  13.087  31.532  55.507 0.0000000000
65347  12.824  29.468  55.450 0.0000000000
64698  11.315  27.810  56.059 0.0000000000
64699  10.789  27.681  56.394 0.0000000000
67091  9.115  31.455  55.714 0.0000000000
66528  9.064  29.707  56.321 0.0000000000
72965  7.287  43.257  52.642 0.0000000000
72154  6.990  42.718  51.873 0.0000000000
72137  7.855  42.094  52.918 0.0000000000
71316  8.230  40.870  53.223 0.0000000000
70920  8.081  39.123  53.888 0.0000000000
70493  7.809  38.208  54.281 0.0000000000
70118  6.899  38.213  51.615 0.0000000000
70110  7.226  37.929  53.365 0.0000000000
69698  7.252  36.899  54.304 0.0000000000
69131  7.233  35.640  54.521 0.0000000000
67726  7.283  34.214  54.411 0.0000000000
67739  7.375  33.426  54.334 0.0000000000
67123  7.200  32.624  53.919 0.0000000000
72634  23.151  43.656  43.135 0.0000000000
72625  23.101  43.436  43.219 0.0000000000
72635  22.733  43.382  43.242 0.0000000000
62609  13.166  25.636  56.112 0.0000000000
62610  12.222  25.513  56.541 0.0000000000
63344  11.438  25.942  56.836 0.0000000000
71816  31.604  41.889  39.755 0.0000000000
71804  31.734  41.328  39.855 0.0000000000
71805  31.089  41.590  40.158 0.0000000000
69178  21.481  35.159  49.648 0.0000000000
69720  14.353  36.765  52.758 0.0000000000
69713  14.064  36.626  53.098 0.0000000000
69682  8.194  36.651  55.215 0.0000000000
70550  20.788  39.066  47.901 0.0000000000
72643  26.988  43.981  43.072 0.0000000000
72228  26.013  42.901  42.032 0.0000000000
72631  26.417  43.596  43.227 0.0000000000
70991  24.742  39.677  44.110 0.0000000000
70567  23.884  38.852  45.069 0.0000000000
70977  20.943  39.524  47.399 0.0000000000
70545  20.996  38.503  48.116 0.0000000000
72153  11.271  42.543  52.199 0.0000000000
72144  11.002  42.058  52.587 0.0000000000
72566  10.958  42.787  52.274 0.0000000000
72549  8.619  42.371  53.363 0.0000000000
72548  9.017  42.376  53.469 0.0000000000
72126  8.643  41.641  53.619 0.0000000000
71739  15.427  41.941  50.857 0.0000000000
71727  14.799  41.878  51.074 0.0000000000
72160  14.157  42.692  51.192 0.0000000000
69200  23.470  35.623  47.871 0.0000000000
66604  23.208  31.485  49.764 0.0000000000
66030  20.702  30.479  51.057 0.0000000000
66582  17.337  31.544  53.518 0.0000000000
66571  17.556  31.002  53.564 0.0000000000
66559  15.147  31.863  54.966 0.0000000000
65974  14.331  30.634  55.282 0.0000000000
67097  13.785  32.413  55.351 0.0000000000
70098  10.934  38.365  54.775 0.0000000000
67720  10.106  33.588  55.488 0.0000000000
67719  10.746  33.620  55.365 0.0000000000
66541  11.120  31.512  55.407 0.0000000000
66542  10.578  31.922  55.447 0.0000000000
67089  10.166  32.189  55.510 0.0000000000
66562  7.994  31.501  55.040 0.0000000000
71335  6.358  41.221  49.621 0.0000000000
70946  6.805  40.258  50.069 0.0000000000
70517  7.020  39.587  50.732 0.0000000000
69175  5.920  36.885  49.527 0.0000000000
71767  20.749  41.606  46.332 0.0000000000
71382  20.626  41.010  46.834 0.0000000000
72198  20.665  42.061  46.150 0.0000000000
73035  20.271  43.832  45.489 0.0000000000
73030  26.121  44.284  44.044 0.0000000000
72622  26.237  43.903  44.350 0.0000000000
72623  25.511  44.242  43.484 0.0000000000
72207  23.435  42.606  43.047 0.0000000000
72219  23.554  41.678  43.439 0.0000000000
71782  23.966  41.240  43.476 0.0000000000
71783  23.472  41.075  43.964 0.0000000000
71385  23.183  40.410  44.644 0.0000000000
71381  21.143  40.703  46.417 0.0000000000
72984  9.709  44.209  52.041 0.0000000000
73387  8.478  44.574  51.807 0.0000000000
73388  8.135  44.239  52.210 0.0000000000
72974  8.311  43.849  52.580 0.0000000000
73389  7.817  44.291  52.105 0.0000000000
69181  19.304  35.412  50.736 0.0000000000
69170  18.665  35.766  50.925 0.0000000000
73004  17.064  44.002  49.626 0.0000000000
72593  16.931  43.590  49.834 0.0000000000
73005  16.729  44.439  49.862 0.0000000000
73006  16.141  44.475  50.312 0.0000000000
72993  15.586  44.495  50.603 0.0000000000
73406  15.309  45.131  50.633 0.0000000000
73407  14.558  45.334  50.831 0.0000000000
69194  22.404  35.693  48.817 0.0000000000
67783  22.466  33.888  49.490 0.0000000000
68496  16.077  34.000  53.395 0.0000000000
67754  15.878  33.814  53.710 0.0000000000
68497  15.640  34.401  53.501 0.0000000000
68489  15.002  34.465  53.957 0.0000000000
69141  14.413  34.640  54.193 0.0000000000
67737  14.863  33.349  54.686 0.0000000000
68480  14.133  34.209  54.581 0.0000000000
70082  10.072  37.583  55.261 0.0000000000
70083  9.490  37.606  55.341 0.0000000000
69126  9.487  35.610  55.546 0.0000000000
68467  8.188  34.645  55.181 0.0000000000
67777  5.252  34.321  48.408 0.0000000000
67165  3.939  32.555  48.136 0.0000000000
66608  3.719  31.403  48.665 0.0000000000
70138  20.563  37.032  49.435 0.0000000000
70139  20.141  37.318  49.555 0.0000000000
70970  19.474  39.403  49.080 0.0000000000
71366  18.862  40.920  48.935 0.0000000000
71763  19.793  41.621  47.502 0.0000000000
72195  19.321  42.436  47.646 0.0000000000
72182  18.263  42.365  48.923 0.0000000000
72190  18.150  43.200  48.627 0.0000000000
72606  17.724  43.690  48.934 0.0000000000
72230  27.680  41.811  41.111 0.0000000000
71787  26.950  41.273  41.721 0.0000000000
71792  27.819  41.155  41.537 0.0000000000
71399  27.270  40.551  42.135 0.0000000000
72216  25.975  43.092  42.572 0.0000000000
71779  25.679  42.006  42.229 0.0000000000
70989  26.197  39.708  43.328 0.0000000000
71391  26.101  40.611  42.491 0.0000000000
70563  26.932  38.851  43.776 0.0000000000
70176  26.813  37.884  44.391 0.0000000000
69774  26.608  36.814  44.877 0.0000000000
69768  23.844  36.721  46.532 0.0000000000
69204  23.795  35.785  47.397 0.0000000000
70984  22.741  39.770  45.446 0.0000000000
70557  23.266  38.841  45.487 0.0000000000
69762  22.870  36.754  47.544 0.0000000000
69754  22.532  36.723  47.951 0.0000000000
70542  20.680  38.195  48.698 0.0000000000
70149  20.921  37.144  49.127 0.0000000000
70944  12.486  40.285  52.324 0.0000000000
70935  12.672  39.366  52.777 0.0000000000
70936  12.140  39.660  53.056 0.0000000000
71700  10.918  40.913  53.343 0.0000000000
70937  11.566  40.059  53.303 0.0000000000
70914  11.127  39.392  54.201 0.0000000000
71303  10.644  40.375  54.019 0.0000000000
72568  9.675  43.054  52.809 0.0000000000
72556  10.180  42.216  53.082 0.0000000000
72557  9.871  42.363  53.176 0.0000000000
72124  9.330  41.593  53.914 0.0000000000
72123  9.970  41.335  54.006 0.0000000000
71694  9.646  40.858  54.292 0.0000000000
71305  10.229  40.053  54.534 0.0000000000
70917  9.832  39.786  54.723 0.0000000000
71295  9.572  40.177  54.620 0.0000000000
71306  8.748  40.230  54.311 0.0000000000
70907  8.466  38.917  54.581 0.0000000000
70919  8.228  39.123  54.139 0.0000000000
73913  24.380  44.863  44.110 0.0000000000
73914  22.719  44.218  43.139 0.0000000000
73923  22.666  44.564  42.767 0.0000000000
72662  33.118  43.471  38.549 0.0000000000
74411  30.236  46.894  38.381 0.0000000000
74849  31.235  47.638  37.710 0.0000000000
74410  31.285  46.968  38.038 0.0000000000
74409  31.889  46.577  37.967 0.0000000000
73956  31.572  46.069  38.281 0.0000000000
73497  32.059  45.287  38.400 0.0000000000
72665  30.597  43.531  39.523 0.0000000000
73062  29.899  43.848  39.554 0.0000000000
73059  26.413  43.493  40.803 0.0000000000
73060  25.951  43.846  41.218 0.0000000000
73942  25.462  44.197  41.428 0.0000000000
73481  26.270  45.084  42.233 0.0000000000
73473  27.052  44.974  42.514 0.0000000000
73474  26.581  45.681  43.218 0.0000000000
73467  26.663  45.502  44.101 0.0000000000
73475  26.233  45.525  43.753 0.0000000000
73469  24.679  45.020  43.652 0.0000000000
73921  25.077  44.986  43.972 0.0000000000
64742  20.118  28.411  52.611 0.0000000000
65374  19.477  29.171  52.833 0.0000000000
66015  18.136  30.984  52.952 0.0000000000
66592  18.142  31.503  52.631 0.0000000000
67760  17.392  33.291  52.565 0.0000000000
68502  16.980  33.933  52.613 0.0000000000
67761  16.844  33.596  52.938 0.0000000000
68513  16.701  34.891  52.303 0.0000000000
69729  16.123  36.459  51.700 0.0000000000
69730  15.480  36.245  52.194 0.0000000000
70141  18.440  38.206  50.155 0.0000000000
70523  17.757  38.634  50.340 0.0000000000
71737  16.678  41.964  50.317 0.0000000000
71342  15.893  40.653  50.771 0.0000000000
71341  16.738  40.345  50.472 0.0000000000
70524  16.784  38.510  50.698 0.0000000000
70953  15.361  39.589  51.105 0.0000000000
70954  14.208  39.621  51.671 0.0000000000
70527  14.350  38.795  51.832 0.0000000000
70942  13.716  39.306  52.050 0.0000000000
70955  13.590  40.386  51.744 0.0000000000
72161  13.274  42.397  51.447 0.0000000000
72151  12.567  42.518  51.648 0.0000000000
72576  12.311  43.273  51.561 0.0000000000
71405  29.889  40.561  41.384 0.0000000000
71410  30.537  40.776  40.868 0.0000000000
71001  29.886  39.633  41.807 0.0000000000
67787  24.640  33.166  48.139 0.0000000000
67792  24.973  33.384  47.690 0.0000000000
67789  23.593  33.854  48.794 0.0000000000
64749  20.464  28.559  52.234 0.0000000000
65991  17.404  29.766  54.143 0.0000000000
65362  17.863  29.204  54.078 0.0000000000
65341  17.585  28.988  54.314 0.0000000000
65342  17.075  29.234  54.478 0.0000000000
67130  15.998  32.523  54.233 0.0000000000
67115  16.295  31.568  54.295 0.0000000000
67116  15.911  31.984  54.448 0.0000000000
65973  15.309  30.599  54.939 0.0000000000
65972  16.146  30.005  54.651 0.0000000000
65343  16.492  29.248  54.702 0.0000000000
64714  15.434  28.745  55.073 0.0000000000
64715  14.498  28.673  55.294 0.0000000000
64716  13.362  28.489  55.468 0.0000000000
70108  12.747  37.482  53.729 0.0000000000
70107  13.165  36.991  53.617 0.0000000000
70095  12.649  36.809  54.058 0.0000000000
69144  12.424  35.713  54.562 0.0000000000
69121  12.963  34.726  54.685 0.0000000000
69678  10.438  36.585  55.299 0.0000000000
67718  11.484  33.550  55.226 0.0000000000
67717  12.332  33.424  55.177 0.0000000000
67098  12.833  32.435  55.419 0.0000000000
65977  11.468  30.415  55.495 0.0000000000
65976  12.455  30.505  55.477 0.0000000000
65348  11.810  29.391  55.600 0.0000000000
64717  12.067  28.155  55.722 0.0000000000
64718  11.203  28.441  55.914 0.0000000000
65962  9.247  28.834  56.730 0.0000000000
67713  9.067  32.702  55.734 0.0000000000
67712  9.278  32.357  55.616 0.0000000000
67103  8.946  32.188  55.571 0.0000000000
67092  8.927  30.540  55.924 0.0000000000
66529  8.825  29.554  56.367 0.0000000000
71719  7.095  42.425  51.702 0.0000000000
72146  7.255  42.533  52.189 0.0000000000
72138  7.538  42.438  52.667 0.0000000000
71704  7.763  41.973  52.711 0.0000000000
71703  7.994  41.614  52.904 0.0000000000
71711  7.979  41.377  52.739 0.0000000000
70931  7.792  39.204  53.057 0.0000000000
71318  7.978  39.703  53.066 0.0000000000
70921  7.850  38.852  53.694 0.0000000000
70494  7.565  38.417  53.593 0.0000000000
69731  6.010  37.973  49.420 0.0000000000
70133  5.975  38.911  49.274 0.0000000000
70124  6.668  38.552  50.551 0.0000000000
70510  6.903  38.732  50.917 0.0000000000
69708  6.804  36.823  53.321 0.0000000000
69707  7.004  37.117  53.641 0.0000000000
70100  7.374  37.668  54.002 0.0000000000
69145  7.287  36.267  54.539 0.0000000000
69146  6.983  36.103  54.125 0.0000000000
68490  6.734  34.602  53.715 0.0000000000
68482  7.040  34.970  54.236 0.0000000000
67149  6.198  32.930  52.084 0.0000000000
72209  21.117  42.258  45.432 0.0000000000
72627  20.881  43.162  45.093 0.0000000000
63335  10.526  26.029  57.466 0.0000000000
68505  15.121  35.440  53.135 0.0000000000
68498  15.061  35.072  53.465 0.0000000000
69158  14.571  35.895  53.214 0.0000000000
69153  13.982  35.803  53.707 0.0000000000
70084  8.945  37.642  55.316 0.0000000000
69129  7.968  35.737  55.110 0.0000000000
70974  19.944  39.638  48.443 0.0000000000
72615  18.538  43.874  47.844 0.0000000000
73024  18.230  44.503  47.982 0.0000000000
73021  17.728  44.456  48.683 0.0000000000
73444  18.161  45.029  47.835 0.0000000000
72641  26.533  42.575  41.372 0.0000000000
72223  26.454  41.805  41.706 0.0000000000
70990  25.497  39.699  43.691 0.0000000000
70169  24.181  37.406  45.710 0.0000000000
70559  22.031  39.178  46.414 0.0000000000
70553  22.164  38.581  46.629 0.0000000000
70554  21.688  39.154  46.817 0.0000000000
70160  21.613  38.060  47.765 0.0000000000
71718  12.049  41.316  52.175 0.0000000000
72143  11.358  41.641  52.507 0.0000000000
71709  11.191  41.171  52.905 0.0000000000
71710  10.892  41.475  52.951 0.0000000000
72559  9.016  43.095  53.099 0.0000000000
72558  9.312  42.607  53.259 0.0000000000
72116  9.191  41.237  54.150 0.0000000000
71686  8.978  40.889  54.500 0.0000000000
72117  8.880  41.380  54.209 0.0000000000
71687  8.885  40.782  54.262 0.0000000000
73070  32.598  44.408  38.494 0.0000000000
73489  28.715  44.484  39.330 0.0000000000
73490  27.678  44.573  39.437 0.0000000000
73491  26.739  44.241  39.898 0.0000000000
73929  25.669  45.452  43.447 0.0000000000
65380  19.822  29.301  52.367 0.0000000000
66021  18.928  30.886  52.051 0.0000000000
68511  18.563  34.530  51.375 0.0000000000
70963  18.973  39.372  49.463 0.0000000000
70964  18.166  39.531  49.930 0.0000000000
71340  17.444  40.130  50.171 0.0000000000
71345  13.561  41.078  51.595 0.0000000000
70998  29.182  39.629  42.222 0.0000000000
70577  29.402  38.932  42.518 0.0000000000
68538  24.403  34.737  47.557 0.0000000000
67793  24.476  33.942  47.951 0.0000000000
67788  24.080  33.573  48.505 0.0000000000
66029  21.858  30.506  50.665 0.0000000000
65387  20.198  29.631  51.833 0.0000000000
66000  18.115  29.686  53.734 0.0000000000
66001  17.620  30.180  53.851 0.0000000000
66002  17.031  30.696  54.062 0.0000000000
67117  15.275  32.366  54.793 0.0000000000
66558  15.606  31.536  54.731 0.0000000000
66536  15.253  31.371  54.941 0.0000000000
65975  13.402  30.577  55.434 0.0000000000
70488  11.754  38.378  54.200 0.0000000000
70096  12.127  37.415  54.244 0.0000000000
69696  11.803  36.949  54.593 0.0000000000
69676  11.784  36.172  54.748 0.0000000000
65978  10.442  30.195  55.676 0.0000000000
65960  10.153  30.789  55.641 0.0000000000
71713  7.431  41.239  51.547 0.0000000000
70938  7.550  39.363  52.261 0.0000000000
69160  6.586  36.779  52.047 0.0000000000
69155  6.649  36.342  53.054 0.0000000000
69147  6.723  35.937  53.677 0.0000000000
68491  6.570  35.295  53.275 0.0000000000
67748  6.514  34.391  53.187 0.0000000000
67747  6.621  33.678  53.304 0.0000000000
71768  20.307  41.475  46.945 0.0000000000
72200  19.624  43.018  46.928 0.0000000000
73039  27.375  44.101  44.942 0.0000000000
72632  27.078  43.588  44.391 0.0000000000
72621  26.490  43.504  44.422 0.0000000000
72204  26.257  43.616  43.908 0.0000000000
72217  24.744  42.668  42.255 0.0000000000
72206  24.704  43.429  42.758 0.0000000000
71781  24.568  41.472  42.947 0.0000000000
71394  24.315  40.540  43.743 0.0000000000
70992  23.862  39.677  44.631 0.0000000000
70985  21.912  39.904  46.157 0.0000000000
72983  10.426  43.993  52.052 0.0000000000
72567  10.360  42.819  52.643 0.0000000000
72971  9.437  43.676  52.422 0.0000000000
72972  9.023  43.784  52.426 0.0000000000
73397  8.735  44.834  51.737 0.0000000000
72986  9.068  44.199  51.998 0.0000000000
72961  8.926  43.371  52.817 0.0000000000
72962  8.554  43.501  52.827 0.0000000000
72963  8.145  43.644  52.768 0.0000000000
72956  8.168  43.014  53.106 0.0000000000
66596  19.606  31.579  51.161 0.0000000000
68510  19.131  33.969  51.213 0.0000000000
72169  16.817  42.835  50.082 0.0000000000
72595  15.868  43.336  50.579 0.0000000000
72584  15.314  43.652  50.780 0.0000000000
72585  14.502  43.630  51.028 0.0000000000
69193  22.866  35.649  48.448 0.0000000000
67744  16.315  32.674  53.920 0.0000000000
67745  15.729  33.297  54.125 0.0000000000
67746  15.173  33.849  54.247 0.0000000000
67714  14.590  33.014  54.989 0.0000000000
67715  14.116  33.307  55.032 0.0000000000
70476  10.231  38.485  55.022 0.0000000000
70081  10.771  37.608  55.023 0.0000000000
67102  9.914  32.762  55.520 0.0000000000
68466  8.644  34.495  55.417 0.0000000000
67106  7.829  33.103  54.813 0.0000000000
67770  5.769  34.513  49.980 0.0000000000
67763  6.150  34.104  51.438 0.0000000000
63359  13.083  26.738  55.847 0.0000000000
70962  19.326  39.102  49.343 0.0000000000
71375  19.293  40.981  48.436 0.0000000000
71757  19.024  41.703  48.382 0.0000000000
71749  18.404  41.876  48.981 0.0000000000
72592  17.342  43.557  49.433 0.0000000000
72239  30.128  42.195  40.305 0.0000000000
71806  30.520  41.426  40.560 0.0000000000
71795  29.407  41.126  41.275 0.0000000000
71406  29.263  40.778  41.543 0.0000000000
71402  28.767  40.582  41.776 0.0000000000
70572  28.317  38.860  43.152 0.0000000000
72214  26.240  43.069  42.852 0.0000000000
71390  26.824  40.361  42.350 0.0000000000
70987  27.343  39.612  42.873 0.0000000000
69209  24.783  35.812  46.383 0.0000000000
70165  23.147  37.149  46.853 0.0000000000
69753  22.969  36.255  47.878 0.0000000000
70154  21.537  36.966  48.746 0.0000000000
69742  21.518  36.508  49.030 0.0000000000
69743  21.199  36.174  49.414 0.0000000000
70115  13.404  37.293  53.215 0.0000000000
70507  12.783  38.878  52.953 0.0000000000
70499  12.491  38.413  53.506 0.0000000000
70927  11.810  39.410  53.544 0.0000000000
70500  11.957  38.952  53.709 0.0000000000
70501  11.574  38.975  54.064 0.0000000000
70489  11.211  38.905  54.382 0.0000000000
70490  10.679  38.944  54.700 0.0000000000
71701  10.526  41.120  53.571 0.0000000000
72135  9.715  41.754  53.698 0.0000000000
71702  10.139  41.307  53.802 0.0000000000
71692  10.324  40.818  53.999 0.0000000000
71304  10.341  40.243  54.327 0.0000000000
70491  10.408  38.837  54.875 0.0000000000
70903  9.920  38.938  54.971 0.0000000000
71296  9.210  40.053  54.826 0.0000000000
70905  9.078  39.398  54.866 0.0000000000
70479  8.738  38.620  54.993 0.0000000000
73044  21.845  43.954  43.753 0.0000000000
73905  22.060  44.191  43.346 0.0000000000
72238  31.069  42.255  39.856 0.0000000000
74422  32.270  47.049  37.509 0.0000000000
73071  31.614  44.400  38.894 0.0000000000
72664  31.237  43.565  39.323 0.0000000000
72653  30.788  42.932  39.696 0.0000000000
72240  29.257  42.719  40.267 0.0000000000
72656  28.111  43.107  40.124 0.0000000000
72646  26.311  43.030  41.273 0.0000000000
73055  26.369  43.848  42.321 0.0000000000
73052  27.145  44.246  43.039 0.0000000000
73949  26.731  44.778  39.587 0.0000000000
73485  26.052  44.044  40.750 0.0000000000
73047  27.509  44.372  44.297 0.0000000000
73048  27.056  45.073  44.545 0.0000000000
73458  26.302  44.930  44.320 0.0000000000
73041  26.017  44.688  44.015 0.0000000000
73920  25.302  45.175  44.194 0.0000000000
73459  25.377  44.975  44.232 0.0000000000
73449  25.332  44.515  44.255 0.0000000000
73450  24.608  44.237  44.042 0.0000000000
65381  19.274  29.609  52.692 0.0000000000
65375  19.053  29.240  53.168 0.0000000000
66581  17.714  31.391  53.190 0.0000000000
67137  17.372  31.848  53.321 0.0000000000
66598  18.456  31.860  52.147 0.0000000000
69163  16.334  35.159  52.343 0.0000000000
69164  15.894  35.321  52.627 0.0000000000
69165  15.298  35.760  52.757 0.0000000000
69719  14.757  36.607  52.533 0.0000000000
70123  14.191  37.397  52.464 0.0000000000
70127  18.700  37.275  50.368 0.0000000000
69726  18.681  36.826  50.543 0.0000000000
71355  16.489  41.186  50.498 0.0000000000
70142  16.711  37.972  50.844 0.0000000000
70132  14.483  38.184  51.959 0.0000000000
70943  13.152  39.580  52.319 0.0000000000
71333  12.389  40.922  52.102 0.0000000000
72587  12.945  43.665  51.339 0.0000000000
73409  12.599  44.918  51.243 0.0000000000
72997  12.619  44.089  51.345 0.0000000000
72981  11.983  44.186  51.478 0.0000000000
72982  11.210  44.085  51.760 0.0000000000
73463  21.961  44.097  44.138 0.0000000000
71006  31.604  39.499  40.444 0.0000000000
70582  30.417  38.957  41.630 0.0000000000
68529  23.692  34.178  48.570 0.0000000000
67178  24.499  32.463  48.555 0.0000000000
65361  18.202  29.125  53.911 0.0000000000
66556  16.639  31.145  54.185 0.0000000000
65992  16.796  30.218  54.325 0.0000000000
64712  17.035  28.513  54.692 0.0000000000
69705  13.544  36.460  53.637 0.0000000000
69693  13.576  35.893  53.894 0.0000000000
69694  13.083  36.110  54.042 0.0000000000
68481  13.446  34.728  54.549 0.0000000000
67716  13.227  33.330  55.168 0.0000000000
68460  12.702  34.195  54.909 0.0000000000
67119  13.649  32.065  55.469 0.0000000000
64032  12.150  27.024  56.000 0.0000000000
64033  11.333  26.987  56.394 0.0000000000
64034  10.470  27.031  56.960 0.0000000000
67090  9.606  32.038  55.616 0.0000000000
66527  9.436  30.626  55.909 0.0000000000
73390  7.436  44.050  52.107 0.0000000000
73386  7.757  43.808  52.677 0.0000000000
72957  7.799  43.006  53.039 0.0000000000
72139  7.158  42.808  52.392 0.0000000000
72560  7.531  42.838  52.912 0.0000000000
72551  7.813  42.653  53.091 0.0000000000
72127  8.044  41.878  53.176 0.0000000000
71696  8.387  41.219  53.460 0.0000000000
71307  8.451  40.218  53.852 0.0000000000
71326  8.036  40.917  52.814 0.0000000000
71317  8.123  40.014  53.338 0.0000000000
71308  8.260  39.631  53.840 0.0000000000
70492  8.106  38.718  54.296 0.0000000000
70481  7.934  37.873  54.727 0.0000000000
70509  7.199  38.936  51.543 0.0000000000
70117  7.110  38.096  52.586 0.0000000000
70099  7.525  37.397  54.450 0.0000000000
70087  7.752  37.405  54.728 0.0000000000
69697  7.510  36.762  54.682 0.0000000000
69130  7.552  35.849  54.809 0.0000000000
68469  7.413  34.913  54.629 0.0000000000
67725  7.626  33.841  54.683 0.0000000000
67122  7.663  32.497  54.574 0.0000000000
67755  6.356  33.689  52.549 0.0000000000
67131  6.806  32.790  53.322 0.0000000000
64050  12.077  27.374  55.920 0.0000000000
64728  18.410  28.614  53.865 0.0000000000
64729  18.125  28.704  54.057 0.0000000000
65379  20.352  29.196  52.007 0.0000000000
65993  15.924  30.785  54.641 0.0000000000
66560  13.783  31.863  55.484 0.0000000000
66561  13.549  31.848  55.497 0.0000000000
67118  14.891  32.266  55.037 0.0000000000
67179  24.060  32.973  48.773 0.0000000000
67738  14.293  33.685  54.817 0.0000000000
69675  12.201  35.861  54.620 0.0000000000
69714  7.018  37.623  53.134 0.0000000000
69760  24.008  36.370  46.666 0.0000000000
70143  16.441  38.076  50.920 0.0000000000
70537  16.473  38.314  50.854 0.0000000000
70929  10.946  40.007  53.981 0.0000000000
70930  7.989  39.363  53.443 0.0000000000
70997  29.664  39.390  42.121 0.0000000000
71314  11.223  40.435  53.340 0.0000000000
71325  8.071  41.202  52.942 0.0000000000
71414  31.451  40.858  40.118 0.0000000000
71415  30.950  41.007  40.440 0.0000000000
71708  11.624  41.230  52.499 0.0000000000
71756  19.444  41.351  48.069 0.0000000000
71800  29.248  41.482  41.095 0.0000000000
72118  8.832  41.162  53.992 0.0000000000
72128  7.764  42.421  53.000 0.0000000000
72147  6.954  42.949  51.994 0.0000000000
72203  26.347  43.485  44.141 0.0000000000
72233  29.644  41.900  40.678 0.0000000000
72547  9.191  42.203  53.595 0.0000000000
72561  7.222  42.957  52.594 0.0000000000
72570  6.898  43.156  52.147 0.0000000000
72633  26.642  43.615  45.151 0.0000000000
72638  26.279  43.597  42.939 0.0000000000
72958  7.583  43.073  52.988 0.0000000000
72964  7.923  43.519  52.949 0.0000000000
72966  6.923  43.119  52.371 0.0000000000
73029  26.293  44.247  44.591 0.0000000000
73033  21.866  43.483  43.854 0.0000000000
73042  23.513  43.982  43.244 0.0000000000
73051  26.880  43.821  42.991 0.0000000000
73384  7.889  44.121  52.630 0.0000000000
73398  8.220  44.849  51.688 0.0000000000
73451  24.313  43.745  43.834 0.0000000000
73462  22.450  43.974  43.361 0.0000000000
73476  24.474  45.086  43.542 0.0000000000
73480  26.201  44.315  42.067 0.0000000000
73911  25.319  45.261  44.562 0.0000000000
73912  24.934  45.406  44.638 0.0000000000
73928  26.006  45.744  43.061 0.0000000000
