#!ascii label  , from subject 3227 vox2ras=TkReg
1179
12508  5.775  -59.000  27.177 0.0000000000
19672  5.824  -45.574  25.559 0.0000000000
5752  10.139  -71.358  28.618 0.0000000000
8971  7.305  -66.116  28.329 0.0000000000
5387  7.546  -73.816  21.375 0.0000000000
8498  7.308  -67.474  20.768 0.0000000000
16043  5.429  -51.976  27.080 0.0000000000
4925  13.676  -73.408  27.913 0.0000000000
13019  7.487  -58.763  35.212 0.0000000000
17058  5.035  -50.237  33.788 0.0000000000
19641  5.781  -43.992  32.265 0.0000000000
2851  10.632  -76.801  19.953 0.0000000000
10459  6.072  -63.005  28.050 0.0000000000
8984  6.912  -66.471  24.616 0.0000000000
10470  6.300  -63.662  24.321 0.0000000000
17608  5.597  -49.215  25.900 0.0000000000
16054  5.667  -52.287  22.708 0.0000000000
18110  6.717  -48.440  22.153 0.0000000000
10867  6.602  -62.463  36.221 0.0000000000
16508  5.182  -50.946  37.800 0.0000000000
18067  4.904  -47.800  32.573 0.0000000000
4913  11.082  -72.693  28.063 0.0000000000
3672  12.119  -76.038  25.016 0.0000000000
4115  9.677  -74.809  25.095 0.0000000000
20288  6.637  -45.104  22.158 0.0000000000
7571  8.889  -68.128  29.536 0.0000000000
5364  8.861  -73.021  24.971 0.0000000000
7152  8.175  -69.721  25.125 0.0000000000
6734  7.589  -71.362  20.338 0.0000000000
14050  5.540  -55.726  27.154 0.0000000000
12520  5.856  -59.173  23.709 0.0000000000
14542  5.639  -55.175  23.346 0.0000000000
18643  7.248  -47.170  18.605 0.0000000000
5281  12.070  -70.360  30.515 0.0000000000
6168  10.228  -69.991  31.999 0.0000000000
7113  8.020  -68.266  32.556 0.0000000000
8938  7.558  -66.010  32.967 0.0000000000
10436  6.331  -63.166  31.965 0.0000000000
12490  5.753  -59.266  31.588 0.0000000000
14947  6.012  -54.542  38.765 0.0000000000
15489  5.679  -54.271  34.921 0.0000000000
14990  5.626  -54.703  30.387 0.0000000000
16547  5.261  -51.505  30.141 0.0000000000
18081  5.103  -48.070  30.040 0.0000000000
19654  5.390  -45.683  29.144 0.0000000000
3687  16.166  -76.084  23.153 0.0000000000
2858  13.996  -77.389  19.534 0.0000000000
3737  8.997  -75.655  20.693 0.0000000000
11378  5.839  -61.107  28.123 0.0000000000
10462  6.249  -63.561  26.308 0.0000000000
11385  5.901  -60.974  26.036 0.0000000000
18621  5.870  -47.349  25.617 0.0000000000
18103  6.204  -48.436  24.244 0.0000000000
19148  6.466  -46.503  24.076 0.0000000000
4915  10.533  -72.248  28.024 0.0000000000
4100  10.477  -74.398  26.479 0.0000000000
4943  10.077  -72.945  26.563 0.0000000000
8006  8.214  -67.559  28.512 0.0000000000
7144  8.232  -68.998  26.696 0.0000000000
8013  7.692  -67.813  26.735 0.0000000000
8494  7.364  -67.456  21.808 0.0000000000
7599  8.336  -69.303  22.403 0.0000000000
7606  7.836  -69.397  20.433 0.0000000000
6741  7.938  -71.072  18.047 0.0000000000
7614  7.500  -69.312  18.380 0.0000000000
15003  5.503  -54.043  26.867 0.0000000000
14058  5.609  -56.043  25.032 0.0000000000
15008  5.550  -54.153  24.849 0.0000000000
16060  5.780  -51.931  20.957 0.0000000000
15543  5.630  -52.961  21.003 0.0000000000
19691  4.955  -46.395  20.030 0.0000000000
5283  11.121  -69.976  30.882 0.0000000000
7089  9.226  -67.926  34.647 0.0000000000
7529  8.845  -66.861  34.727 0.0000000000
7981  6.370  -67.752  33.456 0.0000000000
8415  8.438  -66.008  34.138 0.0000000000
11879  7.051  -60.739  35.690 0.0000000000
10883  6.377  -62.381  34.063 0.0000000000
11889  6.494  -60.511  34.213 0.0000000000
11365  5.878  -61.219  31.423 0.0000000000
12484  6.084  -59.479  33.196 0.0000000000
17044  5.091  -50.220  35.931 0.0000000000
15471  5.321  -52.674  36.333 0.0000000000
16005  5.336  -52.335  34.677 0.0000000000
14983  5.940  -55.080  32.315 0.0000000000
16022  5.384  -52.438  32.362 0.0000000000
16541  5.397  -52.647  30.592 0.0000000000
16539  5.179  -51.242  32.055 0.0000000000
19113  5.169  -45.724  32.883 0.0000000000
18071  4.970  -47.722  31.800 0.0000000000
19120  5.160  -46.585  30.590 0.0000000000
18602  5.185  -47.280  29.505 0.0000000000
19649  5.454  -45.387  30.188 0.0000000000
4492  15.741  -73.316  27.390 0.0000000000
4543  17.166  -74.880  25.708 0.0000000000
4103  14.950  -74.811  26.294 0.0000000000
3256  11.289  -75.957  21.867 0.0000000000
3253  13.220  -76.331  21.602 0.0000000000
2479  12.200  -77.348  19.304 0.0000000000
2497  12.989  -78.698  17.362 0.0000000000
2491  11.704  -78.384  17.826 0.0000000000
5378  7.820  -73.610  22.702 0.0000000000
4576  8.165  -74.494  23.377 0.0000000000
4593  8.670  -74.665  21.157 0.0000000000
12530  6.112  -59.031  21.564 0.0000000000
11413  6.195  -61.499  21.644 0.0000000000
10454  6.287  -64.027  28.571 0.0000000000
8978  7.022  -66.219  26.714 0.0000000000
9987  6.494  -64.598  26.783 0.0000000000
9493  6.667  -65.550  24.158 0.0000000000
9501  6.729  -65.552  22.000 0.0000000000
17088  5.432  -50.100  26.531 0.0000000000
16048  5.549  -52.247  24.712 0.0000000000
17094  5.737  -50.355  24.475 0.0000000000
17101  5.998  -50.689  22.703 0.0000000000
17107  6.370  -50.333  20.986 0.0000000000
9428  7.406  -64.553  36.658 0.0000000000
11864  7.183  -61.144  37.934 0.0000000000
13007  7.978  -59.073  37.619 0.0000000000
17565  4.937  -48.821  35.646 0.0000000000
17580  4.951  -49.507  33.251 0.0000000000
18579  4.804  -47.424  34.927 0.0000000000
19110  4.957  -45.567  34.237 0.0000000000
4489  12.089  -73.446  27.921 0.0000000000
4105  13.022  -75.408  26.242 0.0000000000
4097  11.401  -74.999  26.923 0.0000000000
3684  10.624  -75.579  24.588 0.0000000000
3706  10.040  -75.815  22.811 0.0000000000
5399  8.816  -73.750  18.289 0.0000000000
4601  8.889  -74.998  18.918 0.0000000000
20278  5.724  -44.456  25.064 0.0000000000
19677  6.551  -45.593  23.523 0.0000000000
6694  9.224  -69.292  29.144 0.0000000000
5354  9.581  -72.221  26.159 0.0000000000
6706  8.976  -70.167  26.881 0.0000000000
6228  8.963  -71.958  24.321 0.0000000000
6237  7.687  -72.678  22.519 0.0000000000
8019  7.607  -68.342  24.389 0.0000000000
7164  8.728  -70.295  22.548 0.0000000000
6256  6.723  -72.940  20.333 0.0000000000
5801  8.511  -72.506  18.854 0.0000000000
13566  5.574  -56.829  27.546 0.0000000000
12511  5.770  -59.023  25.994 0.0000000000
13051  5.717  -58.013  25.324 0.0000000000
13586  5.751  -57.142  23.534 0.0000000000
13596  6.024  -57.112  21.375 0.0000000000
15015  5.612  -54.190  22.743 0.0000000000
14547  5.755  -55.130  21.162 0.0000000000
19156  6.133  -46.821  22.037 0.0000000000
18638  6.941  -47.025  20.701 0.0000000000
4897  14.882  -72.238  28.945 0.0000000000
4890  13.011  -71.950  29.283 0.0000000000
4892  11.833  -71.659  29.454 0.0000000000
4894  10.901  -71.539  29.845 0.0000000000
82980  9.759  -71.016  31.211 0.0000000000
6630  9.705  -68.352  34.199 0.0000000000
6661  9.217  -68.922  32.201 0.0000000000
6678  9.317  -69.204  30.963 0.0000000000
7119  8.243  -68.123  31.665 0.0000000000
8457  7.898  -67.118  31.096 0.0000000000
8951  7.644  -65.694  31.152 0.0000000000
9448  7.654  -64.544  34.303 0.0000000000
9957  7.001  -64.296  32.327 0.0000000000
9970  6.648  -64.510  30.327 0.0000000000
10450  6.108  -62.987  30.161 0.0000000000
11371  5.818  -61.169  30.320 0.0000000000
12498  5.653  -59.175  29.462 0.0000000000
14001  7.812  -56.945  36.790 0.0000000000
14957  6.179  -55.063  35.934 0.0000000000
14011  6.832  -56.817  34.435 0.0000000000
14497  6.175  -56.262  33.104 0.0000000000
13553  5.658  -57.437  30.915 0.0000000000
13559  5.543  -56.900  28.785 0.0000000000
14522  5.509  -55.187  28.852 0.0000000000
15521  5.439  -53.411  28.462 0.0000000000
16039  5.390  -52.369  28.295 0.0000000000
17585  5.030  -49.904  31.792 0.0000000000
17076  5.168  -50.163  29.861 0.0000000000
17082  5.252  -49.930  28.593 0.0000000000
17602  5.279  -49.098  27.930 0.0000000000
18612  5.333  -47.456  27.797 0.0000000000
19667  5.422  -45.937  27.379 0.0000000000
20257  5.709  -43.175  28.239 0.0000000000
20271  5.436  -43.938  26.675 0.0000000000
3720  16.856  -76.838  21.105 0.0000000000
3679  13.798  -76.182  24.001 0.0000000000
3252  15.017  -76.654  21.943 0.0000000000
2855  16.526  -77.761  19.464 0.0000000000
4963  8.868  -74.298  24.761 0.0000000000
4152  9.050  -75.528  22.884 0.0000000000
3735  9.640  -76.348  20.536 0.0000000000
3312  8.962  -76.733  17.921 0.0000000000
3299  9.690  -77.533  18.103 0.0000000000
2882  10.310  -77.955  18.085 0.0000000000
2155  10.924  -79.676  15.885 0.0000000000
11395  5.997  -61.164  23.934 0.0000000000
10481  6.326  -63.401  22.068 0.0000000000
9510  6.805  -65.648  19.872 0.0000000000
8506  7.167  -67.409  18.751 0.0000000000
11914  5.786  -60.084  27.657 0.0000000000
11381  5.880  -61.091  26.991 0.0000000000
11919  5.825  -60.057  26.553 0.0000000000
19142  5.767  -46.494  25.984 0.0000000000
18625  6.228  -47.437  24.667 0.0000000000
19145  6.127  -46.481  25.105 0.0000000000
5332  10.315  -71.684  28.986 0.0000000000
4928  10.430  -72.490  27.530 0.0000000000
5342  10.198  -71.949  27.563 0.0000000000
8470  7.849  -66.875  28.639 0.0000000000
8009  7.944  -67.589  27.736 0.0000000000
8473  7.466  -66.821  27.409 0.0000000000
8032  7.638  -68.425  21.117 0.0000000000
8035  7.526  -68.420  20.107 0.0000000000
7610  7.672  -69.356  19.440 0.0000000000
8039  7.395  -68.384  19.082 0.0000000000
15527  5.496  -53.106  26.402 0.0000000000
15005  5.528  -54.085  25.883 0.0000000000
15530  5.525  -53.169  25.316 0.0000000000
16063  5.743  -52.090  20.155 0.0000000000
7528  8.937  -67.016  35.443 0.0000000000
7954  8.809  -66.059  36.148 0.0000000000
7960  8.702  -66.307  34.891 0.0000000000
8408  8.501  -65.481  35.923 0.0000000000
12471  7.491  -59.763  35.666 0.0000000000
11350  6.546  -61.365  34.783 0.0000000000
12475  6.914  -59.664  34.665 0.0000000000
12480  6.433  -59.775  33.890 0.0000000000
13022  6.643  -58.804  34.100 0.0000000000
17049  5.062  -50.252  34.807 0.0000000000
16519  5.186  -51.208  35.367 0.0000000000
16527  5.262  -51.828  33.943 0.0000000000
16017  5.461  -52.881  33.705 0.0000000000
16535  5.300  -51.982  33.145 0.0000000000
16023  5.262  -51.815  32.153 0.0000000000
16536  5.144  -51.083  33.142 0.0000000000
19640  5.502  -44.917  32.030 0.0000000000
18596  5.093  -46.623  31.701 0.0000000000
19117  5.261  -45.855  31.855 0.0000000000
19124  5.257  -46.112  30.426 0.0000000000
19644  5.634  -44.917  31.035 0.0000000000
4494  14.367  -73.583  27.365 0.0000000000
4529  15.119  -74.483  26.592 0.0000000000
4512  13.993  -74.206  27.140 0.0000000000
3271  10.857  -76.250  21.005 0.0000000000
3269  11.823  -76.008  21.010 0.0000000000
2475  11.199  -76.951  19.663 0.0000000000
2485  11.928  -77.832  18.602 0.0000000000
2486  11.267  -77.871  18.435 0.0000000000
5383  7.430  -73.806  22.172 0.0000000000
4981  8.037  -74.226  21.884 0.0000000000
4986  8.410  -74.111  20.889 0.0000000000
12533  6.365  -58.977  20.556 0.0000000000
11941  6.221  -59.879  21.164 0.0000000000
9984  6.531  -64.712  27.765 0.0000000000
10458  6.265  -63.818  27.426 0.0000000000
10918  6.169  -63.043  25.678 0.0000000000
10466  6.292  -63.694  25.306 0.0000000000
9997  6.469  -64.593  23.703 0.0000000000
9497  6.688  -65.553  23.087 0.0000000000
17091  5.577  -50.229  25.507 0.0000000000
18107  6.463  -48.504  23.194 0.0000000000
17615  6.077  -49.469  23.822 0.0000000000
17619  6.309  -49.654  22.695 0.0000000000
17104  6.196  -50.467  21.934 0.0000000000
17622  6.642  -49.438  21.576 0.0000000000
12449  7.672  -60.059  38.806 0.0000000000
12453  7.494  -60.422  37.975 0.0000000000
17559  4.986  -48.999  36.397 0.0000000000
18044  4.912  -48.221  36.104 0.0000000000
18051  4.856  -48.073  35.308 0.0000000000
18571  4.834  -47.246  35.747 0.0000000000
4490  11.691  -73.330  27.843 0.0000000000
4089  11.799  -74.548  27.265 0.0000000000
4499  11.396  -73.838  27.447 0.0000000000
4109  10.167  -74.559  25.906 0.0000000000
3667  10.420  -75.142  25.830 0.0000000000
3685  10.273  -75.354  24.921 0.0000000000
3695  10.068  -75.506  23.943 0.0000000000
4137  9.634  -75.436  23.892 0.0000000000
4997  8.453  -74.580  17.414 0.0000000000
4610  8.066  -75.345  16.618 0.0000000000
20863  5.263  -43.150  25.257 0.0000000000
20865  5.808  -43.828  24.338 0.0000000000
6701  9.098  -69.656  27.964 0.0000000000
7140  8.813  -69.208  27.866 0.0000000000
7148  8.142  -69.402  25.965 0.0000000000
6709  8.434  -70.173  25.531 0.0000000000
6713  8.603  -70.484  24.635 0.0000000000
6233  8.812  -72.349  23.173 0.0000000000
6232  8.972  -71.571  23.226 0.0000000000
8981  6.952  -66.373  25.683 0.0000000000
8477  7.304  -67.148  26.206 0.0000000000
8480  7.204  -67.360  25.086 0.0000000000
7603  8.089  -69.380  21.372 0.0000000000
7168  8.345  -70.456  21.549 0.0000000000
6249  6.601  -72.015  21.471 0.0000000000
6733  6.758  -71.581  20.619 0.0000000000
5796  7.943  -72.601  20.070 0.0000000000
6260  8.169  -71.935  19.809 0.0000000000
13048  5.667  -57.775  26.607 0.0000000000
13571  5.591  -56.636  26.611 0.0000000000
14063  5.660  -56.132  23.971 0.0000000000
13580  5.681  -57.071  24.623 0.0000000000
13592  5.861  -57.149  22.452 0.0000000000
14067  5.738  -56.163  22.897 0.0000000000
16051  5.615  -52.302  23.691 0.0000000000
15533  5.556  -53.227  24.264 0.0000000000
15536  5.590  -53.238  23.229 0.0000000000
15018  5.636  -54.129  21.643 0.0000000000
20284  6.596  -44.838  23.096 0.0000000000
19681  6.002  -45.608  22.585 0.0000000000
19165  6.680  -46.416  19.363 0.0000000000
18640  7.182  -46.966  19.734 0.0000000000
18115  7.127  -48.164  20.086 0.0000000000
18118  7.165  -48.175  19.028 0.0000000000
5293  13.682  -70.867  30.061 0.0000000000
5308  14.125  -71.343  29.672 0.0000000000
4882  13.328  -71.430  29.696 0.0000000000
4891  12.397  -71.819  29.296 0.0000000000
5295  12.111  -70.734  30.013 0.0000000000
5718  10.571  -70.149  31.587 0.0000000000
5309  11.039  -71.042  30.372 0.0000000000
5310  10.716  -71.004  30.578 0.0000000000
5735  10.413  -71.002  31.189 0.0000000000
6179  9.988  -70.000  30.923 0.0000000000
7102  8.203  -67.849  33.530 0.0000000000
7101  9.053  -68.355  33.207 0.0000000000
7112  8.666  -68.236  32.663 0.0000000000
6669  9.356  -69.184  31.532 0.0000000000
6663  8.356  -68.303  32.003 0.0000000000
6679  9.190  -68.832  30.926 0.0000000000
7114  7.830  -68.732  32.257 0.0000000000
8442  6.624  -66.794  32.624 0.0000000000
7985  6.349  -68.007  32.052 0.0000000000
8450  7.286  -67.143  31.859 0.0000000000
8952  7.970  -66.492  31.437 0.0000000000
8945  7.648  -66.004  32.143 0.0000000000
9930  6.957  -63.890  36.653 0.0000000000
9438  7.523  -64.373  35.288 0.0000000000
10406  6.709  -63.136  35.712 0.0000000000
10888  6.250  -62.515  32.885 0.0000000000
10423  6.618  -63.315  33.531 0.0000000000
10429  6.594  -63.572  32.642 0.0000000000
9956  6.878  -64.322  31.623 0.0000000000
10435  6.472  -63.738  31.386 0.0000000000
10442  6.358  -63.744  30.614 0.0000000000
10443  6.188  -63.013  31.105 0.0000000000
11904  5.750  -60.213  30.987 0.0000000000
11907  5.720  -60.184  29.880 0.0000000000
12494  5.671  -59.249  30.543 0.0000000000
13998  8.304  -56.491  37.940 0.0000000000
14478  7.057  -55.968  37.047 0.0000000000
15969  5.237  -51.705  38.255 0.0000000000
15477  5.349  -53.105  36.002 0.0000000000
15476  5.532  -54.013  36.314 0.0000000000
14481  6.732  -55.915  35.216 0.0000000000
14966  6.073  -55.216  34.459 0.0000000000
14016  6.295  -56.900  33.442 0.0000000000
14977  6.070  -55.485  33.271 0.0000000000
15506  5.739  -54.144  32.087 0.0000000000
14505  5.842  -55.786  31.469 0.0000000000
14509  5.661  -55.579  30.552 0.0000000000
13556  5.572  -57.246  29.904 0.0000000000
14031  5.557  -56.255  29.780 0.0000000000
14038  5.522  -55.932  29.062 0.0000000000
16542  5.303  -52.024  30.785 0.0000000000
16031  5.436  -53.085  30.032 0.0000000000
16546  5.348  -52.307  30.004 0.0000000000
16551  5.318  -51.807  29.241 0.0000000000
18063  4.867  -48.659  33.416 0.0000000000
17583  4.986  -49.698  32.478 0.0000000000
18068  4.920  -48.896  32.581 0.0000000000
18076  5.020  -48.052  31.007 0.0000000000
18077  5.006  -48.921  31.240 0.0000000000
17594  5.113  -49.487  30.122 0.0000000000
17083  5.214  -50.211  29.248 0.0000000000
17599  5.207  -48.980  28.841 0.0000000000
19127  5.317  -46.489  28.921 0.0000000000
18608  5.258  -47.375  28.629 0.0000000000
19133  5.352  -46.619  28.070 0.0000000000
19136  5.406  -46.814  27.406 0.0000000000
19661  5.423  -45.589  28.248 0.0000000000
20264  5.486  -44.173  27.802 0.0000000000
20856  5.377  -43.050  27.089 0.0000000000
4121  16.748  -75.383  24.880 0.0000000000
4120  17.850  -75.383  24.419 0.0000000000
4135  17.171  -75.753  23.725 0.0000000000
3700  16.601  -76.485  21.982 0.0000000000
3662  12.591  -75.842  25.637 0.0000000000
3661  13.281  -75.754  25.530 0.0000000000
3680  13.005  -76.184  24.060 0.0000000000
2847  13.830  -76.913  20.513 0.0000000000
3722  13.948  -76.553  21.690 0.0000000000
2846  14.732  -77.172  20.320 0.0000000000
2845  15.617  -77.360  20.082 0.0000000000
2857  14.990  -77.553  19.510 0.0000000000
2879  15.849  -78.206  18.284 0.0000000000
2880  15.059  -78.132  18.189 0.0000000000
2506  12.691  -79.339  16.613 0.0000000000
5765  9.159  -72.083  25.651 0.0000000000
4952  9.279  -73.019  25.659 0.0000000000
4958  9.049  -73.305  25.294 0.0000000000
4168  8.565  -75.180  22.041 0.0000000000
4581  8.556  -75.027  23.490 0.0000000000
3708  9.046  -75.622  22.351 0.0000000000
3724  9.318  -75.870  21.619 0.0000000000
3736  9.225  -75.975  20.622 0.0000000000
3765  8.467  -76.568  16.715 0.0000000000
4186  8.718  -75.843  17.948 0.0000000000
2919  9.249  -79.193  15.490 0.0000000000
3319  9.246  -78.001  16.611 0.0000000000
3309  9.605  -78.099  16.966 0.0000000000
2883  10.035  -78.120  17.543 0.0000000000
2502  10.115  -78.767  16.599 0.0000000000
2500  10.880  -78.992  16.840 0.0000000000
2509  10.224  -79.517  15.747 0.0000000000
12515  5.801  -59.120  24.841 0.0000000000
11926  5.896  -60.208  24.367 0.0000000000
10942  6.295  -62.502  21.247 0.0000000000
10938  6.208  -62.368  22.101 0.0000000000
10486  6.433  -63.546  20.847 0.0000000000
10008  6.537  -64.548  21.471 0.0000000000
10012  6.613  -64.620  20.338 0.0000000000
10914  5.962  -62.079  27.491 0.0000000000
10463  6.101  -62.942  27.075 0.0000000000
10919  6.032  -62.207  26.101 0.0000000000
10922  6.136  -62.687  24.989 0.0000000000
18097  5.567  -48.131  26.339 0.0000000000
17611  5.836  -49.342  24.863 0.0000000000
18100  5.876  -48.322  25.266 0.0000000000
18629  6.479  -47.479  23.610 0.0000000000
4914  10.743  -72.478  28.110 0.0000000000
4500  11.027  -73.648  27.296 0.0000000000
4927  10.575  -73.002  27.396 0.0000000000
4515  10.367  -73.849  26.575 0.0000000000
4530  9.807  -74.200  25.685 0.0000000000
7570  8.596  -67.959  28.872 0.0000000000
7139  8.527  -68.884  27.554 0.0000000000
7577  8.319  -68.131  28.010 0.0000000000
7581  8.098  -68.348  27.163 0.0000000000
7588  7.891  -69.053  25.554 0.0000000000
8989  6.941  -66.508  23.539 0.0000000000
8483  7.248  -67.436  23.971 0.0000000000
8028  7.810  -68.371  22.146 0.0000000000
7171  8.003  -70.452  20.749 0.0000000000
6737  8.002  -71.125  19.240 0.0000000000
7174  7.869  -70.344  19.840 0.0000000000
7178  7.744  -70.255  18.780 0.0000000000
7182  7.589  -70.241  17.672 0.0000000000
14530  5.511  -54.778  27.240 0.0000000000
14054  5.572  -55.893  26.060 0.0000000000
14533  5.534  -54.937  26.438 0.0000000000
14535  5.559  -55.051  25.441 0.0000000000
14539  5.592  -55.135  24.405 0.0000000000
16058  5.718  -52.168  21.748 0.0000000000
15540  5.616  -53.171  22.177 0.0000000000
15021  5.635  -54.091  20.513 0.0000000000
19685  5.716  -45.343  21.689 0.0000000000
19688  5.548  -45.391  20.778 0.0000000000
5282  11.598  -69.993  30.255 0.0000000000
6155  11.083  -68.997  31.560 0.0000000000
5694  10.944  -69.061  32.369 0.0000000000
6157  10.323  -69.476  32.385 0.0000000000
7527  8.905  -67.272  35.653 0.0000000000
7535  8.888  -67.406  34.835 0.0000000000
7547  7.899  -67.690  34.040 0.0000000000
7555  6.788  -68.971  32.868 0.0000000000
7973  7.281  -67.289  34.011 0.0000000000
8423  7.758  -66.653  33.665 0.0000000000
8927  7.976  -65.708  33.609 0.0000000000
11337  6.805  -61.724  36.739 0.0000000000
10871  6.597  -62.555  35.579 0.0000000000
10878  6.523  -62.379  34.985 0.0000000000
11355  6.231  -61.434  33.637 0.0000000000
10893  6.071  -62.242  31.774 0.0000000000
11894  6.141  -60.452  33.284 0.0000000000
11899  5.866  -60.167  32.209 0.0000000000
12487  5.878  -59.172  32.452 0.0000000000
17039  5.103  -50.269  36.995 0.0000000000
15978  5.246  -51.725  37.537 0.0000000000
16513  5.210  -51.254  36.656 0.0000000000
16006  5.327  -52.509  35.400 0.0000000000
15502  5.580  -53.654  34.294 0.0000000000
15501  5.759  -54.266  33.460 0.0000000000
16016  5.578  -53.399  32.665 0.0000000000
16021  5.555  -53.296  31.721 0.0000000000
16026  5.507  -53.244  30.823 0.0000000000
16027  5.398  -52.586  31.317 0.0000000000
16028  5.275  -51.885  31.618 0.0000000000
16543  5.201  -51.220  31.031 0.0000000000
18589  4.907  -46.938  33.269 0.0000000000
18591  4.982  -47.273  31.976 0.0000000000
18595  5.057  -47.096  31.218 0.0000000000
18599  5.115  -47.243  30.378 0.0000000000
19123  5.244  -46.311  29.862 0.0000000000
19648  5.376  -45.622  29.660 0.0000000000
4526  17.618  -74.362  26.308 0.0000000000
4527  16.474  -74.452  26.328 0.0000000000
4102  15.850  -74.767  26.070 0.0000000000
3668  15.083  -75.771  24.718 0.0000000000
3692  11.753  -75.993  23.468 0.0000000000
3691  12.464  -76.134  23.193 0.0000000000
3246  12.363  -76.041  22.302 0.0000000000
2842  12.662  -76.110  21.032 0.0000000000
2477  13.394  -77.360  19.412 0.0000000000
2488  13.892  -77.961  18.338 0.0000000000
2484  12.675  -77.785  18.718 0.0000000000
2490  12.430  -78.291  17.968 0.0000000000
2507  12.172  -79.350  16.634 0.0000000000
5373  8.375  -73.530  23.270 0.0000000000
5369  8.374  -73.834  24.056 0.0000000000
4977  8.053  -74.270  22.946 0.0000000000
4589  8.159  -74.581  22.310 0.0000000000
3738  8.883  -75.413  20.760 0.0000000000
12526  5.948  -59.127  22.605 0.0000000000
11931  5.968  -60.258  23.175 0.0000000000
11938  6.060  -59.974  22.091 0.0000000000
11417  6.348  -61.597  20.600 0.0000000000
9981  6.598  -64.901  28.552 0.0000000000
8974  7.066  -66.016  27.541 0.0000000000
9484  6.770  -65.418  27.185 0.0000000000
9487  6.724  -65.457  26.228 0.0000000000
9490  6.685  -65.513  25.207 0.0000000000
9990  6.479  -64.577  25.768 0.0000000000
8993  6.998  -66.513  22.463 0.0000000000
8997  7.022  -66.524  21.398 0.0000000000
16562  5.377  -50.855  27.127 0.0000000000
16046  5.490  -52.147  25.801 0.0000000000
16564  5.447  -51.098  26.190 0.0000000000
16566  5.548  -51.242  25.125 0.0000000000
16572  5.765  -51.422  23.154 0.0000000000
17097  5.893  -50.490  23.482 0.0000000000
16576  5.854  -51.382  22.268 0.0000000000
16579  5.965  -51.245  21.394 0.0000000000
16582  6.038  -51.181  20.501 0.0000000000
17110  6.453  -50.269  20.002 0.0000000000
10399  6.688  -63.189  37.342 0.0000000000
10857  6.895  -62.115  38.563 0.0000000000
11333  6.875  -61.712  37.528 0.0000000000
11868  7.158  -61.055  37.314 0.0000000000
12463  7.476  -60.182  36.425 0.0000000000
12470  7.801  -59.563  36.507 0.0000000000
17554  5.037  -49.662  36.505 0.0000000000
17560  5.005  -49.436  35.946 0.0000000000
17566  4.990  -49.464  35.237 0.0000000000
17577  4.943  -49.337  34.219 0.0000000000
18059  4.852  -48.512  34.149 0.0000000000
18586  4.821  -47.186  34.188 0.0000000000
19105  4.808  -46.578  34.817 0.0000000000
19109  4.916  -46.273  33.839 0.0000000000
19114  5.089  -45.551  33.590 0.0000000000
19638  5.381  -44.545  33.356 0.0000000000
4487  12.950  -73.606  27.926 0.0000000000
4086  13.253  -74.339  27.305 0.0000000000
4088  12.318  -74.577  27.283 0.0000000000
4096  11.883  -75.088  26.905 0.0000000000
3664  11.469  -75.741  25.867 0.0000000000
4099  10.776  -74.478  26.777 0.0000000000
3665  11.030  -75.536  25.973 0.0000000000
3673  11.546  -75.890  25.129 0.0000000000
3693  11.184  -75.866  23.617 0.0000000000
3257  10.584  -75.981  22.323 0.0000000000
3272  10.170  -76.416  20.915 0.0000000000
5391  7.936  -73.730  20.489 0.0000000000
4990  8.871  -74.173  19.860 0.0000000000
4993  8.903  -74.384  18.595 0.0000000000
4190  8.268  -75.943  16.737 0.0000000000
19675  6.234  -45.526  24.588 0.0000000000
20281  6.213  -44.645  24.026 0.0000000000
5745  9.734  -70.451  29.083 0.0000000000
5753  9.914  -71.026  28.067 0.0000000000
6206  9.500  -70.124  28.573 0.0000000000
5761  9.657  -71.402  26.658 0.0000000000
6705  8.523  -69.689  26.553 0.0000000000
6710  8.751  -70.619  25.915 0.0000000000
5769  8.895  -72.509  24.672 0.0000000000
5772  8.761  -72.885  23.697 0.0000000000
5776  8.184  -73.110  22.795 0.0000000000
5783  6.707  -73.683  21.771 0.0000000000
8016  7.581  -68.243  25.586 0.0000000000
7591  7.937  -69.131  24.763 0.0000000000
8022  7.791  -68.362  23.255 0.0000000000
7594  8.292  -69.342  23.614 0.0000000000
7159  8.735  -70.262  23.437 0.0000000000
6720  8.877  -71.099  22.793 0.0000000000
6243  6.544  -72.754  22.197 0.0000000000
5787  6.970  -73.718  20.829 0.0000000000
5792  7.422  -73.057  20.251 0.0000000000
5797  8.646  -72.968  19.322 0.0000000000
5807  8.277  -73.396  17.292 0.0000000000
6263  8.300  -71.847  18.416 0.0000000000
13044  5.631  -57.955  27.920 0.0000000000
13055  5.767  -58.121  24.185 0.0000000000
13575  5.632  -56.915  25.706 0.0000000000
13059  5.848  -58.149  23.082 0.0000000000
13065  5.987  -58.115  22.006 0.0000000000
15012  5.579  -54.197  23.804 0.0000000000
14544  5.699  -55.166  22.267 0.0000000000
14070  5.845  -56.146  21.812 0.0000000000
19152  6.501  -46.487  22.860 0.0000000000
18632  6.607  -47.476  22.592 0.0000000000
19155  5.432  -46.448  21.600 0.0000000000
18635  6.880  -47.248  21.694 0.0000000000
18112  6.991  -48.276  21.125 0.0000000000
17625  6.830  -49.316  20.537 0.0000000000
4906  15.375  -72.537  28.474 0.0000000000
4907  14.448  -72.731  28.367 0.0000000000
5307  14.955  -71.324  29.788 0.0000000000
4898  14.066  -72.403  28.850 0.0000000000
4908  13.622  -73.085  28.229 0.0000000000
4900  12.704  -72.457  28.834 0.0000000000
4901  12.169  -72.298  28.840 0.0000000000
4902  11.637  -72.113  28.910 0.0000000000
4885  11.463  -71.064  30.056 0.0000000000
4893  11.233  -71.433  29.812 0.0000000000
4903  11.074  -71.979  29.067 0.0000000000
5320  10.537  -71.631  29.904 0.0000000000
5321  9.877  -72.036  30.140 0.0000000000
5737  9.113  -71.900  31.957 0.0000000000
6649  9.972  -69.211  32.796 0.0000000000
7088  9.414  -68.288  33.881 0.0000000000
7100  9.492  -68.733  33.120 0.0000000000
6660  9.642  -69.541  31.963 0.0000000000
6668  9.645  -69.892  31.405 0.0000000000
6190  9.294  -70.780  30.967 0.0000000000
6198  9.408  -70.109  29.817 0.0000000000
6199  9.526  -69.751  29.783 0.0000000000
6687  9.270  -68.916  30.106 0.0000000000
7566  8.868  -67.909  30.474 0.0000000000
7559  7.266  -68.742  31.598 0.0000000000
7562  8.029  -67.969  31.275 0.0000000000
8000  8.705  -67.582  29.933 0.0000000000
8465  8.363  -67.123  30.334 0.0000000000
8464  8.054  -66.707  29.801 0.0000000000
9472  7.218  -65.365  30.113 0.0000000000
8911  7.899  -64.902  35.770 0.0000000000
8917  8.136  -65.060  34.669 0.0000000000
9455  7.554  -64.866  33.393 0.0000000000
10417  6.696  -63.137  34.456 0.0000000000
9946  7.137  -63.929  33.958 0.0000000000
9461  7.365  -65.054  32.658 0.0000000000
9460  7.348  -64.945  31.925 0.0000000000
9467  7.150  -64.908  31.104 0.0000000000
9976  6.597  -64.725  29.378 0.0000000000
10449  6.285  -63.858  29.698 0.0000000000
10455  6.070  -63.020  29.130 0.0000000000
10899  5.972  -62.130  30.742 0.0000000000
10905  5.929  -62.095  29.696 0.0000000000
10911  5.928  -62.081  28.617 0.0000000000
11375  5.812  -61.134  29.230 0.0000000000
11910  5.739  -60.133  28.777 0.0000000000
12503  5.690  -59.082  28.342 0.0000000000
13528  8.232  -57.841  37.268 0.0000000000
13533  7.887  -57.773  35.994 0.0000000000
15464  5.504  -53.864  38.756 0.0000000000
15986  5.284  -52.344  37.007 0.0000000000
15469  5.496  -53.931  37.758 0.0000000000
14951  6.229  -54.851  37.649 0.0000000000
14005  7.732  -56.594  35.563 0.0000000000
13538  7.199  -57.737  34.821 0.0000000000
13542  6.475  -57.738  33.796 0.0000000000
13546  6.045  -57.661  32.823 0.0000000000
13028  5.830  -58.424  32.173 0.0000000000
14501  6.022  -56.018  32.372 0.0000000000
14024  5.821  -56.687  31.639 0.0000000000
13032  5.688  -58.367  31.207 0.0000000000
13036  5.613  -58.267  30.180 0.0000000000
13039  5.600  -58.109  29.092 0.0000000000
14046  5.526  -55.937  28.226 0.0000000000
14527  5.505  -55.020  27.981 0.0000000000
15512  5.541  -53.870  30.196 0.0000000000
14998  5.482  -54.326  28.654 0.0000000000
15001  5.480  -54.131  27.778 0.0000000000
15524  5.457  -53.178  27.478 0.0000000000
17063  5.027  -50.194  33.001 0.0000000000
17066  5.069  -50.445  32.334 0.0000000000
17072  5.129  -50.504  30.796 0.0000000000
18072  4.957  -48.444  31.854 0.0000000000
17590  5.065  -49.989  31.135 0.0000000000
17077  5.150  -50.417  30.286 0.0000000000
16552  5.236  -50.832  29.494 0.0000000000
16558  5.321  -51.043  28.286 0.0000000000
17086  5.319  -50.034  27.563 0.0000000000
17605  5.391  -49.142  26.933 0.0000000000
18090  5.253  -48.222  28.290 0.0000000000
18094  5.356  -48.249  27.378 0.0000000000
18615  5.469  -47.416  27.005 0.0000000000
19139  5.519  -46.605  26.764 0.0000000000
19669  5.549  -45.729  26.469 0.0000000000
20239  6.310  -42.732  31.430 0.0000000000
20245  6.129  -43.303  30.314 0.0000000000
20250  5.749  -44.284  29.694 0.0000000000
19655  5.505  -45.036  29.385 0.0000000000
20251  6.008  -43.063  29.079 0.0000000000
19662  5.493  -44.947  28.699 0.0000000000
20263  5.423  -45.178  27.626 0.0000000000
20270  5.426  -44.964  27.020 0.0000000000
20274  5.495  -44.761  26.093 0.0000000000
20275  5.359  -43.834  25.761 0.0000000000
4542  18.118  -74.755  25.642 0.0000000000
4572  18.771  -75.322  24.197 0.0000000000
4104  13.926  -75.243  26.106 0.0000000000
3669  14.254  -75.917  24.736 0.0000000000
3678  14.641  -76.117  23.975 0.0000000000
3690  13.298  -76.265  23.191 0.0000000000
3689  14.149  -76.361  23.152 0.0000000000
3701  15.486  -76.475  22.375 0.0000000000
3250  16.191  -76.886  21.221 0.0000000000
3264  16.473  -77.194  20.447 0.0000000000
2495  14.454  -78.514  17.396 0.0000000000
5353  9.876  -72.476  26.432 0.0000000000
4531  9.642  -73.675  25.780 0.0000000000
4544  9.385  -74.547  25.061 0.0000000000
4575  8.439  -74.610  23.832 0.0000000000
4574  8.809  -74.890  24.142 0.0000000000
4124  9.353  -75.078  24.442 0.0000000000
3696  9.642  -75.575  23.406 0.0000000000
3723  9.751  -76.049  21.762 0.0000000000
2852  10.136  -76.909  19.834 0.0000000000
4597  8.901  -74.771  20.140 0.0000000000
3748  8.958  -75.672  19.965 0.0000000000
3747  8.966  -75.907  19.696 0.0000000000
3320  9.049  -77.600  16.772 0.0000000000
3301  9.114  -76.808  18.363 0.0000000000
3746  9.337  -76.580  19.441 0.0000000000
3745  9.650  -76.855  19.579 0.0000000000
2863  9.927  -77.407  19.184 0.0000000000
2872  10.340  -77.559  18.695 0.0000000000
2492  11.075  -78.436  17.653 0.0000000000
2150  11.235  -79.353  16.470 0.0000000000
11923  5.854  -60.130  25.475 0.0000000000
11390  5.971  -61.354  25.064 0.0000000000
10927  6.177  -62.757  23.894 0.0000000000
11400  6.048  -61.206  23.121 0.0000000000
10931  6.198  -62.642  22.907 0.0000000000
10474  6.310  -63.606  23.255 0.0000000000
10003  6.486  -64.549  22.605 0.0000000000
9506  6.769  -65.579  20.917 0.0000000000
9000  7.019  -66.547  20.361 0.0000000000
9514  6.862  -65.789  19.035 0.0000000000
9004  7.013  -66.558  19.385 0.0000000000
8502  7.241  -67.469  19.753 0.0000000000
8043  7.277  -68.293  18.002 0.0000000000
11885  6.910  -60.409  34.991 0.0000000000
16528  5.140  -51.045  34.291 0.0000000000
19645  5.892  -44.024  31.426 0.0000000000
4924  14.043  -73.273  27.890 0.0000000000
4513  13.609  -74.256  27.256 0.0000000000
2850  11.280  -76.606  20.075 0.0000000000
2476  10.996  -77.015  19.562 0.0000000000
2480  11.426  -77.224  19.304 0.0000000000
4491  11.361  -73.227  27.742 0.0000000000
4114  10.151  -75.065  25.441 0.0000000000
4123  9.742  -75.243  24.498 0.0000000000
5001  7.855  -74.752  16.443 0.0000000000
20866  5.469  -43.192  24.506 0.0000000000
7134  8.861  -68.760  28.619 0.0000000000
6227  8.965  -71.350  24.051 0.0000000000
6717  8.858  -70.764  23.774 0.0000000000
6730  7.300  -71.280  21.134 0.0000000000
5703  12.365  -69.507  31.194 0.0000000000
5280  13.124  -70.668  30.846 0.0000000000
5294  12.771  -71.004  30.170 0.0000000000
4883  12.613  -71.340  29.651 0.0000000000
5298  10.694  -70.585  31.104 0.0000000000
5719  10.402  -70.494  31.311 0.0000000000
5727  10.240  -70.666  31.165 0.0000000000
6169  10.027  -70.019  31.820 0.0000000000
6662  8.849  -68.439  32.056 0.0000000000
6671  8.611  -68.265  31.843 0.0000000000
10402  6.661  -63.174  36.467 0.0000000000
9934  7.009  -63.782  35.861 0.0000000000
14942  5.947  -54.305  39.569 0.0000000000
14490  6.425  -56.081  33.959 0.0000000000
14986  5.777  -54.878  31.306 0.0000000000
14514  5.557  -55.364  29.689 0.0000000000
18062  4.833  -47.855  33.694 0.0000000000
17588  5.062  -48.812  30.485 0.0000000000
17593  5.133  -48.855  29.675 0.0000000000
18086  5.178  -48.137  29.165 0.0000000000
4136  16.284  -75.772  24.077 0.0000000000
3686  17.115  -76.045  22.813 0.0000000000
3671  12.785  -76.065  24.898 0.0000000000
3681  12.274  -76.131  24.180 0.0000000000
2869  15.390  -77.892  18.860 0.0000000000
2870  14.441  -77.801  18.771 0.0000000000
3725  8.920  -75.535  21.719 0.0000000000
4167  8.696  -75.356  22.196 0.0000000000
2905  9.483  -78.762  16.060 0.0000000000
2510  9.957  -79.018  16.139 0.0000000000
2894  9.915  -78.540  16.706 0.0000000000
10923  6.043  -62.075  25.273 0.0000000000
18618  5.634  -47.204  26.341 0.0000000000
4942  10.351  -73.198  26.850 0.0000000000
4516  10.067  -73.601  26.277 0.0000000000
7999  8.341  -67.268  29.340 0.0000000000
7585  7.912  -68.655  26.286 0.0000000000
8488  7.349  -67.445  22.878 0.0000000000
15545  5.597  -53.098  19.836 0.0000000000
20292  6.480  -45.107  21.241 0.0000000000
5693  11.273  -68.831  30.878 0.0000000000
5695  10.703  -69.295  32.261 0.0000000000
6146  10.538  -68.925  32.861 0.0000000000
7521  8.925  -66.971  36.521 0.0000000000
7536  8.587  -67.249  34.291 0.0000000000
7548  7.336  -68.321  34.124 0.0000000000
7537  7.768  -67.155  34.248 0.0000000000
7964  8.157  -66.914  33.900 0.0000000000
11342  6.705  -61.738  35.794 0.0000000000
11361  6.030  -61.345  32.534 0.0000000000
13025  6.101  -58.538  33.100 0.0000000000
15992  5.261  -51.957  35.221 0.0000000000
15490  5.427  -53.207  35.107 0.0000000000
18592  5.018  -46.715  32.386 0.0000000000
4941  16.221  -73.309  27.482 0.0000000000
4510  15.985  -73.656  27.112 0.0000000000
4528  15.533  -74.387  26.540 0.0000000000
4111  15.635  -75.297  25.430 0.0000000000
4112  14.624  -75.499  25.467 0.0000000000
3248  11.230  -75.871  22.829 0.0000000000
3247  11.825  -75.962  22.542 0.0000000000
2861  11.882  -76.828  19.817 0.0000000000
2849  12.102  -76.137  20.571 0.0000000000
2860  12.539  -76.864  19.907 0.0000000000
2859  13.259  -77.069  19.887 0.0000000000
2478  12.903  -77.377  19.369 0.0000000000
2498  12.160  -78.912  17.164 0.0000000000
5374  8.310  -73.866  23.652 0.0000000000
5379  8.118  -73.928  23.051 0.0000000000
4982  8.019  -74.339  22.507 0.0000000000
4588  8.395  -74.772  21.879 0.0000000000
4174  8.700  -75.114  21.292 0.0000000000
11418  6.277  -60.720  20.892 0.0000000000
9481  6.840  -65.457  28.061 0.0000000000
9993  6.467  -64.605  24.749 0.0000000000
16569  5.656  -51.348  24.100 0.0000000000
10395  6.721  -63.041  38.453 0.0000000000
11861  7.349  -60.890  38.569 0.0000000000
11326  7.179  -61.468  38.955 0.0000000000
11329  7.028  -61.616  38.243 0.0000000000
10860  6.752  -62.347  37.864 0.0000000000
12457  7.743  -59.766  37.689 0.0000000000
12458  7.472  -60.347  37.163 0.0000000000
12462  7.765  -59.702  37.052 0.0000000000
13014  7.899  -59.281  36.930 0.0000000000
17553  5.030  -49.371  37.246 0.0000000000
17576  4.892  -48.702  34.854 0.0000000000
18058  4.822  -47.969  34.528 0.0000000000
19637  5.434  -44.823  32.644 0.0000000000
4488  12.531  -73.534  27.959 0.0000000000
4496  12.707  -74.046  27.649 0.0000000000
4497  12.180  -74.036  27.610 0.0000000000
3657  11.936  -75.525  26.372 0.0000000000
3658  11.432  -75.438  26.480 0.0000000000
4514  10.653  -74.030  26.882 0.0000000000
3676  10.426  -75.274  25.559 0.0000000000
3666  10.683  -75.256  26.092 0.0000000000
3675  10.668  -75.469  25.421 0.0000000000
3674  11.058  -75.696  25.257 0.0000000000
3683  11.106  -75.778  24.417 0.0000000000
3705  10.381  -75.847  22.880 0.0000000000
3694  10.597  -75.735  23.466 0.0000000000
3258  10.108  -76.063  21.960 0.0000000000
5395  8.737  -73.519  19.641 0.0000000000
4605  8.583  -75.198  17.672 0.0000000000
20869  6.203  -43.686  23.490 0.0000000000
6214  9.429  -70.551  27.378 0.0000000000
6219  9.161  -71.051  26.268 0.0000000000
6700  8.793  -69.516  27.349 0.0000000000
6223  8.776  -71.012  24.963 0.0000000000
6224  8.944  -71.538  25.289 0.0000000000
5779  7.185  -73.342  22.597 0.0000000000
6725  7.979  -71.443  21.910 0.0000000000
6250  6.300  -73.008  20.929 0.0000000000
5802  8.606  -73.201  17.984 0.0000000000
13069  6.205  -58.054  20.952 0.0000000000
19687  4.738  -45.959  20.555 0.0000000000
19684  5.260  -45.894  21.216 0.0000000000
19158  5.251  -46.414  20.812 0.0000000000
19159  5.968  -46.830  21.136 0.0000000000
17627  6.885  -49.259  19.501 0.0000000000
17113  6.447  -50.246  18.999 0.0000000000
5717  14.395  -70.510  30.668 0.0000000000
4889  13.720  -71.938  29.289 0.0000000000
4888  14.500  -71.858  29.348 0.0000000000
4899  13.332  -72.509  28.822 0.0000000000
4909  12.949  -73.092  28.323 0.0000000000
4911  11.955  -72.806  28.315 0.0000000000
5296  11.473  -70.557  30.187 0.0000000000
4886  11.188  -71.036  30.286 0.0000000000
5330  10.780  -72.138  28.817 0.0000000000
5736  10.062  -71.667  31.004 0.0000000000
5311  9.833  -72.338  31.732 0.0000000000
5322  9.867  -71.887  31.130 0.0000000000
5729  8.425  -71.887  31.431 0.0000000000
6638  10.029  -68.785  33.372 0.0000000000
6639  9.752  -68.791  33.341 0.0000000000
7082  8.762  -67.320  35.841 0.0000000000
7081  9.392  -67.883  34.946 0.0000000000
6651  9.404  -68.992  32.630 0.0000000000
6650  9.758  -69.303  32.599 0.0000000000
6191  9.361  -69.485  30.300 0.0000000000
7123  9.011  -68.245  30.831 0.0000000000
7128  9.105  -68.523  29.788 0.0000000000
7989  7.378  -67.846  31.333 0.0000000000
7994  8.370  -67.565  30.968 0.0000000000
8959  8.138  -66.638  30.990 0.0000000000
8958  7.875  -66.215  30.501 0.0000000000
8966  7.571  -66.106  29.386 0.0000000000
10410  6.697  -62.994  35.151 0.0000000000
9952  7.052  -64.164  33.089 0.0000000000
9964  6.662  -64.263  31.013 0.0000000000
15470  5.348  -53.205  36.854 0.0000000000
14020  6.005  -56.842  32.538 0.0000000000
13549  5.804  -57.564  31.879 0.0000000000
15516  5.463  -53.666  29.348 0.0000000000
17069  5.108  -50.550  31.526 0.0000000000
17589  5.054  -49.456  30.812 0.0000000000
17595  5.107  -50.005  30.503 0.0000000000
16553  5.184  -50.565  29.983 0.0000000000
16559  5.254  -50.507  28.904 0.0000000000
20256  5.625  -44.142  28.834 0.0000000000
20859  5.189  -42.814  26.189 0.0000000000
4558  17.674  -75.096  25.119 0.0000000000
3719  17.612  -76.606  21.310 0.0000000000
3263  17.444  -77.101  20.599 0.0000000000
4094  13.436  -74.643  26.970 0.0000000000
3670  13.498  -76.010  24.784 0.0000000000
4113  13.911  -75.720  25.349 0.0000000000
3704  12.876  -76.193  22.515 0.0000000000
3266  14.526  -76.753  21.393 0.0000000000
3702  14.558  -76.513  22.305 0.0000000000
3688  15.079  -76.281  23.167 0.0000000000
3251  15.546  -76.765  21.650 0.0000000000
2844  16.227  -77.522  19.877 0.0000000000
3280  16.729  -77.536  19.879 0.0000000000
2854  17.174  -77.744  19.571 0.0000000000
2867  17.016  -78.023  19.021 0.0000000000
2489  13.219  -78.128  18.134 0.0000000000
2496  13.944  -78.456  17.550 0.0000000000
5343  9.945  -71.800  26.929 0.0000000000
4957  9.110  -73.794  25.231 0.0000000000
4951  9.496  -73.162  25.824 0.0000000000
4545  9.282  -74.210  25.207 0.0000000000
4562  8.171  -74.249  23.675 0.0000000000
4561  8.294  -74.258  23.861 0.0000000000
4139  8.762  -75.170  23.547 0.0000000000
4573  9.101  -75.063  24.243 0.0000000000
4138  9.186  -75.328  23.668 0.0000000000
3707  9.400  -75.721  22.662 0.0000000000
3281  9.956  -77.065  19.938 0.0000000000
3755  8.946  -76.171  18.744 0.0000000000
4182  8.920  -75.465  19.363 0.0000000000
3302  9.024  -76.568  18.497 0.0000000000
2908  8.799  -77.731  16.273 0.0000000000
2907  8.909  -78.063  16.129 0.0000000000
3310  9.345  -77.570  17.405 0.0000000000
3300  9.326  -77.079  18.386 0.0000000000
3753  9.211  -76.758  18.790 0.0000000000
3291  9.545  -77.080  18.924 0.0000000000
2873  10.002  -77.663  18.459 0.0000000000
2487  10.715  -77.935  18.214 0.0000000000
2151  10.920  -79.352  16.356 0.0000000000
2154  11.488  -79.775  15.991 0.0000000000
11394  6.064  -61.992  24.384 0.0000000000
11409  6.090  -60.890  22.386 0.0000000000
11408  6.121  -61.762  22.611 0.0000000000
9008  6.982  -66.465  18.468 0.0000000000
7953  8.884  -66.562  36.385 0.0000000000
7959  8.954  -66.558  35.525 0.0000000000
8412  8.512  -65.454  35.064 0.0000000000
16518  5.227  -51.671  34.698 0.0000000000
16538  5.245  -51.708  32.573 0.0000000000
19121  5.261  -46.102  31.015 0.0000000000
4493  15.280  -73.364  27.302 0.0000000000
4511  14.899  -74.186  26.857 0.0000000000
4092  14.707  -74.555  26.632 0.0000000000
4093  14.303  -74.618  26.680 0.0000000000
3270  11.497  -76.052  20.976 0.0000000000
4976  7.869  -73.994  22.537 0.0000000000
12452  7.783  -59.684  38.301 0.0000000000
13004  7.882  -59.413  38.003 0.0000000000
18040  4.972  -48.455  36.911 0.0000000000
4498  11.749  -73.959  27.543 0.0000000000
4090  11.400  -74.447  27.204 0.0000000000
4108  10.469  -74.877  26.169 0.0000000000
20279  5.431  -43.790  25.243 0.0000000000
20862  5.513  -43.687  24.881 0.0000000000
6729  6.529  -71.649  21.124 0.0000000000
6254  6.364  -71.866  20.968 0.0000000000
5791  7.227  -72.601  20.180 0.0000000000
6255  6.840  -72.272  20.305 0.0000000000
6267  7.937  -71.904  17.253 0.0000000000
19151  5.690  -46.315  22.337 0.0000000000
19162  5.807  -46.626  20.189 0.0000000000
5279  14.118  -70.537  30.550 0.0000000000
5292  14.536  -70.711  30.165 0.0000000000
4884  12.010  -71.128  29.694 0.0000000000
5284  11.015  -69.823  31.265 0.0000000000
5297  11.004  -70.532  30.857 0.0000000000
5743  10.110  -70.937  30.765 0.0000000000
7090  8.777  -67.624  34.299 0.0000000000
6670  9.125  -68.743  31.626 0.0000000000
9432  7.338  -64.312  36.050 0.0000000000
9938  7.079  -63.688  34.974 0.0000000000
10428  6.627  -63.830  31.992 0.0000000000
15977  5.240  -52.376  37.984 0.0000000000
14028  5.658  -56.497  30.706 0.0000000000
14993  5.525  -54.521  29.519 0.0000000000
16035  5.393  -52.776  29.230 0.0000000000
18073  4.977  -49.231  31.890 0.0000000000
17075  5.179  -49.608  29.390 0.0000000000
20852  5.507  -43.249  27.581 0.0000000000
4151  17.799  -75.865  23.033 0.0000000000
4106  12.404  -75.592  26.193 0.0000000000
3267  13.580  -76.522  21.312 0.0000000000
3703  13.594  -76.396  22.157 0.0000000000
3265  15.505  -77.019  20.854 0.0000000000
2856  15.822  -77.682  19.458 0.0000000000
2868  16.212  -77.984  18.917 0.0000000000
2892  14.807  -78.406  17.558 0.0000000000
2505  13.575  -79.110  16.747 0.0000000000
5360  9.198  -72.756  25.610 0.0000000000
4154  8.296  -75.007  22.609 0.0000000000
4582  8.328  -75.016  23.045 0.0000000000
4153  8.696  -75.306  22.774 0.0000000000
3760  8.782  -76.502  17.603 0.0000000000
2920  9.032  -78.895  15.564 0.0000000000
2906  9.127  -78.432  16.059 0.0000000000
3318  9.372  -78.315  16.414 0.0000000000
2494  10.186  -78.577  16.982 0.0000000000
2493  10.499  -78.450  17.434 0.0000000000
2501  10.362  -78.957  16.567 0.0000000000
2508  10.647  -79.360  16.191 0.0000000000
2156  10.558  -79.669  15.730 0.0000000000
4926  10.855  -73.067  27.571 0.0000000000
4501  10.691  -73.554  27.157 0.0000000000
7133  8.573  -68.434  28.258 0.0000000000
6746  7.608  -71.146  16.982 0.0000000000
19692  5.784  -45.832  19.819 0.0000000000
5704  11.722  -69.308  30.327 0.0000000000
5705  11.196  -69.431  30.907 0.0000000000
6156  11.109  -68.977  31.881 0.0000000000
5706  11.039  -69.286  31.708 0.0000000000
5707  10.759  -69.789  31.759 0.0000000000
7103  7.728  -68.824  33.202 0.0000000000
8434  7.043  -66.665  33.543 0.0000000000
15993  5.285  -52.080  35.973 0.0000000000
15478  5.330  -52.641  35.855 0.0000000000
15491  5.367  -52.860  35.587 0.0000000000
15509  5.649  -54.015  31.082 0.0000000000
18066  4.944  -47.609  32.125 0.0000000000
4101  16.219  -74.739  26.073 0.0000000000
4110  16.348  -74.953  25.775 0.0000000000
4122  15.849  -75.655  24.627 0.0000000000
3677  15.511  -75.956  23.962 0.0000000000
3682  11.643  -75.990  24.327 0.0000000000
3254  12.750  -76.124  21.696 0.0000000000
3255  11.975  -75.971  21.518 0.0000000000
2843  12.352  -76.025  21.196 0.0000000000
3268  13.030  -76.298  21.244 0.0000000000
2848  12.998  -76.513  20.610 0.0000000000
2871  13.948  -77.635  18.983 0.0000000000
2483  13.479  -77.654  18.894 0.0000000000
2153  12.124  -79.756  16.125 0.0000000000
5368  8.596  -73.413  24.107 0.0000000000
4971  8.146  -74.157  23.452 0.0000000000
4583  8.101  -74.708  22.740 0.0000000000
4169  8.228  -74.878  22.382 0.0000000000
2163  9.926  -80.038  15.030 0.0000000000
11414  6.156  -60.601  21.640 0.0000000000
10945  6.446  -62.556  20.192 0.0000000000
9477  7.006  -65.452  28.969 0.0000000000
16584  6.031  -51.194  19.541 0.0000000000
9927  6.993  -64.142  37.593 0.0000000000
10863  6.519  -62.419  37.039 0.0000000000
10853  6.885  -62.115  39.274 0.0000000000
11872  7.112  -60.964  36.521 0.0000000000
17038  5.104  -50.150  37.830 0.0000000000
19098  4.821  -46.485  35.514 0.0000000000
4486  13.220  -73.418  28.027 0.0000000000
4495  13.459  -73.872  27.598 0.0000000000
4087  12.932  -74.451  27.290 0.0000000000
4095  12.547  -75.091  26.795 0.0000000000
3663  11.993  -75.846  25.741 0.0000000000
4091  11.128  -74.282  27.108 0.0000000000
4098  11.023  -74.852  26.841 0.0000000000
4107  10.746  -74.966  26.508 0.0000000000
3660  10.884  -75.162  26.518 0.0000000000
3659  11.062  -75.278  26.515 0.0000000000
3249  10.876  -75.832  23.073 0.0000000000
7156  8.408  -69.955  24.249 0.0000000000
6236  8.404  -72.055  22.433 0.0000000000
6242  7.380  -72.232  22.121 0.0000000000
5404  8.251  -73.937  17.165 0.0000000000
5806  8.197  -72.795  17.362 0.0000000000
19680  5.411  -45.857  21.939 0.0000000000
4922  15.988  -73.044  27.815 0.0000000000
4923  14.882  -73.022  27.838 0.0000000000
5306  15.777  -71.396  29.948 0.0000000000
4887  15.305  -71.790  29.453 0.0000000000
4910  12.405  -72.944  28.353 0.0000000000
4912  11.493  -72.658  28.258 0.0000000000
5331  10.567  -71.838  28.937 0.0000000000
5744  9.879  -70.907  29.876 0.0000000000
6158  9.952  -69.660  32.290 0.0000000000
6188  10.033  -70.639  30.886 0.0000000000
6676  9.907  -70.575  31.085 0.0000000000
6677  9.703  -69.952  31.114 0.0000000000
6189  9.497  -71.003  31.732 0.0000000000
8456  8.208  -66.731  30.594 0.0000000000
8944  7.601  -65.329  31.595 0.0000000000
13524  8.569  -57.698  38.353 0.0000000000
13527  8.195  -58.375  37.955 0.0000000000
13008  8.052  -58.537  37.368 0.0000000000
13015  7.925  -58.825  36.557 0.0000000000
15985  5.286  -53.090  37.737 0.0000000000
15984  5.336  -53.517  38.219 0.0000000000
18078  5.020  -49.503  31.376 0.0000000000
16548  5.189  -50.841  30.289 0.0000000000
20244  5.754  -44.517  30.316 0.0000000000
4557  18.501  -75.067  24.917 0.0000000000
3279  17.258  -77.468  20.034 0.0000000000
2878  16.692  -78.280  18.355 0.0000000000
2881  14.416  -78.144  17.991 0.0000000000
4964  8.571  -73.928  24.468 0.0000000000
4970  8.667  -74.482  24.350 0.0000000000
4969  8.802  -74.599  24.523 0.0000000000
4560  9.016  -74.596  24.738 0.0000000000
4559  9.193  -74.854  24.635 0.0000000000
4178  8.877  -75.204  20.464 0.0000000000
3311  9.106  -77.152  17.593 0.0000000000
3754  9.114  -76.491  18.930 0.0000000000
3290  9.810  -77.254  19.036 0.0000000000
2862  10.352  -77.201  19.325 0.0000000000
2481  10.882  -77.402  18.975 0.0000000000
2499  11.460  -78.921  17.104 0.0000000000
2149  11.764  -79.355  16.592 0.0000000000
2516  10.033  -79.846  15.283 0.0000000000
2162  10.434  -80.127  15.088 0.0000000000
11389  6.049  -62.032  24.930 0.0000000000
11399  6.094  -61.926  23.479 0.0000000000
10016  6.710  -64.748  19.137 0.0000000000
7618  7.350  -69.278  17.248 0.0000000000
7187  7.366  -70.316  16.567 0.0000000000
6751  7.267  -71.273  16.022 0.0000000000
2482  13.927  -77.748  18.743 0.0000000000
2893  14.397  -78.354  17.619 0.0000000000
3721  14.143  -76.554  21.890 0.0000000000
3726  8.836  -75.368  21.321 0.0000000000
4155  8.102  -74.874  22.573 0.0000000000
4965  8.214  -74.002  23.971 0.0000000000
5285  8.333  -73.003  32.866 0.0000000000
5286  7.885  -72.923  32.852 0.0000000000
5299  8.946  -72.856  32.778 0.0000000000
5300  8.093  -73.016  32.846 0.0000000000
5312  8.902  -72.532  32.193 0.0000000000
5359  9.479  -72.750  25.921 0.0000000000
5708  8.045  -72.989  32.939 0.0000000000
5709  7.999  -72.848  32.646 0.0000000000
5720  8.283  -72.716  32.511 0.0000000000
5721  7.957  -72.085  31.948 0.0000000000
5728  9.225  -72.031  32.016 0.0000000000
6159  7.925  -72.619  32.495 0.0000000000
6160  7.948  -72.324  32.211 0.0000000000
6170  8.082  -72.137  32.005 0.0000000000
6171  8.303  -72.032  31.979 0.0000000000
6180  8.740  -71.819  31.901 0.0000000000
6181  8.754  -71.505  31.683 0.0000000000
6187  10.053  -70.810  30.549 0.0000000000
6197  9.968  -71.095  30.602 0.0000000000
6248  6.377  -71.941  21.275 0.0000000000
6675  10.004  -70.991  30.389 0.0000000000
6684  10.044  -70.919  30.063 0.0000000000
6685  10.013  -70.873  30.952 0.0000000000
6686  9.848  -70.795  31.265 0.0000000000
6693  9.855  -70.880  31.003 0.0000000000
19161  4.999  -46.495  20.468 0.0000000000
82979  10.123  -71.181  31.120 0.0000000000
