#!ascii label  , from subject 3634 vox2ras=TkReg
1005
50727  -20.055  -15.940  57.883 0.0000000000
69313  -45.542  -1.551  53.539 0.0000000000
79880  -46.850  6.287  48.590 0.0000000000
83764  -53.635  8.861  40.922 0.0000000000
65613  -42.227  -5.063  54.278 0.0000000000
79933  -50.567  7.087  44.628 0.0000000000
89612  -54.415  13.253  33.486 0.0000000000
88570  -59.224  14.026  31.159 0.0000000000
66944  -49.937  -3.583  49.447 0.0000000000
74499  -47.721  1.533  49.987 0.0000000000
77179  -45.495  2.931  51.297 0.0000000000
51768  -21.702  -14.791  62.361 0.0000000000
52968  -26.373  -14.532  60.527 0.0000000000
56734  -30.174  -11.069  60.594 0.0000000000
59096  -34.280  -9.786  57.173 0.0000000000
60486  -35.780  -8.416  51.422 0.0000000000
60509  -41.157  -7.808  49.987 0.0000000000
63267  -46.588  -5.781  50.709 0.0000000000
77241  -50.500  4.908  47.143 0.0000000000
87404  -59.652  12.789  29.055 0.0000000000
68107  -47.566  -1.900  51.956 0.0000000000
72044  -47.559  0.731  52.095 0.0000000000
74460  -44.993  1.619  52.697 0.0000000000
55478  -21.142  -13.495  61.138 0.0000000000
51785  -24.091  -15.100  61.258 0.0000000000
61796  -37.596  -7.160  54.325 0.0000000000
60489  -38.575  -8.112  51.186 0.0000000000
60429  -40.095  -7.591  53.781 0.0000000000
66857  -44.233  -3.301  54.244 0.0000000000
61852  -44.901  -6.122  52.871 0.0000000000
65660  -46.543  -4.313  52.569 0.0000000000
64449  -49.336  -5.432  50.433 0.0000000000
78531  -48.232  5.781  50.572 0.0000000000
75836  -48.052  3.991  48.032 0.0000000000
79870  -49.830  6.819  49.488 0.0000000000
81296  -52.741  7.676  42.717 0.0000000000
79904  -53.259  6.581  45.540 0.0000000000
81271  -54.021  6.979  43.454 0.0000000000
81318  -55.801  7.680  41.146 0.0000000000
89584  -56.686  13.476  35.026 0.0000000000
88491  -54.597  13.139  36.948 0.0000000000
65611  -39.988  -5.577  54.102 0.0000000000
82612  -51.148  7.536  39.751 0.0000000000
89631  -57.165  14.077  32.649 0.0000000000
86093  -58.195  12.395  33.267 0.0000000000
86188  -58.117  11.524  28.330 0.0000000000
66981  -51.228  -5.029  47.420 0.0000000000
70707  -49.039  -1.138  50.010 0.0000000000
75801  -47.320  3.476  51.820 0.0000000000
50658  -21.068  -15.630  61.372 0.0000000000
52987  -27.427  -14.230  58.151 0.0000000000
55482  -28.192  -12.393  60.107 0.0000000000
54245  -29.274  -12.685  58.084 0.0000000000
55529  -31.544  -11.889  58.901 0.0000000000
56768  -33.884  -11.504  57.619 0.0000000000
56788  -34.284  -10.846  55.170 0.0000000000
60426  -33.905  -8.847  54.119 0.0000000000
59185  -36.770  -9.220  48.887 0.0000000000
60450  -42.467  -7.201  53.063 0.0000000000
61890  -43.525  -6.618  50.336 0.0000000000
63332  -45.801  -6.538  47.468 0.0000000000
63336  -49.290  -6.681  47.781 0.0000000000
63337  -51.823  -6.840  48.042 0.0000000000
81188  -51.715  7.046  47.652 0.0000000000
86055  -53.342  11.553  37.342 0.0000000000
84919  -54.268  9.799  39.476 0.0000000000
50671  -19.750  -15.887  60.342 0.0000000000
69314  -46.230  -1.434  53.267 0.0000000000
70659  -46.408  -0.517  53.097 0.0000000000
73199  -45.087  0.295  53.451 0.0000000000
63152  -37.971  -5.798  55.334 0.0000000000
60428  -39.105  -7.758  53.801 0.0000000000
63178  -39.403  -6.479  55.240 0.0000000000
68073  -44.638  -2.492  54.047 0.0000000000
65641  -45.560  -4.146  53.404 0.0000000000
66878  -46.235  -3.329  53.048 0.0000000000
66896  -46.884  -3.444  52.319 0.0000000000
79857  -48.473  6.623  50.155 0.0000000000
81151  -47.903  7.357  49.356 0.0000000000
82556  -53.400  7.816  42.328 0.0000000000
82534  -53.682  7.430  43.274 0.0000000000
83732  -54.469  7.978  42.477 0.0000000000
81297  -55.180  7.355  42.543 0.0000000000
84869  -54.819  8.783  41.783 0.0000000000
87334  -56.870  12.165  34.480 0.0000000000
87312  -56.386  12.836  35.591 0.0000000000
86089  -55.520  11.367  34.701 0.0000000000
89664  -57.244  14.306  31.295 0.0000000000
89632  -57.766  13.960  32.250 0.0000000000
89617  -57.596  13.729  33.283 0.0000000000
87348  -58.755  13.174  32.335 0.0000000000
86121  -58.355  12.153  32.015 0.0000000000
86144  -59.175  12.519  31.082 0.0000000000
86190  -59.574  11.754  28.797 0.0000000000
68149  -50.889  -4.029  48.156 0.0000000000
69365  -49.554  -2.453  49.248 0.0000000000
69352  -49.295  -1.669  50.029 0.0000000000
74473  -46.492  2.116  52.337 0.0000000000
73221  -47.562  1.583  51.835 0.0000000000
75800  -46.448  3.088  52.137 0.0000000000
78499  -46.608  4.797  51.383 0.0000000000
78514  -45.712  4.641  50.798 0.0000000000
50674  -22.762  -16.255  60.777 0.0000000000
50660  -23.184  -15.843  61.576 0.0000000000
51804  -25.579  -15.072  60.571 0.0000000000
57895  -29.197  -10.591  60.320 0.0000000000
55483  -29.034  -11.808  60.256 0.0000000000
54209  -28.919  -12.660  59.748 0.0000000000
55527  -29.687  -12.099  59.567 0.0000000000
55553  -30.837  -12.038  58.295 0.0000000000
55507  -31.379  -11.581  59.730 0.0000000000
57925  -34.307  -10.566  57.810 0.0000000000
57933  -34.264  -11.302  56.249 0.0000000000
59106  -34.225  -10.455  56.421 0.0000000000
61849  -35.772  -7.762  52.833 0.0000000000
61820  -34.576  -7.920  53.632 0.0000000000
60462  -34.385  -8.754  52.506 0.0000000000
59150  -34.238  -9.810  52.753 0.0000000000
59167  -34.899  -9.359  50.717 0.0000000000
58025  -35.447  -10.351  49.696 0.0000000000
60516  -36.587  -8.776  50.016 0.0000000000
60508  -40.076  -8.130  50.058 0.0000000000
60519  -39.329  -8.194  49.159 0.0000000000
60520  -40.517  -7.801  48.825 0.0000000000
60522  -41.980  -7.482  49.107 0.0000000000
61777  -41.574  -6.647  54.618 0.0000000000
63200  -42.954  -6.157  54.338 0.0000000000
61872  -45.292  -6.201  51.954 0.0000000000
61871  -44.404  -6.523  51.728 0.0000000000
61910  -45.429  -6.319  49.929 0.0000000000
61927  -45.032  -6.312  49.242 0.0000000000
63287  -45.901  -6.202  49.486 0.0000000000
63289  -48.085  -5.876  49.277 0.0000000000
66920  -49.632  -4.356  50.502 0.0000000000
63292  -50.828  -6.307  49.233 0.0000000000
64503  -51.533  -5.537  48.816 0.0000000000
64544  -53.007  -5.875  46.696 0.0000000000
54173  -20.441  -13.889  62.631 0.0000000000
51766  -20.614  -14.705  62.812 0.0000000000
51781  -20.472  -15.047  62.670 0.0000000000
72078  -48.251  -0.215  49.523 0.0000000000
72077  -47.881  0.428  49.288 0.0000000000
77239  -48.951  4.530  47.986 0.0000000000
81220  -50.125  6.817  45.845 0.0000000000
82461  -50.001  7.328  47.585 0.0000000000
82505  -50.999  8.001  46.150 0.0000000000
77268  -53.023  5.208  44.691 0.0000000000
78582  -52.738  5.699  45.848 0.0000000000
87293  -54.774  12.150  37.567 0.0000000000
87302  -53.880  12.645  36.988 0.0000000000
86046  -54.324  11.381  38.127 0.0000000000
84930  -53.750  10.635  38.659 0.0000000000
84931  -54.458  10.403  38.594 0.0000000000
83792  -55.320  8.907  39.715 0.0000000000
90629  -59.417  15.266  30.116 0.0000000000
87396  -59.478  13.470  30.222 0.0000000000
89683  -59.590  14.596  28.853 0.0000000000
89684  -59.692  14.475  28.185 0.0000000000
68117  -48.707  -3.010  51.227 0.0000000000
69339  -48.446  -1.253  51.335 0.0000000000
69338  -47.693  -1.183  52.022 0.0000000000
72043  -46.923  0.608  52.641 0.0000000000
75798  -45.255  2.262  51.978 0.0000000000
54164  -21.522  -14.265  62.388 0.0000000000
51784  -23.318  -15.278  61.747 0.0000000000
54184  -25.296  -14.085  60.564 0.0000000000
60444  -36.716  -7.693  52.839 0.0000000000
60488  -37.588  -8.078  51.249 0.0000000000
60466  -38.134  -7.999  52.092 0.0000000000
60467  -39.139  -8.153  52.092 0.0000000000
60469  -41.212  -7.767  52.116 0.0000000000
66837  -43.160  -4.048  54.446 0.0000000000
61803  -43.827  -6.095  54.068 0.0000000000
63203  -44.657  -5.436  53.792 0.0000000000
63237  -45.632  -5.664  52.366 0.0000000000
63238  -46.391  -5.483  51.906 0.0000000000
63254  -48.186  -5.634  50.726 0.0000000000
64426  -47.761  -5.226  51.673 0.0000000000
66910  -48.942  -4.185  51.399 0.0000000000
55477  -19.895  -13.411  61.342 0.0000000000
75813  -48.031  3.701  50.769 0.0000000000
74498  -47.704  2.115  49.704 0.0000000000
77214  -48.417  4.706  49.445 0.0000000000
77215  -49.240  5.402  49.065 0.0000000000
77216  -50.000  5.522  48.717 0.0000000000
81269  -51.581  7.170  43.946 0.0000000000
82507  -52.325  7.317  45.414 0.0000000000
82519  -52.847  7.436  44.405 0.0000000000
81247  -53.782  7.095  44.373 0.0000000000
89601  -55.338  13.768  34.488 0.0000000000
89591  -54.784  13.779  35.060 0.0000000000
89582  -55.985  14.091  36.070 0.0000000000
88493  -55.208  12.483  36.984 0.0000000000
72021  -44.284  -0.756  52.813 0.0000000000
69310  -43.692  -1.905  52.956 0.0000000000
79891  -47.611  6.864  47.502 0.0000000000
78618  -50.178  5.802  43.297 0.0000000000
79968  -51.437  6.678  42.225 0.0000000000
81335  -51.482  7.400  40.922 0.0000000000
82598  -52.453  8.393  40.571 0.0000000000
89629  -55.623  13.563  32.874 0.0000000000
89603  -56.617  13.910  34.239 0.0000000000
87325  -57.529  12.808  34.242 0.0000000000
86091  -57.184  11.831  33.870 0.0000000000
86176  -59.474  11.882  29.664 0.0000000000
86175  -58.991  11.522  29.512 0.0000000000
68187  -50.259  -3.805  47.375 0.0000000000
70720  -49.308  -2.374  49.022 0.0000000000
73241  -48.387  0.010  50.285 0.0000000000
70693  -48.729  -0.449  51.027 0.0000000000
73226  -48.243  1.093  50.960 0.0000000000
74480  -47.821  2.232  50.907 0.0000000000
75812  -47.788  4.169  51.391 0.0000000000
79836  -46.699  5.982  50.774 0.0000000000
73224  -44.637  1.278  51.214 0.0000000000
75810  -44.396  2.024  50.602 0.0000000000
78528  -44.597  3.706  49.701 0.0000000000
50687  -20.266  -15.978  59.563 0.0000000000
50709  -21.646  -16.311  58.726 0.0000000000
53000  -28.036  -13.731  56.978 0.0000000000
54206  -24.817  -13.876  59.594 0.0000000000
54185  -26.168  -13.725  60.635 0.0000000000
54186  -27.103  -13.672  60.728 0.0000000000
54221  -28.649  -13.293  58.459 0.0000000000
54224  -32.472  -12.891  57.317 0.0000000000
54226  -33.465  -12.769  57.372 0.0000000000
61719  -33.469  -8.245  57.449 0.0000000000
61755  -33.598  -7.848  55.882 0.0000000000
60409  -33.577  -9.019  56.538 0.0000000000
59128  -34.120  -9.925  54.204 0.0000000000
57962  -34.506  -10.687  53.207 0.0000000000
60517  -37.259  -8.632  49.625 0.0000000000
63179  -40.274  -6.521  55.231 0.0000000000
60449  -41.599  -7.626  53.029 0.0000000000
60470  -42.007  -7.443  52.301 0.0000000000
61826  -43.259  -6.720  53.269 0.0000000000
61870  -43.437  -6.646  51.391 0.0000000000
61889  -42.625  -6.927  50.033 0.0000000000
61908  -43.477  -6.746  49.294 0.0000000000
61948  -44.135  -6.961  47.266 0.0000000000
61975  -50.249  -7.735  46.798 0.0000000000
63290  -49.222  -6.244  49.394 0.0000000000
61929  -50.223  -6.894  48.277 0.0000000000
60565  -51.686  -8.331  46.658 0.0000000000
61991  -53.088  -7.695  45.724 0.0000000000
50657  -20.064  -15.664  61.227 0.0000000000
82439  -49.097  7.722  48.088 0.0000000000
81170  -50.480  7.324  48.712 0.0000000000
78555  -51.164  5.820  48.126 0.0000000000
81204  -52.547  6.919  46.344 0.0000000000
78567  -52.035  5.614  47.065 0.0000000000
75847  -51.446  4.532  46.212 0.0000000000
82628  -51.597  8.470  38.875 0.0000000000
83777  -52.838  9.070  40.178 0.0000000000
87321  -53.147  12.628  35.072 0.0000000000
86074  -52.317  11.617  35.196 0.0000000000
84939  -52.345  10.147  37.274 0.0000000000
84929  -53.156  9.989  38.940 0.0000000000
84905  -54.160  9.380  40.288 0.0000000000
84907  -55.352  9.026  40.409 0.0000000000
50707  -19.775  -15.866  58.728 0.0000000000
70658  -45.782  -0.634  53.447 0.0000000000
72002  -45.123  -0.072  53.633 0.0000000000
66818  -36.675  -4.338  55.292 0.0000000000
63177  -38.463  -6.314  55.219 0.0000000000
63153  -38.853  -5.935  55.296 0.0000000000
69312  -45.012  -1.753  53.648 0.0000000000
68085  -45.191  -2.443  53.714 0.0000000000
68086  -45.865  -2.383  53.375 0.0000000000
81150  -47.142  6.728  49.495 0.0000000000
81139  -48.164  7.169  50.045 0.0000000000
81167  -47.485  6.951  48.835 0.0000000000
82579  -53.448  8.483  41.389 0.0000000000
83745  -53.742  8.123  42.099 0.0000000000
83746  -53.973  8.539  41.726 0.0000000000
83747  -54.498  8.500  42.057 0.0000000000
84868  -54.543  8.808  41.496 0.0000000000
86090  -56.338  11.539  34.280 0.0000000000
86077  -55.875  11.801  35.049 0.0000000000
88569  -58.937  14.304  31.177 0.0000000000
88550  -58.544  13.962  31.599 0.0000000000
88551  -58.773  13.442  31.772 0.0000000000
88552  -58.925  13.139  31.851 0.0000000000
87359  -58.920  12.956  31.959 0.0000000000
87372  -59.239  13.092  31.482 0.0000000000
68147  -50.013  -3.453  49.168 0.0000000000
68148  -50.214  -3.377  48.667 0.0000000000
68132  -49.551  -2.860  49.628 0.0000000000
75799  -45.745  2.798  51.982 0.0000000000
77180  -45.854  3.763  51.564 0.0000000000
78497  -45.829  4.335  51.289 0.0000000000
77194  -45.745  4.136  51.134 0.0000000000
51800  -21.966  -15.352  62.179 0.0000000000
50647  -22.529  -15.532  62.024 0.0000000000
52967  -25.357  -14.603  60.693 0.0000000000
56733  -29.485  -11.142  60.458 0.0000000000
56732  -28.725  -11.491  60.187 0.0000000000
55484  -29.680  -11.489  60.381 0.0000000000
55505  -29.282  -12.047  60.140 0.0000000000
55506  -30.359  -11.568  60.175 0.0000000000
56746  -30.583  -11.135  60.417 0.0000000000
59088  -34.220  -9.619  58.106 0.0000000000
59097  -34.329  -10.277  56.766 0.0000000000
60463  -35.307  -8.223  52.176 0.0000000000
61848  -34.873  -7.927  52.890 0.0000000000
60484  -34.581  -8.995  51.734 0.0000000000
60503  -35.410  -8.724  50.866 0.0000000000
59168  -35.564  -8.974  50.443 0.0000000000
60504  -36.134  -8.656  50.609 0.0000000000
60491  -40.738  -7.992  51.084 0.0000000000
60521  -41.491  -7.566  49.125 0.0000000000
60510  -41.961  -7.444  49.729 0.0000000000
63181  -42.176  -6.074  54.545 0.0000000000
64365  -42.588  -5.359  54.555 0.0000000000
61893  -45.878  -6.038  51.235 0.0000000000
61892  -45.279  -6.410  51.069 0.0000000000
61911  -45.941  -6.140  50.555 0.0000000000
63288  -46.526  -5.983  49.702 0.0000000000
63308  -47.103  -6.125  48.607 0.0000000000
66932  -49.831  -3.990  49.995 0.0000000000
65713  -50.625  -4.862  49.422 0.0000000000
66945  -50.402  -4.080  49.191 0.0000000000
65726  -51.540  -5.016  48.372 0.0000000000
54163  -21.008  -14.092  62.792 0.0000000000
54162  -20.298  -14.138  62.916 0.0000000000
51767  -21.356  -14.759  62.517 0.0000000000
51782  -21.368  -15.018  62.464 0.0000000000
73240  -48.029  0.710  50.141 0.0000000000
73239  -47.835  0.837  49.587 0.0000000000
77240  -49.666  4.722  47.589 0.0000000000
74516  -48.913  3.528  46.692 0.0000000000
75845  -49.712  4.182  46.676 0.0000000000
75859  -50.182  3.784  46.248 0.0000000000
81243  -50.439  7.130  45.247 0.0000000000
81202  -50.298  7.209  46.424 0.0000000000
81221  -50.616  7.525  45.855 0.0000000000
88520  -53.966  13.063  34.039 0.0000000000
86047  -54.670  11.214  37.939 0.0000000000
68108  -48.139  -2.438  51.594 0.0000000000
72025  -45.909  0.295  53.224 0.0000000000
72026  -46.481  0.185  52.928 0.0000000000
73212  -45.863  1.196  53.049 0.0000000000
74462  -45.935  1.818  52.573 0.0000000000
75784  -45.274  1.977  52.534 0.0000000000
54180  -21.609  -13.842  61.789 0.0000000000
54183  -24.492  -14.292  60.678 0.0000000000
61772  -37.040  -6.474  54.743 0.0000000000
61823  -37.187  -7.379  53.570 0.0000000000
60465  -37.170  -7.918  52.088 0.0000000000
60445  -37.661  -7.797  52.912 0.0000000000
60446  -38.638  -7.882  52.960 0.0000000000
60447  -39.646  -7.860  52.968 0.0000000000
60468  -40.190  -8.051  52.082 0.0000000000
60448  -40.659  -7.819  52.992 0.0000000000
65626  -43.919  -3.986  54.401 0.0000000000
64378  -43.930  -4.618  54.560 0.0000000000
65627  -44.338  -4.047  54.226 0.0000000000
64392  -46.014  -4.729  52.684 0.0000000000
64391  -45.551  -4.821  53.069 0.0000000000
64407  -45.676  -5.182  52.670 0.0000000000
64408  -46.342  -5.001  52.283 0.0000000000
63239  -47.040  -5.476  51.649 0.0000000000
64409  -47.143  -5.160  52.069 0.0000000000
68099  -47.463  -2.935  51.956 0.0000000000
66897  -47.695  -3.508  51.826 0.0000000000
66909  -48.565  -3.630  51.454 0.0000000000
55467  -21.167  -13.689  61.868 0.0000000000
77196  -47.897  4.860  50.810 0.0000000000
77204  -48.262  4.915  50.160 0.0000000000
79869  -49.140  6.792  49.842 0.0000000000
78542  -49.312  6.110  49.560 0.0000000000
78543  -50.007  6.057  49.206 0.0000000000
81295  -51.931  7.440  42.955 0.0000000000
81246  -52.091  7.244  44.633 0.0000000000
81270  -52.437  7.457  43.689 0.0000000000
82535  -53.897  7.315  43.188 0.0000000000
82521  -53.668  7.303  44.010 0.0000000000
79934  -53.903  6.529  44.251 0.0000000000
79952  -54.769  6.615  43.067 0.0000000000
89593  -56.218  14.002  35.168 0.0000000000
89592  -55.474  13.970  35.411 0.0000000000
89583  -56.323  13.708  35.536 0.0000000000
87304  -55.059  11.939  36.949 0.0000000000
69311  -43.890  -1.548  53.220 0.0000000000
79959  -51.069  6.380  42.662 0.0000000000
81349  -50.839  7.124  39.938 0.0000000000
81350  -51.192  7.362  40.439 0.0000000000
82597  -52.073  7.778  41.077 0.0000000000
82613  -51.603  7.807  40.035 0.0000000000
89648  -57.066  14.090  32.088 0.0000000000
88548  -56.276  13.678  32.327 0.0000000000
89647  -55.597  13.431  32.181 0.0000000000
89630  -56.509  13.947  32.837 0.0000000000
89615  -56.623  13.966  33.604 0.0000000000
89616  -57.184  14.043  33.423 0.0000000000
87337  -58.289  12.799  33.147 0.0000000000
88522  -57.962  13.241  33.466 0.0000000000
87336  -57.890  12.675  33.726 0.0000000000
87335  -57.408  12.406  34.151 0.0000000000
86092  -57.772  12.125  33.566 0.0000000000
86105  -57.543  11.652  33.120 0.0000000000
86142  -58.056  11.769  31.178 0.0000000000
87397  -59.459  13.029  29.832 0.0000000000
86164  -59.387  12.654  30.481 0.0000000000
86177  -59.531  12.393  29.728 0.0000000000
86189  -58.989  11.462  28.585 0.0000000000
64543  -51.274  -5.699  46.321 0.0000000000
65747  -50.410  -5.000  46.711 0.0000000000
66980  -50.620  -4.481  47.312 0.0000000000
69364  -49.349  -1.993  49.561 0.0000000000
72079  -48.587  -0.439  50.009 0.0000000000
72069  -48.622  -0.400  50.406 0.0000000000
70692  -48.130  -0.107  51.707 0.0000000000
74475  -47.579  2.426  51.523 0.0000000000
73225  -47.924  1.444  51.283 0.0000000000
75802  -47.774  3.239  51.315 0.0000000000
78515  -46.308  5.276  51.134 0.0000000000
78516  -46.995  5.364  51.135 0.0000000000
50672  -20.703  -15.902  60.474 0.0000000000
50688  -21.231  -16.097  59.641 0.0000000000
50673  -21.727  -15.977  60.626 0.0000000000
50690  -23.319  -16.361  59.794 0.0000000000
51802  -23.984  -15.412  61.188 0.0000000000
51838  -26.835  -14.759  58.305 0.0000000000
53012  -27.381  -14.255  56.542 0.0000000000
52999  -27.500  -14.084  57.376 0.0000000000
54207  -25.492  -13.349  59.785 0.0000000000
54194  -25.779  -13.279  60.373 0.0000000000
54187  -27.700  -13.208  60.399 0.0000000000
54196  -27.632  -13.852  60.423 0.0000000000
54197  -28.179  -13.204  60.002 0.0000000000
54222  -29.182  -12.730  59.017 0.0000000000
54208  -28.507  -13.306  59.302 0.0000000000
54244  -28.671  -13.231  57.508 0.0000000000
54268  -29.326  -12.670  57.078 0.0000000000
55554  -31.822  -12.416  57.851 0.0000000000
54223  -32.066  -12.800  57.164 0.0000000000
56759  -33.796  -11.083  58.196 0.0000000000
56758  -33.200  -11.270  58.759 0.0000000000
56767  -33.415  -11.588  58.076 0.0000000000
55556  -33.309  -12.262  57.683 0.0000000000
55557  -33.793  -12.404  57.200 0.0000000000
56769  -34.114  -11.662  56.968 0.0000000000
57939  -34.219  -10.873  55.851 0.0000000000
57940  -34.350  -11.501  55.835 0.0000000000
56796  -34.456  -11.451  55.043 0.0000000000
55629  -34.754  -12.225  54.472 0.0000000000
55628  -34.677  -11.648  54.182 0.0000000000
60443  -34.208  -8.486  53.535 0.0000000000
60427  -34.084  -8.216  54.406 0.0000000000
60417  -33.759  -8.891  54.684 0.0000000000
60418  -33.626  -8.706  55.412 0.0000000000
59115  -33.820  -9.182  54.486 0.0000000000
59116  -33.845  -9.623  54.921 0.0000000000
59139  -34.061  -9.600  53.741 0.0000000000
57975  -34.591  -10.604  52.258 0.0000000000
57976  -34.956  -11.369  52.364 0.0000000000
59184  -36.227  -9.631  49.130 0.0000000000
56910  -35.965  -10.882  49.354 0.0000000000
58051  -36.372  -9.967  48.731 0.0000000000
60506  -37.948  -8.232  50.352 0.0000000000
60505  -37.035  -8.420  50.526 0.0000000000
63154  -39.723  -6.086  55.173 0.0000000000
63155  -40.419  -6.140  55.133 0.0000000000
60432  -42.387  -7.117  53.621 0.0000000000
61800  -41.424  -7.133  54.363 0.0000000000
60431  -41.939  -7.316  53.709 0.0000000000
61827  -44.137  -6.191  53.516 0.0000000000
61851  -44.275  -6.428  52.645 0.0000000000
61891  -44.442  -6.543  50.715 0.0000000000
61850  -43.533  -6.707  52.344 0.0000000000
60493  -42.675  -6.859  51.401 0.0000000000
63306  -45.266  -6.340  48.043 0.0000000000
61926  -44.529  -6.508  48.501 0.0000000000
63331  -44.945  -6.522  47.444 0.0000000000
63335  -48.532  -6.509  47.731 0.0000000000
61953  -49.835  -7.146  47.433 0.0000000000
63269  -48.678  -5.826  50.134 0.0000000000
63270  -49.531  -5.934  49.809 0.0000000000
63312  -51.099  -6.670  48.827 0.0000000000
61913  -50.459  -6.769  48.927 0.0000000000
61955  -51.668  -7.303  47.689 0.0000000000
60545  -51.317  -7.780  47.037 0.0000000000
61956  -52.407  -7.541  47.292 0.0000000000
59232  -52.639  -8.509  46.413 0.0000000000
61977  -52.980  -7.735  46.959 0.0000000000
65749  -51.762  -5.458  46.996 0.0000000000
65765  -52.405  -5.606  46.294 0.0000000000
65779  -52.119  -5.697  45.949 0.0000000000
51798  -20.306  -15.331  62.051 0.0000000000
75830  -47.882  3.721  49.107 0.0000000000
74507  -47.698  2.666  48.473 0.0000000000
81185  -48.160  7.263  47.422 0.0000000000
81169  -48.492  7.586  47.930 0.0000000000
82462  -50.612  7.690  47.523 0.0000000000
82441  -50.552  7.556  48.255 0.0000000000
82442  -51.097  7.585  48.137 0.0000000000
79883  -51.045  6.517  48.397 0.0000000000
79884  -51.604  6.378  47.981 0.0000000000
82488  -52.758  7.161  45.735 0.0000000000
82487  -52.012  7.492  46.543 0.0000000000
78568  -52.392  5.580  46.487 0.0000000000
77243  -52.008  4.979  46.671 0.0000000000
74519  -51.504  4.091  45.694 0.0000000000
82614  -52.249  8.779  39.704 0.0000000000
82629  -52.336  9.078  38.953 0.0000000000
88512  -54.704  13.740  35.726 0.0000000000
88511  -53.939  13.394  35.149 0.0000000000
88501  -54.242  13.369  36.293 0.0000000000
86066  -53.166  12.148  36.520 0.0000000000
86065  -52.582  11.245  36.328 0.0000000000
86073  -51.929  10.882  35.381 0.0000000000
84949  -52.196  10.312  36.713 0.0000000000
84950  -52.639  10.744  36.955 0.0000000000
84918  -53.536  9.694  39.678 0.0000000000
84906  -54.731  9.254  40.268 0.0000000000
68098  -47.205  -2.352  52.265 0.0000000000
69324  -47.001  -1.309  52.663 0.0000000000
73211  -45.248  0.834  53.214 0.0000000000
61773  -38.024  -6.748  54.898 0.0000000000
61824  -38.106  -7.724  53.756 0.0000000000
61797  -38.579  -7.337  54.416 0.0000000000
61774  -39.030  -6.855  54.878 0.0000000000
61798  -39.565  -7.358  54.464 0.0000000000
68072  -44.114  -2.535  54.183 0.0000000000
65628  -44.849  -4.097  53.776 0.0000000000
66858  -44.812  -3.277  54.051 0.0000000000
66877  -45.430  -3.289  53.605 0.0000000000
66895  -46.481  -3.855  52.773 0.0000000000
66879  -46.682  -2.848  52.593 0.0000000000
79856  -47.747  6.412  50.542 0.0000000000
81140  -48.816  7.295  49.914 0.0000000000
81152  -48.690  7.832  49.567 0.0000000000
82533  -53.254  7.645  43.337 0.0000000000
83730  -53.780  7.825  42.508 0.0000000000
83731  -54.058  7.930  42.516 0.0000000000
82536  -54.459  7.537  42.782 0.0000000000
81272  -54.676  7.175  42.999 0.0000000000
82558  -54.995  7.834  42.510 0.0000000000
82580  -55.468  8.125  42.067 0.0000000000
82581  -55.832  8.277  41.398 0.0000000000
87313  -56.717  13.033  35.296 0.0000000000
87323  -56.276  12.252  35.130 0.0000000000
87322  -55.825  12.018  35.511 0.0000000000
89649  -57.840  14.443  31.402 0.0000000000
88533  -58.182  13.524  32.476 0.0000000000
88534  -58.558  13.103  32.437 0.0000000000
87347  -58.536  12.928  32.624 0.0000000000
86106  -58.205  11.948  32.916 0.0000000000
87358  -58.700  12.916  32.283 0.0000000000
86122  -58.793  12.634  31.808 0.0000000000
86143  -58.762  12.171  31.117 0.0000000000
87415  -60.000  12.745  28.238 0.0000000000
86191  -59.825  12.203  28.960 0.0000000000
86207  -60.106  12.054  28.074 0.0000000000
86206  -59.645  11.698  27.820 0.0000000000
86205  -58.949  11.515  27.543 0.0000000000
66962  -50.917  -4.341  47.770 0.0000000000
68133  -49.682  -2.514  49.047 0.0000000000
73220  -47.053  1.503  52.346 0.0000000000
72056  -47.933  0.846  51.603 0.0000000000
74474  -47.181  2.422  52.159 0.0000000000
77181  -46.576  4.078  51.685 0.0000000000
78498  -46.085  4.573  51.434 0.0000000000
79834  -45.784  5.240  50.442 0.0000000000
51799  -21.274  -15.288  62.093 0.0000000000
50659  -22.123  -15.748  61.607 0.0000000000
50675  -23.772  -16.087  60.683 0.0000000000
52979  -27.507  -14.428  59.044 0.0000000000
54198  -28.719  -12.532  60.071 0.0000000000
55504  -28.693  -12.344  60.185 0.0000000000
55552  -29.907  -12.169  58.679 0.0000000000
55528  -30.643  -11.874  59.290 0.0000000000
57926  -34.245  -10.986  57.274 0.0000000000
57932  -34.286  -10.896  56.693 0.0000000000
61821  -35.287  -7.495  53.550 0.0000000000
61793  -34.779  -7.477  54.342 0.0000000000
61847  -34.486  -8.246  53.130 0.0000000000
60461  -34.059  -9.293  52.956 0.0000000000
58003  -34.558  -9.951  50.842 0.0000000000
59176  -35.932  -9.365  49.822 0.0000000000
59177  -36.597  -8.932  49.543 0.0000000000
60490  -39.627  -8.234  51.124 0.0000000000
60507  -38.971  -8.137  50.207 0.0000000000
61906  -41.939  -7.581  48.603 0.0000000000
61924  -42.437  -7.399  48.003 0.0000000000
64363  -40.807  -5.781  54.670 0.0000000000
64350  -40.830  -5.961  54.999 0.0000000000
64364  -41.561  -5.756  54.597 0.0000000000
61825  -42.631  -6.969  53.521 0.0000000000
61909  -44.428  -6.535  49.688 0.0000000000
63307  -45.794  -6.261  48.764 0.0000000000
63309  -48.107  -6.146  48.367 0.0000000000
63310  -49.116  -6.407  48.554 0.0000000000
65697  -49.441  -4.746  50.774 0.0000000000
63271  -50.148  -5.994  49.630 0.0000000000
64476  -50.484  -5.520  49.589 0.0000000000
63293  -51.339  -5.966  49.055 0.0000000000
63314  -52.185  -6.104  48.153 0.0000000000
63339  -52.987  -6.282  47.134 0.0000000000
64526  -52.361  -5.746  47.885 0.0000000000
66964  -51.807  -5.263  47.456 0.0000000000
54172  -19.947  -13.876  62.910 0.0000000000
54161  -19.579  -13.881  63.351 0.0000000000
52950  -20.002  -14.395  63.098 0.0000000000
75844  -48.795  4.146  47.266 0.0000000000
81200  -49.059  6.982  46.669 0.0000000000
82460  -49.395  7.185  47.366 0.0000000000
82484  -50.075  7.046  47.037 0.0000000000
82485  -50.543  7.687  46.757 0.0000000000
82486  -51.218  8.015  46.792 0.0000000000
79918  -53.661  6.467  45.110 0.0000000000
79917  -53.185  6.176  45.610 0.0000000000
87303  -54.540  12.633  37.344 0.0000000000
87292  -54.128  12.079  37.713 0.0000000000
84941  -53.454  11.071  37.987 0.0000000000
86045  -53.817  11.435  38.052 0.0000000000
84920  -54.854  9.457  39.403 0.0000000000
89666  -59.371  14.649  30.554 0.0000000000
87388  -59.442  13.257  30.752 0.0000000000
88587  -59.497  13.904  30.479 0.0000000000
88601  -59.546  13.820  29.462 0.0000000000
88602  -59.563  13.246  29.192 0.0000000000
88614  -59.610  14.086  28.746 0.0000000000
88615  -59.725  13.578  28.471 0.0000000000
68131  -49.478  -3.428  50.299 0.0000000000
68119  -49.247  -2.139  50.196 0.0000000000
68109  -48.668  -1.959  51.035 0.0000000000
70677  -47.491  -0.154  52.328 0.0000000000
69325  -47.330  -0.734  52.481 0.0000000000
73219  -46.417  1.365  52.685 0.0000000000
75786  -46.027  2.406  52.271 0.0000000000
52953  -21.941  -14.607  62.276 0.0000000000
51783  -22.250  -15.073  62.291 0.0000000000
52957  -22.745  -14.665  62.068 0.0000000000
52959  -24.339  -14.867  61.199 0.0000000000
52960  -24.757  -14.904  61.072 0.0000000000
60393  -33.760  -8.838  58.192 0.0000000000
61822  -36.212  -7.262  53.480 0.0000000000
60464  -36.255  -8.134  52.154 0.0000000000
60487  -36.653  -8.203  51.321 0.0000000000
65614  -42.906  -4.668  54.604 0.0000000000
63183  -43.645  -5.543  54.594 0.0000000000
64367  -43.967  -5.210  54.628 0.0000000000
63202  -44.141  -5.717  54.193 0.0000000000
61828  -44.682  -6.008  53.315 0.0000000000
64380  -45.018  -4.870  53.586 0.0000000000
63220  -45.095  -5.567  53.181 0.0000000000
63251  -45.874  -5.799  51.827 0.0000000000
63268  -47.580  -5.703  50.279 0.0000000000
63253  -47.434  -5.582  51.119 0.0000000000
64427  -48.431  -5.295  51.231 0.0000000000
65661  -47.197  -4.363  52.101 0.0000000000
65681  -48.389  -4.581  51.562 0.0000000000
65682  -49.044  -4.682  51.247 0.0000000000
66919  -49.368  -3.856  50.869 0.0000000000
55466  -20.581  -13.628  62.031 0.0000000000
54174  -21.243  -13.929  62.300 0.0000000000
74488  -47.913  2.713  50.396 0.0000000000
75822  -47.992  3.674  49.995 0.0000000000
78532  -48.755  5.972  50.030 0.0000000000
77205  -48.812  5.447  49.646 0.0000000000
77225  -48.641  4.646  48.657 0.0000000000
77226  -49.527  5.008  48.377 0.0000000000
77227  -50.413  5.310  48.053 0.0000000000
81268  -50.971  7.269  44.389 0.0000000000
81245  -51.395  7.372  44.826 0.0000000000
82489  -53.271  7.112  45.273 0.0000000000
82520  -53.459  7.451  44.171 0.0000000000
82509  -53.552  7.277  44.717 0.0000000000
81224  -53.528  6.988  45.194 0.0000000000
78597  -53.631  5.916  44.691 0.0000000000
89600  -54.599  13.473  34.349 0.0000000000
88502  -55.159  13.630  36.393 0.0000000000
88503  -55.812  13.216  36.225 0.0000000000
88492  -55.092  12.893  37.098 0.0000000000
88480  -55.080  12.529  37.320 0.0000000000
87294  -54.889  11.929  37.418 0.0000000000
72000  -44.481  -0.776  53.297 0.0000000000
72001  -44.669  -0.378  53.397 0.0000000000
72040  -44.205  -0.471  52.375 0.0000000000
66836  -42.628  -4.255  54.288 0.0000000000
66855  -43.213  -3.507  54.059 0.0000000000
66856  -43.691  -3.507  54.231 0.0000000000
68071  -43.724  -2.598  54.000 0.0000000000
69301  -43.816  -1.753  53.599 0.0000000000
69303  -44.523  -1.874  53.892 0.0000000000
79890  -47.094  6.298  47.588 0.0000000000
79881  -47.439  6.763  48.194 0.0000000000
78581  -47.369  6.057  46.262 0.0000000000
79900  -47.875  6.743  46.579 0.0000000000
79916  -49.503  6.549  45.518 0.0000000000
79932  -50.057  6.605  44.858 0.0000000000
79949  -50.707  6.728  43.673 0.0000000000
79960  -51.430  6.919  42.787 0.0000000000
81314  -51.315  7.048  41.322 0.0000000000
81316  -52.406  7.530  42.282 0.0000000000
82577  -52.269  7.663  41.496 0.0000000000
82578  -52.825  7.879  41.585 0.0000000000
83763  -53.065  8.769  40.895 0.0000000000
88547  -54.667  13.324  32.275 0.0000000000
89613  -55.133  13.441  33.657 0.0000000000
89614  -55.937  13.745  33.701 0.0000000000
89602  -56.041  13.919  34.494 0.0000000000
89594  -56.611  13.767  34.750 0.0000000000
89605  -57.564  13.659  33.757 0.0000000000
88521  -57.467  13.572  34.078 0.0000000000
89585  -57.000  13.323  34.776 0.0000000000
87324  -56.964  12.758  34.828 0.0000000000
86120  -57.798  11.745  32.272 0.0000000000
86163  -59.281  12.170  30.413 0.0000000000
86162  -58.874  11.776  30.354 0.0000000000
68169  -50.442  -3.496  47.823 0.0000000000
69397  -49.831  -3.000  48.019 0.0000000000
70735  -48.938  -2.231  48.823 0.0000000000
70719  -48.896  -1.494  49.411 0.0000000000
70706  -48.890  -0.825  50.428 0.0000000000
72057  -48.358  0.533  51.219 0.0000000000
72068  -48.528  0.166  50.740 0.0000000000
73229  -48.187  0.880  50.619 0.0000000000
74481  -47.997  1.427  50.792 0.0000000000
74489  -47.800  1.664  50.426 0.0000000000
77182  -47.149  4.502  51.476 0.0000000000
77195  -47.479  4.904  51.116 0.0000000000
78517  -47.606  5.609  50.882 0.0000000000
79868  -46.511  6.266  49.531 0.0000000000
72023  -44.585  0.242  53.138 0.0000000000
74459  -44.779  1.246  52.392 0.0000000000
74471  -44.817  1.671  51.588 0.0000000000
74472  -44.901  1.864  52.106 0.0000000000
75797  -45.005  2.152  51.539 0.0000000000
77178  -45.169  2.480  51.182 0.0000000000
77192  -45.001  2.912  50.631 0.0000000000
77193  -45.477  3.663  50.762 0.0000000000
78513  -45.476  3.992  50.454 0.0000000000
78566  -46.464  5.795  47.591 0.0000000000
50708  -20.677  -16.048  58.713 0.0000000000
50648  -22.854  -15.471  62.004 0.0000000000
54193  -25.070  -13.909  60.183 0.0000000000
52969  -27.214  -14.375  60.532 0.0000000000
52975  -27.936  -13.864  59.475 0.0000000000
52980  -27.992  -13.807  58.772 0.0000000000
52988  -28.030  -13.722  57.895 0.0000000000
55580  -30.045  -12.243  57.691 0.0000000000
55508  -32.061  -11.677  59.391 0.0000000000
55530  -32.389  -11.883  58.633 0.0000000000
55555  -32.666  -12.484  57.894 0.0000000000
56778  -34.229  -11.518  56.558 0.0000000000
56789  -34.463  -12.084  55.638 0.0000000000
61702  -33.557  -8.090  58.289 0.0000000000
60401  -33.757  -9.001  57.423 0.0000000000
63148  -33.918  -7.116  55.769 0.0000000000
61737  -33.376  -8.340  56.760 0.0000000000
59105  -33.969  -9.919  56.129 0.0000000000
57938  -34.111  -10.374  55.324 0.0000000000
57946  -34.185  -10.353  54.692 0.0000000000
59140  -34.224  -10.033  53.548 0.0000000000
57955  -34.378  -10.544  54.008 0.0000000000
56803  -34.728  -11.271  53.703 0.0000000000
60518  -38.278  -8.357  49.395 0.0000000000
60529  -37.683  -8.738  48.819 0.0000000000
59186  -37.797  -9.339  48.250 0.0000000000
64348  -39.184  -5.630  55.086 0.0000000000
61775  -39.955  -7.061  55.118 0.0000000000
61799  -40.514  -7.308  54.493 0.0000000000
61776  -40.860  -6.929  54.999 0.0000000000
60430  -41.056  -7.495  53.771 0.0000000000
60492  -41.960  -7.326  51.082 0.0000000000
63201  -43.542  -5.961  54.381 0.0000000000
61802  -43.398  -6.358  53.997 0.0000000000
60451  -42.989  -6.892  52.717 0.0000000000
60471  -42.725  -7.026  52.080 0.0000000000
61907  -42.467  -7.153  48.989 0.0000000000
61925  -43.321  -6.934  48.193 0.0000000000
61928  -49.751  -6.682  48.533 0.0000000000
63291  -49.996  -6.404  49.369 0.0000000000
61912  -49.803  -6.655  48.913 0.0000000000
60599  -52.494  -7.827  45.127 0.0000000000
63368  -52.939  -6.899  45.891 0.0000000000
63387  -52.461  -6.898  45.368 0.0000000000
81168  -47.945  7.467  48.303 0.0000000000
82420  -48.514  7.991  48.789 0.0000000000
82421  -49.309  8.046  48.904 0.0000000000
82440  -49.876  7.568  48.234 0.0000000000
82422  -49.906  7.635  48.805 0.0000000000
81154  -50.124  7.353  49.108 0.0000000000
79882  -50.468  6.770  48.911 0.0000000000
78554  -50.578  5.966  48.645 0.0000000000
77228  -51.209  5.314  47.565 0.0000000000
82506  -51.613  7.791  45.970 0.0000000000
81203  -52.103  6.967  46.994 0.0000000000
79893  -52.280  6.016  46.754 0.0000000000
79892  -52.008  6.296  47.308 0.0000000000
78556  -51.717  5.730  47.645 0.0000000000
77242  -51.307  4.950  46.867 0.0000000000
75846  -50.616  4.302  46.274 0.0000000000
82627  -51.118  7.564  39.238 0.0000000000
87333  -53.410  12.829  34.417 0.0000000000
87320  -52.598  12.166  34.940 0.0000000000
87310  -53.410  12.870  36.023 0.0000000000
87309  -52.820  12.162  35.697 0.0000000000
86087  -52.277  11.865  34.540 0.0000000000
83821  -51.545  9.632  36.492 0.0000000000
83811  -52.006  9.682  37.394 0.0000000000
84940  -52.813  10.436  37.727 0.0000000000
83812  -52.382  9.762  37.978 0.0000000000
83801  -52.637  9.658  38.545 0.0000000000
83789  -52.882  9.480  39.444 0.0000000000
83790  -53.165  9.370  39.916 0.0000000000
84886  -54.055  8.944  40.854 0.0000000000
84887  -54.498  9.007  40.873 0.0000000000
84889  -55.529  9.013  41.039 0.0000000000
82599  -55.851  8.334  40.712 0.0000000000
84921  -55.255  9.076  39.852 0.0000000000
83779  -55.632  8.816  40.270 0.0000000000
81337  -55.679  7.635  40.596 0.0000000000
50662  -24.379  -15.581  60.960 0.0000000000
52951  -20.812  -14.439  62.810 0.0000000000
52952  -21.370  -14.510  62.498 0.0000000000
54249  -33.609  -13.170  56.977 0.0000000000
55465  -19.462  -13.500  62.617 0.0000000000
56779  -34.327  -11.903  56.180 0.0000000000
56787  -34.242  -10.635  54.966 0.0000000000
56795  -34.441  -10.956  54.558 0.0000000000
56810  -34.794  -11.210  53.226 0.0000000000
56930  -36.204  -10.390  48.982 0.0000000000
56931  -36.600  -10.656  48.733 0.0000000000
57931  -34.395  -10.473  57.176 0.0000000000
57947  -34.355  -11.348  55.552 0.0000000000
57948  -34.445  -11.683  55.444 0.0000000000
57963  -34.781  -11.137  52.844 0.0000000000
58026  -35.927  -10.069  49.210 0.0000000000
59127  -33.930  -9.379  54.164 0.0000000000
59149  -34.096  -9.563  53.293 0.0000000000
59159  -34.677  -9.117  51.359 0.0000000000
59166  -34.541  -9.747  51.135 0.0000000000
59244  -52.724  -8.675  45.992 0.0000000000
59245  -53.067  -8.486  45.886 0.0000000000
59274  -52.318  -8.325  44.876 0.0000000000
60442  -33.954  -9.101  53.446 0.0000000000
60485  -34.933  -8.680  51.468 0.0000000000
60546  -51.918  -7.867  47.131 0.0000000000
60564  -50.825  -8.198  46.639 0.0000000000
60566  -52.446  -8.213  46.808 0.0000000000
60567  -53.054  -8.330  46.491 0.0000000000
60568  -53.288  -8.147  46.201 0.0000000000
60577  -53.153  -8.417  46.095 0.0000000000
60578  -53.200  -8.185  45.850 0.0000000000
60588  -52.880  -8.027  45.587 0.0000000000
60598  -52.304  -7.796  44.436 0.0000000000
61801  -42.456  -6.789  54.076 0.0000000000
61869  -42.770  -6.740  50.850 0.0000000000
61873  -45.825  -5.926  51.601 0.0000000000
61914  -50.862  -6.752  48.907 0.0000000000
61930  -51.037  -6.962  48.400 0.0000000000
61931  -51.549  -6.921  48.208 0.0000000000
61976  -50.644  -7.732  46.873 0.0000000000
61978  -53.235  -7.748  46.460 0.0000000000
61979  -53.318  -7.768  46.075 0.0000000000
62004  -52.706  -7.592  45.453 0.0000000000
62015  -52.384  -7.375  44.963 0.0000000000
62016  -52.507  -7.454  45.191 0.0000000000
63180  -41.103  -6.303  54.981 0.0000000000
63182  -43.079  -5.667  54.559 0.0000000000
63219  -44.550  -5.850  53.623 0.0000000000
63252  -46.404  -5.695  51.419 0.0000000000
63311  -49.698  -6.729  48.146 0.0000000000
63313  -51.608  -6.387  48.512 0.0000000000
63338  -52.403  -6.628  47.615 0.0000000000
63353  -52.770  -7.227  47.180 0.0000000000
63354  -53.012  -6.937  46.635 0.0000000000
63355  -53.211  -7.455  46.307 0.0000000000
63369  -53.137  -7.321  46.023 0.0000000000
63388  -52.823  -7.274  45.626 0.0000000000
63406  -52.441  -7.184  45.138 0.0000000000
63407  -52.584  -7.274  45.342 0.0000000000
64349  -40.112  -5.813  54.949 0.0000000000
64366  -43.393  -5.068  54.755 0.0000000000
64379  -44.461  -4.896  54.211 0.0000000000
64428  -49.050  -5.190  50.941 0.0000000000
64448  -48.749  -5.521  50.718 0.0000000000
64450  -49.892  -5.456  49.922 0.0000000000
64477  -51.072  -5.506  49.276 0.0000000000
64504  -51.977  -5.633  48.351 0.0000000000
64527  -52.677  -5.812  47.361 0.0000000000
64565  -52.857  -6.280  45.991 0.0000000000
65598  -38.608  -5.183  54.975 0.0000000000
65600  -40.324  -5.711  54.519 0.0000000000
65615  -43.480  -4.349  54.539 0.0000000000
65642  -46.112  -4.247  52.993 0.0000000000
65662  -47.925  -4.184  51.733 0.0000000000
65680  -47.735  -4.739  51.890 0.0000000000
65698  -49.764  -4.820  50.284 0.0000000000
65712  -50.162  -4.851  49.809 0.0000000000
65725  -51.102  -4.841  48.954 0.0000000000
65735  -52.021  -5.198  48.016 0.0000000000
65736  -52.089  -5.380  47.583 0.0000000000
65748  -51.182  -5.364  46.764 0.0000000000
65750  -52.207  -5.515  47.062 0.0000000000
65763  -51.618  -5.713  46.233 0.0000000000
65764  -51.866  -5.626  46.352 0.0000000000
65778  -51.905  -5.626  46.041 0.0000000000
66918  -48.965  -3.289  51.098 0.0000000000
66931  -49.579  -3.755  50.391 0.0000000000
66933  -50.269  -4.438  49.593 0.0000000000
66946  -50.931  -4.327  48.460 0.0000000000
66963  -51.457  -4.709  47.833 0.0000000000
66982  -51.640  -5.244  47.353 0.0000000000
68087  -46.551  -2.277  52.893 0.0000000000
68118  -48.994  -2.717  50.682 0.0000000000
68170  -50.874  -3.892  48.006 0.0000000000
69300  -43.696  -1.950  53.387 0.0000000000
69302  -44.046  -1.712  54.033 0.0000000000
69322  -43.471  -2.240  52.287 0.0000000000
69337  -47.376  -1.681  52.229 0.0000000000
69351  -48.913  -1.526  50.590 0.0000000000
69379  -49.281  -2.808  48.432 0.0000000000
69380  -49.689  -2.938  48.555 0.0000000000
70638  -44.226  -1.173  53.304 0.0000000000
70639  -44.509  -1.204  53.555 0.0000000000
70640  -45.047  -0.982  53.756 0.0000000000
70655  -44.121  -1.176  52.839 0.0000000000
70656  -44.037  -0.883  53.085 0.0000000000
70657  -45.268  -0.798  53.645 0.0000000000
70676  -46.969  -0.309  52.737 0.0000000000
70718  -48.547  -0.918  49.173 0.0000000000
70736  -49.262  -2.683  48.777 0.0000000000
72022  -44.353  -0.357  52.983 0.0000000000
72024  -45.371  0.018  53.493 0.0000000000
72042  -46.321  0.769  52.980 0.0000000000
73198  -44.834  0.336  53.363 0.0000000000
73209  -44.515  0.545  52.716 0.0000000000
73230  -48.359  0.271  50.481 0.0000000000
74461  -45.447  1.629  52.779 0.0000000000
74479  -44.672  1.794  50.903 0.0000000000
75785  -45.591  2.141  52.350 0.0000000000
75811  -44.715  2.316  50.799 0.0000000000
75860  -50.414  3.883  46.090 0.0000000000
77203  -45.247  3.732  50.311 0.0000000000
77229  -51.708  5.315  47.215 0.0000000000
78529  -45.194  4.018  49.959 0.0000000000
78619  -50.661  6.156  43.045 0.0000000000
78630  -50.583  5.846  42.461 0.0000000000
79837  -47.213  6.019  50.820 0.0000000000
79902  -52.331  6.493  46.715 0.0000000000
79950  -51.404  7.085  43.342 0.0000000000
79967  -51.058  6.414  41.649 0.0000000000
79970  -55.730  7.346  40.991 0.0000000000
81153  -49.476  7.558  49.522 0.0000000000
81171  -50.943  7.205  48.417 0.0000000000
81172  -51.379  6.937  48.148 0.0000000000
81187  -51.339  7.368  48.022 0.0000000000
81201  -49.790  6.805  46.547 0.0000000000
81205  -53.036  6.858  45.693 0.0000000000
81219  -49.427  6.771  46.078 0.0000000000
81222  -51.192  7.712  45.516 0.0000000000
81223  -51.728  7.460  45.314 0.0000000000
81244  -50.837  7.423  45.065 0.0000000000
81315  -51.872  7.245  41.819 0.0000000000
81336  -55.534  7.441  40.304 0.0000000000
82423  -50.248  7.493  48.726 0.0000000000
82438  -48.510  7.793  48.302 0.0000000000
82463  -51.375  7.727  47.590 0.0000000000
82464  -51.818  7.365  47.214 0.0000000000
82483  -49.550  6.899  46.989 0.0000000000
82508  -53.124  7.277  44.977 0.0000000000
82557  -53.549  8.183  41.815 0.0000000000
83733  -54.744  8.022  42.473 0.0000000000
83748  -55.006  8.526  42.128 0.0000000000
83765  -55.537  8.723  41.498 0.0000000000
83766  -55.845  8.866  40.919 0.0000000000
83778  -53.342  9.203  40.349 0.0000000000
84867  -54.283  8.826  41.227 0.0000000000
84888  -55.051  9.009  41.230 0.0000000000
84904  -53.765  9.249  40.427 0.0000000000
84917  -53.205  9.765  39.379 0.0000000000
86054  -52.837  11.019  37.106 0.0000000000
86107  -58.481  12.535  32.630 0.0000000000
86123  -59.149  12.830  31.513 0.0000000000
86145  -59.341  12.845  31.092 0.0000000000
87387  -59.478  13.517  30.516 0.0000000000
88481  -55.047  12.312  37.396 0.0000000000
88504  -56.503  13.280  35.512 0.0000000000
88505  -56.856  13.179  34.998 0.0000000000
88513  -57.389  13.198  34.413 0.0000000000
88514  -57.771  12.950  33.981 0.0000000000
88523  -58.361  13.027  32.913 0.0000000000
88535  -58.803  13.009  32.164 0.0000000000
88549  -56.702  13.944  32.327 0.0000000000
88568  -56.731  13.924  31.807 0.0000000000
88571  -59.224  13.422  31.380 0.0000000000
88586  -56.667  14.027  31.040 0.0000000000
88588  -59.434  13.648  31.003 0.0000000000
89595  -57.051  13.582  34.520 0.0000000000
89604  -57.151  13.895  34.051 0.0000000000
89628  -54.720  13.306  32.841 0.0000000000
89646  -55.082  13.346  32.364 0.0000000000
89650  -58.566  14.495  31.187 0.0000000000
89651  -59.104  14.658  30.787 0.0000000000
89652  -59.261  14.914  30.542 0.0000000000
89667  -59.423  15.075  30.272 0.0000000000
89676  -59.520  15.250  29.910 0.0000000000
90602  -59.087  14.909  30.681 0.0000000000
90617  -59.132  15.410  30.222 0.0000000000
90618  -59.266  15.108  30.389 0.0000000000
