#!ascii label  , from subject 3634 vox2ras=TkReg
1489
55192  12.181  -15.735  57.719 0.0000000000
82516  45.172  5.053  27.433 0.0000000000
59303  32.336  -12.792  44.476 0.0000000000
59252  42.808  -13.152  46.213 0.0000000000
58069  24.132  -13.894  46.224 0.0000000000
56465  20.713  -15.218  57.374 0.0000000000
85017  54.745  7.694  20.417 0.0000000000
86164  55.675  9.073  27.712 0.0000000000
69937  42.669  -4.567  37.423 0.0000000000
86323  57.328  8.971  12.227 0.0000000000
57948  31.575  -14.197  51.251 0.0000000000
56470  15.804  -14.579  57.634 0.0000000000
83768  55.874  6.007  24.386 0.0000000000
84952  50.266  6.935  24.209 0.0000000000
79786  46.866  3.272  32.481 0.0000000000
82429  50.269  5.644  32.734 0.0000000000
77200  43.240  0.100  32.093 0.0000000000
61832  38.468  -11.331  40.386 0.0000000000
58098  37.517  -14.294  44.160 0.0000000000
55297  26.508  -15.401  51.626 0.0000000000
55189  25.155  -16.098  57.512 0.0000000000
56613  21.934  -15.052  51.804 0.0000000000
56617  16.816  -14.638  51.391 0.0000000000
59282  27.956  -13.032  45.587 0.0000000000
86251  60.638  7.890  19.201 0.0000000000
82551  60.699  5.139  23.073 0.0000000000
84883  50.329  7.383  27.961 0.0000000000
75836  44.596  -0.435  39.719 0.0000000000
63298  44.292  -9.599  41.013 0.0000000000
86303  56.338  7.898  16.036 0.0000000000
82614  60.694  5.589  14.980 0.0000000000
82701  61.591  5.315  10.887 0.0000000000
56545  30.745  -14.978  53.241 0.0000000000
56472  13.870  -15.057  57.758 0.0000000000
57896  16.743  -14.032  60.807 0.0000000000
57899  14.032  -13.959  61.217 0.0000000000
84986  50.711  6.991  22.317 0.0000000000
78452  48.093  1.420  34.723 0.0000000000
79741  50.328  3.043  35.580 0.0000000000
55162  7.472  -16.345  60.836 0.0000000000
77265  42.608  1.178  29.140 0.0000000000
60440  32.794  -12.127  42.134 0.0000000000
60438  35.188  -12.661  42.000 0.0000000000
59300  34.885  -14.066  44.209 0.0000000000
57996  24.676  -14.333  49.057 0.0000000000
56611  24.270  -15.650  51.574 0.0000000000
56678  22.567  -14.592  48.748 0.0000000000
59264  25.857  -13.416  45.803 0.0000000000
58021  27.753  -14.146  48.501 0.0000000000
56462  23.024  -15.207  56.811 0.0000000000
86234  58.132  7.843  19.794 0.0000000000
83815  60.734  6.306  20.254 0.0000000000
83806  58.257  5.664  21.412 0.0000000000
86199  55.643  7.663  26.027 0.0000000000
84948  58.737  7.335  25.452 0.0000000000
83755  45.815  5.725  25.438 0.0000000000
84918  48.285  6.736  26.259 0.0000000000
83732  48.026  6.492  28.017 0.0000000000
74662  40.995  -1.040  35.511 0.0000000000
75893  42.047  -0.350  35.914 0.0000000000
73442  43.615  -2.010  38.493 0.0000000000
61770  40.967  -12.014  43.194 0.0000000000
61808  41.851  -10.989  41.124 0.0000000000
61752  43.782  -11.074  43.881 0.0000000000
86258  53.934  8.143  18.926 0.0000000000
86305  54.549  9.018  16.585 0.0000000000
86276  55.442  8.224  18.071 0.0000000000
86290  58.393  7.693  17.894 0.0000000000
85094  60.732  7.589  10.363 0.0000000000
83880  59.622  6.786  11.434 0.0000000000
82662  61.154  4.797  12.624 0.0000000000
83859  57.819  6.677  13.069 0.0000000000
58044  31.791  -14.022  47.630 0.0000000000
58065  34.409  -14.433  47.124 0.0000000000
57945  33.753  -14.472  50.301 0.0000000000
56467  18.718  -15.157  57.537 0.0000000000
56414  21.212  -14.952  61.228 0.0000000000
57894  18.609  -14.630  60.930 0.0000000000
85019  53.024  7.909  20.568 0.0000000000
83794  55.587  6.305  22.397 0.0000000000
84964  53.077  6.840  22.468 0.0000000000
84949  53.182  6.571  24.142 0.0000000000
84913  52.604  7.383  25.907 0.0000000000
79821  46.194  3.697  30.030 0.0000000000
82459  48.473  5.258  30.193 0.0000000000
81032  48.870  4.428  33.484 0.0000000000
67560  40.296  -6.070  36.486 0.0000000000
60348  44.707  -12.094  46.908 0.0000000000
53976  10.453  -16.682  56.659 0.0000000000
55158  11.601  -15.347  60.549 0.0000000000
53923  9.671  -16.519  61.170 0.0000000000
81144  43.100  4.002  27.224 0.0000000000
79823  44.778  2.803  29.687 0.0000000000
78494  45.241  1.381  32.213 0.0000000000
75901  46.352  0.465  34.921 0.0000000000
61855  35.396  -11.130  38.844 0.0000000000
60435  38.357  -12.575  42.262 0.0000000000
59277  40.441  -13.446  45.099 0.0000000000
56688  37.090  -15.422  46.986 0.0000000000
56687  40.276  -15.084  47.465 0.0000000000
55263  28.200  -15.379  53.255 0.0000000000
53974  27.466  -16.717  57.007 0.0000000000
55265  25.932  -15.970  53.639 0.0000000000
55250  23.708  -16.000  54.614 0.0000000000
56524  21.219  -15.538  54.751 0.0000000000
57999  19.975  -14.530  48.969 0.0000000000
56615  19.605  -14.562  51.415 0.0000000000
56527  18.672  -15.103  54.576 0.0000000000
56529  16.382  -14.740  54.814 0.0000000000
56531  14.002  -14.822  54.381 0.0000000000
55254  12.515  -15.654  54.402 0.0000000000
61755  30.394  -11.613  42.841 0.0000000000
61774  28.356  -11.417  42.588 0.0000000000
60360  30.699  -12.547  45.495 0.0000000000
58045  29.396  -13.845  47.799 0.0000000000
56636  28.937  -15.009  50.885 0.0000000000
79941  61.009  3.471  21.907 0.0000000000
82555  58.046  5.757  23.484 0.0000000000
84954  48.374  6.735  24.374 0.0000000000
86188  50.308  7.393  26.648 0.0000000000
86149  52.799  8.165  28.316 0.0000000000
83677  50.528  6.438  30.463 0.0000000000
84846  52.763  7.819  30.397 0.0000000000
77202  40.837  -0.094  32.565 0.0000000000
77130  44.228  0.101  35.980 0.0000000000
77074  47.496  0.004  39.443 0.0000000000
64786  41.284  -8.542  37.962 0.0000000000
66175  43.651  -7.142  39.538 0.0000000000
63221  46.093  -10.694  45.138 0.0000000000
64697  47.513  -8.343  42.506 0.0000000000
69905  45.702  -4.720  40.143 0.0000000000
72173  47.394  -2.601  41.990 0.0000000000
75799  47.715  -0.650  42.655 0.0000000000
86310  56.272  8.253  13.672 0.0000000000
85058  58.232  6.736  15.887 0.0000000000
86301  60.567  7.568  17.422 0.0000000000
55222  31.004  -15.863  55.156 0.0000000000
56490  12.976  -15.564  56.816 0.0000000000
56441  14.339  -14.354  59.452 0.0000000000
56457  12.714  -15.313  59.054 0.0000000000
77125  48.919  0.850  36.488 0.0000000000
77124  49.950  1.112  36.764 0.0000000000
55172  6.152  -15.972  59.516 0.0000000000
60418  31.911  -11.964  42.963 0.0000000000
60416  33.732  -12.746  42.956 0.0000000000
59302  33.120  -13.096  44.450 0.0000000000
58024  24.531  -14.041  48.178 0.0000000000
57997  23.678  -14.298  48.904 0.0000000000
58025  23.588  -14.185  48.060 0.0000000000
59305  25.178  -13.197  44.196 0.0000000000
58068  25.134  -13.637  46.510 0.0000000000
58049  25.365  -13.810  47.368 0.0000000000
56464  21.669  -15.250  57.254 0.0000000000
56433  22.361  -15.127  59.003 0.0000000000
85015  56.459  7.127  20.126 0.0000000000
85013  58.402  7.052  20.224 0.0000000000
83819  56.711  6.764  20.682 0.0000000000
86183  55.384  8.195  26.709 0.0000000000
86197  57.314  8.055  26.283 0.0000000000
82524  45.512  5.583  26.274 0.0000000000
83741  46.550  6.175  26.489 0.0000000000
82501  47.021  5.684  28.072 0.0000000000
71115  40.812  -3.354  35.929 0.0000000000
72243  41.897  -2.585  36.481 0.0000000000
73451  42.866  -1.836  37.085 0.0000000000
72227  43.045  -2.696  37.416 0.0000000000
60391  42.198  -12.173  44.497 0.0000000000
61753  42.711  -11.716  44.267 0.0000000000
60373  43.169  -11.765  45.284 0.0000000000
86238  54.356  7.945  19.730 0.0000000000
86257  54.884  8.061  18.902 0.0000000000
86237  55.273  7.844  19.673 0.0000000000
86255  56.871  7.903  18.927 0.0000000000
85085  58.892  7.583  11.341 0.0000000000
85073  58.390  7.269  11.710 0.0000000000
82665  58.925  5.999  12.084 0.0000000000
86313  57.250  8.154  12.533 0.0000000000
57990  31.229  -14.041  49.525 0.0000000000
58016  32.759  -14.030  48.609 0.0000000000
57947  32.355  -14.255  50.932 0.0000000000
56468  17.729  -14.969  57.583 0.0000000000
56437  18.278  -14.654  59.401 0.0000000000
56438  17.320  -14.458  59.515 0.0000000000
57877  16.458  -13.796  62.666 0.0000000000
57876  17.376  -13.884  62.591 0.0000000000
85020  52.132  7.690  20.552 0.0000000000
85001  52.721  7.506  21.224 0.0000000000
85002  51.844  7.214  21.257 0.0000000000
84967  50.504  6.904  23.246 0.0000000000
84966  51.465  6.785  23.083 0.0000000000
84951  51.285  6.890  24.097 0.0000000000
84932  53.289  6.781  24.962 0.0000000000
84934  50.970  7.024  25.072 0.0000000000
81069  46.612  3.531  31.452 0.0000000000
81068  47.139  4.250  31.086 0.0000000000
81034  47.499  3.630  33.021 0.0000000000
86240  52.497  8.001  19.773 0.0000000000
53943  9.956  -16.610  59.631 0.0000000000
53944  8.735  -16.776  59.435 0.0000000000
79885  42.303  3.480  26.840 0.0000000000
79844  43.657  3.036  28.550 0.0000000000
79845  43.024  2.943  28.083 0.0000000000
77222  43.304  0.487  30.903 0.0000000000
77242  43.906  1.316  30.377 0.0000000000
77199  44.539  0.591  32.351 0.0000000000
77177  45.811  0.753  33.561 0.0000000000
77178  44.809  0.096  33.376 0.0000000000
61856  34.129  -11.333  38.857 0.0000000000
59319  36.244  -13.705  43.064 0.0000000000
60436  37.319  -12.646  41.990 0.0000000000
59317  38.464  -13.326  43.091 0.0000000000
59316  39.548  -13.095  43.292 0.0000000000
58082  39.096  -14.110  44.581 0.0000000000
56676  35.276  -15.024  48.656 0.0000000000
56700  35.695  -14.974  46.870 0.0000000000
55319  36.298  -15.476  48.945 0.0000000000
56653  39.551  -15.600  49.532 0.0000000000
56686  40.941  -14.723  47.940 0.0000000000
55282  27.323  -15.417  52.365 0.0000000000
55264  27.076  -15.870  53.438 0.0000000000
55283  26.260  -15.748  52.594 0.0000000000
56612  23.110  -15.619  51.945 0.0000000000
55286  23.430  -15.824  52.974 0.0000000000
55287  22.765  -15.736  53.301 0.0000000000
55252  22.170  -15.730  54.683 0.0000000000
56581  21.075  -15.021  52.799 0.0000000000
58028  20.395  -14.539  48.290 0.0000000000
57951  17.152  -14.504  50.351 0.0000000000
56647  18.564  -14.333  50.057 0.0000000000
56583  18.751  -14.747  52.433 0.0000000000
56552  19.220  -15.055  53.555 0.0000000000
56553  18.083  -14.980  53.524 0.0000000000
56528  17.596  -14.868  54.637 0.0000000000
56554  16.927  -14.718  53.582 0.0000000000
56532  13.085  -15.188  54.039 0.0000000000
61816  29.799  -11.286  40.752 0.0000000000
63301  29.073  -10.550  40.945 0.0000000000
60382  27.433  -12.952  44.577 0.0000000000
60400  27.965  -12.604  43.920 0.0000000000
60398  29.685  -12.088  43.923 0.0000000000
60362  28.885  -12.832  45.546 0.0000000000
59259  30.167  -12.887  46.330 0.0000000000
59241  28.473  -13.385  46.942 0.0000000000
57971  26.933  -14.749  50.038 0.0000000000
57993  28.053  -14.610  49.267 0.0000000000
56607  27.826  -15.024  51.366 0.0000000000
56548  28.369  -15.114  52.609 0.0000000000
55187  26.725  -16.584  57.341 0.0000000000
56406  11.366  -14.546  62.839 0.0000000000
56405  12.043  -14.369  62.516 0.0000000000
85029  61.657  7.188  19.479 0.0000000000
82574  60.469  5.428  21.603 0.0000000000
82572  61.279  5.346  20.981 0.0000000000
81176  61.034  4.752  22.711 0.0000000000
81174  60.775  4.876  23.508 0.0000000000
83785  55.866  5.863  23.394 0.0000000000
82566  57.073  5.656  23.049 0.0000000000
82543  57.159  5.812  24.115 0.0000000000
83763  59.478  6.727  25.037 0.0000000000
84902  49.379  7.126  27.103 0.0000000000
84917  49.119  6.949  26.100 0.0000000000
84901  50.118  7.426  27.347 0.0000000000
86168  51.412  7.794  27.523 0.0000000000
84882  51.292  7.707  28.137 0.0000000000
82430  49.384  5.259  32.023 0.0000000000
82458  49.124  5.678  29.890 0.0000000000
83658  50.216  5.935  31.908 0.0000000000
77203  39.795  0.108  32.685 0.0000000000
75870  43.379  -0.357  37.368 0.0000000000
77131  43.441  -0.326  35.818 0.0000000000
75868  44.749  -0.153  38.415 0.0000000000
77095  45.359  -0.200  37.860 0.0000000000
75852  45.739  -0.259  39.941 0.0000000000
63342  36.884  -10.822  38.608 0.0000000000
63340  38.876  -10.254  38.658 0.0000000000
61807  42.983  -10.422  41.030 0.0000000000
63338  41.216  -9.553  39.050 0.0000000000
63317  43.277  -9.471  40.457 0.0000000000
66177  42.387  -8.111  38.995 0.0000000000
64742  44.393  -8.240  40.313 0.0000000000
61721  45.804  -11.212  45.690 0.0000000000
67444  47.933  -6.727  42.276 0.0000000000
67460  46.691  -6.706  41.192 0.0000000000
68687  47.576  -5.657  41.670 0.0000000000
71054  46.576  -3.852  40.957 0.0000000000
69890  47.769  -4.388  42.123 0.0000000000
86304  55.187  8.665  16.195 0.0000000000
86308  55.510  8.622  15.089 0.0000000000
85060  56.891  7.456  15.130 0.0000000000
85053  57.118  7.407  15.932 0.0000000000
86272  59.564  8.409  18.750 0.0000000000
85042  59.000  7.266  17.508 0.0000000000
87377  60.671  8.083  18.087 0.0000000000
85041  61.458  7.165  17.659 0.0000000000
82702  61.344  6.083  10.703 0.0000000000
82647  60.724  5.024  13.480 0.0000000000
82630  61.800  4.985  14.808 0.0000000000
83850  61.728  5.515  15.442 0.0000000000
57939  31.101  -14.672  52.133 0.0000000000
56572  32.056  -14.772  52.424 0.0000000000
56520  32.048  -15.359  53.886 0.0000000000
56471  14.810  -14.548  57.639 0.0000000000
56439  16.342  -14.267  59.306 0.0000000000
57907  15.147  -14.016  59.266 0.0000000000
57898  14.915  -13.901  61.053 0.0000000000
57889  14.789  -13.875  61.981 0.0000000000
84987  49.791  6.922  22.355 0.0000000000
84968  49.545  6.858  23.332 0.0000000000
79765  47.564  2.437  33.657 0.0000000000
79764  48.133  3.017  33.977 0.0000000000
78450  49.324  2.364  35.311 0.0000000000
78439  50.808  2.053  36.528 0.0000000000
53945  7.664  -16.709  59.328 0.0000000000
53946  6.863  -16.271  59.457 0.0000000000
55163  6.611  -15.994  60.429 0.0000000000
78537  42.206  2.003  28.147 0.0000000000
75973  41.913  -0.348  30.643 0.0000000000
60470  34.246  -11.954  40.477 0.0000000000
60459  33.611  -12.044  41.312 0.0000000000
59335  34.657  -12.948  42.798 0.0000000000
58099  36.489  -14.541  44.343 0.0000000000
56660  25.897  -14.917  50.006 0.0000000000
55298  25.510  -15.622  51.824 0.0000000000
56661  24.852  -14.981  49.854 0.0000000000
56643  22.810  -15.149  50.697 0.0000000000
56644  21.652  -14.893  50.610 0.0000000000
56618  15.646  -14.760  51.473 0.0000000000
57953  14.984  -14.589  50.503 0.0000000000
59304  26.088  -13.067  44.289 0.0000000000
59263  26.696  -13.165  45.933 0.0000000000
59242  27.541  -13.483  46.727 0.0000000000
58048  26.534  -13.800  47.337 0.0000000000
57995  25.750  -14.468  49.161 0.0000000000
55190  24.258  -15.874  57.214 0.0000000000
86233  59.157  7.699  19.724 0.0000000000
85011  60.476  6.970  20.019 0.0000000000
85012  59.470  6.914  20.115 0.0000000000
82582  59.356  5.638  20.943 0.0000000000
82575  59.685  5.443  21.509 0.0000000000
83751  56.072  6.589  25.155 0.0000000000
83750  56.965  6.727  25.315 0.0000000000
84928  57.161  7.380  25.807 0.0000000000
86195  58.677  7.820  26.541 0.0000000000
84956  46.572  6.367  24.256 0.0000000000
84939  46.455  6.150  25.278 0.0000000000
84904  47.471  6.510  27.054 0.0000000000
84884  49.207  6.702  28.157 0.0000000000
83646  51.625  6.620  32.960 0.0000000000
75905  39.485  -0.037  34.432 0.0000000000
77145  41.160  -0.285  34.658 0.0000000000
75894  41.325  -0.680  35.674 0.0000000000
74642  42.884  -0.963  37.200 0.0000000000
74621  44.148  -0.859  39.493 0.0000000000
61810  39.420  -11.624  41.514 0.0000000000
61831  39.636  -11.035  40.380 0.0000000000
61786  41.687  -11.538  42.252 0.0000000000
61785  42.751  -11.135  42.053 0.0000000000
63273  44.182  -10.745  42.680 0.0000000000
86295  53.220  9.224  17.610 0.0000000000
87379  53.510  9.544  17.014 0.0000000000
86294  54.005  8.925  17.237 0.0000000000
86293  54.955  8.595  17.230 0.0000000000
86292  55.952  8.264  17.188 0.0000000000
86291  57.144  7.694  17.320 0.0000000000
86275  56.490  8.081  18.129 0.0000000000
86254  57.847  8.256  19.137 0.0000000000
85083  60.517  7.621  10.684 0.0000000000
83879  60.486  6.842  10.858 0.0000000000
82684  60.756  6.103  11.367 0.0000000000
82682  61.624  4.702  12.057 0.0000000000
82663  60.546  5.551  12.229 0.0000000000
82648  60.024  5.651  13.169 0.0000000000
83852  59.475  5.720  14.373 0.0000000000
59257  32.254  -13.314  46.324 0.0000000000
58085  33.538  -13.807  46.185 0.0000000000
59236  32.972  -13.916  47.182 0.0000000000
58014  33.958  -14.430  48.973 0.0000000000
56633  35.036  -15.115  50.308 0.0000000000
56466  19.729  -15.140  57.457 0.0000000000
56434  21.383  -15.085  59.212 0.0000000000
56450  19.526  -14.889  58.430 0.0000000000
57892  19.971  -14.510  61.241 0.0000000000
57895  17.616  -14.428  60.694 0.0000000000
57874  18.867  -14.477  62.092 0.0000000000
85018  53.886  7.811  20.494 0.0000000000
84998  55.087  7.321  20.988 0.0000000000
84982  53.973  7.226  21.675 0.0000000000
83796  53.699  6.941  22.236 0.0000000000
83787  53.704  6.560  22.964 0.0000000000
84985  51.602  6.909  22.125 0.0000000000
83788  52.937  6.610  23.134 0.0000000000
83753  54.323  6.440  24.754 0.0000000000
84931  54.416  6.798  25.578 0.0000000000
84911  54.782  7.578  26.113 0.0000000000
86184  54.142  8.010  26.755 0.0000000000
81122  45.966  4.376  28.752 0.0000000000
82479  47.481  5.204  29.275 0.0000000000
81082  47.129  4.373  29.967 0.0000000000
82446  48.476  5.031  31.250 0.0000000000
82415  49.568  5.003  33.306 0.0000000000
79763  48.876  3.545  34.177 0.0000000000
81013  50.212  4.427  34.418 0.0000000000
82393  50.760  5.240  34.459 0.0000000000
68771  42.162  -5.240  37.238 0.0000000000
60349  44.008  -12.618  46.558 0.0000000000
86280  51.633  9.221  18.032 0.0000000000
86259  52.991  8.246  18.932 0.0000000000
86239  53.440  8.010  19.770 0.0000000000
87411  58.968  9.614  12.557 0.0000000000
88548  57.804  10.346  12.800 0.0000000000
55193  11.513  -16.274  57.601 0.0000000000
56458  12.149  -15.439  59.647 0.0000000000
55181  10.928  -16.318  59.109 0.0000000000
55160  10.515  -16.168  60.630 0.0000000000
56408  9.771  -15.252  62.947 0.0000000000
55161  8.265  -16.609  61.014 0.0000000000
82525  44.339  5.154  26.448 0.0000000000
81154  43.557  4.607  26.544 0.0000000000
82517  44.494  4.832  27.110 0.0000000000
81124  44.577  3.889  28.297 0.0000000000
79822  45.670  3.441  29.818 0.0000000000
79797  46.083  2.949  31.287 0.0000000000
78521  43.298  1.938  29.203 0.0000000000
78508  45.304  2.058  31.292 0.0000000000
78492  46.353  1.998  32.682 0.0000000000
78465  47.010  1.429  33.816 0.0000000000
77138  47.845  0.818  35.478 0.0000000000
77110  48.088  0.185  37.439 0.0000000000
61854  36.528  -11.247  39.296 0.0000000000
60469  35.312  -11.945  40.542 0.0000000000
61812  37.587  -12.069  40.993 0.0000000000
61811  38.252  -11.870  41.047 0.0000000000
60414  39.853  -12.558  42.850 0.0000000000
60393  40.756  -12.593  44.001 0.0000000000
59275  41.659  -13.233  45.440 0.0000000000
58084  34.231  -14.017  45.904 0.0000000000
56711  35.995  -14.830  45.873 0.0000000000
56710  36.973  -15.022  45.683 0.0000000000
55317  37.974  -15.858  49.249 0.0000000000
55335  38.491  -15.646  47.346 0.0000000000
56697  38.709  -15.291  45.912 0.0000000000
58040  40.493  -14.328  46.556 0.0000000000
58039  41.142  -14.176  47.230 0.0000000000
59234  42.138  -13.930  46.807 0.0000000000
55202  29.290  -16.305  56.047 0.0000000000
55203  28.078  -16.492  56.234 0.0000000000
55225  27.460  -16.188  55.525 0.0000000000
55227  25.250  -16.215  55.638 0.0000000000
55284  25.257  -15.856  52.802 0.0000000000
55249  24.556  -16.234  54.591 0.0000000000
55228  24.360  -16.172  55.428 0.0000000000
55208  23.030  -15.499  56.225 0.0000000000
55210  21.890  -15.545  55.833 0.0000000000
56482  20.917  -15.505  56.431 0.0000000000
58027  21.616  -14.657  48.045 0.0000000000
56680  21.132  -14.750  48.814 0.0000000000
56645  20.522  -14.656  50.479 0.0000000000
57972  19.022  -14.362  49.435 0.0000000000
56646  19.418  -14.444  50.185 0.0000000000
56614  20.789  -14.755  51.631 0.0000000000
56551  20.281  -15.262  53.661 0.0000000000
56526  19.699  -15.291  54.582 0.0000000000
56483  19.958  -15.350  56.491 0.0000000000
56505  18.299  -14.972  55.607 0.0000000000
56506  17.298  -14.781  55.711 0.0000000000
56507  16.486  -14.687  55.918 0.0000000000
56555  15.727  -14.738  53.576 0.0000000000
56530  15.122  -14.692  54.578 0.0000000000
56488  15.139  -14.475  56.625 0.0000000000
56489  14.133  -14.977  56.613 0.0000000000
56510  13.373  -15.266  55.322 0.0000000000
55233  12.303  -16.004  55.522 0.0000000000
55234  11.033  -16.543  55.603 0.0000000000
53987  10.083  -16.421  56.022 0.0000000000
61815  30.845  -11.476  40.621 0.0000000000
60442  30.989  -11.541  42.085 0.0000000000
60397  30.812  -11.848  43.678 0.0000000000
61773  29.097  -11.459  42.478 0.0000000000
59281  31.370  -12.688  45.300 0.0000000000
59258  31.262  -12.822  46.222 0.0000000000
59220  30.605  -13.705  47.783 0.0000000000
57991  30.267  -14.342  49.438 0.0000000000
58020  28.808  -14.295  48.426 0.0000000000
57992  29.198  -14.650  49.254 0.0000000000
56635  29.767  -14.999  50.931 0.0000000000
56575  29.581  -15.003  52.313 0.0000000000
56523  29.386  -15.152  53.561 0.0000000000
56428  12.595  -14.715  60.876 0.0000000000
57880  13.719  -13.795  62.890 0.0000000000
83813  61.380  5.926  20.114 0.0000000000
83808  56.475  6.504  21.564 0.0000000000
82577  57.993  5.475  22.252 0.0000000000
82553  59.490  5.633  23.612 0.0000000000
83765  58.573  6.904  25.038 0.0000000000
83780  59.474  6.123  24.387 0.0000000000
82541  60.449  5.244  23.868 0.0000000000
84989  47.811  6.662  22.425 0.0000000000
84953  49.309  6.883  24.296 0.0000000000
84937  48.276  6.816  25.300 0.0000000000
84936  49.144  6.885  25.221 0.0000000000
84935  50.013  7.010  25.138 0.0000000000
84914  51.560  7.333  25.916 0.0000000000
86185  53.041  7.879  26.710 0.0000000000
86166  53.445  8.200  27.535 0.0000000000
83700  48.160  5.987  29.055 0.0000000000
83698  49.438  6.210  29.367 0.0000000000
84866  50.032  6.793  28.960 0.0000000000
83665  51.317  6.703  31.367 0.0000000000
84847  51.382  7.151  30.317 0.0000000000
84865  50.915  7.369  29.062 0.0000000000
84864  52.082  7.673  29.077 0.0000000000
86134  54.174  8.555  29.382 0.0000000000
75974  40.828  -0.608  30.997 0.0000000000
77201  41.950  -0.227  32.350 0.0000000000
77160  41.754  -0.406  34.028 0.0000000000
77159  42.863  -0.807  34.102 0.0000000000
77158  44.008  -0.560  34.216 0.0000000000
77141  45.044  0.019  35.319 0.0000000000
77112  46.115  -0.062  37.166 0.0000000000
77073  48.563  0.135  39.512 0.0000000000
63339  40.029  -10.105  38.526 0.0000000000
66198  41.109  -7.574  37.477 0.0000000000
67527  41.888  -6.669  37.655 0.0000000000
68754  43.317  -5.632  38.278 0.0000000000
61723  44.149  -11.279  45.613 0.0000000000
63245  45.018  -10.562  44.155 0.0000000000
63271  45.453  -10.183  42.789 0.0000000000
64661  47.489  -9.441  43.573 0.0000000000
63296  45.917  -9.068  41.440 0.0000000000
66152  45.103  -7.547  40.369 0.0000000000
68717  44.690  -5.715  39.417 0.0000000000
69918  44.396  -4.941  39.074 0.0000000000
72211  44.675  -3.249  38.908 0.0000000000
72198  45.838  -2.786  40.175 0.0000000000
73408  45.875  -1.267  40.534 0.0000000000
71020  48.533  -3.588  43.432 0.0000000000
73395  47.112  -1.640  42.288 0.0000000000
75824  46.483  -0.618  41.040 0.0000000000
77040  46.977  -0.128  41.042 0.0000000000
88549  56.941  10.241  12.847 0.0000000000
86314  56.645  8.754  12.819 0.0000000000
85066  57.277  7.285  13.272 0.0000000000
85062  58.147  6.717  15.082 0.0000000000
83846  58.746  6.321  15.468 0.0000000000
85043  58.075  7.389  17.142 0.0000000000
85051  58.712  6.872  16.674 0.0000000000
83837  60.396  6.361  16.238 0.0000000000
85055  61.777  6.201  16.738 0.0000000000
55201  30.465  -16.125  55.951 0.0000000000
56473  12.915  -15.335  58.077 0.0000000000
55179  12.337  -15.539  58.386 0.0000000000
77109  49.264  0.297  37.652 0.0000000000
75880  49.987  0.260  38.087 0.0000000000
60395  32.725  -12.713  43.977 0.0000000000
59322  33.180  -12.857  43.782 0.0000000000
58050  24.344  -13.911  47.273 0.0000000000
58051  23.321  -14.083  47.210 0.0000000000
56447  22.485  -14.941  58.021 0.0000000000
56448  21.528  -15.034  58.205 0.0000000000
85016  55.584  7.453  20.315 0.0000000000
84997  55.974  7.159  20.963 0.0000000000
86182  56.499  8.582  26.828 0.0000000000
86163  56.776  9.155  27.457 0.0000000000
82515  46.259  5.752  27.253 0.0000000000
71103  41.927  -3.533  36.709 0.0000000000
71114  41.335  -3.390  36.326 0.0000000000
71102  42.597  -3.608  37.140 0.0000000000
72242  42.474  -2.659  36.902 0.0000000000
71086  43.220  -3.669  37.660 0.0000000000
60358  42.511  -12.721  45.582 0.0000000000
60374  42.707  -12.066  45.103 0.0000000000
86236  56.188  7.565  19.546 0.0000000000
85086  58.488  8.237  11.701 0.0000000000
86322  58.010  8.642  11.973 0.0000000000
85074  57.931  7.470  12.102 0.0000000000
57989  32.203  -14.094  49.422 0.0000000000
57966  31.772  -14.121  50.340 0.0000000000
56469  16.779  -14.715  57.612 0.0000000000
56452  17.506  -14.749  58.532 0.0000000000
56453  16.526  -14.595  58.559 0.0000000000
85021  51.155  7.588  20.635 0.0000000000
84933  52.031  7.049  24.985 0.0000000000
81052  46.776  3.389  32.135 0.0000000000
81051  47.299  3.880  32.319 0.0000000000
53953  9.404  -16.820  58.494 0.0000000000
79886  41.758  3.420  26.487 0.0000000000
79867  42.052  2.986  26.903 0.0000000000
79866  42.621  3.217  27.413 0.0000000000
78550  42.550  2.563  27.926 0.0000000000
77221  44.132  0.950  31.361 0.0000000000
58108  36.866  -14.046  43.628 0.0000000000
59318  37.308  -13.504  43.034 0.0000000000
58107  37.759  -13.855  43.551 0.0000000000
58097  38.552  -13.972  44.057 0.0000000000
56719  38.704  -14.276  44.611 0.0000000000
56656  35.895  -15.173  49.468 0.0000000000
56675  36.002  -15.328  48.478 0.0000000000
56655  36.514  -15.380  50.005 0.0000000000
56579  22.824  -15.719  52.791 0.0000000000
56580  22.139  -15.486  53.020 0.0000000000
56616  18.210  -14.362  51.075 0.0000000000
56584  17.505  -14.751  52.415 0.0000000000
56585  16.289  -14.780  52.495 0.0000000000
60381  28.260  -12.715  44.940 0.0000000000
60363  28.368  -12.923  45.538 0.0000000000
59260  29.186  -12.937  46.321 0.0000000000
59261  28.290  -13.152  46.089 0.0000000000
56639  26.912  -14.898  50.573 0.0000000000
56638  27.649  -14.947  50.725 0.0000000000
56608  27.128  -15.060  51.266 0.0000000000
56578  27.472  -15.161  51.746 0.0000000000
55205  25.784  -16.332  56.672 0.0000000000
56394  10.921  -14.422  63.506 0.0000000000
57871  11.565  -13.937  63.789 0.0000000000
87357  60.838  7.815  18.713 0.0000000000
86249  61.739  7.371  19.088 0.0000000000
86250  61.433  7.497  19.192 0.0000000000
82561  60.574  5.334  22.434 0.0000000000
82560  61.124  5.205  22.142 0.0000000000
79927  60.736  4.419  23.150 0.0000000000
82545  56.058  5.738  23.887 0.0000000000
82558  56.262  5.714  23.668 0.0000000000
82544  56.473  5.741  24.082 0.0000000000
86151  50.949  7.773  27.763 0.0000000000
77183  39.456  0.830  33.326 0.0000000000
75854  44.196  -0.254  38.910 0.0000000000
75869  44.038  0.041  37.823 0.0000000000
75853  45.106  -0.227  39.384 0.0000000000
61853  37.612  -11.059  39.454 0.0000000000
63341  37.827  -10.387  38.739 0.0000000000
61852  38.687  -10.827  39.475 0.0000000000
61806  43.744  -10.223  41.358 0.0000000000
61828  42.675  -9.965  40.375 0.0000000000
64743  43.712  -8.578  40.158 0.0000000000
64722  44.271  -8.880  40.479 0.0000000000
67426  48.337  -6.928  43.245 0.0000000000
68675  48.161  -5.663  42.654 0.0000000000
69882  48.380  -4.613  43.022 0.0000000000
87359  59.935  8.508  18.905 0.0000000000
87371  60.109  8.453  18.548 0.0000000000
87370  60.549  8.191  18.454 0.0000000000
87369  60.937  7.840  18.304 0.0000000000
81317  61.753  4.365  11.019 0.0000000000
82631  61.195  5.347  14.779 0.0000000000
83851  61.485  5.601  15.411 0.0000000000
56573  31.276  -14.810  52.553 0.0000000000
56521  31.122  -15.231  53.965 0.0000000000
56455  14.552  -14.504  58.586 0.0000000000
57905  14.161  -14.113  60.320 0.0000000000
84988  48.829  6.741  22.367 0.0000000000
78464  47.672  1.712  34.071 0.0000000000
78463  48.354  2.049  34.404 0.0000000000
78451  48.770  1.829  35.178 0.0000000000
53955  7.148  -16.325  58.426 0.0000000000
55153  6.061  -15.806  61.200 0.0000000000
60460  32.512  -11.868  41.017 0.0000000000
59321  33.892  -13.029  43.519 0.0000000000
59320  35.027  -13.713  43.481 0.0000000000
58109  35.809  -14.281  43.791 0.0000000000
58110  35.213  -14.179  44.055 0.0000000000
57998  23.024  -14.460  48.653 0.0000000000
56662  23.757  -14.773  49.786 0.0000000000
56663  22.607  -14.766  49.455 0.0000000000
59285  25.542  -13.337  45.030 0.0000000000
59284  26.562  -13.161  45.067 0.0000000000
59243  26.869  -13.440  46.502 0.0000000000
58067  26.088  -13.586  46.558 0.0000000000
58023  25.579  -14.021  48.277 0.0000000000
55191  23.547  -15.552  57.009 0.0000000000
56445  23.828  -15.529  58.059 0.0000000000
83818  57.522  6.493  20.815 0.0000000000
83817  58.626  5.918  20.784 0.0000000000
82576  58.602  5.446  21.780 0.0000000000
84930  55.405  7.028  25.668 0.0000000000
84929  56.271  7.245  25.708 0.0000000000
86196  58.158  8.033  26.425 0.0000000000
83772  45.373  5.821  24.810 0.0000000000
84940  45.826  5.852  24.875 0.0000000000
83733  47.400  6.291  27.580 0.0000000000
83740  47.042  6.469  26.952 0.0000000000
84903  48.193  6.631  27.320 0.0000000000
84885  48.461  6.605  28.026 0.0000000000
75906  38.949  -0.097  34.398 0.0000000000
75904  40.715  -0.496  35.154 0.0000000000
74661  41.580  -0.953  36.027 0.0000000000
73443  43.228  -1.759  37.848 0.0000000000
74652  42.628  -1.315  36.871 0.0000000000
73432  43.496  -1.386  38.484 0.0000000000
74634  43.391  -0.912  37.992 0.0000000000
73431  43.943  -1.609  39.048 0.0000000000
61787  40.573  -11.775  42.488 0.0000000000
61809  40.617  -11.079  41.396 0.0000000000
61768  42.654  -11.337  43.181 0.0000000000
61767  43.479  -10.973  42.880 0.0000000000
63262  44.029  -10.864  43.266 0.0000000000
86278  53.544  8.609  18.163 0.0000000000
86277  54.468  8.399  18.081 0.0000000000
86235  57.198  7.473  19.489 0.0000000000
86253  58.879  8.210  19.227 0.0000000000
85084  60.067  7.603  11.102 0.0000000000
83867  60.212  6.337  11.689 0.0000000000
83868  59.775  6.402  11.824 0.0000000000
83858  58.367  6.208  12.729 0.0000000000
82649  59.100  5.682  13.003 0.0000000000
82633  59.468  5.683  13.789 0.0000000000
83853  58.532  6.160  14.133 0.0000000000
59237  32.283  -13.839  47.033 0.0000000000
58043  32.506  -14.040  47.792 0.0000000000
57964  33.375  -14.219  49.949 0.0000000000
58015  33.517  -14.115  48.727 0.0000000000
57963  33.874  -14.377  49.749 0.0000000000
56658  34.218  -14.596  49.399 0.0000000000
56634  34.288  -14.695  50.047 0.0000000000
56424  18.993  -14.560  60.267 0.0000000000
57893  19.470  -14.524  61.070 0.0000000000
57883  19.745  -14.546  61.613 0.0000000000
57884  19.114  -14.524  61.595 0.0000000000
57903  15.941  -13.926  59.832 0.0000000000
57902  16.910  -14.144  60.016 0.0000000000
84999  54.295  7.512  21.062 0.0000000000
85000  53.513  7.606  21.171 0.0000000000
84984  52.490  6.983  21.898 0.0000000000
84983  53.246  7.209  21.782 0.0000000000
85004  50.047  7.144  21.531 0.0000000000
85003  50.913  7.202  21.449 0.0000000000
84950  52.451  6.734  23.875 0.0000000000
83770  53.869  6.299  23.991 0.0000000000
84912  53.701  7.407  26.043 0.0000000000
81101  46.278  4.162  29.342 0.0000000000
81100  46.912  4.627  29.428 0.0000000000
82432  47.826  4.315  32.172 0.0000000000
82447  47.814  4.473  31.612 0.0000000000
82431  48.309  4.628  32.235 0.0000000000
82416  48.786  4.774  32.883 0.0000000000
79750  49.318  3.052  34.793 0.0000000000
80991  50.513  4.249  35.150 0.0000000000
82394  50.103  4.837  33.968 0.0000000000
82392  51.347  5.626  34.979 0.0000000000
68785  40.165  -5.425  36.215 0.0000000000
69952  40.606  -4.960  36.251 0.0000000000
68773  40.762  -5.482  36.557 0.0000000000
86260  51.966  8.294  18.862 0.0000000000
88547  58.700  10.250  12.958 0.0000000000
53963  10.821  -16.591  57.536 0.0000000000
53951  11.160  -16.393  58.125 0.0000000000
53952  10.579  -16.561  58.561 0.0000000000
53933  9.996  -16.487  60.707 0.0000000000
55171  10.340  -16.403  60.188 0.0000000000
55149  10.130  -15.910  61.528 0.0000000000
56419  10.168  -15.262  62.291 0.0000000000
55140  9.851  -15.535  62.273 0.0000000000
53935  8.046  -16.688  60.228 0.0000000000
82533  44.683  5.552  25.643 0.0000000000
82534  43.506  5.442  25.400 0.0000000000
81155  42.423  4.071  26.464 0.0000000000
81167  42.859  4.773  25.831 0.0000000000
81153  44.181  4.732  26.924 0.0000000000
81143  44.320  4.289  27.590 0.0000000000
79824  44.087  2.814  29.140 0.0000000000
79843  44.553  3.397  28.790 0.0000000000
79807  45.444  2.645  30.655 0.0000000000
77284  42.400  1.711  28.587 0.0000000000
77264  43.489  1.516  29.672 0.0000000000
78501  44.896  1.490  31.667 0.0000000000
78509  44.717  1.840  30.820 0.0000000000
78500  45.518  1.907  31.840 0.0000000000
79788  45.915  2.217  31.978 0.0000000000
78493  45.868  1.804  32.355 0.0000000000
78481  46.697  1.668  33.198 0.0000000000
78482  46.044  1.442  32.904 0.0000000000
75914  46.346  0.580  34.676 0.0000000000
77155  46.799  0.828  34.480 0.0000000000
77139  46.791  0.412  35.351 0.0000000000
77126  47.938  0.368  36.425 0.0000000000
77127  46.971  0.181  36.328 0.0000000000
63343  36.166  -10.996  38.674 0.0000000000
60458  34.703  -12.246  41.318 0.0000000000
60457  35.781  -12.204  41.312 0.0000000000
60456  36.900  -12.285  41.198 0.0000000000
60455  37.872  -12.255  41.534 0.0000000000
60454  38.651  -12.039  41.754 0.0000000000
60434  39.311  -12.142  42.293 0.0000000000
60415  39.132  -12.749  42.699 0.0000000000
59298  40.040  -13.255  44.188 0.0000000000
60394  40.207  -12.769  43.497 0.0000000000
59297  40.732  -13.077  44.599 0.0000000000
59276  41.153  -13.233  45.175 0.0000000000
59255  40.773  -13.492  45.664 0.0000000000
58066  33.606  -13.965  46.781 0.0000000000
56689  36.492  -15.441  47.547 0.0000000000
56699  36.652  -15.185  46.552 0.0000000000
56674  39.755  -15.452  48.518 0.0000000000
55316  38.980  -15.924  48.840 0.0000000000
55325  39.221  -15.658  47.882 0.0000000000
55343  38.552  -15.454  46.661 0.0000000000
55334  39.264  -15.419  46.964 0.0000000000
56696  39.677  -14.832  46.162 0.0000000000
55224  28.675  -16.102  55.266 0.0000000000
55247  26.695  -16.045  54.577 0.0000000000
55226  26.298  -16.184  55.680 0.0000000000
55248  25.469  -16.215  54.732 0.0000000000
56610  24.891  -15.619  51.598 0.0000000000
55299  24.684  -15.741  52.163 0.0000000000
55268  23.189  -15.792  53.862 0.0000000000
55267  24.003  -16.000  53.771 0.0000000000
53996  24.664  -16.277  55.042 0.0000000000
55207  23.862  -15.911  56.323 0.0000000000
55229  23.391  -15.845  55.434 0.0000000000
55253  21.609  -15.637  54.653 0.0000000000
55231  21.836  -15.635  55.350 0.0000000000
55232  21.447  -15.588  55.059 0.0000000000
56481  21.835  -15.468  56.297 0.0000000000
56502  21.204  -15.549  55.480 0.0000000000
56665  20.343  -14.623  49.391 0.0000000000
56664  21.366  -14.759  49.595 0.0000000000
58001  18.719  -14.319  48.698 0.0000000000
57973  18.245  -14.281  49.418 0.0000000000
56582  19.943  -14.861  52.590 0.0000000000
56503  20.263  -15.406  55.530 0.0000000000
56504  19.281  -15.278  55.552 0.0000000000
56484  18.962  -15.279  56.544 0.0000000000
56486  17.062  -14.754  56.685 0.0000000000
56586  15.127  -14.785  52.492 0.0000000000
56556  14.577  -14.719  53.462 0.0000000000
56508  15.615  -14.640  55.693 0.0000000000
56509  14.533  -14.728  55.535 0.0000000000
55271  12.511  -15.387  53.763 0.0000000000
55255  11.552  -15.918  54.471 0.0000000000
61791  29.869  -11.306  41.645 0.0000000000
61790  30.698  -11.532  41.484 0.0000000000
61771  30.473  -11.466  42.215 0.0000000000
60419  31.058  -11.635  42.650 0.0000000000
61793  28.517  -10.948  41.936 0.0000000000
61757  29.006  -12.081  43.106 0.0000000000
60379  30.288  -12.297  44.707 0.0000000000
60378  31.160  -12.317  44.690 0.0000000000
59221  29.984  -13.540  47.659 0.0000000000
59239  30.472  -13.235  47.079 0.0000000000
58018  30.828  -13.997  48.624 0.0000000000
58019  29.910  -14.123  48.378 0.0000000000
58047  27.605  -13.823  47.598 0.0000000000
58046  28.596  -13.825  47.702 0.0000000000
57969  28.425  -14.988  50.146 0.0000000000
57968  29.596  -14.867  50.167 0.0000000000
56604  30.185  -14.968  51.558 0.0000000000
56605  29.259  -15.025  51.573 0.0000000000
55262  28.912  -15.215  53.504 0.0000000000
55245  29.131  -15.528  54.189 0.0000000000
56422  21.244  -15.003  60.252 0.0000000000
56413  21.974  -15.121  60.746 0.0000000000
55169  11.578  -15.652  60.000 0.0000000000
56444  12.045  -15.163  60.344 0.0000000000
57870  12.563  -13.691  63.910 0.0000000000
57881  12.787  -14.021  62.882 0.0000000000
57869  13.442  -13.539  63.650 0.0000000000
57868  14.298  -13.357  63.618 0.0000000000
59153  13.943  -13.029  64.244 0.0000000000
83814  61.156  6.284  20.114 0.0000000000
81178  61.456  4.663  21.840 0.0000000000
83809  55.371  6.876  21.604 0.0000000000
82556  57.404  5.716  23.477 0.0000000000
82565  57.539  5.617  22.729 0.0000000000
82564  58.372  5.458  22.789 0.0000000000
82563  59.208  5.375  22.684 0.0000000000
82554  58.787  5.675  23.589 0.0000000000
83749  57.855  6.897  25.412 0.0000000000
83766  57.668  6.364  24.697 0.0000000000
83779  59.654  5.999  24.492 0.0000000000
82542  59.920  5.664  24.240 0.0000000000
81162  60.585  5.041  24.213 0.0000000000
84970  47.565  6.631  23.393 0.0000000000
84969  48.573  6.670  23.399 0.0000000000
84938  47.388  6.579  25.325 0.0000000000
86189  49.744  7.236  26.598 0.0000000000
84916  49.816  7.145  25.967 0.0000000000
84915  50.626  7.228  25.945 0.0000000000
84899  51.867  7.771  27.727 0.0000000000
86167  52.395  7.905  27.507 0.0000000000
83678  49.746  6.016  30.227 0.0000000000
83697  50.104  6.438  29.735 0.0000000000
84840  52.129  7.183  31.369 0.0000000000
75949  40.367  -0.349  32.000 0.0000000000
75948  41.399  -0.285  31.665 0.0000000000
75903  41.490  -0.414  35.205 0.0000000000
77161  40.691  -0.156  33.953 0.0000000000
77144  42.157  -0.486  34.955 0.0000000000
77143  43.221  -0.671  35.024 0.0000000000
77142  44.150  -0.309  35.173 0.0000000000
77129  45.072  0.021  36.170 0.0000000000
77094  46.247  -0.293  38.126 0.0000000000
77093  47.201  0.061  38.390 0.0000000000
61830  40.920  -10.577  40.041 0.0000000000
61851  39.769  -10.621  39.356 0.0000000000
63355  41.128  -9.105  38.324 0.0000000000
64787  40.584  -8.332  37.453 0.0000000000
66176  43.019  -7.624  39.293 0.0000000000
66196  42.751  -7.222  38.718 0.0000000000
67501  43.104  -6.874  38.846 0.0000000000
67525  43.403  -6.323  38.623 0.0000000000
60356  44.460  -11.525  46.148 0.0000000000
61737  45.429  -10.876  45.189 0.0000000000
63244  45.707  -10.470  44.574 0.0000000000
63260  45.611  -10.267  43.731 0.0000000000
64678  47.786  -8.541  43.110 0.0000000000
64679  47.170  -9.017  42.797 0.0000000000
63280  46.760  -9.329  42.405 0.0000000000
64698  46.856  -8.588  41.972 0.0000000000
64720  45.776  -8.516  41.133 0.0000000000
64719  46.332  -8.200  41.423 0.0000000000
68703  45.945  -5.612  40.473 0.0000000000
67461  46.148  -6.516  40.691 0.0000000000
68716  45.320  -5.665  39.886 0.0000000000
69906  45.059  -4.779  39.623 0.0000000000
71071  44.914  -3.892  39.188 0.0000000000
71063  45.496  -3.779  39.786 0.0000000000
72185  46.928  -2.980  41.176 0.0000000000
72197  46.415  -2.593  40.632 0.0000000000
73420  45.271  -1.664  40.209 0.0000000000
73418  46.601  -2.139  40.969 0.0000000000
71019  49.008  -3.688  43.980 0.0000000000
73383  47.973  -1.624  43.406 0.0000000000
74591  47.290  -1.013  42.657 0.0000000000
74598  46.773  -0.963  42.123 0.0000000000
75812  47.205  -0.538  42.159 0.0000000000
75823  46.954  -0.347  41.491 0.0000000000
75822  47.422  -0.333  41.906 0.0000000000
88531  57.288  10.898  13.197 0.0000000000
87387  53.272  10.069  16.606 0.0000000000
87386  53.919  9.646  16.277 0.0000000000
86315  56.003  8.892  13.305 0.0000000000
85067  56.768  7.962  13.225 0.0000000000
85064  56.728  7.560  14.073 0.0000000000
85059  57.591  7.053  15.486 0.0000000000
85063  57.545  6.982  14.436 0.0000000000
83839  58.741  6.536  16.097 0.0000000000
85044  57.521  7.473  16.871 0.0000000000
85050  59.882  7.090  17.025 0.0000000000
85049  60.937  6.879  16.926 0.0000000000
85056  61.535  6.274  16.566 0.0000000000
85039  61.828  6.444  17.553 0.0000000000
86343  61.038  8.333  10.355 0.0000000000
85093  60.778  7.335  10.133 0.0000000000
56456  13.675  -14.959  58.779 0.0000000000
56442  13.507  -14.717  59.704 0.0000000000
77137  48.505  1.040  35.847 0.0000000000
78441  48.955  1.409  35.832 0.0000000000
60417  33.012  -12.560  43.202 0.0000000000
59301  34.216  -13.736  44.549 0.0000000000
59265  25.031  -13.543  45.734 0.0000000000
56463  22.512  -15.169  57.100 0.0000000000
56446  23.367  -15.161  57.735 0.0000000000
56420  23.007  -15.192  59.606 0.0000000000
85014  57.422  7.051  20.094 0.0000000000
86198  56.375  7.957  26.130 0.0000000000
86181  57.498  8.811  26.975 0.0000000000
82532  45.289  5.654  25.603 0.0000000000
83742  46.144  5.827  26.069 0.0000000000
82523  46.143  5.855  26.474 0.0000000000
82514  46.862  6.023  27.543 0.0000000000
72258  41.364  -2.550  35.999 0.0000000000
73463  41.246  -1.711  35.684 0.0000000000
73462  41.860  -1.715  36.186 0.0000000000
73452  42.401  -1.805  36.637 0.0000000000
72226  43.530  -2.735  38.073 0.0000000000
60392  41.535  -12.305  44.165 0.0000000000
61769  41.651  -11.894  43.424 0.0000000000
61754  42.026  -12.008  44.074 0.0000000000
61739  43.546  -11.447  45.002 0.0000000000
86256  55.856  7.934  18.877 0.0000000000
83881  58.942  6.870  11.440 0.0000000000
82686  59.035  6.470  11.640 0.0000000000
83869  58.439  6.754  11.824 0.0000000000
83870  58.024  6.734  12.383 0.0000000000
58017  31.778  -14.091  48.514 0.0000000000
57965  32.661  -14.129  50.138 0.0000000000
57946  33.161  -14.466  50.707 0.0000000000
56451  18.501  -14.889  58.493 0.0000000000
56425  18.066  -14.541  60.157 0.0000000000
57887  16.611  -13.934  61.762 0.0000000000
81083  46.602  3.886  30.408 0.0000000000
81033  48.054  4.083  33.129 0.0000000000
86241  51.483  7.994  19.788 0.0000000000
53964  9.971  -16.830  57.532 0.0000000000
53934  9.095  -16.680  60.551 0.0000000000
79865  43.464  3.534  27.853 0.0000000000
78535  43.586  2.451  28.999 0.0000000000
77243  43.050  0.859  30.038 0.0000000000
77198  45.396  1.006  32.791 0.0000000000
77156  45.967  0.450  34.597 0.0000000000
59334  35.693  -13.139  42.590 0.0000000000
60437  36.282  -12.659  41.926 0.0000000000
59333  36.759  -13.083  42.517 0.0000000000
59332  37.649  -12.998  42.577 0.0000000000
59299  39.236  -13.521  43.737 0.0000000000
58096  39.383  -13.788  44.257 0.0000000000
58081  39.762  -13.917  44.917 0.0000000000
56691  34.789  -14.805  47.973 0.0000000000
56701  35.067  -14.873  47.309 0.0000000000
56690  35.547  -15.106  47.799 0.0000000000
55328  36.612  -15.663  48.454 0.0000000000
56652  40.370  -15.078  49.817 0.0000000000
55246  27.888  -15.886  54.378 0.0000000000
55300  23.941  -15.829  52.292 0.0000000000
55251  22.896  -15.759  54.642 0.0000000000
55269  22.390  -15.709  53.908 0.0000000000
55270  21.845  -15.669  54.173 0.0000000000
56550  21.301  -15.510  53.915 0.0000000000
58000  19.518  -14.435  48.799 0.0000000000
57974  17.405  -14.376  49.456 0.0000000000
57950  17.914  -14.324  50.091 0.0000000000
61817  29.449  -11.043  41.278 0.0000000000
61758  28.193  -11.962  43.282 0.0000000000
60399  28.770  -12.432  43.954 0.0000000000
60380  29.340  -12.657  44.741 0.0000000000
60361  29.800  -12.700  45.538 0.0000000000
59240  29.484  -13.298  47.155 0.0000000000
57994  26.876  -14.515  49.458 0.0000000000
57970  27.443  -14.831  50.013 0.0000000000
56637  28.249  -14.986  50.936 0.0000000000
56576  28.764  -15.014  52.176 0.0000000000
56577  28.013  -15.077  52.055 0.0000000000
55281  27.958  -15.198  52.580 0.0000000000
56417  11.595  -14.804  61.948 0.0000000000
56429  11.754  -14.993  61.080 0.0000000000
57882  12.045  -14.056  63.150 0.0000000000
83805  60.395  5.685  20.851 0.0000000000
83804  60.829  5.745  20.749 0.0000000000
82573  60.921  5.480  21.445 0.0000000000
79940  61.026  4.064  22.399 0.0000000000
78599  60.612  3.950  23.010 0.0000000000
83784  56.393  5.759  23.123 0.0000000000
82557  56.670  5.693  23.429 0.0000000000
83783  57.758  5.974  23.991 0.0000000000
84925  59.137  7.349  25.813 0.0000000000
84946  59.283  7.130  25.224 0.0000000000
84955  47.462  6.665  24.370 0.0000000000
86187  51.074  7.578  26.707 0.0000000000
86169  50.572  7.661  27.309 0.0000000000
86150  51.172  7.803  27.821 0.0000000000
84881  52.045  7.741  28.099 0.0000000000
82445  49.253  5.443  30.765 0.0000000000
83667  49.965  5.910  31.126 0.0000000000
83666  50.681  6.291  31.328 0.0000000000
75950  39.731  -0.244  32.217 0.0000000000
75883  43.164  -0.398  36.468 0.0000000000
75892  42.867  -0.503  35.930 0.0000000000
75882  43.629  0.121  37.023 0.0000000000
77115  43.716  0.060  36.443 0.0000000000
77114  44.321  0.176  36.898 0.0000000000
77113  45.204  -0.092  37.013 0.0000000000
77096  44.679  -0.046  37.629 0.0000000000
77076  45.478  -0.312  38.665 0.0000000000
77075  46.272  -0.388  39.363 0.0000000000
61829  42.103  -10.379  40.264 0.0000000000
63319  41.636  -10.057  39.735 0.0000000000
63318  42.262  -9.522  39.789 0.0000000000
64745  42.278  -8.858  39.462 0.0000000000
64785  41.699  -8.469  38.483 0.0000000000
64764  42.498  -8.382  39.309 0.0000000000
66154  43.352  -8.070  39.854 0.0000000000
66153  43.952  -7.558  39.920 0.0000000000
61705  45.107  -11.453  46.239 0.0000000000
61704  45.777  -11.531  46.425 0.0000000000
61720  46.517  -11.260  45.941 0.0000000000
63220  46.883  -10.822  45.410 0.0000000000
66111  47.987  -7.706  42.730 0.0000000000
66129  46.789  -7.583  41.511 0.0000000000
67445  47.291  -6.758  41.643 0.0000000000
68688  47.100  -6.189  41.361 0.0000000000
68702  46.794  -5.633  40.996 0.0000000000
69899  46.382  -4.683  40.638 0.0000000000
69898  46.949  -4.529  41.192 0.0000000000
69891  47.197  -4.178  41.655 0.0000000000
71041  47.651  -3.366  42.224 0.0000000000
87385  54.548  9.264  15.963 0.0000000000
86307  56.174  8.015  14.693 0.0000000000
86273  58.696  8.178  18.544 0.0000000000
86289  59.830  8.120  17.902 0.0000000000
86288  60.796  7.861  17.809 0.0000000000
86300  61.128  7.419  17.473 0.0000000000
86287  61.302  7.555  17.955 0.0000000000
83890  61.028  6.707  10.330 0.0000000000
83889  61.303  6.464  10.087 0.0000000000
82717  61.635  5.577  9.883 0.0000000000
82646  61.439  4.732  13.864 0.0000000000
82629  62.194  4.734  14.910 0.0000000000
57949  30.968  -14.586  51.653 0.0000000000
57938  31.533  -14.489  51.973 0.0000000000
56544  31.634  -15.134  53.194 0.0000000000
56498  31.535  -15.573  54.551 0.0000000000
56454  15.567  -14.325  58.683 0.0000000000
57906  15.611  -14.088  59.257 0.0000000000
57904  15.031  -13.907  60.111 0.0000000000
57897  15.824  -13.888  60.894 0.0000000000
57888  15.694  -13.823  61.854 0.0000000000
57878  15.532  -13.695  62.794 0.0000000000
79777  47.041  2.955  33.202 0.0000000000
79776  47.687  3.437  33.327 0.0000000000
79751  48.685  2.477  34.546 0.0000000000
79742  49.650  2.587  35.370 0.0000000000
78440  49.595  1.905  35.860 0.0000000000
53954  8.256  -16.779  58.408 0.0000000000
53966  7.866  -16.541  57.434 0.0000000000
53936  7.282  -16.419  60.076 0.0000000000
53956  6.555  -16.114  58.953 0.0000000000
55152  7.027  -16.106  61.472 0.0000000000
75994  42.695  0.490  29.958 0.0000000000
75972  42.639  0.261  30.425 0.0000000000
60439  34.000  -12.437  42.355 0.0000000000
56640  26.195  -15.175  50.678 0.0000000000
55310  25.925  -15.438  51.199 0.0000000000
56641  25.177  -15.485  50.859 0.0000000000
56642  23.974  -15.252  50.783 0.0000000000
57975  16.436  -14.431  49.522 0.0000000000
57952  16.080  -14.451  50.501 0.0000000000
60383  26.847  -13.175  44.235 0.0000000000
59283  27.392  -13.021  45.384 0.0000000000
59262  27.444  -13.174  46.044 0.0000000000
58022  26.680  -14.081  48.414 0.0000000000
56659  26.571  -14.848  50.137 0.0000000000
86252  59.834  8.263  19.265 0.0000000000
86231  60.949  7.435  19.560 0.0000000000
86232  60.137  7.642  19.723 0.0000000000
83816  59.858  5.961  20.405 0.0000000000
82562  59.991  5.441  22.610 0.0000000000
83752  55.176  6.482  24.958 0.0000000000
83767  56.710  6.159  24.682 0.0000000000
84927  58.165  7.370  25.749 0.0000000000
84926  58.719  7.531  25.842 0.0000000000
84957  45.435  6.117  24.141 0.0000000000
84919  47.246  6.503  26.345 0.0000000000
84920  46.660  6.233  25.982 0.0000000000
83635  50.786  5.922  34.007 0.0000000000
83647  50.921  6.076  33.325 0.0000000000
77163  38.914  1.061  33.979 0.0000000000
77162  39.747  0.454  34.026 0.0000000000
77146  40.291  -0.205  34.405 0.0000000000
74653  42.287  -0.922  36.596 0.0000000000
74643  42.705  -0.654  36.778 0.0000000000
75884  42.691  -0.575  36.476 0.0000000000
75855  43.760  -0.435  38.180 0.0000000000
61784  43.608  -10.763  41.945 0.0000000000
63283  44.339  -10.400  41.851 0.0000000000
86274  57.583  8.090  18.335 0.0000000000
86333  60.730  8.397  10.923 0.0000000000
83891  60.846  6.836  10.464 0.0000000000
83878  61.056  6.335  10.819 0.0000000000
82683  61.211  5.534  11.476 0.0000000000
82700  61.721  4.681  11.473 0.0000000000
82664  59.759  6.079  12.297 0.0000000000
82632  60.228  5.498  14.250 0.0000000000
59280  32.172  -13.039  45.300 0.0000000000
59279  33.319  -13.558  45.565 0.0000000000
59256  32.991  -13.725  46.503 0.0000000000
58042  33.440  -14.041  47.786 0.0000000000
58041  34.130  -14.358  48.226 0.0000000000
56677  34.518  -14.717  48.770 0.0000000000
56657  34.865  -14.914  49.441 0.0000000000
57937  32.230  -14.400  51.698 0.0000000000
57936  32.790  -14.550  51.344 0.0000000000
56603  33.251  -14.702  51.296 0.0000000000
56570  34.333  -15.346  52.196 0.0000000000
56602  33.999  -14.888  51.032 0.0000000000
58070  22.952  -13.948  46.346 0.0000000000
56449  20.545  -14.941  58.334 0.0000000000
56435  20.378  -14.782  59.373 0.0000000000
56436  19.313  -14.678  59.426 0.0000000000
56423  20.161  -14.587  60.582 0.0000000000
56415  20.326  -14.686  61.475 0.0000000000
57901  17.371  -14.321  60.073 0.0000000000
57886  17.503  -14.158  61.695 0.0000000000
57885  18.338  -14.443  61.633 0.0000000000
83810  54.633  7.129  21.501 0.0000000000
83795  54.515  6.751  22.216 0.0000000000
83786  54.725  6.243  23.168 0.0000000000
83769  54.960  6.171  24.125 0.0000000000
84965  52.333  6.680  22.758 0.0000000000
83771  53.208  6.525  23.626 0.0000000000
86165  54.543  8.462  27.606 0.0000000000
82503  45.447  4.673  28.087 0.0000000000
82502  46.205  4.860  28.423 0.0000000000
82480  46.727  4.724  29.117 0.0000000000
82460  47.792  4.725  30.553 0.0000000000
82414  50.472  5.401  33.605 0.0000000000
81015  48.648  3.885  33.811 0.0000000000
80992  49.932  3.870  34.675 0.0000000000
81014  49.406  4.179  34.130 0.0000000000
69960  40.896  -3.909  36.150 0.0000000000
69951  41.166  -4.461  36.467 0.0000000000
69950  42.051  -4.512  36.919 0.0000000000
59251  43.524  -13.011  46.461 0.0000000000
59231  44.630  -13.084  47.289 0.0000000000
86296  52.458  9.427  17.582 0.0000000000
86279  52.634  8.803  18.182 0.0000000000
87412  58.119  9.608  12.279 0.0000000000
55180  11.705  -16.088  58.823 0.0000000000
53942  10.585  -16.446  59.281 0.0000000000
55170  10.832  -16.161  59.805 0.0000000000
55159  11.036  -15.580  60.795 0.0000000000
56418  10.771  -15.065  62.008 0.0000000000
56407  10.556  -14.929  62.920 0.0000000000
55150  9.025  -16.533  61.647 0.0000000000
55141  9.410  -15.886  62.385 0.0000000000
56396  9.368  -15.085  63.883 0.0000000000
83756  45.045  5.740  25.168 0.0000000000
82526  43.715  5.043  26.077 0.0000000000
81142  45.061  4.568  27.929 0.0000000000
81123  45.343  4.148  28.548 0.0000000000
81102  45.655  3.795  29.202 0.0000000000
79864  44.108  3.648  28.226 0.0000000000
79842  45.232  3.487  29.177 0.0000000000
79806  46.094  3.386  30.616 0.0000000000
79787  46.416  2.698  32.187 0.0000000000
78536  42.899  2.256  28.605 0.0000000000
78520  43.969  2.172  29.503 0.0000000000
77263  43.980  1.727  29.877 0.0000000000
78519  44.411  2.007  30.068 0.0000000000
79808  44.850  2.332  30.306 0.0000000000
79798  45.836  2.387  31.512 0.0000000000
79778  46.668  2.334  32.800 0.0000000000
78480  47.242  2.034  33.544 0.0000000000
77176  46.500  0.977  33.891 0.0000000000
77154  47.483  0.972  34.775 0.0000000000
63360  35.867  -10.708  37.894 0.0000000000
61836  33.717  -11.597  39.716 0.0000000000
61835  34.814  -11.615  39.700 0.0000000000
61834  35.911  -11.504  39.930 0.0000000000
60468  36.223  -11.927  40.647 0.0000000000
61833  37.199  -11.707  40.321 0.0000000000
61788  39.805  -11.803  42.268 0.0000000000
60413  40.539  -12.283  43.173 0.0000000000
60412  41.066  -12.165  43.630 0.0000000000
60376  41.246  -12.812  44.545 0.0000000000
60375  41.947  -12.773  44.925 0.0000000000
60359  42.060  -13.072  45.417 0.0000000000
59278  34.049  -13.806  45.287 0.0000000000
58101  34.390  -14.040  45.130 0.0000000000
58083  35.066  -14.637  46.225 0.0000000000
58100  35.162  -14.561  44.843 0.0000000000
56722  36.363  -14.781  45.097 0.0000000000
56721  37.240  -14.720  44.872 0.0000000000
55318  36.839  -15.650  49.338 0.0000000000
55327  37.360  -15.840  48.447 0.0000000000
55326  38.269  -15.915  48.196 0.0000000000
55336  37.549  -15.661  47.466 0.0000000000
56698  37.685  -15.385  46.427 0.0000000000
56709  37.959  -14.974  45.417 0.0000000000
56720  38.170  -14.506  44.675 0.0000000000
56708  39.000  -14.558  45.172 0.0000000000
56707  39.719  -14.302  45.474 0.0000000000
58063  40.187  -13.875  45.797 0.0000000000
58062  40.869  -13.760  46.248 0.0000000000
59235  41.444  -13.744  46.362 0.0000000000
59253  41.985  -13.406  45.874 0.0000000000
55204  26.933  -16.386  56.761 0.0000000000
55285  24.352  -15.873  52.946 0.0000000000
55266  24.914  -16.138  53.716 0.0000000000
53985  25.127  -16.286  55.133 0.0000000000
55206  24.789  -16.059  56.478 0.0000000000
55230  22.587  -15.676  55.379 0.0000000000
56480  22.595  -15.378  56.494 0.0000000000
58052  22.289  -14.330  47.186 0.0000000000
58026  22.645  -14.476  48.089 0.0000000000
56679  21.988  -14.678  48.793 0.0000000000
56666  19.654  -14.474  49.366 0.0000000000
56525  20.636  -15.444  54.650 0.0000000000
56485  17.991  -15.001  56.609 0.0000000000
56487  16.134  -14.618  56.691 0.0000000000
55211  11.903  -16.159  56.666 0.0000000000
55212  11.177  -16.531  56.790 0.0000000000
53977  9.547  -16.676  56.607 0.0000000000
61814  31.735  -11.584  40.556 0.0000000000
60461  31.809  -11.858  41.124 0.0000000000
61789  31.344  -11.690  41.131 0.0000000000
60441  31.639  -11.815  41.850 0.0000000000
60396  31.972  -12.348  43.989 0.0000000000
61792  29.185  -11.052  41.732 0.0000000000
61772  29.785  -11.459  42.356 0.0000000000
61756  29.797  -11.734  43.100 0.0000000000
60377  31.737  -12.708  44.724 0.0000000000
59238  31.392  -13.506  47.134 0.0000000000
59219  31.239  -13.889  47.936 0.0000000000
57967  30.679  -14.436  50.620 0.0000000000
56574  30.542  -14.878  52.380 0.0000000000
56546  29.864  -14.942  53.115 0.0000000000
56547  28.984  -15.024  52.961 0.0000000000
56522  30.095  -15.167  54.016 0.0000000000
55244  29.843  -15.463  54.489 0.0000000000
56421  22.251  -15.326  60.014 0.0000000000
56443  12.746  -15.026  60.045 0.0000000000
56427  13.367  -14.434  60.584 0.0000000000
56416  12.463  -14.469  61.845 0.0000000000
57900  13.243  -14.213  61.447 0.0000000000
57890  13.924  -13.910  62.090 0.0000000000
57879  14.606  -13.665  62.864 0.0000000000
57867  15.289  -13.358  63.822 0.0000000000
85010  61.284  7.079  19.797 0.0000000000
85009  61.653  6.748  19.699 0.0000000000
83807  57.601  5.790  21.765 0.0000000000
83793  56.699  5.871  22.617 0.0000000000
83792  57.280  5.753  22.376 0.0000000000
83782  58.354  6.157  24.211 0.0000000000
83764  59.259  6.865  24.846 0.0000000000
83781  59.053  6.219  24.341 0.0000000000
82552  60.080  5.554  23.632 0.0000000000
86186  52.009  7.721  26.709 0.0000000000
83719  47.761  6.039  28.436 0.0000000000
82478  48.519  5.682  29.502 0.0000000000
83699  48.792  6.088  29.117 0.0000000000
83718  48.503  6.348  28.517 0.0000000000
83717  49.094  6.363  28.783 0.0000000000
84867  49.469  6.510  28.800 0.0000000000
83657  50.952  6.302  32.252 0.0000000000
84848  50.593  6.872  29.721 0.0000000000
86135  53.171  8.271  29.292 0.0000000000
86148  53.807  8.446  28.436 0.0000000000
86147  54.791  8.835  28.555 0.0000000000
87304  55.866  9.335  28.327 0.0000000000
75947  42.418  0.019  31.355 0.0000000000
77182  40.223  0.081  33.330 0.0000000000
77181  41.308  -0.198  33.253 0.0000000000
77132  42.742  -0.539  35.542 0.0000000000
77180  42.464  -0.455  33.159 0.0000000000
77179  43.704  -0.368  33.170 0.0000000000
77157  44.968  0.034  34.390 0.0000000000
77140  45.883  0.266  35.379 0.0000000000
77128  45.981  0.138  36.256 0.0000000000
77111  47.056  0.169  37.342 0.0000000000
77092  48.254  0.160  38.531 0.0000000000
61850  40.530  -10.318  39.193 0.0000000000
67546  40.801  -6.416  36.926 0.0000000000
66197  42.140  -7.763  38.377 0.0000000000
67528  41.204  -6.804  37.312 0.0000000000
67545  41.436  -6.252  37.266 0.0000000000
68756  41.895  -5.864  37.379 0.0000000000
68755  42.588  -5.632  37.718 0.0000000000
69936  43.233  -4.661  37.991 0.0000000000
60357  43.503  -12.043  45.974 0.0000000000
61722  44.918  -11.216  45.653 0.0000000000
61738  44.658  -11.004  44.769 0.0000000000
61751  44.534  -10.775  44.079 0.0000000000
63261  44.663  -10.579  43.445 0.0000000000
63272  44.749  -10.373  42.572 0.0000000000
63282  45.063  -9.942  41.905 0.0000000000
63243  46.939  -10.398  44.627 0.0000000000
64644  48.221  -9.317  44.524 0.0000000000
64645  47.422  -9.999  44.120 0.0000000000
63259  46.581  -10.132  43.971 0.0000000000
63270  46.566  -9.940  42.994 0.0000000000
63281  46.103  -9.533  41.969 0.0000000000
63297  45.395  -9.304  41.274 0.0000000000
64721  44.981  -8.622  40.717 0.0000000000
66131  45.463  -8.060  40.795 0.0000000000
66151  45.755  -7.066  40.474 0.0000000000
67499  44.238  -6.326  39.443 0.0000000000
68734  44.161  -5.855  39.188 0.0000000000
69919  43.839  -4.760  38.512 0.0000000000
71085  43.795  -3.731  38.237 0.0000000000
72212  44.156  -2.703  38.765 0.0000000000
71062  46.076  -3.842  40.387 0.0000000000
72199  44.983  -2.645  39.422 0.0000000000
72200  44.337  -2.107  39.283 0.0000000000
73421  44.489  -1.595  39.688 0.0000000000
74620  44.727  -0.916  40.135 0.0000000000
74608  45.396  -0.932  40.546 0.0000000000
71029  48.053  -3.512  42.750 0.0000000000
72172  47.712  -2.806  42.584 0.0000000000
72148  48.568  -2.718  43.900 0.0000000000
72159  47.510  -2.203  42.650 0.0000000000
73406  46.868  -1.974  41.571 0.0000000000
73396  46.680  -1.355  41.769 0.0000000000
74607  46.124  -1.010  40.847 0.0000000000
75835  45.296  -0.504  40.156 0.0000000000
75834  46.164  -0.440  40.401 0.0000000000
77054  46.197  -0.074  40.002 0.0000000000
77053  46.922  -0.024  40.390 0.0000000000
77039  47.557  -0.324  41.365 0.0000000000
77052  48.036  -0.301  40.382 0.0000000000
87413  57.165  9.633  12.557 0.0000000000
83854  57.796  6.805  13.760 0.0000000000
83845  59.775  5.809  15.228 0.0000000000
86302  57.146  7.527  16.538 0.0000000000
85052  57.734  7.162  16.396 0.0000000000
83838  59.384  6.438  16.191 0.0000000000
83844  60.973  5.791  15.504 0.0000000000
83843  61.554  5.844  15.897 0.0000000000
83842  61.916  5.751  16.063 0.0000000000
85048  61.473  6.835  17.265 0.0000000000
85047  61.765  6.336  17.063 0.0000000000
53922  9.995  -16.368  61.165 0.0000000000
53986  24.859  -16.267  55.234 0.0000000000
53995  24.931  -16.320  54.934 0.0000000000
55148  10.795  -15.431  61.445 0.0000000000
55178  23.833  -15.650  57.663 0.0000000000
55209  22.285  -15.516  55.928 0.0000000000
55296  27.108  -15.286  51.727 0.0000000000
55309  26.295  -15.279  51.128 0.0000000000
55337  36.976  -15.750  47.957 0.0000000000
55342  39.097  -15.353  46.381 0.0000000000
55344  38.066  -15.539  46.971 0.0000000000
56404  18.713  -14.539  62.488 0.0000000000
56426  17.604  -14.404  60.103 0.0000000000
56430  11.134  -15.081  61.405 0.0000000000
56431  23.858  -15.419  58.467 0.0000000000
56440  15.852  -14.139  59.264 0.0000000000
56479  22.887  -15.354  56.518 0.0000000000
56500  30.133  -15.458  54.566 0.0000000000
56501  21.664  -15.567  55.744 0.0000000000
56549  21.895  -15.600  53.745 0.0000000000
56606  28.493  -15.014  51.499 0.0000000000
56609  26.591  -15.127  51.056 0.0000000000
57872  10.858  -14.027  64.108 0.0000000000
57873  19.412  -14.558  61.965 0.0000000000
57891  13.197  -14.000  62.202 0.0000000000
57986  33.912  -14.392  49.381 0.0000000000
57987  33.621  -14.235  49.365 0.0000000000
57988  33.046  -14.032  49.379 0.0000000000
58064  35.033  -14.777  46.861 0.0000000000
59146  14.330  -12.943  64.891 0.0000000000
59254  41.245  -13.355  45.863 0.0000000000
59336  34.073  -12.816  42.885 0.0000000000
60433  40.033  -12.104  42.582 0.0000000000
61740  43.013  -11.697  44.941 0.0000000000
63299  43.548  -9.911  40.983 0.0000000000
63316  43.886  -9.164  40.481 0.0000000000
63337  41.888  -9.123  39.352 0.0000000000
63356  40.371  -9.166  37.902 0.0000000000
64699  46.240  -8.792  41.552 0.0000000000
64744  42.875  -8.614  39.823 0.0000000000
64765  41.879  -8.595  39.018 0.0000000000
64766  41.443  -8.862  38.584 0.0000000000
64798  40.145  -8.063  37.235 0.0000000000
66112  47.482  -7.649  42.028 0.0000000000
66130  46.041  -7.554  40.908 0.0000000000
66211  40.851  -7.071  37.156 0.0000000000
67476  45.525  -6.515  40.231 0.0000000000
67477  44.715  -6.627  39.761 0.0000000000
67478  43.991  -6.814  39.654 0.0000000000
67500  43.683  -6.591  39.179 0.0000000000
67526  42.748  -6.603  38.307 0.0000000000
68701  47.252  -5.131  41.273 0.0000000000
68735  43.835  -5.698  38.789 0.0000000000
68772  41.456  -5.464  36.989 0.0000000000
69897  47.409  -4.722  41.548 0.0000000000
71042  47.290  -3.580  41.757 0.0000000000
71053  46.916  -3.837  41.425 0.0000000000
71072  44.319  -3.881  38.745 0.0000000000
72158  47.962  -2.472  43.242 0.0000000000
72186  46.420  -3.234  40.606 0.0000000000
72259  40.757  -2.536  35.605 0.0000000000
73384  47.578  -1.635  42.957 0.0000000000
73407  46.434  -1.434  41.085 0.0000000000
73419  46.166  -1.893  40.428 0.0000000000
74599  46.493  -1.009  41.508 0.0000000000
74633  43.707  -0.830  38.765 0.0000000000
75811  47.868  -0.362  42.338 0.0000000000
75813  46.773  -0.655  41.687 0.0000000000
75825  45.881  -0.722  40.521 0.0000000000
75833  46.685  -0.309  40.916 0.0000000000
75871  42.961  -0.501  36.849 0.0000000000
75902  46.075  0.393  34.941 0.0000000000
75915  46.143  0.486  34.787 0.0000000000
75995  42.294  0.200  29.657 0.0000000000
77244  42.699  0.669  29.683 0.0000000000
79749  50.033  3.554  35.042 0.0000000000
81050  47.874  4.234  32.473 0.0000000000
81145  42.602  3.708  26.995 0.0000000000
81304  61.750  4.681  11.070 0.0000000000
82477  48.987  5.899  29.465 0.0000000000
82530  60.195  5.302  24.283 0.0000000000
82583  59.071  5.530  21.233 0.0000000000
82613  61.012  5.600  15.085 0.0000000000
82685  59.439  6.322  11.831 0.0000000000
83676  50.993  6.632  30.866 0.0000000000
83734  46.793  6.219  27.186 0.0000000000
83748  58.283  7.038  25.409 0.0000000000
83754  46.388  5.984  25.829 0.0000000000
84900  51.625  7.770  27.886 0.0000000000
84947  59.061  7.330  25.296 0.0000000000
85028  61.903  7.154  19.154 0.0000000000
85040  61.676  6.963  17.830 0.0000000000
85057  61.103  6.296  16.211 0.0000000000
86170  50.039  7.412  27.043 0.0000000000
86230  61.308  7.365  19.507 0.0000000000
86271  61.340  7.586  18.573 0.0000000000
86299  61.338  7.280  17.576 0.0000000000
87358  60.342  8.318  18.858 0.0000000000
87376  60.941  7.878  18.055 0.0000000000
87378  60.331  8.304  18.254 0.0000000000
