#!ascii label  , from subject 3634 vox2ras=TkReg
589
86860  18.495  7.964  -29.831 0.0000000000
94272  24.758  15.343  -33.380 0.0000000000
106360  22.403  26.161  -34.700 0.0000000000
100964  18.162  21.859  -33.315 0.0000000000
80602  21.267  3.069  -29.215 0.0000000000
84395  25.063  6.131  -29.979 0.0000000000
89154  21.642  10.932  -33.478 0.0000000000
95207  18.859  16.507  -32.934 0.0000000000
100944  23.065  21.362  -33.019 0.0000000000
106376  26.895  26.418  -35.694 0.0000000000
151901  21.409  31.626  -38.153 0.0000000000
83207  19.608  5.274  -30.206 0.0000000000
81895  23.386  4.388  -29.918 0.0000000000
84433  21.913  6.556  -32.018 0.0000000000
94242  17.138  15.285  -30.839 0.0000000000
97297  16.088  18.243  -30.721 0.0000000000
103159  20.105  23.416  -35.132 0.0000000000
99795  20.514  21.153  -34.937 0.0000000000
104205  22.540  24.252  -33.705 0.0000000000
104202  25.455  24.252  -33.363 0.0000000000
107418  24.584  27.021  -33.526 0.0000000000
112616  19.840  32.187  -35.672 0.0000000000
109545  19.402  30.093  -36.041 0.0000000000
151917  20.614  32.684  -40.344 0.0000000000
92305  23.657  13.497  -33.387 0.0000000000
89136  24.774  10.950  -32.621 0.0000000000
92292  26.827  13.458  -32.582 0.0000000000
106380  19.773  25.899  -35.172 0.0000000000
96220  26.874  17.594  -34.229 0.0000000000
89106  17.749  10.679  -29.856 0.0000000000
89122  19.900  9.672  -31.820 0.0000000000
91305  18.100  12.483  -31.386 0.0000000000
92309  20.303  13.991  -33.697 0.0000000000
94275  21.734  15.629  -34.358 0.0000000000
98542  17.983  18.985  -32.803 0.0000000000
97345  21.091  18.626  -34.816 0.0000000000
97331  23.979  18.132  -33.430 0.0000000000
99736  25.281  20.574  -33.257 0.0000000000
107452  20.280  28.011  -35.440 0.0000000000
108536  21.725  28.777  -36.157 0.0000000000
151919  22.522  34.684  -39.393 0.0000000000
112624  24.222  33.118  -37.248 0.0000000000
110511  24.744  29.908  -34.605 0.0000000000
109554  27.005  29.615  -36.273 0.0000000000
86914  23.565  8.517  -32.567 0.0000000000
87959  17.331  9.169  -29.046 0.0000000000
85606  18.116  7.511  -29.210 0.0000000000
84418  19.180  6.443  -30.276 0.0000000000
83226  20.614  5.710  -31.028 0.0000000000
85624  19.571  7.364  -30.721 0.0000000000
105284  21.605  25.196  -35.163 0.0000000000
104215  21.783  24.230  -34.399 0.0000000000
105272  22.524  25.286  -34.163 0.0000000000
105262  23.150  25.186  -33.656 0.0000000000
107420  22.962  26.852  -34.014 0.0000000000
113545  20.476  33.887  -37.272 0.0000000000
151913  20.426  32.918  -37.821 0.0000000000
115344  19.803  34.443  -39.705 0.0000000000
93281  24.187  14.385  -33.482 0.0000000000
92303  25.402  13.472  -32.943 0.0000000000
93273  26.023  14.242  -32.924 0.0000000000
105275  18.704  25.407  -34.548 0.0000000000
106363  19.292  26.508  -34.973 0.0000000000
80621  19.185  3.470  -29.157 0.0000000000
78005  19.668  1.728  -28.565 0.0000000000
77984  21.377  1.595  -27.752 0.0000000000
79303  23.000  2.440  -28.051 0.0000000000
83205  24.310  5.537  -29.797 0.0000000000
81858  25.194  4.447  -28.163 0.0000000000
91293  18.045  11.938  -30.875 0.0000000000
91295  17.049  13.009  -30.203 0.0000000000
94264  18.039  15.705  -32.025 0.0000000000
93275  18.654  14.318  -32.231 0.0000000000
94262  19.405  15.120  -33.175 0.0000000000
93285  20.510  14.592  -33.919 0.0000000000
95222  20.291  16.640  -34.186 0.0000000000
99742  17.014  20.261  -32.024 0.0000000000
99762  18.128  20.421  -33.048 0.0000000000
100980  21.460  21.422  -34.444 0.0000000000
98578  20.655  19.582  -34.871 0.0000000000
98561  21.950  19.466  -33.942 0.0000000000
97333  22.380  18.546  -33.985 0.0000000000
99758  23.011  19.870  -33.430 0.0000000000
98539  25.057  19.388  -33.059 0.0000000000
100942  24.753  21.511  -32.963 0.0000000000
105258  26.540  25.135  -34.064 0.0000000000
103146  26.373  23.357  -34.108 0.0000000000
108548  20.748  30.995  -38.222 0.0000000000
108524  19.949  29.139  -36.059 0.0000000000
107486  20.658  29.321  -37.408 0.0000000000
107470  21.107  28.818  -36.589 0.0000000000
109555  22.165  30.525  -36.727 0.0000000000
112602  24.230  31.946  -35.867 0.0000000000
111633  26.054  32.016  -36.246 0.0000000000
110520  26.235  30.462  -35.300 0.0000000000
89140  21.153  10.502  -32.820 0.0000000000
88011  21.618  9.359  -32.835 0.0000000000
88010  22.531  9.383  -33.097 0.0000000000
90255  25.975  11.561  -31.422 0.0000000000
89103  25.359  10.435  -31.344 0.0000000000
81900  18.881  4.620  -29.361 0.0000000000
81898  20.506  4.240  -30.014 0.0000000000
81878  21.757  3.895  -29.267 0.0000000000
81914  21.044  4.859  -30.562 0.0000000000
83224  22.470  5.719  -31.098 0.0000000000
84415  23.126  6.242  -31.140 0.0000000000
94223  16.147  15.472  -29.692 0.0000000000
95191  16.825  16.485  -30.679 0.0000000000
96213  17.454  17.375  -32.258 0.0000000000
102058  19.178  22.596  -34.491 0.0000000000
100982  18.944  21.556  -34.100 0.0000000000
102067  20.436  22.542  -34.991 0.0000000000
102057  21.396  22.309  -34.616 0.0000000000
102045  22.844  22.746  -33.630 0.0000000000
102033  24.177  22.310  -33.018 0.0000000000
104204  23.657  24.114  -33.155 0.0000000000
105260  24.967  25.274  -33.426 0.0000000000
106358  26.330  26.363  -34.438 0.0000000000
111613  19.166  31.450  -34.406 0.0000000000
110538  19.520  31.139  -36.045 0.0000000000
151899  20.113  31.696  -36.814 0.0000000000
151905  21.193  31.915  -39.540 0.0000000000
90281  22.628  12.173  -33.754 0.0000000000
89151  23.352  11.153  -33.504 0.0000000000
90292  24.355  12.189  -32.998 0.0000000000
91304  25.753  12.321  -32.096 0.0000000000
102048  17.918  22.918  -33.282 0.0000000000
103148  18.806  23.534  -34.335 0.0000000000
105286  20.099  25.276  -35.259 0.0000000000
106378  21.375  26.434  -35.506 0.0000000000
80585  23.877  3.358  -28.318 0.0000000000
95217  25.311  16.433  -33.466 0.0000000000
94270  27.011  15.809  -33.377 0.0000000000
87978  17.797  9.457  -29.835 0.0000000000
86900  19.084  8.723  -31.088 0.0000000000
89124  18.692  10.645  -30.992 0.0000000000
90266  19.078  11.149  -31.540 0.0000000000
90283  20.398  11.524  -32.874 0.0000000000
92282  17.743  13.479  -31.331 0.0000000000
92296  19.141  13.415  -32.536 0.0000000000
91336  21.039  12.501  -33.690 0.0000000000
92307  21.963  13.492  -34.126 0.0000000000
93283  22.280  14.477  -33.994 0.0000000000
94273  23.672  15.373  -33.649 0.0000000000
97322  16.778  18.654  -31.855 0.0000000000
97320  17.979  18.113  -32.687 0.0000000000
99779  19.007  20.378  -33.987 0.0000000000
97347  19.504  18.567  -34.180 0.0000000000
96226  19.636  17.471  -33.871 0.0000000000
96237  21.538  17.668  -34.650 0.0000000000
95228  22.424  16.807  -34.306 0.0000000000
95218  24.161  16.384  -33.503 0.0000000000
96211  25.140  18.107  -33.338 0.0000000000
98558  26.274  19.351  -34.117 0.0000000000
102044  25.491  22.237  -33.345 0.0000000000
106362  19.863  27.204  -35.170 0.0000000000
107450  21.821  27.793  -36.082 0.0000000000
108508  22.867  28.191  -34.789 0.0000000000
115351  21.094  33.001  -40.742 0.0000000000
151912  21.851  32.878  -38.937 0.0000000000
115332  23.161  34.013  -38.498 0.0000000000
112614  22.862  32.080  -37.214 0.0000000000
111635  22.968  31.150  -36.618 0.0000000000
109542  23.093  29.742  -35.617 0.0000000000
108507  23.500  28.690  -34.632 0.0000000000
108506  24.540  28.549  -34.196 0.0000000000
108504  26.182  28.582  -34.559 0.0000000000
107467  27.116  27.825  -36.184 0.0000000000
86898  20.502  8.504  -31.805 0.0000000000
85660  22.594  7.653  -32.479 0.0000000000
85621  24.272  7.442  -31.271 0.0000000000
88008  23.805  9.522  -32.480 0.0000000000
86876  25.012  8.433  -30.948 0.0000000000
86861  17.993  8.236  -29.529 0.0000000000
86842  17.418  8.349  -28.830 0.0000000000
85605  18.567  7.378  -29.741 0.0000000000
85625  19.046  7.353  -30.250 0.0000000000
86877  19.387  7.933  -30.722 0.0000000000
106361  22.001  25.905  -35.203 0.0000000000
105273  22.124  25.243  -34.686 0.0000000000
106349  22.788  26.057  -34.024 0.0000000000
107421  22.655  26.613  -34.409 0.0000000000
114454  20.142  33.989  -38.951 0.0000000000
93280  25.165  14.354  -33.144 0.0000000000
94271  26.052  15.260  -33.231 0.0000000000
79340  19.857  2.881  -29.370 0.0000000000
79341  19.483  2.725  -29.043 0.0000000000
79325  19.830  2.293  -28.982 0.0000000000
78004  20.460  1.850  -28.630 0.0000000000
79323  21.551  2.511  -28.677 0.0000000000
79304  22.200  2.294  -28.099 0.0000000000
79322  22.474  2.831  -28.596 0.0000000000
83186  25.114  5.554  -28.970 0.0000000000
83204  25.014  5.893  -29.586 0.0000000000
85588  26.079  6.924  -29.197 0.0000000000
91294  17.539  12.371  -30.448 0.0000000000
95208  18.132  16.458  -32.389 0.0000000000
94263  18.723  15.408  -32.604 0.0000000000
94278  19.275  15.823  -33.183 0.0000000000
94277  19.941  15.542  -33.682 0.0000000000
95223  19.500  16.558  -33.534 0.0000000000
99741  17.621  20.578  -32.525 0.0000000000
99740  18.079  21.187  -32.943 0.0000000000
100963  21.961  21.326  -33.810 0.0000000000
99760  21.616  20.473  -34.129 0.0000000000
99759  22.451  20.367  -33.492 0.0000000000
99738  23.388  20.342  -33.067 0.0000000000
100943  23.856  21.347  -32.868 0.0000000000
105271  26.968  24.931  -35.082 0.0000000000
151897  21.058  31.015  -38.300 0.0000000000
108538  20.361  29.710  -36.934 0.0000000000
107485  21.063  29.459  -37.570 0.0000000000
151895  21.281  31.114  -37.624 0.0000000000
112610  26.152  32.459  -36.591 0.0000000000
112623  26.603  32.499  -37.015 0.0000000000
111632  26.687  31.555  -36.495 0.0000000000
89139  22.026  10.225  -33.373 0.0000000000
90254  26.838  11.435  -30.844 0.0000000000
89101  26.960  10.586  -30.279 0.0000000000
83208  19.093  5.477  -29.804 0.0000000000
83188  18.459  5.496  -29.012 0.0000000000
81899  19.625  4.497  -29.843 0.0000000000
81915  20.148  4.979  -30.485 0.0000000000
83246  21.207  5.880  -31.336 0.0000000000
83225  21.517  5.481  -31.045 0.0000000000
83245  21.725  6.045  -31.460 0.0000000000
83244  22.191  6.251  -31.568 0.0000000000
96194  15.786  17.447  -30.106 0.0000000000
95192  16.159  17.015  -30.325 0.0000000000
95200  17.117  16.883  -31.394 0.0000000000
96204  16.835  17.533  -31.532 0.0000000000
102068  19.830  22.575  -34.851 0.0000000000
103158  20.753  23.368  -35.105 0.0000000000
103147  21.249  23.273  -34.704 0.0000000000
103138  21.762  23.000  -34.063 0.0000000000
102047  21.783  22.056  -34.147 0.0000000000
103137  22.456  23.201  -33.747 0.0000000000
103136  23.092  23.283  -33.463 0.0000000000
106347  24.384  26.162  -33.484 0.0000000000
105261  24.040  25.220  -33.417 0.0000000000
106346  25.447  26.328  -33.662 0.0000000000
106359  25.716  26.986  -34.070 0.0000000000
112604  20.246  32.786  -35.458 0.0000000000
112605  19.799  32.131  -34.892 0.0000000000
111625  19.665  31.594  -35.373 0.0000000000
111636  19.722  31.843  -36.095 0.0000000000
114460  20.266  33.044  -39.670 0.0000000000
151914  20.598  31.974  -39.826 0.0000000000
151911  20.735  31.803  -39.564 0.0000000000
91334  22.556  12.579  -33.785 0.0000000000
91319  22.829  12.228  -33.561 0.0000000000
91332  24.052  12.689  -33.090 0.0000000000
92293  26.160  13.523  -32.686 0.0000000000
91318  25.586  12.655  -32.518 0.0000000000
91317  26.300  13.045  -32.489 0.0000000000
91303  26.433  12.583  -32.046 0.0000000000
103140  17.592  23.488  -32.667 0.0000000000
103149  18.340  23.631  -33.675 0.0000000000
105274  19.415  25.305  -35.012 0.0000000000
105285  20.852  25.305  -35.493 0.0000000000
80617  22.877  3.946  -29.651 0.0000000000
80600  22.827  3.525  -29.084 0.0000000000
80616  23.284  3.883  -29.447 0.0000000000
81841  25.426  3.941  -27.500 0.0000000000
96221  25.771  17.676  -33.587 0.0000000000
89085  17.269  10.200  -29.320 0.0000000000
89105  18.285  10.126  -30.359 0.0000000000
90267  18.448  11.561  -31.182 0.0000000000
90285  18.705  11.816  -31.770 0.0000000000
90284  19.427  11.538  -32.215 0.0000000000
91323  18.816  12.493  -32.193 0.0000000000
93256  16.762  14.407  -30.570 0.0000000000
93265  17.344  14.350  -31.175 0.0000000000
93274  19.303  14.366  -32.879 0.0000000000
92295  20.001  13.441  -33.307 0.0000000000
91321  20.421  12.450  -33.306 0.0000000000
92308  20.924  13.491  -33.890 0.0000000000
93284  21.354  14.521  -34.212 0.0000000000
94274  22.699  15.405  -33.946 0.0000000000
95220  22.354  16.166  -34.266 0.0000000000
98543  17.320  19.466  -32.341 0.0000000000
98544  16.697  19.640  -31.829 0.0000000000
97321  17.355  18.404  -32.406 0.0000000000
100996  20.143  21.656  -34.885 0.0000000000
99778  19.669  20.758  -34.644 0.0000000000
98579  19.876  19.571  -34.849 0.0000000000
97346  20.341  18.624  -34.688 0.0000000000
96239  20.195  17.712  -34.353 0.0000000000
95231  20.569  17.224  -34.493 0.0000000000
96238  20.790  17.765  -34.675 0.0000000000
97332  23.200  18.424  -33.554 0.0000000000
96224  22.694  17.538  -34.037 0.0000000000
96223  23.606  17.384  -33.611 0.0000000000
96222  24.650  17.504  -33.413 0.0000000000
97318  24.574  18.556  -33.195 0.0000000000
98559  25.637  19.665  -33.545 0.0000000000
99756  26.459  20.460  -34.385 0.0000000000
103127  24.864  23.254  -32.969 0.0000000000
102032  24.980  22.474  -32.839 0.0000000000
103135  25.433  23.161  -33.225 0.0000000000
109532  19.604  29.824  -34.933 0.0000000000
108509  19.737  28.583  -35.319 0.0000000000
108510  19.251  28.701  -34.737 0.0000000000
107434  19.495  27.756  -35.072 0.0000000000
107469  21.447  28.743  -36.370 0.0000000000
107451  20.925  27.625  -36.055 0.0000000000
108522  22.451  28.919  -35.625 0.0000000000
116279  21.816  34.996  -39.933 0.0000000000
116280  21.951  33.241  -39.832 0.0000000000
151921  22.098  33.319  -38.826 0.0000000000
113544  23.991  33.613  -37.572 0.0000000000
114437  24.359  34.324  -37.776 0.0000000000
151916  22.092  32.828  -37.965 0.0000000000
112625  23.448  32.937  -37.337 0.0000000000
112613  23.626  31.950  -36.528 0.0000000000
111623  24.793  31.414  -35.392 0.0000000000
111624  24.020  31.252  -35.583 0.0000000000
110522  24.455  30.441  -34.996 0.0000000000
109541  23.730  29.676  -35.008 0.0000000000
109531  24.210  29.203  -34.564 0.0000000000
109530  24.892  29.368  -34.341 0.0000000000
109539  26.725  29.622  -35.501 0.0000000000
109528  26.368  29.532  -34.775 0.0000000000
108535  26.953  28.765  -35.868 0.0000000000
107468  26.900  28.076  -35.537 0.0000000000
87996  19.423  9.191  -31.443 0.0000000000
86899  19.738  8.221  -31.175 0.0000000000
87995  20.046  9.000  -31.680 0.0000000000
86915  22.945  8.532  -32.813 0.0000000000
86916  22.125  8.443  -32.769 0.0000000000
85659  23.208  7.974  -32.631 0.0000000000
85641  23.412  7.527  -32.007 0.0000000000
85640  24.005  7.871  -31.848 0.0000000000
89137  23.963  10.697  -33.047 0.0000000000
89121  24.317  10.296  -32.251 0.0000000000
87975  25.697  9.431  -30.893 0.0000000000
87976  24.809  9.402  -31.322 0.0000000000
86875  25.940  8.438  -30.304 0.0000000000
84396  18.611  6.329  -29.501 0.0000000000
83228  19.400  5.717  -30.241 0.0000000000
83227  19.778  5.719  -30.575 0.0000000000
84417  19.982  6.392  -30.831 0.0000000000
84416  20.478  6.335  -31.177 0.0000000000
85623  20.318  6.914  -31.190 0.0000000000
104227  20.459  24.315  -35.275 0.0000000000
104226  21.161  24.258  -35.116 0.0000000000
104214  22.231  24.762  -34.234 0.0000000000
106348  23.495  26.087  -33.664 0.0000000000
107419  23.766  26.965  -33.713 0.0000000000
113534  20.303  33.671  -36.208 0.0000000000
112626  20.127  33.136  -36.974 0.0000000000
151908  20.145  32.519  -36.974 0.0000000000
92304  24.553  13.495  -33.171 0.0000000000
93272  26.667  14.155  -32.924 0.0000000000
81879  18.426  4.335  -28.576 0.0000000000
80604  18.074  3.881  -27.900 0.0000000000
80603  18.456  3.135  -28.257 0.0000000000
79326  19.093  2.346  -28.579 0.0000000000
77983  22.665  2.004  -27.475 0.0000000000
77982  23.294  2.297  -27.513 0.0000000000
81894  23.819  4.853  -29.714 0.0000000000
81875  24.206  4.454  -29.115 0.0000000000
83187  24.621  5.074  -29.206 0.0000000000
90242  17.284  11.396  -29.392 0.0000000000
90258  17.614  11.564  -29.977 0.0000000000
91277  17.349  12.005  -29.821 0.0000000000
91306  17.602  12.933  -30.999 0.0000000000
94254  17.693  15.279  -31.457 0.0000000000
94253  18.269  15.011  -31.945 0.0000000000
93286  19.879  14.497  -33.479 0.0000000000
94276  20.790  15.591  -34.287 0.0000000000
94284  21.143  16.089  -34.558 0.0000000000
98564  17.889  19.823  -32.856 0.0000000000
99794  20.804  21.332  -34.898 0.0000000000
99777  20.298  20.449  -35.002 0.0000000000
99776  20.966  20.703  -34.764 0.0000000000
98562  21.311  19.574  -34.506 0.0000000000
97334  21.729  18.632  -34.417 0.0000000000
98560  22.722  19.338  -33.621 0.0000000000
98541  23.388  19.366  -33.311 0.0000000000
97319  23.848  18.775  -33.249 0.0000000000
98540  24.121  19.421  -32.985 0.0000000000
99737  24.519  20.192  -32.900 0.0000000000
104201  26.188  24.277  -33.802 0.0000000000
103134  25.915  23.522  -33.620 0.0000000000
104213  26.582  24.147  -34.470 0.0000000000
151904  20.107  30.480  -36.802 0.0000000000
109544  19.898  29.803  -36.527 0.0000000000
107471  20.626  28.788  -36.407 0.0000000000
108537  21.500  29.620  -36.832 0.0000000000
108523  22.047  29.801  -36.196 0.0000000000
113543  24.901  33.438  -37.219 0.0000000000
112612  24.503  32.573  -36.674 0.0000000000
112611  25.471  32.357  -36.391 0.0000000000
112601  24.952  32.114  -35.853 0.0000000000
110521  25.408  30.684  -35.071 0.0000000000
110509  25.885  30.113  -34.634 0.0000000000
111621  26.417  31.049  -35.812 0.0000000000
110535  26.754  30.496  -35.952 0.0000000000
89141  20.009  10.515  -32.261 0.0000000000
88012  20.641  9.408  -32.236 0.0000000000
88009  23.307  9.488  -32.942 0.0000000000
90256  25.419  11.108  -31.730 0.0000000000
89120  24.978  10.766  -31.977 0.0000000000
89102  26.227  10.502  -30.822 0.0000000000
80620  19.995  3.532  -29.716 0.0000000000
80619  20.779  3.477  -29.521 0.0000000000
80601  21.916  3.392  -28.996 0.0000000000
80618  21.427  3.626  -29.332 0.0000000000
81897  21.530  4.236  -29.766 0.0000000000
81896  22.528  4.344  -30.023 0.0000000000
81913  22.022  4.940  -30.479 0.0000000000
81912  22.927  4.748  -30.696 0.0000000000
83223  23.457  5.531  -30.624 0.0000000000
83222  24.067  5.971  -30.530 0.0000000000
84413  24.659  6.470  -30.531 0.0000000000
94243  16.608  15.349  -30.268 0.0000000000
95178  16.398  15.966  -30.057 0.0000000000
95190  17.333  15.871  -31.124 0.0000000000
95199  17.488  16.396  -31.633 0.0000000000
96212  18.384  17.386  -32.774 0.0000000000
100981  19.585  21.823  -34.602 0.0000000000
102066  20.986  22.480  -35.034 0.0000000000
100994  21.078  21.665  -34.890 0.0000000000
102046  22.417  22.229  -33.665 0.0000000000
102035  22.830  21.813  -33.350 0.0000000000
102034  23.275  22.281  -33.313 0.0000000000
104196  24.064  23.496  -33.099 0.0000000000
104195  24.427  23.704  -33.061 0.0000000000
104203  24.598  24.419  -33.205 0.0000000000
105259  25.799  25.180  -33.683 0.0000000000
106345  26.099  25.770  -33.899 0.0000000000
109556  19.731  30.829  -36.458 0.0000000000
151900  21.181  31.393  -38.622 0.0000000000
90295  22.465  11.870  -33.864 0.0000000000
89153  22.253  11.006  -33.850 0.0000000000
90294  23.042  11.799  -33.577 0.0000000000
90293  23.835  11.740  -33.147 0.0000000000
90278  24.683  11.687  -32.949 0.0000000000
91331  24.802  12.673  -33.003 0.0000000000
90265  25.386  11.634  -32.183 0.0000000000
90264  25.822  12.100  -31.845 0.0000000000
100965  17.818  22.312  -33.017 0.0000000000
102059  18.565  22.683  -33.877 0.0000000000
103160  19.434  23.468  -34.840 0.0000000000
104216  19.029  24.412  -34.752 0.0000000000
104228  19.734  24.352  -35.138 0.0000000000
106377  22.034  26.712  -35.307 0.0000000000
79321  23.292  3.043  -28.490 0.0000000000
81859  24.528  4.050  -28.443 0.0000000000
95216  26.399  16.575  -33.546 0.0000000000
86879  18.195  8.759  -30.036 0.0000000000
86878  18.827  8.230  -30.384 0.0000000000
87977  18.345  9.191  -30.323 0.0000000000
87997  18.768  9.450  -30.954 0.0000000000
89123  19.324  10.215  -31.570 0.0000000000
90257  18.126  11.305  -30.464 0.0000000000
90282  21.157  11.310  -33.284 0.0000000000
92272  17.167  13.428  -30.734 0.0000000000
93264  18.077  14.313  -31.597 0.0000000000
92281  18.375  13.409  -31.920 0.0000000000
91322  19.693  12.474  -32.747 0.0000000000
90297  20.887  11.865  -33.465 0.0000000000
91335  21.763  12.581  -33.998 0.0000000000
92306  22.799  13.487  -33.709 0.0000000000
93282  23.203  14.421  -33.669 0.0000000000
98503  16.052  18.736  -30.713 0.0000000000
97308  16.370  18.348  -31.145 0.0000000000
96214  16.940  17.940  -32.170 0.0000000000
99761  18.520  20.850  -33.449 0.0000000000
98563  18.474  19.716  -33.465 0.0000000000
98580  19.318  19.696  -34.293 0.0000000000
97348  18.954  19.212  -33.897 0.0000000000
97336  18.687  18.411  -33.359 0.0000000000
97335  19.247  17.969  -33.657 0.0000000000
96227  19.061  17.387  -33.333 0.0000000000
95230  21.028  16.808  -34.633 0.0000000000
95229  21.826  16.647  -34.591 0.0000000000
96236  22.141  17.313  -34.476 0.0000000000
95219  23.081  16.422  -33.931 0.0000000000
97317  25.199  18.600  -33.248 0.0000000000
97330  25.692  18.743  -33.554 0.0000000000
97329  26.345  18.366  -34.051 0.0000000000
102043  26.000  22.524  -33.804 0.0000000000
100961  25.801  21.337  -33.722 0.0000000000
108525  19.631  29.271  -35.412 0.0000000000
106379  20.339  26.532  -35.325 0.0000000000
107433  22.511  27.368  -34.878 0.0000000000
115353  19.996  34.306  -40.206 0.0000000000
115352  20.499  33.796  -40.495 0.0000000000
116301  21.197  34.748  -40.619 0.0000000000
151920  21.262  32.440  -40.219 0.0000000000
151906  21.609  32.241  -38.807 0.0000000000
151896  22.110  31.598  -37.522 0.0000000000
109543  22.568  29.971  -36.037 0.0000000000
112603  23.860  31.616  -35.995 0.0000000000
110523  23.530  30.512  -35.693 0.0000000000
108521  23.147  29.282  -35.174 0.0000000000
107432  23.260  27.664  -34.289 0.0000000000
107431  24.116  27.789  -33.943 0.0000000000
107430  25.153  27.601  -33.815 0.0000000000
109529  25.749  29.418  -34.288 0.0000000000
108505  25.420  28.535  -34.181 0.0000000000
107429  25.860  27.604  -34.407 0.0000000000
107449  26.618  27.604  -34.995 0.0000000000
106375  27.104  27.148  -35.991 0.0000000000
108534  27.180  28.683  -36.685 0.0000000000
107483  27.189  27.683  -37.149 0.0000000000
106392  27.132  26.946  -36.530 0.0000000000
85644  20.704  7.560  -31.733 0.0000000000
85643  21.401  7.094  -32.208 0.0000000000
86917  21.189  8.325  -32.408 0.0000000000
85661  21.759  7.664  -32.494 0.0000000000
84449  22.010  7.130  -32.385 0.0000000000
84432  22.676  6.675  -31.682 0.0000000000
85622  23.688  7.052  -31.445 0.0000000000
89138  22.943  10.410  -33.521 0.0000000000
89104  24.593  10.148  -31.620 0.0000000000
87994  24.199  9.441  -31.879 0.0000000000
86913  23.939  8.784  -32.206 0.0000000000
85620  25.294  7.425  -30.559 0.0000000000
84412  25.407  6.704  -30.142 0.0000000000
94261  26.491  14.597  -33.139 0.0000000000
78003  21.003  2.087  -28.611 0.0000000000
79324  20.620  2.602  -29.136 0.0000000000
79339  20.292  3.077  -29.505 0.0000000000
80598  24.170  3.787  -28.569 0.0000000000
80599  23.627  3.688  -28.951 0.0000000000
81874  24.797  4.862  -28.872 0.0000000000
81876  23.651  4.037  -29.420 0.0000000000
81877  22.266  4.016  -29.356 0.0000000000
81911  23.353  4.849  -30.403 0.0000000000
83206  23.622  5.004  -30.117 0.0000000000
84394  25.465  6.484  -29.451 0.0000000000
84414  23.809  6.463  -31.033 0.0000000000
84431  23.318  6.800  -31.442 0.0000000000
84434  21.007  6.447  -31.616 0.0000000000
84448  22.377  7.031  -32.161 0.0000000000
85642  22.750  7.228  -32.083 0.0000000000
85645  20.118  7.516  -31.147 0.0000000000
85662  21.246  7.621  -32.280 0.0000000000
86896  24.294  8.488  -31.677 0.0000000000
86897  23.945  8.168  -32.196 0.0000000000
89142  19.495  10.874  -31.865 0.0000000000
89152  22.850  11.225  -33.814 0.0000000000
90279  24.192  11.332  -33.050 0.0000000000
90280  22.781  12.004  -33.675 0.0000000000
90296  21.609  11.709  -33.730 0.0000000000
91320  22.684  12.353  -33.692 0.0000000000
91333  23.190  12.570  -33.327 0.0000000000
92294  20.608  12.967  -33.548 0.0000000000
94283  21.432  16.283  -34.571 0.0000000000
95221  20.794  16.273  -34.459 0.0000000000
96193  16.273  17.629  -30.673 0.0000000000
96203  17.203  17.044  -31.737 0.0000000000
96210  25.445  18.271  -33.445 0.0000000000
96225  22.117  17.941  -34.387 0.0000000000
98581  18.939  19.741  -33.934 0.0000000000
99739  22.799  20.853  -33.096 0.0000000000
99757  25.880  20.277  -33.810 0.0000000000
99796  20.144  20.999  -35.003 0.0000000000
100941  25.268  21.635  -33.175 0.0000000000
100947  17.956  21.608  -32.980 0.0000000000
100962  22.551  21.336  -33.360 0.0000000000
100995  20.673  21.799  -34.961 0.0000000000
103128  24.380  23.061  -33.023 0.0000000000
103129  23.787  23.094  -33.215 0.0000000000
104194  24.989  23.790  -33.067 0.0000000000
104206  22.075  23.684  -33.904 0.0000000000
107448  26.965  27.421  -35.646 0.0000000000
108520  26.729  28.717  -35.121 0.0000000000
109540  24.399  29.726  -34.679 0.0000000000
110510  25.212  30.039  -34.553 0.0000000000
110524  23.068  30.218  -36.034 0.0000000000
110525  22.793  30.480  -36.334 0.0000000000
110536  23.340  30.848  -36.191 0.0000000000
110537  23.163  30.616  -36.203 0.0000000000
111622  25.780  31.508  -35.754 0.0000000000
111634  23.585  31.213  -36.119 0.0000000000
111644  20.106  32.787  -36.881 0.0000000000
112615  19.987  32.555  -36.441 0.0000000000
113533  25.148  32.772  -36.874 0.0000000000
151898  21.175  31.239  -38.211 0.0000000000
151902  21.602  31.538  -37.770 0.0000000000
151903  20.058  32.257  -36.753 0.0000000000
151907  21.724  31.739  -37.863 0.0000000000
151909  21.799  32.068  -38.063 0.0000000000
151910  20.149  32.851  -37.168 0.0000000000
151915  20.904  32.201  -40.173 0.0000000000
