#!ascii label  , from subject 3634 vox2ras=TkReg
327
22170  46.612  -45.405  -8.939 0.0000000000
15632  35.120  -51.563  -9.468 0.0000000000
18707  46.546  -48.737  -4.478 0.0000000000
19886  40.376  -47.666  -8.381 0.0000000000
13742  41.802  -53.746  -8.937 0.0000000000
15558  43.658  -51.223  -6.033 0.0000000000
12071  42.631  -55.193  -7.180 0.0000000000
18761  37.595  -48.731  -8.234 0.0000000000
19932  38.890  -48.253  -11.553 0.0000000000
21009  47.511  -46.500  -6.503 0.0000000000
19840  43.263  -48.198  -5.941 0.0000000000
16608  39.893  -50.617  -6.708 0.0000000000
13746  38.556  -53.155  -8.871 0.0000000000
11343  38.759  -56.624  -9.931 0.0000000000
23260  42.852  -44.889  -7.045 0.0000000000
23236  46.632  -44.677  -5.653 0.0000000000
19814  48.253  -47.630  -3.149 0.0000000000
17710  42.823  -49.421  -11.998 0.0000000000
12863  43.752  -54.112  -5.235 0.0000000000
16622  35.956  -50.524  -8.638 0.0000000000
18779  36.420  -48.575  -9.007 0.0000000000
19837  46.530  -47.354  -5.191 0.0000000000
18709  44.383  -48.544  -4.985 0.0000000000
14605  42.758  -52.828  -7.666 0.0000000000
16606  41.980  -50.543  -6.200 0.0000000000
14607  40.802  -52.684  -7.741 0.0000000000
14609  39.173  -52.216  -7.925 0.0000000000
13744  40.011  -53.448  -8.726 0.0000000000
12113  37.395  -55.671  -10.087 0.0000000000
23176  46.769  -45.333  -2.905 0.0000000000
22110  48.150  -45.870  -4.375 0.0000000000
20942  47.504  -46.778  -1.761 0.0000000000
19899  43.278  -47.894  -9.484 0.0000000000
18792  42.158  -48.550  -10.738 0.0000000000
19969  38.914  -47.571  -13.661 0.0000000000
18852  40.219  -48.393  -13.550 0.0000000000
15540  45.684  -51.389  -4.346 0.0000000000
16567  44.506  -50.290  -5.164 0.0000000000
15579  44.325  -52.152  -5.973 0.0000000000
13726  43.623  -53.641  -7.176 0.0000000000
12910  42.536  -54.444  -8.521 0.0000000000
19887  39.206  -48.164  -8.345 0.0000000000
19913  40.040  -47.959  -10.257 0.0000000000
19903  38.414  -47.936  -9.461 0.0000000000
19915  37.620  -47.791  -10.557 0.0000000000
14657  34.608  -52.390  -11.197 0.0000000000
22169  47.473  -45.632  -8.672 0.0000000000
19868  44.591  -47.408  -7.860 0.0000000000
19870  42.447  -47.663  -7.533 0.0000000000
17654  42.951  -49.656  -5.399 0.0000000000
18735  41.610  -48.804  -6.022 0.0000000000
19857  40.428  -48.394  -6.824 0.0000000000
17667  38.621  -49.688  -7.352 0.0000000000
15606  37.960  -50.960  -8.114 0.0000000000
14640  36.450  -52.568  -9.237 0.0000000000
12099  40.684  -55.428  -10.054 0.0000000000
12925  38.719  -54.528  -9.536 0.0000000000
12927  36.725  -54.347  -9.887 0.0000000000
13778  35.608  -53.279  -10.216 0.0000000000
23279  42.931  -44.728  -7.929 0.0000000000
22142  44.910  -45.263  -7.639 0.0000000000
23237  45.498  -44.728  -5.730 0.0000000000
23277  46.873  -44.786  -7.615 0.0000000000
23255  48.098  -44.808  -6.606 0.0000000000
20993  48.134  -46.293  -5.122 0.0000000000
18706  47.656  -48.635  -4.272 0.0000000000
17585  47.775  -49.336  -2.324 0.0000000000
16542  46.784  -50.340  -3.507 0.0000000000
18821  40.798  -48.671  -12.401 0.0000000000
22171  45.629  -45.291  -8.760 0.0000000000
22184  44.737  -45.561  -9.667 0.0000000000
22183  45.792  -45.692  -9.735 0.0000000000
15622  35.596  -51.073  -8.866 0.0000000000
17672  35.652  -49.707  -8.784 0.0000000000
19823  46.051  -47.966  -4.792 0.0000000000
19838  45.571  -47.438  -5.352 0.0000000000
18708  45.504  -48.734  -4.698 0.0000000000
13728  42.270  -53.309  -8.276 0.0000000000
14606  41.887  -52.691  -7.790 0.0000000000
13729  41.549  -53.190  -8.311 0.0000000000
14622  40.201  -53.051  -8.214 0.0000000000
13743  40.884  -53.444  -8.698 0.0000000000
10525  36.659  -57.643  -10.910 0.0000000000
22088  46.963  -45.829  -2.366 0.0000000000
19885  41.582  -47.676  -8.497 0.0000000000
18777  42.863  -48.352  -10.180 0.0000000000
19900  41.988  -48.009  -9.693 0.0000000000
19985  38.946  -47.531  -14.770 0.0000000000
15555  45.254  -51.529  -5.084 0.0000000000
14576  44.578  -52.504  -5.472 0.0000000000
12878  43.645  -54.156  -6.022 0.0000000000
13709  43.883  -53.668  -6.474 0.0000000000
12894  43.605  -54.160  -6.816 0.0000000000
12895  43.106  -54.430  -7.545 0.0000000000
18760  38.493  -48.548  -8.046 0.0000000000
19888  38.027  -48.048  -8.609 0.0000000000
19916  36.407  -47.707  -10.488 0.0000000000
19934  36.773  -47.095  -11.772 0.0000000000
21028  47.907  -46.092  -7.929 0.0000000000
19865  46.984  -46.776  -8.535 0.0000000000
21019  47.263  -46.622  -7.664 0.0000000000
19869  43.586  -47.536  -7.662 0.0000000000
19855  42.232  -48.126  -6.498 0.0000000000
16589  44.030  -50.717  -5.594 0.0000000000
16568  44.023  -50.189  -5.289 0.0000000000
16590  43.181  -50.613  -5.777 0.0000000000
16607  40.880  -50.653  -6.426 0.0000000000
17661  41.184  -49.711  -6.111 0.0000000000
18736  40.597  -48.878  -6.445 0.0000000000
17662  40.265  -49.751  -6.452 0.0000000000
18747  39.386  -48.670  -7.094 0.0000000000
16609  39.261  -50.400  -6.891 0.0000000000
14624  38.675  -52.538  -8.378 0.0000000000
15605  38.451  -51.522  -7.889 0.0000000000
15619  38.092  -52.041  -8.315 0.0000000000
14626  37.043  -52.230  -8.811 0.0000000000
14639  37.237  -52.905  -9.076 0.0000000000
8892  39.280  -59.536  -9.791 0.0000000000
10510  38.854  -57.807  -10.043 0.0000000000
10509  39.694  -57.573  -9.983 0.0000000000
11342  40.321  -56.453  -10.084 0.0000000000
12100  39.470  -55.494  -9.827 0.0000000000
12114  36.400  -55.223  -10.388 0.0000000000
12102  37.224  -55.026  -9.894 0.0000000000
12939  36.086  -54.164  -10.203 0.0000000000
13777  36.256  -53.717  -9.833 0.0000000000
12940  35.577  -54.198  -10.796 0.0000000000
23280  42.130  -44.652  -7.855 0.0000000000
22144  43.482  -44.998  -7.466 0.0000000000
22160  43.593  -44.988  -7.990 0.0000000000
23259  43.879  -45.133  -6.780 0.0000000000
23212  45.825  -44.585  -4.577 0.0000000000
23213  44.770  -44.621  -4.658 0.0000000000
23257  46.218  -44.654  -6.748 0.0000000000
23256  47.297  -44.644  -6.676 0.0000000000
23235  47.677  -44.687  -5.636 0.0000000000
20970  48.097  -46.665  -3.581 0.0000000000
20979  47.955  -46.746  -4.360 0.0000000000
19821  47.788  -47.544  -4.459 0.0000000000
19820  48.205  -47.524  -3.913 0.0000000000
15496  46.892  -50.994  -1.248 0.0000000000
16527  47.235  -50.005  -2.787 0.0000000000
16541  47.242  -49.811  -3.353 0.0000000000
18795  39.698  -48.259  -10.870 0.0000000000
18794  40.406  -48.242  -10.896 0.0000000000
18822  39.928  -48.338  -12.178 0.0000000000
18834  41.617  -48.964  -13.664 0.0000000000
17670  37.145  -49.638  -8.239 0.0000000000
18778  37.055  -48.454  -8.731 0.0000000000
20995  47.041  -46.994  -5.823 0.0000000000
21010  46.666  -46.829  -6.690 0.0000000000
20996  46.100  -46.939  -5.873 0.0000000000
18726  43.791  -48.333  -5.375 0.0000000000
14589  43.293  -52.311  -6.995 0.0000000000
15581  42.858  -51.337  -6.472 0.0000000000
14590  42.344  -52.119  -7.189 0.0000000000
14591  41.446  -52.146  -7.264 0.0000000000
15583  40.495  -51.615  -6.999 0.0000000000
15584  39.794  -51.224  -6.945 0.0000000000
15603  40.146  -52.128  -7.438 0.0000000000
14623  39.509  -52.860  -8.294 0.0000000000
13745  39.250  -53.281  -8.773 0.0000000000
11344  37.905  -56.084  -10.001 0.0000000000
11358  37.308  -56.636  -10.321 0.0000000000
11359  35.925  -56.402  -11.168 0.0000000000
23211  46.972  -44.932  -4.451 0.0000000000
23210  48.086  -44.950  -4.742 0.0000000000
22100  47.193  -45.440  -3.296 0.0000000000
22099  47.837  -45.949  -3.248 0.0000000000
20959  48.132  -46.970  -2.744 0.0000000000
18791  43.149  -48.896  -10.807 0.0000000000
18806  42.570  -49.028  -11.330 0.0000000000
19951  38.986  -48.041  -12.480 0.0000000000
19950  39.668  -48.231  -12.690 0.0000000000
19968  39.626  -48.123  -13.238 0.0000000000
19998  40.265  -48.275  -14.774 0.0000000000
17632  45.920  -49.646  -4.514 0.0000000000
17633  44.891  -49.593  -4.717 0.0000000000
16566  45.288  -50.670  -4.841 0.0000000000
16588  44.768  -50.978  -5.533 0.0000000000
15557  44.266  -51.468  -5.869 0.0000000000
14588  44.082  -52.818  -6.418 0.0000000000
14604  43.430  -53.041  -7.323 0.0000000000
13727  42.976  -53.644  -7.974 0.0000000000
19901  40.747  -47.755  -9.419 0.0000000000
19902  39.603  -47.884  -9.397 0.0000000000
19914  38.920  -48.218  -10.595 0.0000000000
19904  37.175  -48.093  -9.400 0.0000000000
19933  38.109  -47.794  -11.665 0.0000000000
19952  37.726  -47.106  -13.015 0.0000000000
14653  34.743  -52.193  -10.487 0.0000000000
22182  46.622  -45.984  -9.729 0.0000000000
21038  47.206  -46.265  -9.154 0.0000000000
19884  42.786  -47.621  -8.583 0.0000000000
18727  43.039  -48.759  -5.459 0.0000000000
16591  42.565  -50.238  -5.840 0.0000000000
18728  42.351  -49.058  -5.617 0.0000000000
18734  42.364  -48.603  -5.874 0.0000000000
19871  41.256  -47.741  -7.450 0.0000000000
19872  40.127  -48.142  -7.397 0.0000000000
19873  39.423  -48.287  -7.618 0.0000000000
18748  38.778  -48.897  -7.495 0.0000000000
18749  38.268  -49.054  -7.795 0.0000000000
16615  38.848  -50.695  -7.241 0.0000000000
16616  38.218  -50.478  -7.783 0.0000000000
16620  37.598  -50.435  -8.185 0.0000000000
16621  36.793  -50.549  -8.426 0.0000000000
15621  36.259  -51.538  -8.808 0.0000000000
15631  35.863  -52.076  -9.245 0.0000000000
12096  42.328  -55.049  -8.894 0.0000000000
9710  39.160  -58.979  -9.939 0.0000000000
12098  41.474  -55.217  -10.051 0.0000000000
12923  40.975  -54.548  -9.802 0.0000000000
12924  39.918  -54.529  -9.527 0.0000000000
13760  39.038  -53.821  -9.172 0.0000000000
13761  38.011  -53.507  -9.317 0.0000000000
12101  38.169  -55.393  -9.845 0.0000000000
12926  37.632  -54.368  -9.694 0.0000000000
13762  36.913  -53.519  -9.501 0.0000000000
13763  36.159  -53.142  -9.641 0.0000000000
14652  35.144  -52.392  -10.068 0.0000000000
14656  35.015  -52.725  -10.594 0.0000000000
23302  42.642  -44.724  -9.448 0.0000000000
23295  42.324  -44.531  -8.616 0.0000000000
23301  43.230  -44.900  -9.016 0.0000000000
22173  43.667  -45.125  -8.598 0.0000000000
22159  44.311  -45.252  -8.051 0.0000000000
22158  45.077  -45.261  -8.165 0.0000000000
23258  45.027  -45.132  -6.853 0.0000000000
23278  45.785  -44.919  -7.767 0.0000000000
23293  46.490  -45.054  -8.288 0.0000000000
23292  47.242  -45.118  -8.251 0.0000000000
22156  48.050  -45.489  -7.747 0.0000000000
21018  48.089  -46.108  -7.137 0.0000000000
23209  48.304  -45.317  -5.085 0.0000000000
22127  48.333  -45.629  -5.497 0.0000000000
21008  48.114  -46.088  -6.080 0.0000000000
19836  47.295  -47.125  -5.001 0.0000000000
19822  46.981  -47.834  -4.554 0.0000000000
18690  48.071  -49.089  -3.956 0.0000000000
17630  47.629  -49.323  -3.954 0.0000000000
17631  46.916  -49.573  -4.138 0.0000000000
19912  40.992  -48.065  -10.277 0.0000000000
18807  41.732  -48.876  -11.769 0.0000000000
17711  42.122  -49.222  -12.395 0.0000000000
18835  40.838  -48.688  -13.239 0.0000000000
18820  41.571  -49.013  -12.754 0.0000000000
9698  39.311  -58.337  -9.948 0.0000000000
12111  41.276  -55.779  -10.130 0.0000000000
12879  43.132  -54.661  -6.499 0.0000000000
12921  42.167  -54.744  -9.165 0.0000000000
13757  41.231  -53.960  -9.402 0.0000000000
13758  40.485  -53.911  -9.316 0.0000000000
13759  39.752  -53.802  -9.132 0.0000000000
14575  45.086  -51.991  -5.333 0.0000000000
14587  44.278  -52.482  -5.950 0.0000000000
14608  39.865  -52.462  -7.798 0.0000000000
14625  37.853  -52.569  -8.710 0.0000000000
14641  35.717  -52.514  -9.640 0.0000000000
15556  44.833  -51.707  -5.591 0.0000000000
15580  43.795  -51.896  -6.339 0.0000000000
15582  41.665  -51.438  -6.721 0.0000000000
15604  39.494  -51.620  -7.364 0.0000000000
15620  37.506  -51.473  -8.421 0.0000000000
15636  34.764  -51.940  -10.097 0.0000000000
16512  47.197  -50.495  -1.529 0.0000000000
16587  45.101  -51.235  -5.327 0.0000000000
16605  42.652  -50.690  -6.070 0.0000000000
16614  39.418  -50.931  -6.969 0.0000000000
16625  35.250  -50.520  -8.972 0.0000000000
17605  47.767  -49.376  -3.364 0.0000000000
17606  47.280  -49.668  -3.686 0.0000000000
17634  43.889  -49.551  -5.081 0.0000000000
17653  43.610  -50.166  -5.382 0.0000000000
17655  42.098  -49.660  -5.860 0.0000000000
17663  39.348  -49.656  -6.801 0.0000000000
17664  38.947  -50.104  -6.977 0.0000000000
17666  38.959  -49.174  -7.087 0.0000000000
17668  37.917  -49.638  -7.951 0.0000000000
18689  48.213  -48.500  -3.607 0.0000000000
18705  48.131  -48.081  -4.142 0.0000000000
18711  43.310  -48.903  -5.248 0.0000000000
18725  44.162  -48.137  -5.289 0.0000000000
18737  39.876  -49.047  -6.618 0.0000000000
18746  40.063  -48.570  -6.849 0.0000000000
18759  39.041  -48.458  -7.704 0.0000000000
18762  36.732  -48.966  -8.464 0.0000000000
18793  41.253  -48.380  -10.963 0.0000000000
18808  40.653  -48.489  -11.603 0.0000000000
18809  39.886  -48.316  -11.427 0.0000000000
18810  39.332  -48.318  -11.238 0.0000000000
18823  39.381  -48.309  -11.777 0.0000000000
18836  40.166  -48.425  -12.881 0.0000000000
18851  40.717  -48.515  -14.200 0.0000000000
19802  47.954  -47.069  -2.060 0.0000000000
19824  45.159  -48.001  -5.013 0.0000000000
19839  44.368  -47.632  -5.655 0.0000000000
19841  42.714  -48.429  -5.942 0.0000000000
19854  43.371  -47.685  -6.658 0.0000000000
19856  41.004  -48.231  -6.710 0.0000000000
19889  37.441  -48.258  -8.715 0.0000000000
19894  46.920  -46.652  -9.431 0.0000000000
19911  41.592  -48.235  -10.422 0.0000000000
19983  40.246  -48.332  -14.393 0.0000000000
19984  39.820  -48.094  -14.215 0.0000000000
20960  47.680  -46.420  -2.488 0.0000000000
20961  47.270  -46.360  -2.067 0.0000000000
20971  48.032  -46.470  -3.008 0.0000000000
20980  47.764  -46.797  -4.853 0.0000000000
20994  47.640  -46.549  -5.539 0.0000000000
21029  47.489  -46.280  -8.518 0.0000000000
22087  47.537  -46.033  -2.688 0.0000000000
22098  48.082  -46.151  -3.740 0.0000000000
22111  47.593  -45.384  -4.009 0.0000000000
22112  47.129  -45.212  -3.815 0.0000000000
22141  48.347  -45.414  -6.597 0.0000000000
22143  44.187  -45.215  -7.467 0.0000000000
22157  47.874  -45.240  -8.101 0.0000000000
22168  47.856  -45.854  -8.272 0.0000000000
22172  44.508  -45.314  -8.761 0.0000000000
22181  47.153  -46.034  -9.374 0.0000000000
23189  46.692  -45.123  -3.431 0.0000000000
23234  48.345  -45.002  -5.690 0.0000000000
23275  48.243  -45.048  -7.210 0.0000000000
23276  47.826  -44.877  -7.643 0.0000000000
23291  47.671  -45.160  -8.215 0.0000000000
23294  43.074  -44.760  -8.582 0.0000000000
