#!ascii label  , from subject 3958 vox2ras=TkReg
281
80887  -32.351  -14.084  -4.289 0.0000000000
84151  -28.900  -11.490  -6.511 0.0000000000
98292  -29.183  0.591  -7.014 0.0000000000
93656  -30.089  -3.977  -6.426 0.0000000000
90076  -32.685  -7.310  -6.926 0.0000000000
86499  -34.511  -9.680  -4.837 0.0000000000
100389  -27.749  1.647  -8.173 0.0000000000
91252  -31.014  -5.409  -6.337 0.0000000000
88913  -29.132  -8.083  -6.923 0.0000000000
82003  -30.348  -13.098  -5.273 0.0000000000
85306  -32.438  -10.868  -5.619 0.0000000000
82999  -33.811  -12.169  -4.264 0.0000000000
76086  -28.644  -17.885  -3.637 0.0000000000
80883  -29.054  -14.785  -5.186 0.0000000000
105082  -25.944  7.556  -9.678 0.0000000000
105072  -27.589  6.924  -9.001 0.0000000000
103192  -29.289  5.282  -8.061 0.0000000000
100392  -30.718  2.669  -6.988 0.0000000000
98281  -31.258  0.426  -6.385 0.0000000000
96075  -28.994  -1.801  -7.106 0.0000000000
96078  -32.390  -2.006  -6.488 0.0000000000
93658  -32.826  -3.989  -8.015 0.0000000000
91255  -33.331  -6.002  -8.453 0.0000000000
90100  -34.957  -6.433  -7.796 0.0000000000
86546  -30.873  -9.665  -5.944 0.0000000000
87682  -33.456  -8.859  -6.152 0.0000000000
90094  -28.670  -6.764  -7.526 0.0000000000
88934  -27.369  -7.728  -8.077 0.0000000000
81982  -31.673  -13.551  -4.865 0.0000000000
83037  -32.365  -12.649  -5.146 0.0000000000
81984  -33.070  -13.157  -4.387 0.0000000000
73423  -30.723  -21.282  -0.809 0.0000000000
73435  -30.444  -20.514  -1.340 0.0000000000
74781  -30.648  -19.500  -1.796 0.0000000000
80903  -28.568  -14.194  -5.818 0.0000000000
79697  -27.243  -15.162  -6.009 0.0000000000
103203  -28.737  5.870  -8.453 0.0000000000
99367  -28.275  1.359  -7.636 0.0000000000
100390  -28.268  2.385  -7.938 0.0000000000
99368  -28.989  1.595  -7.215 0.0000000000
100382  -30.675  1.864  -6.627 0.0000000000
98280  -30.115  0.373  -6.453 0.0000000000
94881  -29.965  -2.894  -6.314 0.0000000000
96093  -31.075  -1.969  -6.198 0.0000000000
94870  -31.351  -3.228  -6.122 0.0000000000
94884  -32.674  -2.934  -7.349 0.0000000000
92432  -31.716  -4.140  -6.381 0.0000000000
90097  -32.324  -6.507  -6.731 0.0000000000
91254  -32.728  -5.790  -7.478 0.0000000000
90098  -33.035  -6.682  -7.696 0.0000000000
90118  -34.600  -6.262  -8.416 0.0000000000
88937  -33.869  -7.488  -7.437 0.0000000000
85324  -28.377  -10.529  -6.925 0.0000000000
86544  -28.825  -9.493  -6.834 0.0000000000
85325  -29.327  -10.517  -6.326 0.0000000000
85308  -34.034  -10.075  -5.192 0.0000000000
86549  -33.228  -9.474  -5.782 0.0000000000
86526  -34.249  -9.383  -5.365 0.0000000000
88898  -34.591  -8.146  -5.694 0.0000000000
88876  -34.768  -8.138  -5.145 0.0000000000
77336  -30.687  -17.665  -2.977 0.0000000000
77359  -29.439  -17.233  -3.765 0.0000000000
77360  -30.421  -17.104  -3.544 0.0000000000
78527  -30.974  -16.421  -3.684 0.0000000000
92444  -29.549  -4.734  -6.836 0.0000000000
92445  -30.512  -4.770  -6.398 0.0000000000
91251  -30.023  -5.586  -6.415 0.0000000000
90095  -29.562  -6.651  -6.590 0.0000000000
90074  -30.398  -7.317  -6.188 0.0000000000
83053  -29.849  -12.307  -5.627 0.0000000000
84153  -30.795  -11.069  -5.730 0.0000000000
83035  -30.672  -12.022  -5.620 0.0000000000
84134  -32.423  -11.728  -5.497 0.0000000000
85286  -34.165  -10.784  -4.589 0.0000000000
74797  -30.513  -18.819  -2.346 0.0000000000
83051  -28.522  -12.442  -6.735 0.0000000000
82018  -28.880  -13.050  -6.475 0.0000000000
80905  -30.103  -13.845  -4.906 0.0000000000
80885  -30.854  -14.075  -4.743 0.0000000000
105916  -25.387  9.015  -10.744 0.0000000000
104172  -26.014  6.895  -9.382 0.0000000000
104173  -26.696  6.905  -9.299 0.0000000000
105073  -28.540  7.339  -8.910 0.0000000000
105074  -29.618  7.250  -8.544 0.0000000000
104156  -30.395  5.878  -7.845 0.0000000000
102284  -28.434  4.048  -8.084 0.0000000000
102286  -30.104  4.398  -7.524 0.0000000000
102287  -31.076  4.403  -7.615 0.0000000000
101354  -31.848  3.553  -7.554 0.0000000000
100384  -32.223  1.966  -7.007 0.0000000000
98294  -32.644  0.521  -7.218 0.0000000000
97210  -28.992  -0.552  -7.151 0.0000000000
97197  -30.385  -0.616  -6.247 0.0000000000
97199  -32.082  -0.363  -6.534 0.0000000000
97200  -32.713  -0.766  -7.173 0.0000000000
96079  -32.756  -1.787  -7.722 0.0000000000
93669  -32.979  -4.298  -9.447 0.0000000000
92447  -32.495  -4.651  -6.930 0.0000000000
92448  -32.947  -5.070  -8.360 0.0000000000
87695  -28.394  -8.887  -7.346 0.0000000000
87678  -29.421  -8.787  -6.529 0.0000000000
88915  -30.987  -8.081  -6.129 0.0000000000
85327  -31.388  -10.478  -5.785 0.0000000000
87681  -32.511  -8.828  -6.254 0.0000000000
88917  -33.204  -8.043  -6.886 0.0000000000
88918  -34.227  -8.003  -6.596 0.0000000000
90063  -35.205  -6.479  -5.996 0.0000000000
79681  -28.769  -15.514  -4.937 0.0000000000
79683  -30.442  -15.270  -4.305 0.0000000000
79664  -32.546  -15.335  -3.383 0.0000000000
80886  -31.827  -14.105  -4.500 0.0000000000
81983  -32.534  -13.380  -4.606 0.0000000000
81965  -33.013  -13.458  -4.240 0.0000000000
81966  -33.478  -13.119  -3.953 0.0000000000
80865  -32.884  -14.107  -3.922 0.0000000000
99357  -29.725  1.225  -6.712 0.0000000000
93655  -29.181  -3.749  -6.980 0.0000000000
93644  -30.547  -3.522  -6.178 0.0000000000
94868  -30.408  -3.219  -6.182 0.0000000000
93646  -31.825  -3.597  -6.366 0.0000000000
92431  -30.930  -4.152  -6.169 0.0000000000
90075  -31.610  -7.279  -6.389 0.0000000000
90077  -33.390  -7.270  -7.498 0.0000000000
86525  -33.674  -9.540  -5.624 0.0000000000
87636  -34.661  -8.750  -5.078 0.0000000000
87620  -34.850  -9.159  -4.493 0.0000000000
87637  -34.943  -8.677  -4.500 0.0000000000
91276  -28.225  -5.548  -7.923 0.0000000000
91250  -29.047  -5.718  -7.305 0.0000000000
88936  -29.110  -7.402  -7.090 0.0000000000
90073  -29.581  -7.514  -6.583 0.0000000000
83036  -31.515  -12.352  -5.491 0.0000000000
83038  -32.844  -12.523  -4.976 0.0000000000
84135  -33.041  -12.043  -5.161 0.0000000000
84114  -33.667  -11.596  -4.744 0.0000000000
85285  -33.742  -11.097  -4.893 0.0000000000
84115  -34.001  -11.407  -4.459 0.0000000000
84092  -34.257  -11.550  -4.027 0.0000000000
70865  -29.317  -21.775  -1.068 0.0000000000
74796  -29.768  -19.251  -2.502 0.0000000000
76045  -31.080  -18.624  -1.875 0.0000000000
80904  -29.493  -13.965  -5.295 0.0000000000
80884  -29.838  -14.467  -4.680 0.0000000000
105081  -25.003  7.697  -9.346 0.0000000000
105906  -24.999  8.528  -10.270 0.0000000000
105917  -25.683  8.806  -10.567 0.0000000000
105907  -26.465  8.605  -10.144 0.0000000000
104163  -27.241  6.250  -8.832 0.0000000000
105083  -27.315  7.666  -9.481 0.0000000000
105084  -28.164  7.946  -9.367 0.0000000000
104165  -29.261  6.364  -8.377 0.0000000000
104166  -30.415  6.472  -8.128 0.0000000000
104155  -29.921  5.925  -7.819 0.0000000000
100391  -29.629  2.306  -7.062 0.0000000000
101352  -29.876  3.444  -7.315 0.0000000000
101353  -30.888  3.550  -7.323 0.0000000000
99359  -31.447  1.188  -6.472 0.0000000000
100383  -31.559  1.969  -6.688 0.0000000000
99360  -32.307  0.945  -6.739 0.0000000000
99369  -32.710  1.389  -7.337 0.0000000000
98282  -32.119  0.484  -6.624 0.0000000000
94880  -28.807  -2.737  -7.270 0.0000000000
96059  -28.570  -2.207  -7.454 0.0000000000
97211  -29.676  -0.211  -6.457 0.0000000000
96076  -30.141  -1.438  -6.214 0.0000000000
96077  -31.296  -2.248  -6.052 0.0000000000
96062  -31.762  -1.154  -6.236 0.0000000000
96063  -32.521  -1.205  -6.712 0.0000000000
93657  -32.425  -3.688  -6.859 0.0000000000
92446  -31.492  -4.787  -6.360 0.0000000000
91253  -32.001  -5.589  -6.454 0.0000000000
92466  -33.600  -5.220  -9.121 0.0000000000
90079  -35.329  -6.169  -6.910 0.0000000000
87694  -27.722  -8.635  -7.678 0.0000000000
86545  -29.784  -9.626  -6.128 0.0000000000
87679  -30.383  -8.857  -6.109 0.0000000000
86548  -32.741  -9.504  -5.879 0.0000000000
90046  -34.850  -7.708  -5.261 0.0000000000
90062  -34.857  -7.398  -5.944 0.0000000000
79662  -30.739  -15.921  -4.006 0.0000000000
79663  -31.451  -15.564  -3.884 0.0000000000
90093  -27.937  -7.128  -7.858 0.0000000000
88935  -28.463  -7.946  -7.504 0.0000000000
82004  -31.542  -13.072  -5.196 0.0000000000
82005  -32.049  -13.173  -4.981 0.0000000000
83017  -32.736  -12.785  -4.852 0.0000000000
83018  -33.174  -12.613  -4.656 0.0000000000
81967  -34.073  -13.158  -3.175 0.0000000000
72114  -29.837  -21.358  -1.022 0.0000000000
73451  -29.221  -19.862  -2.275 0.0000000000
74780  -29.891  -19.958  -1.957 0.0000000000
73436  -31.227  -20.060  -1.256 0.0000000000
82000  -27.936  -13.809  -6.788 0.0000000000
80902  -27.690  -14.391  -6.548 0.0000000000
79698  -28.115  -15.147  -5.571 0.0000000000
105071  -25.406  6.959  -9.172 0.0000000000
104164  -28.232  6.389  -8.637 0.0000000000
103202  -28.067  5.493  -8.469 0.0000000000
103191  -28.520  4.707  -8.188 0.0000000000
100381  -30.145  1.651  -6.686 0.0000000000
99358  -30.560  1.142  -6.480 0.0000000000
94895  -30.538  -2.303  -6.077 0.0000000000
94882  -31.051  -2.818  -5.996 0.0000000000
94883  -31.922  -2.896  -6.321 0.0000000000
92433  -32.146  -4.017  -6.618 0.0000000000
90096  -30.995  -6.333  -6.270 0.0000000000
90117  -34.300  -6.197  -8.608 0.0000000000
90099  -33.992  -6.748  -8.231 0.0000000000
88938  -34.383  -7.125  -7.443 0.0000000000
85334  -28.285  -9.730  -7.172 0.0000000000
86523  -32.249  -10.234  -5.741 0.0000000000
86524  -32.968  -10.085  -5.624 0.0000000000
87658  -33.839  -8.933  -5.957 0.0000000000
87683  -33.966  -8.656  -6.186 0.0000000000
87659  -34.204  -8.790  -5.842 0.0000000000
88878  -35.382  -7.157  -4.234 0.0000000000
88877  -35.090  -7.960  -4.458 0.0000000000
76087  -29.485  -17.961  -3.336 0.0000000000
77335  -30.044  -17.692  -3.330 0.0000000000
78525  -28.954  -16.603  -4.312 0.0000000000
78526  -30.009  -16.312  -4.079 0.0000000000
92443  -28.552  -4.619  -7.587 0.0000000000
84152  -29.928  -11.448  -5.822 0.0000000000
84132  -30.744  -11.489  -5.673 0.0000000000
84133  -31.518  -11.369  -5.674 0.0000000000
85307  -33.382  -10.889  -5.273 0.0000000000
86477  -34.910  -9.840  -4.024 0.0000000000
84065  -34.689  -11.526  -3.112 0.0000000000
70849  -29.723  -22.406  -0.575 0.0000000000
74814  -28.324  -18.655  -3.257 0.0000000000
76060  -29.138  -18.539  -2.985 0.0000000000
76061  -30.088  -18.333  -2.875 0.0000000000
76062  -30.838  -18.175  -2.422 0.0000000000
83052  -29.242  -12.276  -6.199 0.0000000000
82019  -29.411  -12.826  -5.833 0.0000000000
82001  -28.365  -13.690  -6.477 0.0000000000
82002  -29.125  -13.444  -5.864 0.0000000000
81981  -31.135  -13.483  -5.092 0.0000000000
106782  -24.645  9.531  -10.359 0.0000000000
106783  -26.660  9.229  -10.331 0.0000000000
105898  -29.231  7.719  -8.876 0.0000000000
105899  -29.793  7.919  -8.868 0.0000000000
105075  -30.518  7.400  -8.678 0.0000000000
103204  -30.803  5.752  -7.927 0.0000000000
102285  -29.178  4.213  -7.800 0.0000000000
101351  -28.883  3.328  -7.718 0.0000000000
103193  -30.410  5.281  -7.711 0.0000000000
103194  -31.260  5.136  -7.939 0.0000000000
102288  -31.873  4.365  -7.994 0.0000000000
100393  -31.670  2.735  -7.139 0.0000000000
97209  -28.232  -0.947  -7.653 0.0000000000
97198  -31.093  -0.384  -6.256 0.0000000000
96061  -30.857  -1.085  -6.108 0.0000000000
97212  -32.589  -0.096  -7.056 0.0000000000
94897  -32.658  -3.101  -8.963 0.0000000000
93680  -32.685  -3.546  -10.056 0.0000000000
91278  -34.637  -5.793  -8.737 0.0000000000
88912  -28.784  -8.208  -7.215 0.0000000000
87677  -28.805  -8.567  -7.076 0.0000000000
88914  -29.924  -8.105  -6.311 0.0000000000
88916  -32.098  -8.084  -6.479 0.0000000000
85326  -30.327  -10.476  -5.866 0.0000000000
86547  -31.895  -9.609  -5.940 0.0000000000
87680  -31.472  -8.868  -6.131 0.0000000000
90078  -34.865  -6.958  -6.848 0.0000000000
79682  -29.491  -15.289  -4.615 0.0000000000
78553  -29.787  -15.732  -4.367 0.0000000000
79684  -31.343  -14.749  -4.297 0.0000000000
80864  -32.071  -14.660  -4.034 0.0000000000
76063  -31.314  -18.119  -2.118 0.0000000000
84091  -33.940  -11.687  -4.400 0.0000000000
85305  -31.928  -10.766  -5.731 0.0000000000
86559  -28.390  -9.349  -7.216 0.0000000000
93645  -31.204  -3.644  -6.121 0.0000000000
94869  -30.739  -3.218  -6.090 0.0000000000
94896  -30.936  -2.381  -5.938 0.0000000000
96058  -28.352  -2.233  -7.649 0.0000000000
96060  -30.461  -1.033  -6.159 0.0000000000
96092  -30.739  -2.026  -6.211 0.0000000000
98279  -29.626  0.745  -6.621 0.0000000000
98293  -29.619  0.284  -6.534 0.0000000000
