#!ascii label  , from subject 3958 vox2ras=TkReg
454
72404  26.200  -22.928  -1.053 0.1428571492
71277  24.731  -24.226  -1.120 0.1428571492
72421  25.579  -22.608  -1.729 0.1428571492
71275  26.548  -23.597  -0.451 0.1428571492
72420  26.607  -22.284  -1.410 0.2857142985
71291  24.908  -23.076  -1.623 0.1428571492
73572  25.914  -21.084  -2.774 0.5714285970
73554  27.329  -21.532  -1.474 0.1428571492
75891  28.539  -20.220  -2.051 0.2857142985
74738  28.525  -20.662  -1.532 0.2857142985
75905  29.350  -19.332  -2.402 0.1428571492
75890  29.081  -20.007  -1.951 0.2857142985
78287  30.376  -17.384  -3.509 0.2857142985
78272  30.172  -18.057  -3.164 0.1428571492
77065  29.210  -18.407  -3.329 0.2857142985
79482  31.205  -16.044  -3.809 0.2857142985
78286  30.885  -17.033  -3.359 0.2857142985
81783  31.002  -15.014  -5.073 0.2857142985
80640  30.466  -15.700  -4.752 0.2857142985
81797  31.883  -14.017  -5.521 0.2857142985
84111  32.795  -12.389  -6.472 0.8571428657
82928  32.517  -13.368  -5.696 0.4285714328
81782  32.131  -14.405  -4.634 0.2857142985
85343  32.859  -11.508  -7.104 0.7142857313
85342  33.628  -11.533  -6.374 0.7142857313
82947  31.768  -13.243  -6.549 0.7142857313
86596  34.212  -10.020  -6.723 0.8571428657
86578  33.331  -10.878  -6.990 0.5714285970
84127  32.386  -12.105  -7.213 0.7142857313
87754  34.836  -8.949  -6.632 0.4285714328
86597  33.630  -10.158  -7.202 0.7142857313
91158  35.637  -6.690  -6.708 0.2857142985
90094  34.548  -7.619  -7.747 0.5714285970
88911  34.709  -8.385  -7.146 0.8571428657
87756  33.394  -9.464  -7.931 0.8571428657
92223  35.412  -6.233  -7.091 0.1428571492
91170  35.106  -6.727  -7.394 0.4285714328
88912  34.061  -8.581  -7.841 0.8571428657
93309  35.617  -4.194  -7.451 0.1428571492
92237  36.109  -4.590  -7.028 0.1428571492
92238  35.056  -5.575  -7.710 0.1428571492
91171  34.617  -6.724  -8.101 0.4285714328
90095  34.038  -8.020  -8.372 0.8571428657
94348  35.196  -3.321  -8.712 0.1428571492
94337  36.021  -3.311  -8.002 0.1428571492
93322  35.012  -4.379  -8.403 0.1428571492
92245  34.740  -5.163  -8.424 0.4285714328
90102  34.295  -7.421  -8.486 0.7142857313
88913  33.515  -8.619  -8.567 0.8571428657
93332  34.715  -3.946  -8.978 0.1428571492
94349  34.622  -3.550  -9.601 0.1428571492
93323  34.587  -4.980  -8.785 0.5714285970
91178  34.382  -6.853  -8.998 0.8571428657
90103  33.805  -7.823  -9.118 0.8571428657
95369  35.216  -2.544  -9.378 0.1428571492
95370  34.552  -2.877  -10.165 0.2857142985
94350  34.271  -4.162  -10.357 0.8571428657
92246  34.517  -5.742  -8.987 0.8571428657
92239  34.627  -6.223  -8.436 0.7142857313
91185  34.158  -6.546  -9.776 0.8571428657
96392  34.413  -2.577  -10.657 0.1428571492
96406  34.138  -2.248  -11.368 0.1428571492
94363  34.309  -3.527  -10.453 0.4285714328
94364  33.853  -4.016  -11.274 0.8571428657
93334  34.073  -5.001  -10.934 0.8571428657
92252  34.174  -5.864  -10.287 0.8571428657
91186  33.378  -6.862  -10.557 0.8571428657
95381  34.160  -3.064  -10.923 0.4285714328
92253  33.417  -5.946  -11.334 0.8571428657
96418  33.602  -2.363  -12.454 0.2857142985
95382  33.775  -3.226  -11.761 0.5714285970
95391  33.432  -3.197  -12.504 0.8571428657
93349  33.088  -5.015  -12.016 0.8571428657
93355  32.722  -4.553  -12.368 0.8571428657
92268  32.592  -5.962  -11.979 0.8571428657
97381  33.420  -1.899  -12.942 0.2857142985
96407  33.744  -2.760  -12.037 0.5714285970
95397  33.039  -3.028  -13.182 0.8571428657
94371  32.241  -4.220  -12.558 0.8571428657
95398  32.365  -2.842  -13.595 0.8571428657
94384  32.039  -3.051  -13.584 0.8571428657
94377  32.840  -3.600  -12.837 0.8571428657
94372  31.529  -3.632  -13.072 0.7142857313
96426  31.938  -2.352  -13.948 0.8571428657
96433  31.383  -2.655  -13.868 0.8571428657
94378  32.244  -3.391  -13.264 0.8571428657
96427  30.869  -2.385  -13.597 0.8571428657
97391  30.870  -1.390  -13.294 0.8571428657
95392  30.950  -3.156  -12.793 0.7142857313
98332  30.518  -0.681  -14.326 0.7142857313
98324  30.833  -0.133  -12.847 0.8571428657
99282  30.987  1.321  -12.169 0.7142857313
95399  31.123  -3.074  -13.491 0.8571428657
100327  29.014  2.453  -15.822 0.1428571492
99286  30.570  0.915  -13.673 0.7142857313
100313  30.772  2.438  -12.947 0.7142857313
101452  28.774  4.563  -15.851 0.1428571492
100320  30.084  2.223  -14.352 0.5714285970
101442  30.615  3.579  -13.670 0.5714285970
102511  30.969  4.888  -13.288 0.5714285970
101451  29.883  3.788  -14.766 0.1428571492
140810  29.313  6.741  -16.125 0.1428571492
103495  31.355  5.845  -12.542 0.5714285970
140824  29.557  7.665  -15.956 0.1428571492
102518  30.218  5.675  -14.594 0.1428571492
107943  30.949  10.120  -15.527 0.1428571492
107097  30.482  8.104  -15.138 0.1428571492
107941  31.083  10.034  -14.240 0.1428571492
70122  25.866  -24.021  -0.544 0.1428571492
70123  25.317  -24.379  -0.599 0.1428571492
73540  27.584  -21.814  -0.893 0.1428571492
73553  27.940  -21.098  -1.388 0.2857142985
74739  27.730  -20.802  -1.811 0.2857142985
77048  29.696  -18.663  -2.834 0.1428571492
81798  31.311  -14.395  -5.604 0.2857142985
82946  32.295  -12.925  -6.429 0.4285714328
82929  31.546  -13.852  -6.104 0.5714285970
87738  34.645  -9.569  -6.506 0.2857142985
84112  32.091  -12.661  -6.930 0.7142857313
88894  35.368  -8.281  -6.455 0.1428571492
93333  34.476  -4.702  -9.529 0.8571428657
96425  32.982  -2.344  -13.430 0.8571428657
97390  31.321  -1.654  -14.150 0.8571428657
102517  30.511  4.460  -14.120 0.1428571492
107100  30.301  8.940  -16.840 0.1428571492
70124  24.545  -24.959  -0.755 0.1428571492
74740  27.083  -21.023  -2.183 0.4285714328
75906  28.343  -19.764  -2.546 0.2857142985
74757  27.498  -20.379  -2.431 0.4285714328
74758  26.508  -20.648  -2.768 0.2857142985
79456  31.819  -17.084  -2.844 0.2857142985
79467  31.484  -16.477  -3.402 0.2857142985
79468  30.547  -16.777  -3.734 0.2857142985
79469  30.049  -17.137  -3.921 0.2857142985
79483  30.797  -16.167  -4.006 0.2857142985
95359  36.038  -2.654  -8.536 0.1428571492
96391  34.786  -2.220  -10.309 0.1428571492
91179  33.854  -7.207  -9.734 0.8571428657
90115  33.291  -7.763  -9.922 1.0000000000
96417  33.837  -1.987  -11.905 0.1428571492
97380  33.894  -1.447  -12.028 0.1428571492
97389  32.827  -1.427  -13.514 0.2857142985
94365  31.886  -4.590  -12.394 0.8571428657
99292  29.608  0.503  -15.024 0.2857142985
140828  31.050  6.888  -13.934 0.2857142985
106203  31.332  7.966  -13.225 0.1428571492
107095  31.158  9.079  -13.676 0.1428571492
98331  31.785  -0.801  -14.308 0.4285714328
98340  30.064  -0.489  -15.200 0.4285714328
71276  25.388  -23.530  -1.054 0.1428571492
70139  24.185  -24.538  -1.369 0.1428571492
73555  26.237  -21.659  -2.307 0.4285714328
72422  24.553  -22.628  -2.130 0.2857142985
73539  28.198  -21.461  -0.790 0.1428571492
74756  28.132  -20.359  -2.073 0.1428571492
84128  31.773  -12.261  -7.563 0.7142857313
87755  34.218  -9.322  -7.170 0.8571428657
86598  32.816  -10.563  -7.732 0.8571428657
90093  35.255  -7.525  -6.975 0.5714285970
94370  33.169  -4.020  -12.284 0.8571428657
93356  32.472  -4.790  -12.347 0.8571428657
140822  31.173  5.983  -13.518 0.4285714328
140811  29.326  8.014  -16.404 0.1428571492
77046  31.837  -18.294  -2.201 0.1428571492
79484  29.866  -16.643  -4.460 0.5714285970
79485  29.144  -16.838  -4.962 0.5714285970
78331  27.517  -17.208  -5.576 0.5714285970
78310  26.017  -18.047  -5.238 0.2857142985
79504  28.726  -16.566  -5.531 0.5714285970
79505  27.880  -16.567  -6.004 0.5714285970
77084  26.350  -18.531  -4.627 0.4285714328
78333  25.556  -17.336  -5.509 0.2857142985
79506  26.946  -16.768  -6.142 0.4285714328
81799  30.304  -14.831  -6.062 0.4285714328
80682  28.987  -15.363  -6.342 0.5714285970
80661  27.882  -15.990  -6.430 0.5714285970
80684  27.298  -15.599  -6.767 0.4285714328
81818  29.128  -14.489  -6.810 0.5714285970
80683  28.281  -15.374  -6.609 0.4285714328
81817  30.000  -14.265  -6.692 0.7142857313
82949  29.844  -13.988  -6.953 0.4285714328
79507  25.820  -16.569  -6.115 0.2857142985
82930  30.976  -14.211  -6.183 0.7142857313
82961  30.300  -13.177  -7.559 0.7142857313
84131  29.191  -12.848  -8.176 0.4285714328
84146  30.370  -12.175  -8.225 0.7142857313
84148  28.766  -12.234  -8.719 0.5714285970
84147  29.671  -12.102  -8.436 0.7142857313
84113  31.465  -12.932  -7.191 0.5714285970
84129  30.880  -12.608  -7.798 0.5714285970
84130  29.998  -12.737  -7.933 0.7142857313
85360  31.401  -11.525  -8.196 0.7142857313
85377  30.442  -11.376  -8.556 0.7142857313
86615  30.830  -10.386  -8.819 0.7142857313
86616  30.093  -10.706  -9.062 0.7142857313
85378  29.290  -11.293  -9.099 0.4285714328
86629  29.544  -10.308  -9.455 0.4285714328
85359  32.230  -11.491  -7.689 0.5714285970
85361  30.814  -11.981  -8.305 0.5714285970
86599  32.102  -10.875  -8.140 0.5714285970
86614  31.666  -10.445  -8.553 0.5714285970
87773  31.492  -9.567  -8.967 0.7142857313
88928  31.610  -9.024  -9.274 0.7142857313
87774  30.776  -9.703  -9.106 0.7142857313
87788  30.226  -9.424  -9.517 0.5714285970
88945  30.733  -8.531  -9.365 0.5714285970
87757  32.767  -9.820  -8.323 0.5714285970
86613  32.336  -10.257  -8.337 0.5714285970
87772  32.332  -9.556  -8.823 0.7142857313
88927  32.092  -8.974  -9.404 0.8571428657
88943  32.385  -8.314  -9.891 0.7142857313
88944  31.635  -8.506  -9.583 0.7142857313
90117  31.988  -7.769  -10.247 0.7142857313
87771  32.974  -9.212  -8.630 0.5714285970
88926  32.954  -8.615  -9.385 0.8571428657
88942  32.848  -8.122  -9.946 0.8571428657
90118  31.328  -7.759  -9.606 0.5714285970
91188  31.748  -6.923  -10.230 0.2857142985
90116  32.705  -7.659  -10.315 0.7142857313
92254  31.856  -6.029  -11.283 0.7142857313
91187  32.350  -6.945  -10.932 0.8571428657
91205  32.256  -6.434  -11.706 0.5714285970
92269  32.039  -6.065  -12.042 0.8571428657
93335  31.746  -5.322  -11.610 0.7142857313
93350  31.980  -5.229  -12.250 0.8571428657
93351  31.732  -4.939  -11.755 0.7142857313
96419  30.832  -2.150  -12.463 0.7142857313
96408  31.323  -1.758  -11.216 0.7142857313
97382  30.962  -0.976  -11.998 0.7142857313
98321  31.242  0.311  -11.447 0.7142857313
99279  31.468  1.634  -10.803 0.7142857313
100305  31.335  2.877  -11.459 0.7142857313
100296  31.576  2.818  -10.126 0.5714285970
101420  31.453  4.268  -11.346 0.4285714328
101408  31.527  3.898  -10.400 0.5714285970
101393  31.293  3.735  -9.423 0.5714285970
102476  31.494  4.936  -10.503 0.5714285970
102459  31.238  4.738  -9.665 0.5714285970
101394  30.815  3.881  -8.815 0.5714285970
101370  31.039  3.303  -8.885 0.4285714328
103461  30.438  5.495  -9.121 0.5714285970
102460  30.804  4.535  -9.039 0.5714285970
102489  31.509  5.166  -11.226 0.5714285970
102441  29.443  4.224  -8.463 0.4285714328
100267  30.513  2.380  -8.213 0.4285714328
103448  29.754  5.099  -8.682 0.5714285970
102440  30.313  4.370  -8.604 0.5714285970
104409  28.192  5.977  -8.887 0.4285714328
84091  33.129  -12.664  -5.810 0.2857142985
104408  29.136  5.688  -8.800 0.2857142985
103449  28.708  5.087  -8.606 0.4285714328
102442  28.278  4.152  -8.598 0.2857142985
78308  28.412  -17.317  -4.914 0.5714285970
77083  27.019  -18.552  -4.391 0.5714285970
80641  29.845  -15.982  -5.103 0.4285714328
78309  27.170  -17.978  -4.914 0.5714285970
81784  30.480  -15.277  -5.336 0.2857142985
80658  30.113  -15.517  -5.415 0.5714285970
79525  26.611  -16.147  -6.488 0.4285714328
80662  25.070  -16.102  -5.838 0.2857142985
80685  26.306  -15.507  -6.761 0.2857142985
82962  29.594  -13.551  -7.479 0.5714285970
84149  27.752  -12.443  -8.746 0.2857142985
95383  31.253  -2.934  -11.692 0.7142857313
101371  30.345  3.371  -8.383 0.2857142985
101433  31.071  3.828  -12.438 0.5714285970
103460  31.203  5.711  -9.867 0.5714285970
104419  30.579  6.563  -9.474 0.2857142985
81819  27.839  -14.795  -7.177 0.4285714328
91204  32.792  -6.511  -11.430 0.7142857313
82948  30.661  -13.654  -6.847 0.5714285970
94366  31.627  -4.152  -12.087 0.7142857313
79503  29.425  -16.383  -5.194 0.5714285970
78330  28.139  -16.940  -5.529 0.5714285970
78332  26.501  -17.393  -5.675 0.5714285970
80659  29.443  -15.743  -5.780 0.5714285970
80660  28.546  -15.964  -6.143 0.5714285970
79524  27.328  -16.248  -6.400 0.4285714328
77068  26.648  -18.969  -4.123 0.5714285970
81800  29.494  -15.151  -6.296 0.5714285970
81835  28.899  -13.871  -7.431 0.4285714328
84132  28.403  -12.877  -8.389 0.4285714328
82963  28.656  -13.415  -7.881 0.4285714328
85376  31.091  -10.929  -8.520 0.7142857313
87787  31.081  -9.083  -9.168 0.7142857313
91189  31.034  -6.881  -9.306 0.2857142985
103462  29.672  5.700  -8.917 0.5714285970
81820  26.790  -14.882  -7.229 0.4285714328
73556  25.062  -21.974  -2.324 0.4285714328
80626  32.053  -15.701  -3.567 0.1428571492
80639  31.369  -15.531  -4.087 0.1428571492
80638  32.109  -15.093  -3.850 0.1428571492
81765  32.475  -14.813  -3.897 0.1428571492
80625  32.767  -15.339  -3.520 0.1428571492
82914  33.513  -13.312  -4.891 0.1428571492
82915  32.840  -13.776  -4.903 0.1428571492
81764  33.019  -14.628  -3.857 0.1428571492
82927  33.233  -12.955  -5.468 0.1428571492
85341  34.241  -11.041  -6.200 0.2857142985
86576  34.692  -10.335  -6.069 0.1428571492
109601  30.636  13.191  -13.650 0.1428571492
93336  31.657  -4.810  -10.810 0.4285714328
109595  29.931  13.521  -13.157 0.1428571492
107936  31.065  10.101  -12.916 0.1428571492
107074  30.077  9.467  -10.408 0.2857142985
105311  31.022  7.472  -10.659 0.2857142985
103473  31.487  5.829  -10.707 0.2857142985
106189  31.015  7.902  -11.198 0.2857142985
96393  31.398  -1.292  -9.876 0.1428571492
97374  31.352  -0.542  -10.702 0.5714285970
105302  29.946  7.641  -9.413 0.2857142985
102502  31.308  4.968  -12.053 0.4285714328
97367  31.391  -0.144  -9.600 0.4285714328
98319  31.467  0.650  -10.157 0.5714285970
98310  31.450  0.797  -9.052 0.4285714328
104420  29.304  6.474  -9.111 0.1428571492
99263  31.094  1.667  -8.538 0.1428571492
100266  31.047  2.590  -8.751 0.4285714328
105303  28.569  7.620  -9.534 0.1428571492
103452  25.326  4.265  -9.113 0.1428571492
104421  27.796  6.909  -9.322 0.1428571492
105304  27.316  7.824  -9.637 0.1428571492
104410  26.878  6.272  -9.233 0.1428571492
104422  26.648  7.267  -9.462 0.1428571492
104411  25.830  6.987  -9.239 0.1428571492
73573  25.257  -21.263  -2.702 0.4285714328
74776  24.544  -19.982  -3.379 0.2857142985
81781  33.238  -14.054  -4.406 0.1428571492
84090  33.804  -12.454  -5.438 0.1428571492
94351  31.560  -3.609  -10.943 0.2857142985
104434  31.442  6.664  -11.955 0.2857142985
106180  29.087  8.431  -9.783 0.2857142985
106190  30.703  8.494  -10.796 0.2857142985
106181  27.943  8.514  -9.827 0.2857142985
74760  24.509  -20.608  -2.980 0.2857142985
77047  30.683  -18.688  -2.339 0.1428571492
75904  29.955  -19.034  -2.312 0.1428571492
79466  32.625  -16.168  -3.202 0.1428571492
86577  33.959  -10.683  -6.625 0.1428571492
84110  33.414  -12.189  -5.988 0.1428571492
97368  31.166  -0.565  -9.169 0.2857142985
99276  31.475  1.864  -9.494 0.5714285970
107061  29.379  9.085  -10.064 0.2857142985
105318  31.310  7.414  -11.470 0.2857142985
106196  31.249  8.326  -11.794 0.2857142985
107920  30.356  9.989  -10.903 0.2857142985
107930  30.634  10.370  -11.688 0.1428571492
107931  29.705  11.107  -11.598 0.1428571492
108761  31.033  11.058  -13.414 0.1428571492
107062  28.517  9.164  -10.038 0.2857142985
107937  30.731  11.068  -12.592 0.1428571492
107090  31.259  9.107  -12.592 0.1428571492
87737  35.426  -9.243  -5.996 0.2857142985
104442  31.399  6.788  -12.911 0.4285714328
107921  29.584  10.412  -10.887 0.2857142985
107083  31.070  9.328  -11.746 0.1428571492
74759  25.552  -20.614  -3.096 0.4285714328
105324  31.407  7.431  -12.258 0.2857142985
103484  31.477  5.852  -11.577 0.2857142985
103450  27.431  5.168  -8.853 0.2857142985
84071  34.240  -12.762  -4.785 0.1428571492
95371  31.478  -2.566  -10.430 0.2857142985
106179  30.063  8.583  -9.921 0.2857142985
105312  30.557  7.918  -10.074 0.2857142985
104418  31.215  6.613  -10.212 0.2857142985
104428  31.447  6.659  -11.068 0.2857142985
84089  34.468  -12.206  -5.008 0.1428571492
106197  30.899  8.878  -11.367 0.2857142985
108753  30.213  11.428  -12.114 0.1428571492
107064  26.341  9.518  -10.350 0.1428571492
107076  28.172  9.809  -10.218 0.1428571492
107912  26.016  10.854  -10.408 0.1428571492
105296  25.429  7.765  -8.946 0.1428571492
107065  25.692  9.636  -9.980 0.1428571492
107063  27.464  9.392  -10.208 0.1428571492
107910  27.691  10.034  -10.295 0.1428571492
106183  25.872  8.652  -10.063 0.1428571492
106174  25.573  8.700  -9.385 0.1428571492
106182  26.803  8.617  -10.045 0.1428571492
107051  26.007  9.474  -8.680 0.1428571492
107899  25.857  10.688  -9.655 0.1428571492
106173  25.638  8.986  -8.839 0.1428571492
107898  26.217  10.516  -8.850 0.1428571492
107924  26.058  11.687  -10.947 0.1428571492
107922  28.152  10.672  -10.515 0.1428571492
107911  27.027  10.271  -10.424 0.1428571492
107052  25.761  9.630  -9.270 0.1428571492
106161  26.113  8.688  -8.248 0.1428571492
77067  27.460  -18.803  -3.837 0.4285714328
77066  28.487  -18.490  -3.560 0.2857142985
77049  28.882  -18.997  -3.022 0.1428571492
78289  28.032  -18.077  -4.219 0.2857142985
78288  29.351  -17.695  -3.910 0.2857142985
75907  27.142  -19.676  -3.190 0.2857142985
100284  31.375  2.869  -9.300 0.4285714328
75926  26.900  -19.240  -3.732 0.4285714328
78307  29.206  -17.143  -4.582 0.2857142985
78290  27.423  -18.362  -4.349 0.2857142985
77050  28.073  -19.156  -3.244 0.2857142985
75908  26.055  -20.063  -3.349 0.2857142985
75909  25.486  -20.158  -3.391 0.2857142985
75927  26.304  -19.462  -3.737 0.2857142985
75928  25.260  -19.650  -3.663 0.2857142985
77069  25.775  -19.035  -4.235 0.2857142985
81836  28.229  -14.009  -7.548 0.2857142985
82964  27.634  -13.288  -8.210 0.2857142985
85393  28.438  -10.955  -9.408 0.1428571492
85392  28.987  -10.732  -9.457 0.2857142985
87789  29.135  -9.429  -9.638 0.1428571492
90119  30.310  -7.751  -9.282 0.1428571492
92255  31.624  -5.890  -9.834 0.1428571492
93337  31.068  -4.767  -9.342 0.1428571492
94352  31.212  -3.512  -9.723 0.1428571492
95372  31.246  -2.209  -9.316 0.1428571492
101372  29.132  3.111  -8.317 0.1428571492
73574  24.206  -21.480  -2.497 0.2857142985
81837  27.211  -14.109  -7.679 0.2857142985
82965  26.538  -13.315  -8.124 0.2857142985
86630  28.633  -10.234  -9.534 0.1428571492
88946  29.700  -8.571  -9.578 0.1428571492
91190  29.776  -6.794  -9.047 0.1428571492
92256  30.518  -5.818  -9.021 0.1428571492
94338  30.725  -2.739  -8.703 0.1428571492
101350  29.914  2.765  -8.047 0.1428571492
81838  26.236  -14.189  -7.545 0.2857142985
73575  23.496  -21.311  -2.263 0.1428571492
73558  23.005  -21.379  -1.810 0.1428571492
74761  23.298  -20.548  -2.336 0.1428571492
75910  23.785  -19.909  -3.137 0.1428571492
75929  24.192  -19.369  -3.521 0.1428571492
78311  25.196  -17.740  -5.004 0.1428571492
78334  25.029  -17.258  -5.169 0.1428571492
73557  24.471  -22.063  -2.341 0.1428571492
77085  25.449  -18.384  -4.653 0.1428571492
79526  26.000  -15.962  -6.475 0.1428571492
72437  24.052  -22.134  -2.353 0.1428571492
74741  22.920  -20.765  -1.833 0.1428571492
77070  24.706  -18.678  -3.994 0.1428571492
70109  24.807  -25.276  -0.333 0.1428571492
72419  27.221  -22.111  -0.984 0.1428571492
72438  23.616  -21.788  -2.257 0.1428571492
74775  25.063  -20.250  -3.376 0.2857142985
78273  29.621  -18.218  -3.327 0.2857142985
86628  30.323  -10.130  -9.275 0.4285714328
94379  31.678  -3.199  -13.509 0.8571428657
94385  31.819  -3.020  -13.636 0.8571428657
95405  31.830  -2.798  -13.761 0.8571428657
95406  31.458  -2.924  -13.706 0.8571428657
96434  31.094  -2.784  -13.772 0.8571428657
103447  30.371  4.898  -8.817 0.5714285970
105301  30.756  7.277  -9.887 0.2857142985
107075  29.004  9.773  -10.310 0.1428571492
107084  30.665  9.426  -11.111 0.2857142985
107929  31.148  9.774  -12.197 0.1428571492
