#!ascii label  , from subject 3410 vox2ras=TkReg
962
63718  -41.275  -21.558  38.810 0.0000000000
57903  -25.915  -26.944  45.389 0.0000000000
61469  -33.193  -23.092  40.523 0.0000000000
88597  -48.256  -0.121  23.548 0.0000000000
88636  -56.437  -1.233  20.132 0.0000000000
61237  -20.255  -22.719  52.472 0.0000000000
85208  -45.930  -2.360  26.377 0.0000000000
66231  -43.146  -19.000  37.622 0.0000000000
62642  -37.380  -22.407  39.166 0.0000000000
58984  -21.790  -24.748  48.359 0.0000000000
56605  -22.745  -27.615  52.636 0.0000000000
64976  -37.708  -20.366  35.598 0.0000000000
66285  -38.609  -19.045  33.821 0.0000000000
57966  -29.430  -26.523  42.002 0.0000000000
66198  -34.626  -19.438  37.683 0.0000000000
75844  -44.311  -11.297  27.777 0.0000000000
80418  -46.275  -8.542  26.489 0.0000000000
81675  -49.374  -5.918  24.603 0.0000000000
55269  -17.129  -28.557  58.440 0.0000000000
54053  -16.278  -29.724  63.361 0.0000000000
71103  -38.942  -15.677  33.629 0.0000000000
75766  -38.765  -11.972  32.650 0.0000000000
74618  -40.334  -12.553  29.280 0.0000000000
55338  -18.614  -28.233  53.939 0.0000000000
56658  -25.637  -27.873  48.468 0.0000000000
56661  -27.978  -28.560  47.295 0.0000000000
62644  -39.366  -22.534  39.082 0.0000000000
61362  -24.853  -23.146  45.611 0.0000000000
57888  -23.656  -25.668  46.237 0.0000000000
57832  -23.880  -27.565  49.955 0.0000000000
64926  -38.575  -20.134  38.032 0.0000000000
64951  -36.365  -20.411  36.394 0.0000000000
79281  -42.477  -8.060  28.037 0.0000000000
78161  -45.062  -9.677  27.229 0.0000000000
81641  -42.937  -6.871  27.049 0.0000000000
84041  -46.107  -4.263  24.328 0.0000000000
85232  -47.211  -2.632  23.372 0.0000000000
85228  -49.943  -3.249  23.751 0.0000000000
146704  -48.782  -2.356  21.860 0.0000000000
146716  -50.630  -2.015  20.540 0.0000000000
71047  -39.552  -16.250  36.681 0.0000000000
69869  -38.955  -17.115  33.954 0.0000000000
72269  -37.906  -14.672  36.618 0.0000000000
76964  -36.338  -10.488  33.688 0.0000000000
78092  -37.365  -9.540  31.718 0.0000000000
75802  -39.340  -11.865  30.990 0.0000000000
78113  -39.339  -9.379  30.584 0.0000000000
76996  -40.690  -9.552  29.634 0.0000000000
59122  -30.995  -25.255  40.163 0.0000000000
58883  -18.518  -25.289  55.696 0.0000000000
58903  -18.727  -25.863  53.566 0.0000000000
50460  -15.152  -32.803  63.876 0.0000000000
49334  -14.339  -33.058  67.052 0.0000000000
84009  -44.422  -3.521  27.909 0.0000000000
68706  -43.940  -17.344  36.641 0.0000000000
63688  -34.883  -21.666  40.024 0.0000000000
60086  -20.806  -24.006  49.904 0.0000000000
58929  -19.709  -25.585  51.433 0.0000000000
57803  -22.113  -26.779  50.105 0.0000000000
88649  -57.495  -1.028  19.077 0.0000000000
63741  -39.231  -21.594  37.200 0.0000000000
64979  -40.467  -20.220  35.757 0.0000000000
64997  -38.260  -20.080  34.562 0.0000000000
60232  -25.701  -24.238  43.323 0.0000000000
57919  -27.603  -27.235  43.856 0.0000000000
60249  -27.885  -24.246  41.118 0.0000000000
61487  -29.532  -23.744  39.566 0.0000000000
63711  -31.058  -21.480  39.165 0.0000000000
67372  -32.374  -17.567  39.489 0.0000000000
64923  -32.992  -20.678  38.664 0.0000000000
63781  -35.093  -21.293  36.329 0.0000000000
62694  -37.703  -21.939  36.737 0.0000000000
74612  -45.031  -13.246  29.954 0.0000000000
82833  -44.375  -5.268  25.218 0.0000000000
81660  -47.055  -6.864  24.800 0.0000000000
86350  -52.952  -2.494  19.730 0.0000000000
54086  -16.485  -29.180  60.674 0.0000000000
50472  -15.065  -33.145  61.807 0.0000000000
66270  -41.387  -19.202  35.327 0.0000000000
68757  -42.048  -17.646  34.612 0.0000000000
71090  -41.766  -15.702  34.047 0.0000000000
74552  -36.070  -12.461  35.254 0.0000000000
73443  -37.715  -13.680  33.659 0.0000000000
73446  -41.176  -13.538  34.409 0.0000000000
75752  -41.705  -12.419  33.786 0.0000000000
75790  -42.869  -12.500  32.795 0.0000000000
74599  -44.402  -12.936  31.215 0.0000000000
73485  -42.718  -12.897  28.468 0.0000000000
78147  -41.945  -8.899  29.012 0.0000000000
56724  -29.677  -28.217  45.174 0.0000000000
58852  -18.368  -25.692  57.530 0.0000000000
56541  -17.907  -28.039  56.316 0.0000000000
56586  -20.397  -28.205  53.015 0.0000000000
49331  -12.278  -33.493  67.226 0.0000000000
57876  -25.866  -27.710  47.307 0.0000000000
56680  -26.556  -27.894  47.296 0.0000000000
56701  -26.807  -27.773  46.390 0.0000000000
62645  -40.482  -22.197  39.216 0.0000000000
57902  -24.706  -25.740  45.238 0.0000000000
59014  -23.822  -24.636  45.883 0.0000000000
57889  -24.791  -26.783  46.345 0.0000000000
57875  -25.081  -27.553  47.574 0.0000000000
80408  -42.505  -6.342  29.285 0.0000000000
80415  -42.762  -7.432  27.537 0.0000000000
82796  -42.735  -5.406  28.778 0.0000000000
87419  -48.083  -0.787  24.453 0.0000000000
86317  -46.695  -1.962  23.907 0.0000000000
86320  -47.302  -1.515  22.719 0.0000000000
86321  -47.856  -2.047  22.211 0.0000000000
86324  -48.062  -0.448  22.477 0.0000000000
146719  -49.282  -0.426  21.443 0.0000000000
72270  -38.737  -15.070  36.757 0.0000000000
79197  -37.469  -8.557  32.832 0.0000000000
78112  -38.602  -9.648  30.823 0.0000000000
79240  -39.631  -8.095  31.834 0.0000000000
78096  -40.892  -8.021  31.064 0.0000000000
60297  -32.161  -24.086  39.917 0.0000000000
59074  -32.866  -25.808  41.775 0.0000000000
59102  -32.945  -24.968  41.064 0.0000000000
61224  -19.466  -23.431  53.726 0.0000000000
60042  -19.378  -24.291  52.612 0.0000000000
87454  -55.410  -1.600  20.144 0.0000000000
49339  -15.104  -33.511  65.679 0.0000000000
64931  -43.910  -19.759  38.962 0.0000000000
67430  -44.013  -18.157  37.587 0.0000000000
62640  -35.968  -21.867  39.391 0.0000000000
62591  -37.320  -22.550  41.139 0.0000000000
60126  -23.048  -23.513  47.763 0.0000000000
61315  -23.052  -23.063  48.878 0.0000000000
61280  -22.636  -22.550  50.295 0.0000000000
60104  -21.475  -23.783  49.277 0.0000000000
57829  -21.259  -25.667  49.639 0.0000000000
57830  -21.785  -26.172  49.107 0.0000000000
56640  -24.777  -27.822  49.633 0.0000000000
57805  -23.887  -27.573  50.953 0.0000000000
63762  -38.703  -21.257  36.236 0.0000000000
63786  -38.818  -20.879  35.663 0.0000000000
66249  -38.009  -20.010  35.266 0.0000000000
61405  -27.386  -23.334  43.109 0.0000000000
60247  -26.421  -24.466  42.184 0.0000000000
61427  -28.091  -23.678  41.844 0.0000000000
61467  -29.910  -23.093  40.357 0.0000000000
62609  -30.333  -22.485  39.926 0.0000000000
62635  -30.637  -22.340  39.432 0.0000000000
64866  -30.390  -20.319  39.630 0.0000000000
66145  -34.848  -18.962  39.860 0.0000000000
67401  -33.541  -18.264  38.388 0.0000000000
67426  -32.155  -18.726  37.551 0.0000000000
66223  -33.261  -19.463  37.369 0.0000000000
63759  -34.152  -20.848  37.421 0.0000000000
64972  -34.679  -20.636  36.428 0.0000000000
64975  -36.881  -20.672  35.713 0.0000000000
63783  -36.698  -21.202  35.494 0.0000000000
63784  -37.457  -21.016  35.428 0.0000000000
62695  -38.472  -21.669  36.789 0.0000000000
74629  -44.532  -12.091  28.234 0.0000000000
75830  -45.786  -12.072  28.735 0.0000000000
75845  -45.250  -11.667  28.229 0.0000000000
79295  -45.654  -9.041  26.978 0.0000000000
78162  -46.243  -9.930  27.578 0.0000000000
84010  -45.652  -2.959  28.061 0.0000000000
84018  -43.331  -4.208  26.875 0.0000000000
84019  -44.282  -3.456  26.366 0.0000000000
82849  -47.715  -5.174  24.212 0.0000000000
81672  -46.678  -6.147  24.556 0.0000000000
81661  -48.133  -7.030  24.855 0.0000000000
80442  -49.096  -7.527  25.899 0.0000000000
86339  -51.612  -2.222  20.215 0.0000000000
88623  -52.059  -1.038  20.382 0.0000000000
87452  -53.446  -1.684  19.762 0.0000000000
56512  -17.574  -27.616  58.688 0.0000000000
56487  -17.253  -27.745  60.536 0.0000000000
55256  -16.900  -28.691  59.166 0.0000000000
51681  -15.556  -31.666  60.327 0.0000000000
49357  -14.822  -33.892  62.357 0.0000000000
66268  -39.334  -19.782  34.239 0.0000000000
66251  -41.152  -19.679  35.687 0.0000000000
66287  -39.798  -19.298  33.938 0.0000000000
69868  -38.851  -16.269  33.878 0.0000000000
68774  -40.573  -17.765  33.518 0.0000000000
71105  -40.263  -16.110  33.441 0.0000000000
69870  -41.806  -16.800  34.089 0.0000000000
72329  -40.099  -15.394  33.572 0.0000000000
76938  -37.011  -10.680  35.730 0.0000000000
75764  -36.662  -11.521  33.078 0.0000000000
74569  -36.537  -12.546  33.419 0.0000000000
74561  -38.478  -12.955  33.539 0.0000000000
73445  -39.916  -13.551  34.096 0.0000000000
74562  -39.470  -12.860  33.772 0.0000000000
74564  -41.806  -12.872  34.235 0.0000000000
74573  -39.926  -12.378  33.416 0.0000000000
74606  -39.746  -12.301  30.109 0.0000000000
75804  -40.772  -12.320  31.740 0.0000000000
74608  -41.181  -12.901  30.580 0.0000000000
74598  -43.345  -12.872  31.333 0.0000000000
73468  -42.307  -13.551  30.024 0.0000000000
73469  -43.224  -13.585  29.848 0.0000000000
73484  -41.886  -13.056  28.717 0.0000000000
78116  -41.444  -8.023  30.437 0.0000000000
77013  -41.709  -8.905  29.299 0.0000000000
76999  -41.718  -7.980  29.873 0.0000000000
57939  -27.997  -26.858  43.006 0.0000000000
56743  -28.215  -27.804  44.476 0.0000000000
57921  -29.645  -27.505  43.660 0.0000000000
57720  -18.425  -26.719  54.364 0.0000000000
57703  -18.232  -27.015  55.844 0.0000000000
56555  -18.160  -27.947  55.184 0.0000000000
57753  -21.093  -27.209  51.709 0.0000000000
57752  -20.076  -26.899  51.862 0.0000000000
56603  -20.810  -27.746  52.396 0.0000000000
56632  -26.266  -28.342  49.927 0.0000000000
56633  -27.054  -28.517  49.505 0.0000000000
55394  -27.637  -28.622  48.395 0.0000000000
55409  -28.688  -28.711  47.055 0.0000000000
62643  -38.319  -22.561  39.052 0.0000000000
62592  -38.211  -22.759  41.107 0.0000000000
61347  -24.523  -23.079  46.483 0.0000000000
60148  -23.183  -23.828  47.018 0.0000000000
57873  -22.607  -25.681  47.244 0.0000000000
57856  -22.724  -26.664  48.226 0.0000000000
57874  -23.726  -26.804  47.282 0.0000000000
56657  -25.001  -27.807  48.902 0.0000000000
64953  -37.925  -20.101  36.698 0.0000000000
66227  -38.164  -19.832  35.941 0.0000000000
66199  -35.341  -19.725  37.956 0.0000000000
66225  -35.201  -20.030  37.015 0.0000000000
64952  -37.152  -20.311  36.472 0.0000000000
77048  -43.557  -10.007  27.495 0.0000000000
77049  -44.471  -10.362  27.499 0.0000000000
79293  -43.334  -8.434  27.231 0.0000000000
80416  -43.751  -7.659  26.764 0.0000000000
80427  -44.473  -7.309  26.237 0.0000000000
85216  -45.355  -3.377  24.791 0.0000000000
86309  -46.319  -2.374  24.507 0.0000000000
85226  -46.705  -3.014  23.861 0.0000000000
84043  -48.028  -4.069  23.894 0.0000000000
82851  -49.730  -5.164  24.577 0.0000000000
85227  -48.588  -3.217  23.260 0.0000000000
146698  -49.254  -2.773  22.534 0.0000000000
146699  -49.933  -2.740  22.256 0.0000000000
146713  -49.606  -1.732  20.927 0.0000000000
146720  -49.885  -0.870  20.940 0.0000000000
54113  -17.144  -29.800  57.338 0.0000000000
54104  -16.444  -30.457  58.675 0.0000000000
51708  -17.253  -31.707  58.169 0.0000000000
68703  -39.068  -17.730  35.083 0.0000000000
67492  -38.881  -18.496  33.602 0.0000000000
69853  -38.839  -17.024  34.693 0.0000000000
69852  -38.511  -16.343  34.498 0.0000000000
71066  -37.544  -15.118  34.694 0.0000000000
76951  -36.907  -9.938  34.921 0.0000000000
78065  -36.854  -9.233  33.505 0.0000000000
76974  -36.613  -10.403  32.785 0.0000000000
75784  -37.549  -11.024  31.906 0.0000000000
75786  -39.452  -11.914  32.038 0.0000000000
75800  -37.920  -10.630  31.279 0.0000000000
75814  -39.014  -10.757  30.211 0.0000000000
77010  -39.720  -11.122  29.158 0.0000000000
75828  -40.371  -11.621  28.713 0.0000000000
78114  -40.300  -9.000  30.399 0.0000000000
57988  -30.122  -26.142  41.423 0.0000000000
57941  -30.098  -26.941  42.967 0.0000000000
57968  -31.672  -26.478  42.276 0.0000000000
58895  -18.528  -25.751  54.555 0.0000000000
57734  -18.532  -27.079  53.819 0.0000000000
51649  -15.728  -30.974  63.583 0.0000000000
52875  -16.175  -30.298  64.064 0.0000000000
51630  -15.661  -31.385  65.445 0.0000000000
50450  -15.306  -32.382  66.059 0.0000000000
50446  -14.452  -32.036  67.479 0.0000000000
69840  -44.239  -16.193  36.119 0.0000000000
62611  -33.593  -22.162  40.374 0.0000000000
60272  -34.387  -23.721  41.593 0.0000000000
61257  -22.457  -22.141  51.223 0.0000000000
61255  -20.507  -23.047  51.415 0.0000000000
60064  -19.756  -24.048  51.660 0.0000000000
60085  -20.225  -24.035  50.689 0.0000000000
58930  -20.411  -26.102  50.841 0.0000000000
57754  -22.216  -27.347  51.745 0.0000000000
57831  -22.909  -27.065  49.407 0.0000000000
57777  -23.242  -27.478  51.531 0.0000000000
56606  -23.570  -27.655  52.511 0.0000000000
88637  -57.085  -1.000  19.871 0.0000000000
62670  -40.548  -21.673  38.346 0.0000000000
63743  -40.985  -21.154  37.843 0.0000000000
63764  -40.363  -20.965  37.061 0.0000000000
64978  -39.401  -20.593  35.464 0.0000000000
66267  -38.460  -19.542  34.222 0.0000000000
66250  -38.364  -19.628  35.231 0.0000000000
67449  -39.319  -18.732  35.984 0.0000000000
67448  -38.836  -18.796  35.206 0.0000000000
69839  -39.541  -16.946  36.192 0.0000000000
57917  -25.517  -26.044  44.256 0.0000000000
57904  -26.562  -27.232  45.000 0.0000000000
57937  -26.136  -26.160  43.531 0.0000000000
59052  -26.955  -25.836  42.328 0.0000000000
59097  -28.154  -25.318  41.077 0.0000000000
61445  -29.165  -23.422  41.002 0.0000000000
61444  -28.494  -23.941  40.747 0.0000000000
59120  -29.326  -25.213  40.305 0.0000000000
60295  -30.279  -24.670  39.605 0.0000000000
60317  -31.296  -23.795  39.374 0.0000000000
62637  -32.265  -22.297  39.566 0.0000000000
68641  -31.081  -17.781  39.878 0.0000000000
66194  -30.634  -19.431  38.371 0.0000000000
64892  -31.568  -20.797  38.756 0.0000000000
63713  -32.607  -21.424  39.411 0.0000000000
63714  -33.541  -21.264  39.329 0.0000000000
63740  -35.077  -21.538  38.577 0.0000000000
62692  -36.103  -22.206  37.544 0.0000000000
64996  -35.710  -21.058  35.587 0.0000000000
62712  -35.967  -22.019  36.483 0.0000000000
62667  -37.649  -22.339  38.007 0.0000000000
62668  -38.685  -22.169  37.846 0.0000000000
62669  -39.765  -21.959  38.219 0.0000000000
60192  -25.116  -23.854  44.215 0.0000000000
77051  -46.050  -10.525  27.867 0.0000000000
84017  -42.849  -4.750  27.599 0.0000000000
82820  -43.490  -5.273  25.937 0.0000000000
81650  -44.544  -6.762  25.816 0.0000000000
82834  -45.518  -5.331  24.662 0.0000000000
81659  -46.108  -6.434  24.861 0.0000000000
80429  -46.922  -7.965  26.065 0.0000000000
80430  -48.024  -7.948  26.315 0.0000000000
86352  -54.243  -2.621  19.854 0.0000000000
87453  -54.413  -1.639  19.936 0.0000000000
88626  -54.929  -1.025  20.500 0.0000000000
56477  -17.328  -27.652  61.568 0.0000000000
54075  -16.426  -29.014  61.707 0.0000000000
52930  -15.905  -30.918  59.743 0.0000000000
52919  -15.806  -30.728  60.801 0.0000000000
51657  -15.534  -31.245  62.516 0.0000000000
50465  -15.055  -32.974  62.795 0.0000000000
64928  -41.609  -20.644  37.760 0.0000000000
64956  -41.880  -19.960  37.270 0.0000000000
66253  -42.739  -18.861  36.812 0.0000000000
67517  -40.001  -18.243  33.425 0.0000000000
67495  -41.487  -18.327  34.453 0.0000000000
67450  -42.731  -18.378  36.127 0.0000000000
68729  -42.885  -17.475  35.432 0.0000000000
69854  -43.181  -16.389  34.957 0.0000000000
71069  -43.038  -15.361  34.790 0.0000000000
73422  -36.829  -13.863  36.275 0.0000000000
72311  -36.530  -14.219  34.673 0.0000000000
75750  -36.070  -11.452  34.309 0.0000000000
73442  -36.717  -13.775  33.988 0.0000000000
72313  -38.202  -14.529  33.888 0.0000000000
72315  -40.336  -14.537  33.940 0.0000000000
72316  -41.662  -14.550  34.411 0.0000000000
75787  -40.330  -12.081  32.304 0.0000000000
75770  -42.384  -12.369  33.383 0.0000000000
73480  -44.399  -13.115  29.171 0.0000000000
74628  -43.767  -12.050  27.972 0.0000000000
75841  -41.254  -11.483  28.389 0.0000000000
75842  -42.153  -11.305  28.036 0.0000000000
77032  -42.829  -9.931  27.766 0.0000000000
78148  -42.330  -8.819  28.513 0.0000000000
79263  -42.214  -7.388  29.285 0.0000000000
56722  -27.862  -27.960  45.277 0.0000000000
55425  -28.751  -28.617  46.360 0.0000000000
56746  -31.180  -27.782  44.588 0.0000000000
57695  -18.088  -26.685  58.103 0.0000000000
58868  -18.581  -25.027  56.720 0.0000000000
57698  -18.193  -26.861  56.941 0.0000000000
55285  -17.463  -28.550  57.077 0.0000000000
54121  -17.450  -29.852  56.707 0.0000000000
58928  -19.360  -25.072  52.098 0.0000000000
57751  -19.357  -26.910  52.387 0.0000000000
55340  -19.939  -28.704  53.565 0.0000000000
47258  -13.405  -34.570  66.804 0.0000000000
49333  -13.549  -33.111  67.369 0.0000000000
50444  -12.987  -32.258  67.890 0.0000000000
63744  -41.746  -21.042  38.408 0.0000000000
57890  -25.889  -27.527  46.585 0.0000000000
56720  -26.367  -27.514  45.939 0.0000000000
62646  -41.393  -21.933  39.630 0.0000000000
81631  -42.832  -5.715  29.624 0.0000000000
81630  -42.504  -6.172  28.903 0.0000000000
87427  -47.804  -0.578  23.935 0.0000000000
87418  -47.317  -0.986  23.806 0.0000000000
87426  -47.788  -0.416  23.368 0.0000000000
79239  -39.004  -8.297  31.651 0.0000000000
61468  -32.501  -23.162  39.990 0.0000000000
60270  -32.816  -24.299  40.604 0.0000000000
60298  -32.843  -23.737  40.461 0.0000000000
62417  -20.734  -22.031  53.254 0.0000000000
61236  -19.732  -23.258  52.941 0.0000000000
87455  -56.034  -1.480  20.153 0.0000000000
87465  -56.283  -1.899  19.641 0.0000000000
66204  -43.946  -18.949  38.397 0.0000000000
67405  -44.272  -18.360  38.215 0.0000000000
67451  -43.337  -18.283  36.821 0.0000000000
62641  -36.573  -22.140  39.311 0.0000000000
62615  -36.948  -22.352  40.216 0.0000000000
58999  -22.270  -24.667  47.627 0.0000000000
60125  -22.417  -23.619  48.309 0.0000000000
60105  -22.034  -23.446  49.003 0.0000000000
58983  -21.572  -24.381  48.879 0.0000000000
58967  -21.317  -24.960  49.231 0.0000000000
58968  -21.668  -25.425  48.684 0.0000000000
63785  -38.145  -20.884  35.550 0.0000000000
61426  -26.836  -23.724  42.250 0.0000000000
64847  -30.889  -20.302  41.251 0.0000000000
63664  -30.668  -21.549  40.615 0.0000000000
63686  -30.648  -21.215  40.573 0.0000000000
63685  -30.590  -21.399  39.880 0.0000000000
66144  -30.590  -19.682  40.801 0.0000000000
66170  -34.796  -19.116  38.649 0.0000000000
67374  -34.145  -18.479  39.249 0.0000000000
67402  -34.218  -18.785  38.245 0.0000000000
67427  -33.055  -18.479  37.630 0.0000000000
66197  -33.859  -18.998  37.595 0.0000000000
64950  -34.050  -20.319  37.065 0.0000000000
66224  -34.464  -19.981  36.900 0.0000000000
63761  -37.978  -21.409  35.991 0.0000000000
79296  -46.780  -9.236  27.164 0.0000000000
85196  -45.264  -2.942  26.993 0.0000000000
81674  -48.528  -6.144  24.474 0.0000000000
81662  -49.506  -6.936  25.312 0.0000000000
88609  -52.600  -0.432  20.856 0.0000000000
56511  -17.195  -28.188  58.957 0.0000000000
66286  -39.036  -19.287  33.708 0.0000000000
69879  -39.201  -16.147  33.615 0.0000000000
71104  -39.558  -15.871  33.511 0.0000000000
72328  -39.454  -15.126  33.549 0.0000000000
75765  -37.754  -11.914  32.534 0.0000000000
74570  -37.263  -12.417  33.129 0.0000000000
74571  -38.167  -12.416  33.094 0.0000000000
74572  -39.078  -12.392  33.266 0.0000000000
74607  -40.478  -12.796  30.225 0.0000000000
73466  -40.901  -13.116  30.059 0.0000000000
74609  -41.975  -13.064  30.683 0.0000000000
73467  -41.502  -13.322  30.081 0.0000000000
73477  -41.763  -13.351  29.407 0.0000000000
74619  -40.890  -12.920  29.051 0.0000000000
57965  -28.310  -26.498  42.143 0.0000000000
57940  -29.023  -26.942  42.930 0.0000000000
56569  -18.409  -27.667  54.290 0.0000000000
55324  -18.557  -28.864  54.459 0.0000000000
54132  -18.750  -29.769  55.333 0.0000000000
56604  -21.826  -27.680  52.541 0.0000000000
54065  -16.467  -28.921  62.737 0.0000000000
64930  -43.200  -19.884  38.473 0.0000000000
56641  -25.602  -27.975  49.386 0.0000000000
56642  -26.366  -28.191  49.030 0.0000000000
56681  -27.405  -28.203  46.916 0.0000000000
56660  -27.360  -28.388  47.838 0.0000000000
55395  -28.375  -28.819  48.100 0.0000000000
62617  -38.814  -22.750  40.119 0.0000000000
61348  -25.559  -22.806  46.219 0.0000000000
59013  -23.210  -24.634  46.378 0.0000000000
57887  -22.951  -25.211  46.623 0.0000000000
59000  -22.667  -24.673  46.958 0.0000000000
57858  -24.941  -27.721  48.391 0.0000000000
66201  -38.593  -19.844  36.964 0.0000000000
66200  -36.082  -20.085  38.324 0.0000000000
64925  -37.551  -20.275  37.736 0.0000000000
78159  -42.989  -9.141  27.584 0.0000000000
81649  -43.528  -6.471  26.321 0.0000000000
85217  -45.868  -2.381  25.189 0.0000000000
86310  -47.018  -1.916  25.095 0.0000000000
84053  -47.297  -3.421  23.705 0.0000000000
84054  -47.734  -3.224  23.356 0.0000000000
85236  -48.368  -2.480  22.270 0.0000000000
146705  -49.409  -2.348  21.558 0.0000000000
146758  -49.070  -1.927  21.255 0.0000000000
146726  -49.602  0.084  21.797 0.0000000000
69838  -39.027  -16.746  35.434 0.0000000000
71045  -38.083  -15.331  36.008 0.0000000000
72293  -37.695  -15.097  35.880 0.0000000000
71067  -37.984  -15.586  35.279 0.0000000000
79218  -37.546  -8.855  31.992 0.0000000000
78078  -36.892  -9.465  32.514 0.0000000000
76975  -37.034  -10.258  32.054 0.0000000000
75783  -36.933  -10.804  32.453 0.0000000000
76982  -37.572  -10.213  31.428 0.0000000000
76994  -38.809  -10.225  30.464 0.0000000000
75815  -39.341  -11.435  29.935 0.0000000000
76995  -39.616  -10.224  29.796 0.0000000000
59100  -30.617  -25.749  40.832 0.0000000000
57989  -31.086  -26.167  41.573 0.0000000000
57990  -31.677  -26.127  41.702 0.0000000000
57969  -32.668  -26.373  42.422 0.0000000000
60027  -18.964  -24.703  53.825 0.0000000000
57721  -18.560  -26.439  53.870 0.0000000000
51639  -15.483  -31.764  64.294 0.0000000000
50453  -15.314  -32.599  64.992 0.0000000000
49338  -14.684  -33.667  66.396 0.0000000000
49335  -14.980  -33.021  66.501 0.0000000000
50447  -15.053  -32.269  66.992 0.0000000000
68683  -44.242  -17.562  37.291 0.0000000000
68707  -44.363  -17.235  37.177 0.0000000000
69841  -44.599  -16.531  37.029 0.0000000000
62612  -34.440  -21.972  40.601 0.0000000000
62587  -34.116  -22.481  40.981 0.0000000000
62613  -35.187  -21.935  40.645 0.0000000000
61279  -21.619  -22.979  50.269 0.0000000000
61256  -21.427  -22.470  51.283 0.0000000000
61278  -20.828  -23.247  50.643 0.0000000000
57802  -21.371  -26.156  49.965 0.0000000000
58950  -20.560  -25.373  50.262 0.0000000000
57775  -21.283  -26.647  50.800 0.0000000000
57776  -22.387  -27.100  50.939 0.0000000000
57778  -23.903  -27.618  51.509 0.0000000000
63742  -40.106  -21.429  37.538 0.0000000000
63763  -39.546  -21.067  36.491 0.0000000000
64977  -38.359  -20.385  35.070 0.0000000000
64998  -38.853  -20.239  34.571 0.0000000000
66228  -39.018  -19.513  36.539 0.0000000000
68704  -39.519  -18.105  36.054 0.0000000000
59040  -25.302  -24.854  43.861 0.0000000000
59041  -25.752  -25.510  43.500 0.0000000000
59050  -25.754  -24.905  43.216 0.0000000000
60248  -27.159  -24.426  41.524 0.0000000000
59069  -26.737  -25.177  41.949 0.0000000000
59070  -27.553  -25.607  41.632 0.0000000000
60268  -27.730  -24.837  41.123 0.0000000000
61466  -29.213  -23.729  40.018 0.0000000000
61465  -28.808  -24.344  40.270 0.0000000000
60294  -29.377  -24.565  39.834 0.0000000000
60315  -29.757  -24.041  39.359 0.0000000000
61489  -30.867  -23.128  39.211 0.0000000000
62636  -31.369  -22.332  39.267 0.0000000000
61490  -31.763  -23.165  39.419 0.0000000000
67373  -33.253  -17.819  39.714 0.0000000000
67349  -33.545  -17.694  40.590 0.0000000000
68643  -32.615  -17.497  40.210 0.0000000000
68629  -32.436  -17.432  41.017 0.0000000000
68642  -31.911  -17.507  40.118 0.0000000000
67371  -30.607  -18.295  39.340 0.0000000000
67399  -31.108  -18.335  38.230 0.0000000000
64948  -32.579  -20.059  37.919 0.0000000000
66196  -31.828  -19.894  38.019 0.0000000000
64922  -32.259  -20.302  38.241 0.0000000000
64893  -32.338  -20.895  38.956 0.0000000000
64894  -32.868  -20.966  39.188 0.0000000000
63738  -33.670  -20.755  38.236 0.0000000000
63760  -34.913  -21.492  37.583 0.0000000000
62691  -35.545  -21.881  38.007 0.0000000000
62711  -35.470  -21.887  37.111 0.0000000000
66248  -35.717  -20.415  36.469 0.0000000000
66247  -35.250  -20.497  36.358 0.0000000000
64974  -35.954  -20.783  35.795 0.0000000000
62713  -36.754  -21.776  36.099 0.0000000000
62693  -36.846  -22.239  37.113 0.0000000000
61403  -25.794  -23.801  43.505 0.0000000000
61383  -25.791  -23.476  43.891 0.0000000000
60214  -25.467  -23.993  43.706 0.0000000000
57916  -25.066  -25.369  44.492 0.0000000000
75831  -46.636  -11.896  28.979 0.0000000000
75816  -47.263  -12.175  29.614 0.0000000000
77050  -45.462  -10.422  27.625 0.0000000000
84000  -44.008  -4.078  29.551 0.0000000000
83999  -43.166  -4.739  28.921 0.0000000000
84008  -43.352  -4.244  28.236 0.0000000000
84029  -43.887  -4.366  25.775 0.0000000000
81657  -44.127  -6.081  25.587 0.0000000000
84040  -45.529  -4.292  24.586 0.0000000000
82835  -46.213  -5.819  24.569 0.0000000000
80439  -46.472  -7.297  25.290 0.0000000000
80440  -47.530  -7.565  25.418 0.0000000000
80432  -49.368  -7.388  26.380 0.0000000000
84044  -49.233  -4.181  24.183 0.0000000000
146711  -51.326  -2.598  20.856 0.0000000000
86340  -52.512  -2.591  20.072 0.0000000000
86351  -53.331  -2.599  19.741 0.0000000000
88625  -53.960  -1.015  20.311 0.0000000000
55244  -16.861  -28.535  60.111 0.0000000000
55233  -16.783  -28.336  61.119 0.0000000000
54074  -16.175  -29.877  61.266 0.0000000000
52941  -16.236  -31.012  58.906 0.0000000000
54094  -16.319  -30.241  59.244 0.0000000000
51668  -15.289  -32.507  61.000 0.0000000000
51669  -15.475  -31.462  61.432 0.0000000000
52908  -15.802  -30.553  61.864 0.0000000000
51656  -15.248  -32.208  62.123 0.0000000000
49350  -14.749  -33.795  63.410 0.0000000000
64955  -40.951  -20.484  36.963 0.0000000000
64980  -41.282  -19.915  36.411 0.0000000000
66252  -41.971  -19.244  36.266 0.0000000000
68755  -38.962  -17.857  33.689 0.0000000000
67516  -39.397  -18.169  33.410 0.0000000000
68772  -39.256  -17.617  33.518 0.0000000000
68756  -41.330  -17.763  33.957 0.0000000000
67469  -41.987  -18.472  35.270 0.0000000000
68705  -43.271  -17.770  36.213 0.0000000000
71091  -42.532  -16.052  34.397 0.0000000000
72317  -42.337  -15.205  34.498 0.0000000000
74553  -36.448  -12.473  35.966 0.0000000000
74542  -36.950  -12.548  36.578 0.0000000000
74541  -36.417  -13.117  36.011 0.0000000000
72291  -36.350  -14.091  35.131 0.0000000000
78054  -36.581  -9.813  34.191 0.0000000000
76950  -36.419  -10.609  34.782 0.0000000000
73450  -36.985  -13.136  33.447 0.0000000000
73449  -36.330  -13.124  33.818 0.0000000000
72314  -39.220  -14.367  33.762 0.0000000000
73444  -38.820  -13.628  33.832 0.0000000000
72294  -42.189  -14.097  34.925 0.0000000000
72295  -42.628  -14.478  34.867 0.0000000000
74582  -42.030  -12.456  31.982 0.0000000000
75788  -41.287  -12.237  32.373 0.0000000000
75789  -42.152  -12.317  32.663 0.0000000000
74584  -43.706  -12.702  32.288 0.0000000000
74585  -44.854  -12.764  32.125 0.0000000000
74600  -45.566  -12.917  31.117 0.0000000000
74611  -43.848  -13.343  30.489 0.0000000000
73479  -43.542  -13.250  28.970 0.0000000000
73486  -43.429  -12.666  28.321 0.0000000000
74627  -42.856  -12.122  27.942 0.0000000000
77011  -40.361  -10.567  28.994 0.0000000000
75829  -40.809  -10.963  28.654 0.0000000000
77012  -41.316  -10.185  28.953 0.0000000000
77030  -41.728  -10.764  28.403 0.0000000000
77031  -42.197  -10.019  28.494 0.0000000000
78131  -42.314  -7.175  30.204 0.0000000000
57918  -26.584  -26.929  44.316 0.0000000000
56741  -26.846  -27.351  44.858 0.0000000000
56742  -27.317  -27.556  44.679 0.0000000000
56744  -29.193  -27.867  44.428 0.0000000000
56723  -28.755  -28.167  45.157 0.0000000000
56704  -29.167  -28.552  45.799 0.0000000000
55426  -29.409  -28.781  46.539 0.0000000000
56705  -30.047  -28.672  45.881 0.0000000000
57942  -31.182  -26.881  43.085 0.0000000000
57922  -30.685  -27.415  43.769 0.0000000000
60250  -34.109  -24.622  41.615 0.0000000000
60001  -18.839  -24.348  56.143 0.0000000000
56526  -17.776  -27.658  57.486 0.0000000000
55297  -17.321  -29.275  56.999 0.0000000000
55298  -17.520  -29.151  56.338 0.0000000000
60063  -19.473  -24.741  51.906 0.0000000000
56602  -19.967  -27.592  52.445 0.0000000000
56585  -19.378  -27.863  52.998 0.0000000000
48221  -12.077  -34.028  67.088 0.0000000000
48222  -12.656  -34.050  67.130 0.0000000000
49332  -12.830  -33.281  67.384 0.0000000000
56679  -25.936  -27.812  47.772 0.0000000000
56659  -26.527  -28.012  48.199 0.0000000000
59027  -24.311  -24.654  45.290 0.0000000000
60169  -24.217  -23.775  45.697 0.0000000000
57901  -24.119  -25.204  45.658 0.0000000000
80393  -42.365  -6.950  29.267 0.0000000000
80407  -42.362  -6.928  28.740 0.0000000000
81640  -42.463  -6.373  27.953 0.0000000000
87409  -47.361  -1.361  24.455 0.0000000000
85233  -47.751  -2.586  22.780 0.0000000000
146712  -48.503  -1.434  21.581 0.0000000000
146717  -49.340  0.339  22.507 0.0000000000
71046  -38.898  -15.736  36.174 0.0000000000
72250  -38.403  -14.407  37.155 0.0000000000
79237  -37.742  -9.134  31.586 0.0000000000
78093  -38.018  -9.476  31.243 0.0000000000
79238  -38.194  -8.764  31.563 0.0000000000
78094  -38.850  -8.973  31.163 0.0000000000
78095  -39.954  -8.317  31.289 0.0000000000
59123  -31.984  -24.961  40.272 0.0000000000
59101  -31.816  -25.736  41.088 0.0000000000
87464  -54.929  -2.123  19.854 0.0000000000
86353  -55.575  -2.388  19.997 0.0000000000
49342  -15.001  -33.684  64.517 0.0000000000
48230  -14.778  -34.450  65.953 0.0000000000
67431  -44.399  -18.052  38.098 0.0000000000
63717  -35.673  -21.757  39.592 0.0000000000
62614  -36.026  -22.012  40.273 0.0000000000
62590  -36.435  -22.385  41.201 0.0000000000
62566  -36.763  -22.691  42.093 0.0000000000
61331  -23.756  -23.228  47.683 0.0000000000
61316  -23.537  -23.091  48.525 0.0000000000
61299  -23.637  -22.757  49.420 0.0000000000
61298  -22.760  -23.000  49.392 0.0000000000
61297  -22.069  -23.115  49.613 0.0000000000
56630  -24.657  -27.816  50.619 0.0000000000
61404  -26.230  -23.621  43.109 0.0000000000
60233  -26.022  -24.409  42.792 0.0000000000
61425  -26.285  -23.963  42.510 0.0000000000
61446  -30.120  -23.078  41.269 0.0000000000
62585  -30.552  -22.229  40.747 0.0000000000
61488  -29.936  -23.221  39.448 0.0000000000
67400  -32.443  -17.854  38.430 0.0000000000
64949  -33.228  -20.245  37.831 0.0000000000
63758  -33.681  -20.598  37.790 0.0000000000
63780  -34.449  -20.791  36.696 0.0000000000
62714  -37.328  -21.488  35.823 0.0000000000
74621  -45.043  -12.573  28.826 0.0000000000
74622  -45.824  -12.583  29.278 0.0000000000
75846  -46.045  -11.490  28.436 0.0000000000
82848  -46.570  -5.245  24.395 0.0000000000
81673  -47.452  -6.165  24.444 0.0000000000
80441  -48.528  -7.537  25.656 0.0000000000
87450  -51.388  -1.586  20.300 0.0000000000
87451  -52.402  -1.876  19.793 0.0000000000
87462  -53.112  -2.268  19.603 0.0000000000
88624  -52.986  -1.069  20.250 0.0000000000
88610  -53.514  -0.327  20.863 0.0000000000
56499  -17.789  -27.234  59.905 0.0000000000
56498  -17.247  -27.979  59.557 0.0000000000
64999  -39.702  -20.195  34.862 0.0000000000
66269  -40.487  -19.577  34.741 0.0000000000
68773  -39.836  -17.601  33.367 0.0000000000
69880  -39.511  -16.728  33.526 0.0000000000
69881  -40.400  -16.961  33.423 0.0000000000
69882  -41.089  -17.146  33.625 0.0000000000
71106  -41.092  -16.346  33.599 0.0000000000
71089  -40.900  -15.401  33.739 0.0000000000
75743  -36.591  -11.786  35.911 0.0000000000
73451  -37.712  -12.934  33.342 0.0000000000
74563  -40.715  -12.666  33.880 0.0000000000
75751  -41.161  -12.280  33.557 0.0000000000
74594  -40.049  -12.353  30.774 0.0000000000
75803  -40.089  -12.192  31.497 0.0000000000
74595  -40.679  -12.521  31.037 0.0000000000
74596  -41.487  -12.597  31.399 0.0000000000
74583  -42.758  -12.574  32.081 0.0000000000
74597  -42.421  -12.777  31.354 0.0000000000
74610  -42.865  -13.238  30.645 0.0000000000
73478  -42.583  -13.399  29.201 0.0000000000
74626  -41.944  -12.334  28.145 0.0000000000
76997  -41.345  -8.914  29.736 0.0000000000
76998  -41.595  -8.264  29.888 0.0000000000
78129  -41.797  -8.616  29.286 0.0000000000
78130  -41.857  -8.048  29.615 0.0000000000
57920  -28.609  -27.471  43.673 0.0000000000
58894  -18.375  -26.412  54.798 0.0000000000
58882  -18.346  -26.230  55.358 0.0000000000
57711  -18.298  -26.996  54.958 0.0000000000
55311  -17.941  -29.044  55.462 0.0000000000
57774  -20.441  -26.564  51.242 0.0000000000
56621  -26.189  -28.392  50.894 0.0000000000
55373  -27.807  -28.844  49.929 0.0000000000
56643  -27.120  -28.404  48.666 0.0000000000
55384  -27.745  -28.765  48.976 0.0000000000
62616  -37.852  -22.593  40.141 0.0000000000
61332  -24.586  -23.006  47.523 0.0000000000
60168  -23.700  -23.799  46.322 0.0000000000
61346  -23.900  -23.329  46.984 0.0000000000
60147  -22.671  -24.061  47.505 0.0000000000
57872  -22.133  -25.223  47.825 0.0000000000
57855  -22.050  -25.697  48.197 0.0000000000
57857  -24.070  -27.528  48.637 0.0000000000
56631  -25.487  -28.048  50.294 0.0000000000
66171  -35.526  -19.508  39.105 0.0000000000
66226  -35.881  -20.179  37.196 0.0000000000
64924  -36.657  -20.276  37.415 0.0000000000
75856  -43.774  -10.636  27.599 0.0000000000
78160  -43.964  -9.425  27.209 0.0000000000
79294  -44.471  -8.733  26.951 0.0000000000
80417  -45.033  -8.124  26.545 0.0000000000
85225  -46.089  -3.235  24.325 0.0000000000
86316  -46.400  -2.649  24.119 0.0000000000
84042  -46.916  -4.086  24.071 0.0000000000
82850  -48.773  -5.124  24.334 0.0000000000
146702  -50.484  -2.686  21.672 0.0000000000
146710  -50.249  -2.353  21.060 0.0000000000
146718  -49.222  -1.099  21.107 0.0000000000
146721  -50.172  -1.623  20.673 0.0000000000
88621  -50.768  -0.717  20.903 0.0000000000
55284  -17.169  -29.013  57.665 0.0000000000
54105  -16.695  -29.712  58.372 0.0000000000
52942  -16.592  -30.886  58.248 0.0000000000
67467  -38.613  -18.589  34.281 0.0000000000
68728  -38.774  -17.813  34.152 0.0000000000
71068  -38.571  -16.361  35.233 0.0000000000
71088  -38.267  -15.461  34.200 0.0000000000
78055  -37.252  -9.095  34.486 0.0000000000
78064  -36.523  -9.840  33.636 0.0000000000
79180  -37.507  -8.461  33.720 0.0000000000
78077  -36.542  -9.865  33.198 0.0000000000
75785  -38.506  -11.647  31.808 0.0000000000
76983  -38.167  -10.216  30.945 0.0000000000
75801  -38.448  -11.050  30.834 0.0000000000
74617  -39.692  -12.096  29.581 0.0000000000
75827  -39.764  -11.822  29.215 0.0000000000
74624  -40.600  -12.230  28.711 0.0000000000
78115  -41.064  -8.564  30.382 0.0000000000
78098  -41.801  -7.365  31.214 0.0000000000
57967  -30.604  -26.583  42.197 0.0000000000
59073  -32.132  -26.083  41.874 0.0000000000
60015  -18.790  -24.524  55.105 0.0000000000
61215  -19.239  -23.576  54.808 0.0000000000
56584  -18.680  -27.738  53.553 0.0000000000
56589  -23.372  -27.737  53.413 0.0000000000
51640  -15.890  -30.904  64.599 0.0000000000
51626  -15.438  -31.399  66.594 0.0000000000
51623  -14.995  -31.274  67.589 0.0000000000
84001  -45.087  -3.151  29.192 0.0000000000
84011  -46.430  -2.533  28.078 0.0000000000
85197  -46.252  -2.610  27.336 0.0000000000
71049  -44.690  -15.469  36.423 0.0000000000
61447  -33.728  -22.950  40.959 0.0000000000
61448  -34.276  -23.111  41.406 0.0000000000
61239  -22.324  -21.812  52.356 0.0000000000
61238  -21.202  -22.233  52.129 0.0000000000
60043  -19.727  -23.558  52.393 0.0000000000
58949  -19.912  -24.760  50.916 0.0000000000
57804  -23.064  -27.287  50.483 0.0000000000
57755  -22.949  -27.505  52.121 0.0000000000
64954  -40.154  -20.685  36.347 0.0000000000
67428  -39.079  -19.138  35.919 0.0000000000
69826  -40.052  -16.586  36.968 0.0000000000
57938  -26.946  -26.489  43.110 0.0000000000
59051  -26.220  -25.428  42.734 0.0000000000
57964  -27.499  -26.349  42.375 0.0000000000
59071  -28.578  -25.925  41.449 0.0000000000
61428  -29.449  -23.377  42.099 0.0000000000
60269  -28.308  -24.701  40.676 0.0000000000
59098  -28.851  -25.422  40.781 0.0000000000
59072  -29.326  -25.940  41.283 0.0000000000
59099  -29.693  -25.663  40.766 0.0000000000
59121  -30.019  -25.291  40.143 0.0000000000
60316  -30.511  -23.920  39.267 0.0000000000
60296  -31.214  -24.517  39.640 0.0000000000
67348  -30.628  -18.681  40.475 0.0000000000
67347  -30.379  -19.027  40.053 0.0000000000
66169  -30.284  -19.599  39.166 0.0000000000
64891  -30.653  -20.484  38.752 0.0000000000
66195  -31.382  -19.453  37.909 0.0000000000
64921  -31.421  -20.157  38.273 0.0000000000
63712  -31.838  -21.524  39.202 0.0000000000
62610  -32.853  -22.500  40.120 0.0000000000
63687  -34.211  -21.648  39.968 0.0000000000
63715  -34.575  -21.440  39.303 0.0000000000
63739  -34.335  -21.187  38.398 0.0000000000
63716  -35.312  -21.629  39.391 0.0000000000
62664  -35.655  -21.742  38.860 0.0000000000
62665  -36.121  -22.050  38.548 0.0000000000
62666  -36.796  -22.280  38.263 0.0000000000
66246  -34.928  -20.548  36.364 0.0000000000
63799  -35.393  -21.082  35.762 0.0000000000
63782  -35.928  -21.365  35.743 0.0000000000
61363  -25.710  -23.021  44.951 0.0000000000
60191  -24.673  -23.751  44.960 0.0000000000
59028  -24.772  -24.724  44.621 0.0000000000
74613  -46.428  -12.798  30.018 0.0000000000
77033  -45.072  -10.965  27.796 0.0000000000
77034  -45.781  -10.991  28.005 0.0000000000
77035  -46.708  -10.818  28.189 0.0000000000
84007  -42.862  -4.902  28.374 0.0000000000
82808  -42.621  -5.474  27.763 0.0000000000
82819  -42.844  -5.342  26.809 0.0000000000
80428  -45.550  -7.474  25.808 0.0000000000
85207  -45.060  -2.914  25.776 0.0000000000
84030  -44.765  -4.105  25.200 0.0000000000
81658  -45.093  -6.389  25.206 0.0000000000
80431  -48.777  -7.664  26.416 0.0000000000
87463  -53.902  -2.220  19.554 0.0000000000
88627  -55.990  -0.875  20.571 0.0000000000
55226  -16.846  -28.254  62.144 0.0000000000
54064  -16.155  -29.734  62.304 0.0000000000
54095  -16.534  -29.373  59.622 0.0000000000
54085  -16.217  -30.049  60.224 0.0000000000
52897  -15.904  -30.416  62.858 0.0000000000
51648  -15.363  -31.993  63.202 0.0000000000
66230  -42.500  -19.390  37.147 0.0000000000
67493  -39.594  -18.764  33.538 0.0000000000
67494  -40.609  -18.658  33.928 0.0000000000
67468  -41.240  -18.905  34.698 0.0000000000
68730  -43.429  -17.336  36.014 0.0000000000
69871  -42.561  -16.901  34.632 0.0000000000
69855  -43.627  -16.747  35.725 0.0000000000
71070  -43.835  -15.618  35.299 0.0000000000
73423  -37.565  -13.386  37.072 0.0000000000
74543  -37.568  -12.584  37.173 0.0000000000
72268  -37.170  -14.455  36.197 0.0000000000
72292  -36.983  -14.624  35.534 0.0000000000
71087  -37.772  -14.930  34.264 0.0000000000
75742  -36.326  -11.284  35.236 0.0000000000
74560  -35.990  -12.440  34.003 0.0000000000
73441  -36.158  -13.454  34.624 0.0000000000
72312  -37.222  -14.541  34.279 0.0000000000
72327  -38.714  -15.036  33.639 0.0000000000
72296  -43.410  -14.619  35.096 0.0000000000
72271  -43.995  -14.698  35.492 0.0000000000
74554  -42.166  -13.272  34.636 0.0000000000
75767  -39.702  -12.026  32.864 0.0000000000
75768  -40.663  -12.095  33.163 0.0000000000
75769  -41.558  -12.161  33.211 0.0000000000
73470  -44.047  -13.431  29.681 0.0000000000
74620  -44.158  -12.706  28.519 0.0000000000
75843  -43.126  -11.009  27.722 0.0000000000
75840  -40.803  -12.005  28.519 0.0000000000
75855  -43.331  -10.412  27.631 0.0000000000
80394  -42.577  -6.446  29.743 0.0000000000
56721  -26.908  -27.583  45.448 0.0000000000
56702  -27.600  -28.043  46.089 0.0000000000
56703  -28.362  -28.384  45.855 0.0000000000
56682  -28.116  -28.482  46.583 0.0000000000
56745  -30.182  -27.844  44.481 0.0000000000
56725  -30.644  -28.238  45.252 0.0000000000
55427  -30.309  -28.929  46.751 0.0000000000
60271  -33.701  -23.982  41.146 0.0000000000
59103  -33.749  -24.774  41.388 0.0000000000
57691  -18.172  -26.571  59.258 0.0000000000
55270  -17.365  -28.244  57.850 0.0000000000
58867  -18.348  -26.005  56.344 0.0000000000
52966  -17.367  -30.220  57.048 0.0000000000
54122  -18.024  -30.071  56.062 0.0000000000
58912  -19.135  -25.685  52.587 0.0000000000
58913  -19.531  -26.280  52.026 0.0000000000
57735  -18.787  -26.811  53.169 0.0000000000
55339  -19.047  -28.515  53.676 0.0000000000
56588  -22.505  -27.852  53.418 0.0000000000
56587  -21.548  -28.238  53.419 0.0000000000
55325  -19.537  -29.194  54.176 0.0000000000
87466  -57.056  -1.553  19.374 0.0000000000
48229  -14.088  -34.204  66.617 0.0000000000
47257  -13.035  -34.666  66.891 0.0000000000
48223  -13.403  -34.039  67.084 0.0000000000
48224  -13.878  -33.639  67.100 0.0000000000
50445  -13.854  -32.343  67.659 0.0000000000
49337  -11.725  -33.422  67.028 0.0000000000
50443  -12.126  -32.634  67.411 0.0000000000
48228  -13.627  -34.478  66.756 0.0000000000
52886  -16.051  -30.361  63.469 0.0000000000
59075  -34.043  -25.297  42.009 0.0000000000
59124  -32.488  -24.615  40.430 0.0000000000
60124  -21.788  -23.983  48.710 0.0000000000
60293  -28.873  -24.875  40.302 0.0000000000
60314  -29.372  -24.014  39.594 0.0000000000
62638  -32.920  -21.856  39.867 0.0000000000
62639  -35.678  -21.728  39.313 0.0000000000
63689  -35.498  -21.773  39.982 0.0000000000
63690  -35.810  -21.841  39.823 0.0000000000
63800  -35.605  -21.154  35.669 0.0000000000
64867  -30.543  -20.551  40.505 0.0000000000
64920  -30.990  -19.887  38.283 0.0000000000
64973  -35.307  -20.875  35.930 0.0000000000
64995  -35.519  -20.917  35.645 0.0000000000
66143  -30.344  -19.535  40.040 0.0000000000
66221  -31.802  -19.191  37.600 0.0000000000
66222  -32.287  -19.679  37.733 0.0000000000
67370  -30.342  -18.960  39.643 0.0000000000
67398  -30.386  -18.846  38.854 0.0000000000
67425  -31.521  -18.881  37.690 0.0000000000
67515  -39.054  -18.065  33.448 0.0000000000
68630  -33.128  -17.426  40.747 0.0000000000
68631  -33.651  -17.539  41.143 0.0000000000
68659  -31.006  -17.872  39.091 0.0000000000
68660  -31.613  -17.649  39.145 0.0000000000
68684  -44.602  -17.425  37.796 0.0000000000
73421  -36.505  -13.575  35.987 0.0000000000
73434  -36.372  -13.704  35.620 0.0000000000
73435  -36.655  -14.115  35.849 0.0000000000
73436  -41.931  -13.768  34.826 0.0000000000
73465  -40.668  -13.007  30.043 0.0000000000
73475  -40.644  -12.989  29.800 0.0000000000
73476  -41.025  -13.132  29.511 0.0000000000
73483  -41.301  -13.109  29.003 0.0000000000
74625  -41.090  -12.534  28.628 0.0000000000
76937  -36.526  -10.842  35.266 0.0000000000
77014  -41.694  -8.275  29.653 0.0000000000
80438  -45.797  -6.925  25.268 0.0000000000
81648  -42.706  -6.135  27.089 0.0000000000
82847  -45.930  -4.799  24.471 0.0000000000
83998  -42.922  -5.021  28.735 0.0000000000
85224  -45.738  -3.799  24.463 0.0000000000
87461  -52.747  -2.358  19.724 0.0000000000
88588  -48.071  -0.254  23.651 0.0000000000
88589  -48.301  -0.255  24.064 0.0000000000
146722  -50.022  -1.390  20.757 0.0000000000
146724  -50.540  -1.252  20.659 0.0000000000
146728  -50.402  -0.801  20.885 0.0000000000
