#!ascii label  , from subject 3410 vox2ras=TkReg
1951
77838  43.444  -16.524  36.209 0.0000000000
55117  33.355  -35.697  49.731 0.0000000000
58338  19.541  -33.153  52.408 0.0000000000
53049  13.562  -38.561  55.264 0.0000000000
54010  27.931  -35.789  56.664 0.0000000000
55187  25.361  -36.121  45.543 0.0000000000
71026  39.275  -22.478  38.484 0.0000000000
81321  51.986  -13.598  35.547 0.0000000000
68555  44.917  -23.923  44.643 0.0000000000
62973  34.979  -29.126  42.138 0.0000000000
55317  27.875  -35.880  37.899 0.0000000000
59364  20.521  -31.922  57.870 0.0000000000
56126  15.756  -34.938  53.419 0.0000000000
57108  17.392  -34.237  59.612 0.0000000000
56100  24.253  -35.050  55.731 0.0000000000
74400  47.303  -19.171  44.995 0.0000000000
56082  35.485  -34.363  56.062 0.0000000000
59453  38.686  -32.673  52.519 0.0000000000
62859  39.489  -29.651  48.206 0.0000000000
60658  33.174  -31.580  46.175 0.0000000000
60726  30.151  -31.389  41.544 0.0000000000
56256  29.716  -35.347  44.439 0.0000000000
58479  20.480  -33.145  43.326 0.0000000000
56346  23.382  -35.076  38.693 0.0000000000
78968  47.251  -15.713  35.421 0.0000000000
77916  48.004  -16.148  29.476 0.0000000000
57288  17.099  -33.631  46.767 0.0000000000
55135  13.556  -36.071  47.840 0.0000000000
51909  31.679  -37.890  53.762 0.0000000000
52009  29.312  -37.576  48.197 0.0000000000
54089  27.283  -36.975  51.915 0.0000000000
57259  22.469  -34.499  49.816 0.0000000000
76659  39.785  -17.532  37.093 0.0000000000
52974  16.273  -38.327  61.280 0.0000000000
48733  11.599  -41.672  57.755 0.0000000000
80077  47.908  -13.950  41.220 0.0000000000
81246  42.975  -13.463  41.542 0.0000000000
76616  43.522  -17.745  41.851 0.0000000000
69782  42.767  -23.082  41.192 0.0000000000
66457  41.662  -26.549  38.979 0.0000000000
66261  43.960  -26.182  49.189 0.0000000000
65227  40.326  -26.959  43.449 0.0000000000
65314  36.257  -26.547  37.748 0.0000000000
64160  31.317  -28.264  37.222 0.0000000000
52167  26.830  -37.729  40.906 0.0000000000
60459  20.556  -31.402  60.488 0.0000000000
59366  18.266  -32.212  58.575 0.0000000000
60434  18.869  -31.328  61.363 0.0000000000
58209  22.911  -32.475  59.478 0.0000000000
55076  35.511  -35.712  52.865 0.0000000000
57248  36.004  -34.190  51.099 0.0000000000
60613  35.654  -32.107  48.971 0.0000000000
58401  33.398  -33.443  48.256 0.0000000000
59551  31.546  -33.032  45.585 0.0000000000
55167  31.565  -35.304  47.568 0.0000000000
58497  17.917  -33.875  42.041 0.0000000000
57425  19.200  -35.045  40.273 0.0000000000
77849  45.999  -16.091  35.889 0.0000000000
79014  45.357  -15.912  32.587 0.0000000000
77903  43.693  -16.525  32.322 0.0000000000
58388  18.693  -33.350  49.566 0.0000000000
57290  15.514  -34.291  47.785 0.0000000000
57254  15.909  -33.832  50.620 0.0000000000
55066  15.574  -36.496  54.476 0.0000000000
55097  14.216  -37.125  51.765 0.0000000000
51950  12.546  -39.394  51.660 0.0000000000
50871  11.282  -40.367  53.163 0.0000000000
53004  32.357  -37.423  56.881 0.0000000000
53025  29.987  -37.245  55.613 0.0000000000
51922  29.626  -37.835  53.396 0.0000000000
54052  27.780  -36.999  54.370 0.0000000000
57167  21.737  -33.624  54.632 0.0000000000
56142  22.991  -34.695  52.279 0.0000000000
57241  20.566  -33.903  51.556 0.0000000000
57287  19.307  -33.764  48.210 0.0000000000
74490  39.513  -20.206  37.787 0.0000000000
74560  37.438  -19.888  34.840 0.0000000000
71057  37.773  -22.482  35.722 0.0000000000
47654  10.209  -43.512  58.597 0.0000000000
78875  43.124  -15.412  41.881 0.0000000000
78864  45.108  -15.796  43.179 0.0000000000
70922  46.091  -21.830  44.953 0.0000000000
72138  44.922  -20.975  43.326 0.0000000000
68627  43.964  -23.445  42.683 0.0000000000
67554  43.057  -25.276  39.212 0.0000000000
66414  42.760  -25.460  42.140 0.0000000000
62923  37.206  -29.207  45.001 0.0000000000
64020  39.183  -28.521  45.551 0.0000000000
64069  36.936  -28.505  42.967 0.0000000000
64104  37.477  -26.937  40.576 0.0000000000
64125  35.526  -27.517  39.803 0.0000000000
65338  33.220  -27.756  37.310 0.0000000000
64127  33.248  -28.783  39.648 0.0000000000
60770  27.933  -31.411  38.553 0.0000000000
52026  27.088  -37.909  46.975 0.0000000000
51013  27.726  -37.829  44.394 0.0000000000
53227  25.900  -37.655  43.304 0.0000000000
54335  22.597  -36.207  35.860 0.0000000000
80201  54.309  -14.389  32.441 0.0000000000
81390  51.581  -13.205  31.832 0.0000000000
59411  20.186  -32.412  55.407 0.0000000000
58340  17.329  -32.596  52.996 0.0000000000
59414  17.691  -32.337  56.111 0.0000000000
57151  16.909  -33.884  57.070 0.0000000000
55025  16.505  -36.117  57.759 0.0000000000
56040  26.446  -34.503  58.458 0.0000000000
55035  26.114  -35.816  56.205 0.0000000000
57117  24.541  -34.348  58.266 0.0000000000
58270  22.284  -33.161  56.503 0.0000000000
78847  47.094  -15.910  45.061 0.0000000000
69662  46.787  -22.759  47.063 0.0000000000
60597  38.717  -31.102  49.846 0.0000000000
61750  36.172  -30.816  47.253 0.0000000000
61804  34.164  -30.222  44.098 0.0000000000
61831  32.173  -30.168  41.739 0.0000000000
60691  31.964  -31.200  43.874 0.0000000000
58492  29.557  -33.527  43.145 0.0000000000
56311  28.452  -35.445  41.730 0.0000000000
57327  23.097  -34.582  45.104 0.0000000000
56292  24.470  -35.684  42.118 0.0000000000
57422  22.169  -34.085  40.823 0.0000000000
80181  49.385  -14.506  34.510 0.0000000000
81407  49.712  -13.500  31.847 0.0000000000
80222  47.683  -14.418  32.443 0.0000000000
56156  15.139  -35.575  51.492 0.0000000000
54066  33.893  -36.728  54.455 0.0000000000
53094  32.623  -37.207  51.511 0.0000000000
53142  31.474  -37.109  49.054 0.0000000000
51961  30.246  -38.395  50.860 0.0000000000
51964  28.280  -37.603  50.116 0.0000000000
55119  26.470  -36.647  49.272 0.0000000000
55062  25.671  -36.008  53.720 0.0000000000
56153  24.897  -35.388  51.101 0.0000000000
56184  23.882  -35.024  48.302 0.0000000000
57309  21.126  -34.048  46.667 0.0000000000
58444  19.330  -33.363  45.220 0.0000000000
77840  41.109  -16.798  36.312 0.0000000000
76717  41.407  -17.590  33.183 0.0000000000
75625  38.897  -18.416  33.359 0.0000000000
54993  17.046  -36.007  60.174 0.0000000000
52996  15.473  -38.377  58.625 0.0000000000
50830  13.493  -40.498  59.730 0.0000000000
51897  12.352  -39.752  56.766 0.0000000000
80129  49.886  -14.450  38.414 0.0000000000
78921  47.780  -15.097  38.419 0.0000000000
78923  45.801  -15.086  38.434 0.0000000000
80132  43.525  -14.396  38.382 0.0000000000
78908  41.106  -15.277  39.028 0.0000000000
76638  41.110  -17.535  39.444 0.0000000000
73333  41.234  -20.372  39.682 0.0000000000
75505  45.610  -18.333  43.302 0.0000000000
73293  43.343  -20.841  41.545 0.0000000000
69803  41.376  -23.316  39.609 0.0000000000
68669  42.051  -24.882  37.216 0.0000000000
65353  41.851  -26.953  36.511 0.0000000000
66309  44.164  -24.984  47.017 0.0000000000
63943  41.729  -28.232  48.924 0.0000000000
65158  42.230  -26.461  46.466 0.0000000000
66351  42.515  -26.000  44.282 0.0000000000
65267  40.241  -26.618  41.204 0.0000000000
64137  38.750  -26.794  38.536 0.0000000000
61862  30.456  -30.136  39.589 0.0000000000
54200  29.589  -36.431  45.979 0.0000000000
53237  28.439  -36.990  42.652 0.0000000000
53301  27.286  -37.329  38.850 0.0000000000
54286  25.063  -36.608  39.136 0.0000000000
53335  25.414  -37.499  36.716 0.0000000000
60445  19.650  -31.327  60.996 0.0000000000
61524  19.350  -30.949  61.563 0.0000000000
55099  34.861  -35.654  51.215 0.0000000000
56151  35.389  -35.359  51.659 0.0000000000
56169  34.399  -35.085  49.947 0.0000000000
57268  34.906  -33.820  49.423 0.0000000000
56181  33.447  -34.900  49.110 0.0000000000
57305  32.425  -34.357  47.756 0.0000000000
55132  32.554  -35.581  48.986 0.0000000000
77851  44.288  -16.459  35.478 0.0000000000
77886  44.320  -16.418  33.610 0.0000000000
77866  43.524  -16.803  34.095 0.0000000000
58378  18.535  -33.168  50.600 0.0000000000
58390  16.750  -33.391  50.242 0.0000000000
58379  17.600  -33.111  50.926 0.0000000000
53062  14.954  -38.091  55.013 0.0000000000
54085  14.329  -37.764  53.323 0.0000000000
53064  13.349  -38.645  54.195 0.0000000000
51936  12.360  -39.622  52.323 0.0000000000
51914  12.659  -39.095  54.082 0.0000000000
56051  28.045  -34.879  57.709 0.0000000000
54008  29.750  -36.362  57.116 0.0000000000
54021  30.360  -36.830  56.759 0.0000000000
53008  29.560  -36.870  55.961 0.0000000000
53027  28.650  -37.133  55.195 0.0000000000
54038  27.891  -36.747  55.336 0.0000000000
57185  20.656  -33.525  53.420 0.0000000000
57220  21.172  -34.087  52.346 0.0000000000
57221  20.330  -33.618  52.309 0.0000000000
58377  19.281  -33.408  50.337 0.0000000000
72211  38.809  -21.591  37.968 0.0000000000
73372  38.492  -20.716  37.146 0.0000000000
71028  38.038  -22.238  37.410 0.0000000000
81218  45.164  -13.788  44.037 0.0000000000
80043  45.036  -14.457  43.710 0.0000000000
80029  45.603  -14.518  44.271 0.0000000000
69699  45.194  -22.810  44.545 0.0000000000
69723  44.671  -22.880  43.711 0.0000000000
68579  44.354  -24.153  43.286 0.0000000000
67500  43.576  -24.495  42.462 0.0000000000
67481  44.027  -24.731  43.317 0.0000000000
62954  35.999  -29.103  43.321 0.0000000000
64050  37.386  -28.774  44.207 0.0000000000
64070  36.131  -28.792  42.687 0.0000000000
64105  36.305  -27.619  40.764 0.0000000000
64106  34.972  -28.423  40.880 0.0000000000
64126  34.384  -28.197  39.686 0.0000000000
62990  34.019  -29.138  41.138 0.0000000000
53166  26.477  -37.362  46.909 0.0000000000
52043  26.570  -37.662  45.483 0.0000000000
54219  25.901  -37.113  44.920 0.0000000000
81342  53.284  -13.015  33.839 0.0000000000
81343  52.160  -13.033  34.178 0.0000000000
59379  20.249  -32.073  56.753 0.0000000000
59413  18.505  -32.120  55.691 0.0000000000
59380  19.305  -31.957  57.197 0.0000000000
58239  17.860  -32.788  58.925 0.0000000000
58258  17.406  -33.049  57.598 0.0000000000
57135  17.099  -33.918  57.979 0.0000000000
56091  16.559  -34.994  56.982 0.0000000000
55024  16.860  -35.513  58.532 0.0000000000
57105  25.478  -34.065  59.021 0.0000000000
57116  25.182  -34.388  58.532 0.0000000000
57106  24.537  -33.886  58.865 0.0000000000
58224  21.903  -32.505  58.343 0.0000000000
58236  22.625  -33.152  57.988 0.0000000000
58237  21.669  -32.522  57.635 0.0000000000
58271  21.598  -33.091  55.946 0.0000000000
58314  37.886  -33.483  53.524 0.0000000000
59422  38.662  -32.229  54.232 0.0000000000
60554  39.662  -31.706  52.409 0.0000000000
60553  40.136  -31.193  51.897 0.0000000000
59470  38.777  -31.852  51.134 0.0000000000
60627  34.709  -31.793  48.047 0.0000000000
60637  35.964  -31.267  47.899 0.0000000000
60656  34.922  -31.119  46.927 0.0000000000
61786  35.246  -30.378  45.331 0.0000000000
60674  33.866  -30.956  45.755 0.0000000000
61789  32.585  -30.712  44.099 0.0000000000
60676  32.240  -31.456  44.752 0.0000000000
57361  30.065  -34.585  44.882 0.0000000000
58476  30.380  -33.666  44.528 0.0000000000
57378  29.419  -34.565  43.256 0.0000000000
57398  28.725  -34.562  42.232 0.0000000000
56290  29.139  -35.347  42.885 0.0000000000
58460  21.731  -33.693  44.026 0.0000000000
57381  22.637  -34.246  42.540 0.0000000000
57382  21.869  -33.719  42.481 0.0000000000
80165  48.789  -14.956  34.854 0.0000000000
80203  48.544  -14.511  33.595 0.0000000000
78999  47.925  -14.846  33.629 0.0000000000
79032  45.548  -15.382  30.776 0.0000000000
57332  16.577  -33.854  45.195 0.0000000000
57333  15.714  -34.235  45.586 0.0000000000
58323  16.582  -33.343  54.275 0.0000000000
57243  15.887  -33.926  51.684 0.0000000000
57224  15.603  -34.815  52.594 0.0000000000
53102  12.793  -38.451  50.236 0.0000000000
54107  13.178  -37.531  50.030 0.0000000000
53041  32.087  -37.654  55.391 0.0000000000
53040  32.980  -37.299  55.759 0.0000000000
53067  32.630  -37.178  53.724 0.0000000000
54079  33.625  -36.647  53.338 0.0000000000
53077  32.096  -37.631  52.626 0.0000000000
53087  31.500  -37.790  51.486 0.0000000000
51941  31.049  -38.060  52.061 0.0000000000
53071  28.266  -37.273  52.938 0.0000000000
51930  28.816  -37.715  51.829 0.0000000000
53088  27.963  -37.470  51.454 0.0000000000
53120  27.255  -37.313  49.278 0.0000000000
54097  26.970  -36.819  51.153 0.0000000000
55037  24.828  -35.345  56.011 0.0000000000
54040  26.104  -35.977  55.284 0.0000000000
55048  24.680  -35.266  55.043 0.0000000000
56155  23.177  -34.633  51.394 0.0000000000
56141  23.743  -35.053  52.143 0.0000000000
56163  24.061  -34.886  50.355 0.0000000000
56162  24.861  -35.380  49.946 0.0000000000
56185  23.122  -34.747  48.723 0.0000000000
56200  22.998  -34.773  47.647 0.0000000000
57270  21.749  -34.380  48.440 0.0000000000
58402  18.632  -33.552  47.453 0.0000000000
58422  19.048  -33.498  46.400 0.0000000000
58423  17.918  -33.476  46.576 0.0000000000
77841  40.329  -17.056  36.400 0.0000000000
76686  40.179  -17.659  35.347 0.0000000000
76687  39.569  -17.912  35.545 0.0000000000
73467  37.244  -20.433  32.864 0.0000000000
53994  16.626  -37.557  60.823 0.0000000000
54001  16.559  -37.166  59.724 0.0000000000
52980  16.116  -38.307  60.239 0.0000000000
48720  12.010  -42.134  59.233 0.0000000000
49794  12.399  -41.148  58.720 0.0000000000
50848  12.917  -40.068  58.163 0.0000000000
49799  11.839  -41.041  56.984 0.0000000000
50857  11.331  -40.382  55.534 0.0000000000
48759  10.624  -41.837  55.350 0.0000000000
80127  51.032  -13.830  38.331 0.0000000000
80095  49.153  -14.291  40.273 0.0000000000
80115  47.634  -14.563  39.818 0.0000000000
78922  46.853  -15.242  38.389 0.0000000000
80116  46.639  -14.312  39.657 0.0000000000
81260  44.237  -12.789  40.862 0.0000000000
81273  44.108  -13.333  39.769 0.0000000000
81274  43.111  -13.572  39.561 0.0000000000
80120  41.866  -14.347  39.067 0.0000000000
81262  42.500  -13.910  40.196 0.0000000000
77777  43.209  -16.518  41.782 0.0000000000
77778  42.465  -16.524  41.026 0.0000000000
76625  42.336  -17.690  40.690 0.0000000000
74459  41.501  -19.190  39.673 0.0000000000
75523  42.886  -18.838  40.965 0.0000000000
76594  47.518  -17.579  44.909 0.0000000000
76601  46.413  -17.613  43.763 0.0000000000
75498  46.686  -18.474  44.077 0.0000000000
70970  43.972  -22.159  42.374 0.0000000000
73291  44.277  -20.538  42.333 0.0000000000
72172  43.111  -21.601  41.443 0.0000000000
72173  42.377  -21.472  40.884 0.0000000000
71007  42.290  -23.241  40.368 0.0000000000
69826  41.746  -23.991  39.078 0.0000000000
69825  42.319  -24.112  39.409 0.0000000000
66456  42.368  -26.404  38.581 0.0000000000
66476  42.866  -26.275  37.424 0.0000000000
65309  42.229  -26.853  37.770 0.0000000000
65333  40.739  -27.309  37.751 0.0000000000
66278  44.219  -25.650  48.342 0.0000000000
62847  40.459  -29.533  49.629 0.0000000000
62829  41.838  -28.552  50.019 0.0000000000
62858  40.117  -29.181  48.389 0.0000000000
64035  39.685  -27.712  44.610 0.0000000000
65160  40.728  -27.524  45.966 0.0000000000
65179  40.950  -27.168  45.265 0.0000000000
66312  42.577  -26.020  45.675 0.0000000000
65201  41.086  -26.789  44.220 0.0000000000
66376  41.972  -26.212  42.876 0.0000000000
65249  40.294  -26.707  42.307 0.0000000000
64124  36.821  -26.752  39.501 0.0000000000
64123  38.063  -26.594  39.434 0.0000000000
64138  37.795  -26.588  38.273 0.0000000000
64156  37.904  -26.701  37.048 0.0000000000
65335  36.798  -26.565  36.657 0.0000000000
65356  35.996  -26.582  35.976 0.0000000000
65339  32.464  -27.813  36.986 0.0000000000
65358  33.873  -27.188  36.216 0.0000000000
61832  31.203  -30.634  41.449 0.0000000000
61845  31.307  -30.252  40.623 0.0000000000
61846  30.385  -30.624  40.303 0.0000000000
61882  28.066  -30.506  37.774 0.0000000000
53144  30.049  -37.553  48.263 0.0000000000
53163  30.176  -36.744  47.489 0.0000000000
52038  29.323  -37.371  46.997 0.0000000000
51032  27.242  -37.832  43.116 0.0000000000
52104  28.145  -37.578  43.345 0.0000000000
52145  27.651  -37.395  41.778 0.0000000000
53268  27.790  -37.133  40.500 0.0000000000
52185  27.084  -37.660  39.457 0.0000000000
56331  23.773  -35.093  39.889 0.0000000000
55265  24.781  -36.316  40.984 0.0000000000
55300  24.319  -35.889  38.592 0.0000000000
53320  24.929  -37.180  37.289 0.0000000000
53353  26.293  -37.508  35.903 0.0000000000
79028  48.933  -14.664  30.214 0.0000000000
80235  49.883  -14.012  30.870 0.0000000000
76747  41.277  -17.696  31.308 0.0000000000
59340  20.389  -31.593  59.848 0.0000000000
59365  19.130  -31.838  58.231 0.0000000000
59341  19.297  -31.643  60.151 0.0000000000
59342  18.433  -32.190  59.970 0.0000000000
58210  18.103  -32.763  60.489 0.0000000000
59339  21.401  -31.718  60.021 0.0000000000
56110  36.066  -35.153  54.558 0.0000000000
57159  36.277  -33.989  55.137 0.0000000000
57194  36.532  -34.721  53.722 0.0000000000
57213  37.163  -34.048  52.420 0.0000000000
58354  37.397  -33.369  51.729 0.0000000000
59502  36.916  -32.678  50.351 0.0000000000
58383  35.866  -33.429  50.223 0.0000000000
59520  34.629  -32.510  48.632 0.0000000000
59533  33.315  -32.512  47.629 0.0000000000
59550  32.263  -32.680  46.187 0.0000000000
58440  31.984  -33.734  46.768 0.0000000000
57324  31.404  -34.445  46.639 0.0000000000
56228  30.309  -35.141  45.813 0.0000000000
58496  19.058  -33.321  42.189 0.0000000000
58510  19.922  -33.498  41.313 0.0000000000
58512  18.525  -34.097  41.296 0.0000000000
77862  46.549  -15.965  35.357 0.0000000000
78978  46.735  -15.684  34.482 0.0000000000
77884  45.671  -16.039  34.314 0.0000000000
79015  44.814  -16.081  32.219 0.0000000000
58403  17.598  -33.515  47.691 0.0000000000
57289  16.461  -33.827  47.432 0.0000000000
58404  16.927  -33.525  48.330 0.0000000000
57275  15.395  -34.362  48.865 0.0000000000
56174  14.749  -35.067  49.228 0.0000000000
56115  15.765  -35.862  54.346 0.0000000000
56144  15.437  -35.500  52.694 0.0000000000
54084  14.691  -37.231  52.925 0.0000000000
54093  13.510  -37.952  51.655 0.0000000000
50899  11.368  -40.798  51.027 0.0000000000
53023  31.472  -37.603  56.010 0.0000000000
51903  30.624  -37.829  54.579 0.0000000000
51921  30.352  -38.065  53.368 0.0000000000
53059  29.488  -37.627  54.459 0.0000000000
53061  28.375  -37.315  53.833 0.0000000000
54067  27.790  -37.076  53.493 0.0000000000
57166  22.679  -33.939  55.032 0.0000000000
56112  23.524  -34.641  54.054 0.0000000000
56113  22.739  -34.259  53.809 0.0000000000
57219  22.110  -34.316  52.330 0.0000000000
57251  21.594  -34.242  50.547 0.0000000000
57271  20.915  -34.117  48.706 0.0000000000
57261  20.814  -34.027  49.706 0.0000000000
57273  19.274  -33.587  49.089 0.0000000000
74509  39.724  -19.111  37.586 0.0000000000
75585  38.598  -19.013  36.077 0.0000000000
74534  38.182  -19.851  36.103 0.0000000000
73414  37.421  -20.893  35.519 0.0000000000
47641  11.502  -42.647  59.910 0.0000000000
47653  10.728  -42.979  58.060 0.0000000000
47678  10.454  -42.710  56.365 0.0000000000
47666  9.815  -43.523  57.443 0.0000000000
81230  43.831  -13.389  42.925 0.0000000000
80079  42.688  -14.572  41.497 0.0000000000
80058  43.705  -14.478  42.730 0.0000000000
78865  44.367  -15.456  42.884 0.0000000000
76615  44.120  -17.604  42.307 0.0000000000
72116  46.690  -20.621  44.671 0.0000000000
73259  46.001  -20.153  43.765 0.0000000000
70939  45.297  -21.754  44.068 0.0000000000
70954  44.663  -21.929  43.297 0.0000000000
69780  43.297  -22.935  42.166 0.0000000000
68641  42.637  -24.166  40.471 0.0000000000
67532  42.798  -24.306  41.206 0.0000000000
66433  42.656  -25.356  41.006 0.0000000000
66434  42.139  -25.943  40.487 0.0000000000
62890  38.189  -29.656  46.827 0.0000000000
62889  39.024  -28.950  46.412 0.0000000000
64021  38.616  -28.832  45.435 0.0000000000
64049  38.117  -28.232  43.681 0.0000000000
64048  38.840  -27.561  43.254 0.0000000000
64085  38.758  -26.860  41.708 0.0000000000
64087  37.131  -27.688  41.725 0.0000000000
65301  35.874  -26.848  38.795 0.0000000000
65315  35.213  -27.118  38.012 0.0000000000
65302  34.922  -27.617  38.932 0.0000000000
64141  33.139  -28.422  38.635 0.0000000000
64142  32.268  -28.622  38.331 0.0000000000
59617  28.604  -32.684  40.898 0.0000000000
60748  29.380  -31.315  40.310 0.0000000000
59640  28.447  -32.241  40.227 0.0000000000
58552  27.119  -33.006  37.918 0.0000000000
58567  26.423  -32.514  36.412 0.0000000000
50943  28.411  -37.638  47.947 0.0000000000
52039  28.839  -37.603  46.347 0.0000000000
50976  27.471  -37.870  45.876 0.0000000000
51015  26.761  -38.036  44.103 0.0000000000
52148  26.239  -37.468  42.001 0.0000000000
55319  23.030  -35.766  37.124 0.0000000000
54336  21.407  -36.714  35.761 0.0000000000
81341  54.257  -13.287  33.734 0.0000000000
81388  53.368  -13.698  31.865 0.0000000000
79010  51.701  -15.213  31.327 0.0000000000
58304  19.731  -32.589  54.208 0.0000000000
58339  18.496  -32.532  52.821 0.0000000000
59428  18.482  -32.174  54.774 0.0000000000
59429  17.642  -32.265  55.202 0.0000000000
58306  16.667  -33.304  54.957 0.0000000000
59381  18.158  -32.249  57.552 0.0000000000
58273  17.273  -32.947  56.668 0.0000000000
57169  16.600  -33.885  55.694 0.0000000000
55050  15.868  -36.128  55.298 0.0000000000
54041  15.760  -36.869  56.008 0.0000000000
54042  15.460  -37.604  56.361 0.0000000000
55005  27.177  -35.424  57.235 0.0000000000
55020  26.880  -35.694  56.890 0.0000000000
55006  26.342  -35.362  57.311 0.0000000000
56070  25.132  -35.148  57.252 0.0000000000
56072  23.903  -34.682  56.691 0.0000000000
58235  23.293  -33.358  58.467 0.0000000000
57118  23.643  -34.041  57.877 0.0000000000
57148  23.392  -34.131  56.351 0.0000000000
57150  21.972  -33.459  55.303 0.0000000000
58286  21.071  -33.276  55.025 0.0000000000
69843  39.397  -23.927  37.904 0.0000000000
69845  38.253  -23.423  36.624 0.0000000000
69856  39.294  -24.318  35.449 0.0000000000
80028  46.322  -14.707  44.918 0.0000000000
74392  47.786  -19.214  46.118 0.0000000000
72081  47.131  -20.672  45.735 0.0000000000
70907  46.312  -22.331  45.736 0.0000000000
68533  45.350  -23.477  46.047 0.0000000000
61681  40.124  -30.325  50.300 0.0000000000
61699  39.160  -30.722  49.565 0.0000000000
60599  37.504  -31.768  49.717 0.0000000000
61718  37.551  -31.128  48.805 0.0000000000
61733  38.114  -30.177  47.668 0.0000000000
62908  36.629  -30.061  45.798 0.0000000000
61803  35.193  -30.109  44.407 0.0000000000
61819  34.141  -29.946  43.299 0.0000000000
62957  33.513  -29.706  42.199 0.0000000000
61820  33.178  -29.928  42.893 0.0000000000
61821  32.086  -30.453  42.644 0.0000000000
60708  31.030  -31.392  42.743 0.0000000000
59565  31.326  -32.693  44.814 0.0000000000
59596  30.603  -32.178  43.297 0.0000000000
59615  29.771  -32.107  42.073 0.0000000000
58507  28.773  -33.459  41.983 0.0000000000
57420  28.177  -34.465  40.787 0.0000000000
55299  27.986  -35.984  39.197 0.0000000000
56230  24.018  -35.020  45.347 0.0000000000
56242  24.860  -35.787  44.135 0.0000000000
57363  23.643  -34.888  43.376 0.0000000000
57400  23.138  -34.550  41.764 0.0000000000
57447  22.972  -34.571  39.484 0.0000000000
57423  21.169  -33.931  40.509 0.0000000000
57438  21.137  -34.586  39.334 0.0000000000
80179  50.788  -14.108  35.306 0.0000000000
81368  50.215  -13.373  33.414 0.0000000000
81369  49.309  -13.937  33.459 0.0000000000
80236  48.704  -13.898  31.677 0.0000000000
80249  47.737  -14.594  30.354 0.0000000000
79013  46.328  -15.026  32.372 0.0000000000
79031  46.338  -15.159  30.191 0.0000000000
58380  16.649  -33.316  51.284 0.0000000000
57255  15.388  -34.650  51.017 0.0000000000
56175  14.201  -35.769  49.529 0.0000000000
55104  14.523  -36.209  50.908 0.0000000000
55113  13.832  -36.565  50.056 0.0000000000
55045  34.776  -36.114  55.203 0.0000000000
54065  34.247  -36.448  53.738 0.0000000000
54095  33.833  -36.511  51.868 0.0000000000
54114  33.485  -36.345  50.424 0.0000000000
54134  32.313  -36.211  49.211 0.0000000000
54104  32.372  -37.025  50.188 0.0000000000
53117  30.926  -37.722  49.537 0.0000000000
51987  30.130  -38.092  49.718 0.0000000000
51943  29.782  -38.247  51.561 0.0000000000
51962  29.591  -38.163  50.510 0.0000000000
50925  28.869  -37.582  48.938 0.0000000000
51990  27.934  -37.509  48.996 0.0000000000
54160  26.728  -37.294  48.011 0.0000000000
55133  25.976  -36.334  47.947 0.0000000000
54039  26.653  -36.081  55.606 0.0000000000
54069  26.399  -36.348  54.266 0.0000000000
54083  26.485  -36.476  53.293 0.0000000000
55081  24.471  -35.277  53.613 0.0000000000
55095  25.203  -35.672  52.055 0.0000000000
55094  25.813  -36.088  51.821 0.0000000000
55110  25.679  -36.041  50.034 0.0000000000
55134  25.363  -35.777  48.434 0.0000000000
56198  24.637  -35.443  46.923 0.0000000000
56231  23.424  -34.760  45.913 0.0000000000
57328  22.146  -34.245  45.360 0.0000000000
58442  21.055  -33.628  44.995 0.0000000000
57285  20.996  -34.088  47.681 0.0000000000
58421  19.892  -33.562  45.968 0.0000000000
58462  19.892  -33.213  44.257 0.0000000000
58481  18.306  -33.339  43.089 0.0000000000
77839  42.273  -16.762  36.134 0.0000000000
76683  42.677  -17.158  34.457 0.0000000000
76684  41.809  -17.397  34.735 0.0000000000
75610  37.931  -18.967  33.964 0.0000000000
74616  38.002  -19.729  32.346 0.0000000000
69858  38.164  -23.187  35.903 0.0000000000
61535  18.355  -30.487  61.386 0.0000000000
59317  17.830  -32.385  61.603 0.0000000000
58199  17.728  -33.315  61.071 0.0000000000
57088  17.171  -34.495  61.314 0.0000000000
56042  17.245  -35.098  59.907 0.0000000000
55009  16.737  -36.393  58.898 0.0000000000
53009  15.913  -37.882  58.059 0.0000000000
53029  14.332  -38.415  56.497 0.0000000000
51857  15.228  -39.235  60.271 0.0000000000
51865  14.529  -39.541  59.624 0.0000000000
51885  13.781  -38.824  57.193 0.0000000000
51896  13.058  -38.973  56.281 0.0000000000
51916  11.658  -39.740  54.847 0.0000000000
81306  52.330  -13.527  36.740 0.0000000000
80152  51.251  -14.014  37.015 0.0000000000
80154  49.719  -14.803  36.490 0.0000000000
78956  49.103  -15.076  37.143 0.0000000000
80094  50.060  -14.160  40.031 0.0000000000
78919  49.186  -14.716  38.723 0.0000000000
78957  48.242  -15.331  36.846 0.0000000000
78959  46.632  -15.825  36.944 0.0000000000
77816  45.928  -15.732  37.269 0.0000000000
77818  44.568  -15.870  37.001 0.0000000000
80117  45.311  -14.069  39.300 0.0000000000
80131  44.520  -14.494  38.547 0.0000000000
78943  43.860  -15.481  37.454 0.0000000000
78945  42.195  -15.642  37.248 0.0000000000
77807  40.893  -15.730  38.068 0.0000000000
77798  40.640  -16.539  38.828 0.0000000000
78889  42.039  -15.515  40.485 0.0000000000
77789  41.170  -16.467  39.716 0.0000000000
76639  40.605  -17.545  38.750 0.0000000000
74488  40.744  -19.132  38.719 0.0000000000
74461  40.643  -20.138  38.871 0.0000000000
72196  40.525  -21.423  39.329 0.0000000000
78856  46.255  -15.801  44.122 0.0000000000
76608  45.345  -17.498  43.180 0.0000000000
75507  44.474  -18.080  42.560 0.0000000000
73274  45.362  -20.211  43.337 0.0000000000
74426  44.494  -19.667  42.525 0.0000000000
74428  43.254  -19.903  41.453 0.0000000000
73311  42.129  -20.545  40.615 0.0000000000
70988  41.427  -21.689  40.259 0.0000000000
71010  40.167  -22.358  39.118 0.0000000000
69827  40.896  -23.736  38.808 0.0000000000
68670  40.601  -24.808  37.112 0.0000000000
67570  43.189  -25.240  38.378 0.0000000000
67580  42.506  -25.602  36.733 0.0000000000
68499  44.910  -23.967  47.188 0.0000000000
67437  44.277  -24.735  45.255 0.0000000000
65109  42.737  -27.282  48.806 0.0000000000
63981  40.464  -28.426  47.634 0.0000000000
63979  41.794  -27.261  47.545 0.0000000000
65140  43.025  -26.529  47.860 0.0000000000
66311  43.039  -25.801  46.366 0.0000000000
66327  43.606  -25.224  45.716 0.0000000000
67462  43.816  -25.195  44.347 0.0000000000
66392  42.909  -25.633  43.037 0.0000000000
66416  41.654  -26.264  41.143 0.0000000000
65281  40.925  -26.625  39.864 0.0000000000
65283  39.558  -26.628  40.617 0.0000000000
65299  39.620  -26.761  39.595 0.0000000000
64135  39.969  -27.085  38.500 0.0000000000
64171  39.277  -27.232  36.989 0.0000000000
65357  35.021  -26.913  36.173 0.0000000000
65405  34.381  -27.378  34.247 0.0000000000
62992  32.257  -29.707  40.520 0.0000000000
63005  31.381  -29.531  39.359 0.0000000000
63020  31.072  -29.252  38.645 0.0000000000
61863  29.608  -30.266  39.111 0.0000000000
63022  29.501  -29.472  37.940 0.0000000000
54158  31.520  -36.173  48.168 0.0000000000
55169  30.419  -35.790  46.878 0.0000000000
55202  29.598  -36.154  44.591 0.0000000000
52060  28.768  -37.504  45.157 0.0000000000
53213  29.284  -36.970  44.370 0.0000000000
54240  29.094  -36.283  43.352 0.0000000000
54255  28.532  -36.423  42.329 0.0000000000
54285  27.849  -36.631  39.735 0.0000000000
54302  27.821  -36.511  38.470 0.0000000000
55234  25.048  -36.584  42.940 0.0000000000
53257  25.821  -37.404  41.588 0.0000000000
52188  26.062  -37.426  40.608 0.0000000000
54303  24.668  -36.599  37.940 0.0000000000
53303  25.436  -37.164  38.414 0.0000000000
52209  26.360  -37.477  38.825 0.0000000000
52233  26.565  -37.643  38.055 0.0000000000
53333  27.081  -37.463  36.733 0.0000000000
81406  50.593  -13.520  31.511 0.0000000000
79018  51.246  -14.643  30.960 0.0000000000
76734  51.303  -16.692  31.270 0.0000000000
76716  42.414  -17.211  32.797 0.0000000000
55108  34.288  -35.895  50.599 0.0000000000
55107  34.738  -35.504  50.741 0.0000000000
55131  33.014  -35.298  49.254 0.0000000000
56182  32.862  -35.130  48.970 0.0000000000
77837  44.410  -16.241  36.323 0.0000000000
77852  43.294  -16.868  35.195 0.0000000000
58361  18.525  -32.928  51.647 0.0000000000
53063  14.226  -38.197  54.527 0.0000000000
51923  12.997  -39.058  53.535 0.0000000000
55004  28.096  -35.396  57.219 0.0000000000
55003  29.078  -35.675  57.287 0.0000000000
54009  28.933  -36.001  56.795 0.0000000000
54022  29.628  -36.604  56.519 0.0000000000
54023  28.637  -36.544  56.071 0.0000000000
58319  20.136  -33.253  53.154 0.0000000000
57202  20.451  -33.520  52.923 0.0000000000
58360  19.391  -33.300  51.330 0.0000000000
72212  38.251  -22.021  37.659 0.0000000000
71027  38.429  -22.677  37.691 0.0000000000
81207  45.394  -13.545  44.718 0.0000000000
69700  44.872  -23.398  44.145 0.0000000000
67480  44.433  -24.374  43.585 0.0000000000
67461  44.435  -24.542  44.124 0.0000000000
62955  35.062  -29.522  43.020 0.0000000000
62972  35.629  -29.019  42.605 0.0000000000
64089  35.156  -28.780  41.604 0.0000000000
62989  34.670  -28.984  41.512 0.0000000000
55170  25.756  -36.607  46.166 0.0000000000
54201  26.016  -37.187  45.806 0.0000000000
55186  25.774  -36.727  45.488 0.0000000000
58226  17.595  -33.458  59.276 0.0000000000
58240  17.468  -33.320  58.468 0.0000000000
57120  17.233  -34.081  58.792 0.0000000000
56073  16.989  -34.696  58.300 0.0000000000
56057  17.116  -34.900  59.081 0.0000000000
58220  25.342  -33.085  59.357 0.0000000000
58221  24.516  -33.233  59.324 0.0000000000
59363  21.350  -32.218  58.214 0.0000000000
58238  21.049  -32.275  57.059 0.0000000000
58313  38.345  -33.163  53.064 0.0000000000
58297  38.317  -33.017  53.912 0.0000000000
59437  38.845  -32.643  53.406 0.0000000000
59421  39.188  -32.079  53.640 0.0000000000
59436  39.218  -32.182  52.887 0.0000000000
59452  39.055  -32.134  51.989 0.0000000000
59471  38.278  -32.566  51.582 0.0000000000
60639  34.247  -31.586  47.400 0.0000000000
60638  35.272  -31.302  47.557 0.0000000000
60657  34.237  -31.147  46.463 0.0000000000
60675  33.142  -31.004  45.364 0.0000000000
57362  29.732  -34.693  44.046 0.0000000000
56273  29.394  -35.330  43.431 0.0000000000
56257  29.536  -35.483  43.888 0.0000000000
58478  21.405  -33.444  43.329 0.0000000000
58494  21.040  -33.246  42.447 0.0000000000
78967  48.273  -15.313  35.694 0.0000000000
78977  47.953  -15.130  34.404 0.0000000000
57312  17.190  -33.607  45.883 0.0000000000
57313  16.416  -33.864  46.256 0.0000000000
57203  16.098  -34.140  53.879 0.0000000000
57223  15.881  -34.210  52.776 0.0000000000
53057  31.882  -37.762  54.301 0.0000000000
53056  32.642  -37.274  54.753 0.0000000000
53068  31.981  -37.755  53.402 0.0000000000
53069  31.714  -37.903  52.924 0.0000000000
53078  31.624  -37.843  52.313 0.0000000000
51926  31.270  -38.058  52.805 0.0000000000
53072  27.881  -37.182  52.546 0.0000000000
53080  28.265  -37.431  52.036 0.0000000000
53081  27.725  -37.213  52.008 0.0000000000
53089  27.549  -37.281  51.313 0.0000000000
57250  22.550  -34.461  50.448 0.0000000000
56164  23.384  -34.627  50.658 0.0000000000
56172  23.053  -34.632  49.741 0.0000000000
56201  22.433  -34.603  48.255 0.0000000000
56186  22.430  -34.562  49.041 0.0000000000
76673  39.978  -17.543  36.095 0.0000000000
76674  39.477  -18.043  36.326 0.0000000000
53976  16.663  -36.954  62.198 0.0000000000
53986  16.524  -37.641  61.789 0.0000000000
48723  11.807  -41.832  58.232 0.0000000000
49796  11.930  -41.222  57.644 0.0000000000
49800  11.390  -41.448  56.933 0.0000000000
49810  11.015  -41.284  55.931 0.0000000000
81270  52.008  -13.109  39.869 0.0000000000
81254  51.796  -12.981  40.227 0.0000000000
81241  48.473  -13.491  41.716 0.0000000000
80076  48.851  -14.033  41.116 0.0000000000
80096  48.201  -14.336  40.501 0.0000000000
80097  47.136  -13.999  40.626 0.0000000000
81261  43.128  -13.273  40.428 0.0000000000
81247  42.572  -13.900  40.920 0.0000000000
76617  42.915  -17.317  41.337 0.0000000000
76624  43.050  -18.082  41.285 0.0000000000
75524  42.215  -18.819  40.362 0.0000000000
75492  47.183  -18.441  44.643 0.0000000000
74408  46.873  -19.279  44.474 0.0000000000
70985  43.309  -22.354  41.738 0.0000000000
70971  43.784  -21.885  42.037 0.0000000000
70986  42.525  -22.592  40.894 0.0000000000
69801  42.482  -23.683  40.332 0.0000000000
65310  41.481  -26.967  38.317 0.0000000000
65332  41.642  -27.216  37.358 0.0000000000
66279  43.645  -26.184  48.274 0.0000000000
61715  39.611  -29.726  48.524 0.0000000000
65228  39.613  -27.436  43.791 0.0000000000
65202  40.165  -27.369  44.549 0.0000000000
65226  41.286  -26.466  42.997 0.0000000000
64139  36.826  -26.535  38.386 0.0000000000
65313  37.214  -26.564  37.505 0.0000000000
65336  35.627  -26.722  36.988 0.0000000000
64159  32.207  -28.208  37.536 0.0000000000
64176  31.353  -27.878  36.363 0.0000000000
61833  30.629  -30.819  40.946 0.0000000000
60747  30.026  -31.158  40.828 0.0000000000
52023  29.602  -37.537  47.836 0.0000000000
53164  29.866  -37.240  47.609 0.0000000000
51069  26.910  -37.628  41.821 0.0000000000
52124  27.580  -37.629  42.685 0.0000000000
52146  27.364  -37.576  41.544 0.0000000000
52166  27.188  -37.716  40.416 0.0000000000
52186  26.769  -37.680  39.756 0.0000000000
56330  24.160  -35.598  39.794 0.0000000000
56345  24.097  -35.531  39.348 0.0000000000
79029  48.571  -15.152  29.810 0.0000000000
77915  49.000  -16.218  29.740 0.0000000000
60460  19.957  -31.443  60.387 0.0000000000
60446  18.961  -31.479  61.035 0.0000000000
59326  19.045  -31.534  60.786 0.0000000000
59327  18.425  -31.966  60.924 0.0000000000
60458  21.217  -31.384  60.542 0.0000000000
59325  21.760  -31.523  60.381 0.0000000000
55059  35.482  -35.850  53.822 0.0000000000
56122  36.095  -35.317  53.341 0.0000000000
56150  35.784  -34.803  51.394 0.0000000000
57214  36.632  -34.665  52.857 0.0000000000
57235  36.488  -34.246  51.838 0.0000000000
57234  37.004  -33.873  51.891 0.0000000000
58355  36.880  -33.741  51.624 0.0000000000
58371  36.613  -33.455  51.013 0.0000000000
58372  35.998  -33.809  50.749 0.0000000000
57281  33.612  -34.164  48.675 0.0000000000
58394  34.741  -33.373  49.099 0.0000000000
58400  34.118  -33.438  48.685 0.0000000000
59521  33.871  -32.798  48.280 0.0000000000
59534  32.591  -33.126  47.051 0.0000000000
58419  32.778  -33.589  47.725 0.0000000000
56214  31.953  -34.948  47.708 0.0000000000
57306  31.930  -34.440  47.207 0.0000000000
56215  31.388  -35.038  47.121 0.0000000000
56227  30.833  -35.009  46.502 0.0000000000
55184  30.874  -35.293  46.874 0.0000000000
58511  18.942  -33.694  41.360 0.0000000000
57405  18.358  -34.778  41.157 0.0000000000
78979  46.111  -15.887  34.328 0.0000000000
77863  45.928  -16.062  34.975 0.0000000000
77901  44.961  -16.229  33.222 0.0000000000
77902  44.465  -16.310  32.714 0.0000000000
77911  43.617  -16.429  31.419 0.0000000000
58396  17.702  -33.335  48.844 0.0000000000
57264  15.995  -33.796  49.561 0.0000000000
57265  15.348  -34.509  49.934 0.0000000000
55082  15.261  -36.579  53.315 0.0000000000
54070  14.970  -37.550  54.057 0.0000000000
53082  13.861  -38.139  52.976 0.0000000000
53083  13.373  -38.499  52.266 0.0000000000
53090  13.024  -38.580  51.220 0.0000000000
50914  12.176  -39.918  50.878 0.0000000000
50884  11.894  -40.007  52.711 0.0000000000
50898  12.071  -40.089  51.600 0.0000000000
49854  10.867  -41.170  51.484 0.0000000000
54007  30.354  -36.620  57.232 0.0000000000
53007  30.241  -37.036  56.212 0.0000000000
53006  30.911  -37.285  56.467 0.0000000000
53024  30.704  -37.504  55.811 0.0000000000
53042  31.207  -37.831  55.033 0.0000000000
53043  30.417  -37.623  55.150 0.0000000000
51912  30.050  -37.818  54.200 0.0000000000
53044  29.757  -37.497  54.952 0.0000000000
53046  28.472  -37.254  54.668 0.0000000000
56102  23.007  -34.265  54.436 0.0000000000
57183  22.237  -33.957  54.174 0.0000000000
57240  21.394  -34.184  51.484 0.0000000000
57239  22.309  -34.394  51.422 0.0000000000
57252  20.673  -33.986  50.677 0.0000000000
58387  19.260  -33.475  49.830 0.0000000000
58395  18.532  -33.478  48.465 0.0000000000
74510  39.110  -19.723  37.142 0.0000000000
72239  37.479  -21.744  36.197 0.0000000000
73389  37.890  -20.832  36.538 0.0000000000
72255  37.660  -21.818  35.090 0.0000000000
47642  10.884  -43.105  59.260 0.0000000000
48721  11.426  -42.570  59.259 0.0000000000
81231  43.327  -13.693  42.351 0.0000000000
80044  44.335  -14.411  43.277 0.0000000000
78858  44.885  -15.122  43.367 0.0000000000
77768  44.025  -16.499  42.377 0.0000000000
77767  44.888  -16.527  42.873 0.0000000000
72099  46.523  -21.103  44.814 0.0000000000
72117  46.158  -20.929  44.292 0.0000000000
68606  44.321  -23.551  43.165 0.0000000000
70940  44.813  -22.189  43.814 0.0000000000
69747  44.201  -22.827  42.905 0.0000000000
69767  43.591  -23.014  42.356 0.0000000000
68635  43.073  -23.794  41.781 0.0000000000
68628  43.583  -23.790  42.280 0.0000000000
67522  43.057  -24.908  41.898 0.0000000000
62907  37.270  -29.895  46.068 0.0000000000
62906  38.137  -29.110  45.679 0.0000000000
64068  37.997  -27.684  42.554 0.0000000000
64140  33.840  -28.261  39.055 0.0000000000
64128  32.335  -28.953  39.091 0.0000000000
58539  27.856  -33.121  39.663 0.0000000000
58566  26.549  -32.977  36.990 0.0000000000
52025  27.485  -37.908  47.323 0.0000000000
50960  27.775  -37.916  46.842 0.0000000000
52041  27.345  -37.930  46.634 0.0000000000
52063  26.391  -37.675  44.848 0.0000000000
52085  26.674  -37.939  44.490 0.0000000000
51016  26.443  -37.973  43.778 0.0000000000
51034  26.488  -37.906  43.373 0.0000000000
52125  26.206  -37.724  42.670 0.0000000000
81366  52.489  -12.774  32.843 0.0000000000
81389  52.786  -13.378  31.872 0.0000000000
80219  53.087  -14.219  31.622 0.0000000000
80220  52.326  -14.133  31.341 0.0000000000
58287  20.232  -32.632  54.879 0.0000000000
59427  19.168  -32.338  54.427 0.0000000000
59412  19.478  -32.261  55.250 0.0000000000
58305  17.071  -32.779  54.701 0.0000000000
58289  16.990  -33.029  55.616 0.0000000000
57168  16.849  -33.584  56.278 0.0000000000
57152  16.632  -34.256  56.348 0.0000000000
56103  16.319  -34.946  55.737 0.0000000000
55038  16.154  -36.058  56.495 0.0000000000
57104  26.456  -33.991  59.027 0.0000000000
57103  27.369  -34.069  58.502 0.0000000000
56039  27.156  -34.450  58.274 0.0000000000
56052  27.221  -34.853  57.752 0.0000000000
56053  26.420  -34.897  57.836 0.0000000000
56054  25.469  -34.894  57.849 0.0000000000
56055  24.547  -34.729  57.607 0.0000000000
56071  24.552  -35.073  56.925 0.0000000000
56056  23.989  -34.612  57.275 0.0000000000
58222  23.645  -33.125  59.039 0.0000000000
58254  22.403  -33.087  57.175 0.0000000000
57119  23.065  -33.565  57.377 0.0000000000
57133  23.536  -34.086  57.055 0.0000000000
57134  22.937  -33.566  56.730 0.0000000000
57149  22.638  -33.600  55.925 0.0000000000
58272  20.705  -32.708  55.601 0.0000000000
68672  38.862  -24.382  36.704 0.0000000000
72080  47.360  -20.377  46.210 0.0000000000
72061  47.504  -20.474  46.742 0.0000000000
70891  47.067  -21.936  46.668 0.0000000000
69673  46.719  -22.548  46.564 0.0000000000
69686  45.764  -22.853  45.466 0.0000000000
69674  46.195  -23.005  46.389 0.0000000000
57176  36.984  -33.781  54.619 0.0000000000
60583  39.036  -31.237  50.471 0.0000000000
60565  39.894  -31.046  50.965 0.0000000000
61682  39.519  -30.803  50.204 0.0000000000
59510  36.551  -32.227  49.624 0.0000000000
59501  37.639  -32.074  50.199 0.0000000000
59509  37.156  -32.062  49.774 0.0000000000
61735  36.437  -31.107  47.907 0.0000000000
60624  36.899  -31.260  48.550 0.0000000000
61734  37.133  -30.940  48.151 0.0000000000
61717  38.212  -30.893  48.847 0.0000000000
61749  37.196  -30.226  46.948 0.0000000000
61766  37.019  -30.137  46.424 0.0000000000
61767  36.539  -30.253  46.336 0.0000000000
61787  34.209  -30.539  45.029 0.0000000000
61818  34.848  -29.965  43.662 0.0000000000
61805  33.276  -30.235  43.745 0.0000000000
61806  32.432  -30.508  43.440 0.0000000000
60707  31.762  -31.038  43.245 0.0000000000
59564  32.001  -32.322  45.362 0.0000000000
58477  29.895  -33.633  43.795 0.0000000000
59580  30.729  -32.648  43.949 0.0000000000
59581  30.072  -32.829  43.446 0.0000000000
59597  29.943  -32.446  42.755 0.0000000000
59598  29.325  -32.753  42.224 0.0000000000
58493  29.196  -33.495  42.579 0.0000000000
57419  28.328  -34.903  41.494 0.0000000000
56312  28.231  -35.435  40.924 0.0000000000
56329  28.085  -35.292  39.961 0.0000000000
56243  24.280  -35.228  44.440 0.0000000000
57346  23.279  -34.611  44.131 0.0000000000
57401  22.380  -34.055  41.702 0.0000000000
57380  23.388  -34.755  42.573 0.0000000000
57421  22.858  -34.358  41.103 0.0000000000
57436  22.959  -34.442  40.323 0.0000000000
57437  22.123  -34.287  39.860 0.0000000000
57403  19.477  -33.832  40.926 0.0000000000
58528  20.470  -33.730  40.799 0.0000000000
57424  20.051  -34.146  40.373 0.0000000000
56332  20.657  -35.146  39.029 0.0000000000
56349  20.527  -35.946  38.451 0.0000000000
57449  21.684  -34.884  38.663 0.0000000000
80180  50.153  -14.285  34.943 0.0000000000
81345  49.924  -13.992  34.126 0.0000000000
81346  49.447  -14.228  33.999 0.0000000000
80204  47.958  -14.608  33.167 0.0000000000
80221  48.415  -14.169  32.796 0.0000000000
80248  48.404  -14.366  30.606 0.0000000000
80237  47.598  -14.404  31.342 0.0000000000
79001  46.020  -15.783  33.574 0.0000000000
57314  15.609  -34.238  46.680 0.0000000000
56202  14.831  -34.803  47.055 0.0000000000
59458  17.988  -32.310  53.274 0.0000000000
58362  17.490  -32.818  51.959 0.0000000000
57244  15.513  -34.753  52.046 0.0000000000
56165  14.792  -35.492  50.302 0.0000000000
55096  14.734  -36.674  52.100 0.0000000000
55105  14.123  -36.853  51.180 0.0000000000
54119  13.031  -37.486  49.292 0.0000000000
55114  13.282  -37.098  49.644 0.0000000000
54018  32.791  -37.091  57.125 0.0000000000
54050  33.672  -36.955  55.479 0.0000000000
54035  33.746  -36.844  56.287 0.0000000000
55046  34.197  -36.437  55.796 0.0000000000
55061  34.301  -36.596  55.047 0.0000000000
55060  34.717  -36.299  54.301 0.0000000000
54088  33.046  -36.882  52.627 0.0000000000
54087  33.595  -36.637  52.418 0.0000000000
54096  33.224  -36.869  51.785 0.0000000000
54102  33.751  -36.521  51.142 0.0000000000
54103  32.962  -36.895  50.815 0.0000000000
53095  32.097  -37.368  50.902 0.0000000000
51960  30.856  -38.108  51.196 0.0000000000
53096  31.312  -37.796  50.562 0.0000000000
51986  30.698  -38.118  50.370 0.0000000000
51928  30.024  -38.150  52.533 0.0000000000
51929  29.331  -37.851  52.306 0.0000000000
51945  28.463  -37.717  51.133 0.0000000000
51944  29.179  -37.960  51.280 0.0000000000
51963  28.938  -37.833  50.311 0.0000000000
51988  29.319  -37.733  49.295 0.0000000000
51989  28.660  -37.611  49.391 0.0000000000
50926  28.479  -37.574  48.640 0.0000000000
54117  26.767  -36.913  49.345 0.0000000000
54137  26.834  -37.163  48.695 0.0000000000
54138  26.496  -36.816  48.339 0.0000000000
55021  26.336  -35.694  56.700 0.0000000000
54024  27.282  -36.002  56.268 0.0000000000
54025  26.598  -35.891  56.229 0.0000000000
55047  25.694  -35.884  54.754 0.0000000000
54054  26.401  -36.167  54.957 0.0000000000
55064  24.265  -35.090  54.110 0.0000000000
56124  23.824  -35.074  53.147 0.0000000000
56140  24.475  -35.295  52.058 0.0000000000
55079  25.766  -36.061  52.710 0.0000000000
55103  25.400  -35.773  51.507 0.0000000000
55102  25.676  -35.967  50.995 0.0000000000
56152  25.285  -35.675  50.451 0.0000000000
56170  24.693  -35.316  48.884 0.0000000000
56183  24.631  -35.392  47.892 0.0000000000
56217  24.011  -35.030  46.363 0.0000000000
56199  23.901  -35.057  47.308 0.0000000000
57284  21.965  -34.384  47.408 0.0000000000
57283  22.575  -34.535  46.824 0.0000000000
57308  21.943  -34.298  46.319 0.0000000000
57348  21.579  -33.844  44.775 0.0000000000
57329  21.239  -33.927  45.628 0.0000000000
57286  20.094  -34.032  47.958 0.0000000000
58443  20.426  -33.470  45.229 0.0000000000
58463  18.764  -33.273  44.173 0.0000000000
76671  41.538  -17.191  35.574 0.0000000000
75608  39.630  -17.948  34.339 0.0000000000
76699  40.120  -17.809  34.497 0.0000000000
75624  39.668  -18.000  33.861 0.0000000000
75595  38.224  -18.928  35.290 0.0000000000
74617  37.529  -20.267  32.562 0.0000000000
74628  38.793  -19.631  31.604 0.0000000000
69857  38.786  -24.064  35.961 0.0000000000
69868  38.877  -23.197  35.185 0.0000000000
60436  17.586  -31.806  61.773 0.0000000000
56030  17.145  -35.258  60.755 0.0000000000
55008  17.022  -35.736  59.359 0.0000000000
54994  16.851  -36.387  59.630 0.0000000000
52987  16.089  -38.009  59.192 0.0000000000
52995  16.017  -37.951  58.569 0.0000000000
53010  15.392  -38.151  57.592 0.0000000000
53011  14.608  -38.547  57.456 0.0000000000
50819  13.620  -40.626  60.269 0.0000000000
49780  13.662  -40.673  60.540 0.0000000000
50818  14.175  -40.176  60.356 0.0000000000
50809  14.859  -39.815  60.963 0.0000000000
51858  14.693  -39.700  60.171 0.0000000000
50829  13.868  -39.897  59.267 0.0000000000
51887  12.475  -40.030  57.429 0.0000000000
51886  13.052  -39.617  57.752 0.0000000000
51906  11.986  -39.600  55.544 0.0000000000
49834  10.824  -40.970  53.623 0.0000000000
48760  10.350  -42.474  55.532 0.0000000000
81281  52.958  -12.940  38.245 0.0000000000
80161  51.745  -13.860  36.510 0.0000000000
80141  51.874  -13.633  37.600 0.0000000000
80128  50.576  -14.088  38.532 0.0000000000
80143  50.654  -14.141  37.746 0.0000000000
80144  49.862  -14.655  37.423 0.0000000000
81256  50.609  -13.783  40.580 0.0000000000
78903  48.835  -14.726  39.067 0.0000000000
78902  49.140  -14.645  39.028 0.0000000000
78920  48.601  -14.961  38.524 0.0000000000
78938  48.412  -15.157  37.755 0.0000000000
78939  47.490  -15.413  37.590 0.0000000000
78958  47.141  -15.776  36.594 0.0000000000
78940  46.466  -15.648  37.485 0.0000000000
78941  45.568  -15.484  37.676 0.0000000000
77817  45.406  -15.765  37.133 0.0000000000
78924  44.997  -15.054  38.146 0.0000000000
80098  46.103  -13.638  40.152 0.0000000000
80099  45.469  -13.444  40.012 0.0000000000
80118  43.921  -13.890  39.006 0.0000000000
78925  44.135  -15.004  38.015 0.0000000000
78926  43.135  -14.957  37.872 0.0000000000
78944  42.893  -15.520  37.347 0.0000000000
80121  41.532  -14.653  38.514 0.0000000000
78876  42.580  -15.540  41.302 0.0000000000
76626  41.622  -17.272  40.067 0.0000000000
77788  41.809  -16.536  40.380 0.0000000000
75555  40.544  -18.470  38.506 0.0000000000
75537  40.991  -18.175  38.979 0.0000000000
74441  41.801  -19.665  40.054 0.0000000000
74460  41.101  -19.618  39.261 0.0000000000
73334  40.846  -20.568  39.303 0.0000000000
73356  40.291  -20.686  38.755 0.0000000000
80027  46.765  -15.366  44.989 0.0000000000
78849  46.111  -15.207  44.313 0.0000000000
78848  46.564  -15.689  44.608 0.0000000000
76607  45.921  -17.827  43.405 0.0000000000
76602  45.958  -17.194  43.422 0.0000000000
75506  44.896  -18.524  42.969 0.0000000000
72137  45.526  -20.894  43.735 0.0000000000
73292  43.782  -20.639  41.867 0.0000000000
74427  43.953  -19.717  42.029 0.0000000000
73310  42.827  -20.692  41.112 0.0000000000
70987  41.807  -22.063  40.556 0.0000000000
71009  41.068  -22.271  39.905 0.0000000000
69804  40.654  -23.043  39.294 0.0000000000
68657  42.247  -24.460  38.510 0.0000000000
68658  41.328  -24.401  38.138 0.0000000000
68681  40.954  -25.370  36.048 0.0000000000
67539  42.682  -24.289  40.779 0.0000000000
68656  42.690  -24.629  39.308 0.0000000000
65352  42.431  -26.652  36.842 0.0000000000
67571  43.033  -25.332  37.483 0.0000000000
66493  42.364  -26.308  36.435 0.0000000000
67581  41.879  -25.761  36.002 0.0000000000
67401  44.635  -24.506  47.266 0.0000000000
68516  44.867  -23.998  46.566 0.0000000000
66326  44.005  -24.931  46.213 0.0000000000
62845  41.790  -28.380  49.413 0.0000000000
63942  42.385  -27.854  49.466 0.0000000000
63961  42.002  -27.576  48.266 0.0000000000
64000  39.478  -28.531  46.220 0.0000000000
62873  39.723  -28.772  47.166 0.0000000000
63999  40.135  -28.115  46.346 0.0000000000
65159  41.347  -27.096  46.245 0.0000000000
63980  41.143  -27.629  47.264 0.0000000000
65142  41.716  -26.983  47.051 0.0000000000
65141  42.320  -26.864  47.529 0.0000000000
65157  42.794  -26.284  47.140 0.0000000000
66329  42.640  -25.902  44.991 0.0000000000
66328  43.055  -25.586  45.375 0.0000000000
66350  43.170  -25.645  44.527 0.0000000000
66349  43.479  -25.323  44.990 0.0000000000
67463  43.419  -25.563  44.051 0.0000000000
66374  43.054  -25.802  43.800 0.0000000000
65248  41.042  -26.458  41.750 0.0000000000
66394  41.772  -26.185  42.148 0.0000000000
65266  40.957  -26.541  40.727 0.0000000000
64086  38.248  -26.987  41.453 0.0000000000
65268  39.333  -26.727  41.662 0.0000000000
65284  38.883  -26.614  40.945 0.0000000000
64122  38.981  -26.683  39.410 0.0000000000
64121  39.369  -26.779  39.229 0.0000000000
65312  39.964  -26.925  39.090 0.0000000000
64154  39.359  -27.133  37.888 0.0000000000
64153  39.997  -27.186  38.138 0.0000000000
64173  37.921  -26.761  36.063 0.0000000000
65337  34.500  -27.229  37.188 0.0000000000
65383  33.500  -27.189  35.083 0.0000000000
65406  33.379  -27.633  34.023 0.0000000000
61830  32.836  -29.968  42.199 0.0000000000
62975  33.216  -29.678  41.550 0.0000000000
62976  32.578  -29.873  41.097 0.0000000000
61861  31.061  -30.096  39.974 0.0000000000
62993  31.674  -29.799  40.054 0.0000000000
63006  30.454  -29.652  38.942 0.0000000000
60749  28.737  -31.474  39.683 0.0000000000
60768  29.275  -30.959  39.556 0.0000000000
60769  28.703  -30.951  38.915 0.0000000000
61899  28.353  -30.049  37.446 0.0000000000
61881  28.774  -30.238  38.128 0.0000000000
63023  28.881  -29.652  37.449 0.0000000000
54135  31.838  -36.523  48.786 0.0000000000
54157  32.037  -36.016  48.618 0.0000000000
54136  31.308  -36.718  48.420 0.0000000000
53180  29.916  -36.495  47.066 0.0000000000
54182  30.387  -36.154  47.223 0.0000000000
54199  29.974  -35.967  46.516 0.0000000000
54217  29.771  -35.985  45.805 0.0000000000
54218  29.609  -36.486  45.006 0.0000000000
52040  28.407  -37.690  45.588 0.0000000000
52061  28.285  -37.679  45.044 0.0000000000
53238  28.249  -37.336  42.846 0.0000000000
52103  28.501  -37.467  43.587 0.0000000000
53225  28.791  -37.173  43.607 0.0000000000
54231  29.095  -36.783  43.636 0.0000000000
54241  28.808  -36.754  43.131 0.0000000000
53254  28.220  -36.871  42.178 0.0000000000
53284  27.604  -37.127  39.593 0.0000000000
54268  28.165  -36.568  41.139 0.0000000000
53300  27.624  -36.889  38.919 0.0000000000
53317  27.614  -36.955  37.984 0.0000000000
56258  24.881  -36.021  43.415 0.0000000000
55222  25.333  -36.520  43.809 0.0000000000
54269  25.233  -36.759  40.362 0.0000000000
54257  25.181  -36.924  41.388 0.0000000000
53270  25.723  -37.280  40.856 0.0000000000
53287  25.762  -37.118  39.782 0.0000000000
54319  23.066  -35.989  36.508 0.0000000000
55318  24.009  -36.024  37.605 0.0000000000
54318  23.944  -36.337  36.763 0.0000000000
53319  25.615  -37.513  37.568 0.0000000000
53286  25.996  -37.275  39.051 0.0000000000
53302  25.888  -37.466  38.311 0.0000000000
52234  26.121  -37.622  37.789 0.0000000000
53371  26.553  -37.246  35.511 0.0000000000
53334  26.644  -37.572  36.350 0.0000000000
53351  27.438  -37.198  36.164 0.0000000000
81391  50.457  -13.128  32.381 0.0000000000
80234  50.864  -14.088  30.936 0.0000000000
79019  50.745  -15.192  30.831 0.0000000000
79011  51.193  -15.750  31.267 0.0000000000
76697  42.084  -17.398  33.824 0.0000000000
76696  42.899  -17.066  33.571 0.0000000000
60444  20.740  -31.198  61.004 0.0000000000
61533  20.080  -30.703  61.326 0.0000000000
61523  19.617  -31.062  61.388 0.0000000000
55092  35.048  -35.781  52.206 0.0000000000
55091  35.494  -35.568  52.384 0.0000000000
56159  35.158  -35.006  50.660 0.0000000000
56158  35.649  -34.579  50.931 0.0000000000
57257  35.130  -34.210  49.910 0.0000000000
57258  34.723  -34.593  49.779 0.0000000000
57269  34.430  -34.240  49.275 0.0000000000
57282  32.962  -34.176  48.278 0.0000000000
56196  33.145  -34.547  48.653 0.0000000000
56197  32.633  -34.911  48.440 0.0000000000
77850  45.169  -16.187  35.673 0.0000000000
77864  45.067  -16.187  34.820 0.0000000000
77865  44.270  -16.478  34.528 0.0000000000
77887  43.583  -16.692  33.159 0.0000000000
58389  17.680  -33.237  49.887 0.0000000000
54071  14.382  -37.945  53.902 0.0000000000
53073  13.925  -38.200  53.703 0.0000000000
53074  13.416  -38.619  53.243 0.0000000000
51935  12.920  -39.176  52.736 0.0000000000
51924  12.325  -39.410  53.340 0.0000000000
50870  11.697  -39.814  53.672 0.0000000000
53026  29.159  -37.144  55.478 0.0000000000
54037  28.600  -36.927  55.508 0.0000000000
57184  21.241  -33.802  53.901 0.0000000000
57201  20.905  -33.885  53.054 0.0000000000
57253  19.952  -33.651  50.891 0.0000000000
57242  20.003  -33.600  51.598 0.0000000000
73357  39.611  -20.732  38.181 0.0000000000
72225  38.577  -21.147  37.515 0.0000000000
72226  38.047  -21.594  37.230 0.0000000000
46559  9.841  -43.956  59.089 0.0000000000
81219  44.547  -13.491  43.585 0.0000000000
78857  45.603  -15.493  43.773 0.0000000000
69722  44.917  -22.376  44.090 0.0000000000
68607  44.056  -24.053  42.804 0.0000000000
67501  43.324  -25.113  42.735 0.0000000000
62938  36.238  -29.521  44.348 0.0000000000
62937  36.841  -29.067  44.365 0.0000000000
62953  36.655  -28.953  43.846 0.0000000000
64088  35.934  -28.549  41.898 0.0000000000
64107  33.851  -28.829  40.391 0.0000000000
64108  33.294  -29.078  40.232 0.0000000000
53165  26.775  -37.609  47.299 0.0000000000
52042  26.945  -37.809  46.044 0.0000000000
53183  26.516  -37.537  46.275 0.0000000000
53197  26.261  -37.496  45.281 0.0000000000
53215  25.940  -37.437  44.307 0.0000000000
59395  20.170  -32.301  55.929 0.0000000000
59396  19.360  -32.118  56.236 0.0000000000
59397  18.457  -32.129  56.599 0.0000000000
59355  18.230  -32.336  59.283 0.0000000000
58257  17.782  -32.686  58.227 0.0000000000
56090  16.838  -34.534  57.631 0.0000000000
56074  16.734  -35.175  57.839 0.0000000000
56041  25.819  -34.579  58.404 0.0000000000
58223  22.538  -32.697  58.858 0.0000000000
58255  21.661  -32.764  56.782 0.0000000000
58256  20.917  -32.525  56.347 0.0000000000
60541  40.201  -31.187  52.869 0.0000000000
60566  39.437  -31.537  51.481 0.0000000000
59487  38.626  -31.652  50.659 0.0000000000
60626  35.490  -31.763  48.451 0.0000000000
60612  36.155  -31.898  49.007 0.0000000000
61751  35.453  -30.986  46.985 0.0000000000
61768  35.405  -30.669  46.325 0.0000000000
61769  34.602  -30.731  45.760 0.0000000000
61788  33.235  -30.589  44.547 0.0000000000
58459  30.874  -33.876  45.335 0.0000000000
57379  29.186  -34.249  42.805 0.0000000000
57397  29.094  -34.882  42.702 0.0000000000
56291  28.813  -35.393  42.365 0.0000000000
57347  22.417  -34.167  44.307 0.0000000000
57364  22.914  -34.428  43.376 0.0000000000
57365  22.153  -33.956  43.343 0.0000000000
57402  21.467  -33.602  41.517 0.0000000000
80164  49.398  -14.820  35.506 0.0000000000
80182  48.779  -14.737  34.252 0.0000000000
79025  44.943  -15.789  31.714 0.0000000000
79024  45.535  -15.364  31.663 0.0000000000
56187  14.796  -34.917  48.157 0.0000000000
58341  16.499  -33.301  53.353 0.0000000000
58363  16.546  -33.273  52.332 0.0000000000
54100  13.301  -37.833  50.912 0.0000000000
54106  13.640  -37.221  50.739 0.0000000000
53126  12.678  -38.298  49.142 0.0000000000
53022  32.242  -37.551  56.301 0.0000000000
53021  32.791  -37.475  56.676 0.0000000000
53066  33.184  -36.868  54.255 0.0000000000
53076  32.519  -37.294  52.950 0.0000000000
53085  32.596  -37.245  52.222 0.0000000000
53086  32.104  -37.526  51.853 0.0000000000
53079  28.745  -37.548  52.447 0.0000000000
53097  27.877  -37.553  50.762 0.0000000000
53119  27.753  -37.440  49.942 0.0000000000
53098  27.403  -37.266  50.446 0.0000000000
54105  26.890  -36.904  50.103 0.0000000000
55022  25.382  -35.464  56.581 0.0000000000
55036  25.629  -35.730  55.688 0.0000000000
55063  24.934  -35.520  54.073 0.0000000000
56154  23.973  -34.936  51.303 0.0000000000
56171  23.979  -34.895  49.325 0.0000000000
57311  19.437  -33.725  47.384 0.0000000000
58445  18.029  -33.444  45.265 0.0000000000
58446  17.166  -33.637  44.629 0.0000000000
77822  40.454  -16.613  36.881 0.0000000000
76672  40.681  -17.292  35.806 0.0000000000
76700  39.756  -17.876  35.018 0.0000000000
75609  39.127  -18.130  34.636 0.0000000000
73443  37.431  -21.226  34.061 0.0000000000
74584  37.173  -19.960  33.651 0.0000000000
73444  37.149  -20.588  33.322 0.0000000000
54979  16.857  -36.256  61.829 0.0000000000
53993  16.853  -36.736  60.528 0.0000000000
54000  16.812  -36.574  60.016 0.0000000000
52988  15.591  -38.605  59.615 0.0000000000
48718  12.236  -42.090  60.380 0.0000000000
49790  12.960  -40.897  59.349 0.0000000000
49793  12.791  -40.698  58.855 0.0000000000
50840  13.139  -40.193  58.701 0.0000000000
50841  12.694  -40.585  58.599 0.0000000000
50849  12.531  -40.378  58.043 0.0000000000
50856  11.821  -40.164  56.308 0.0000000000
50853  11.534  -40.770  56.498 0.0000000000
81293  51.899  -13.523  38.262 0.0000000000
81283  51.526  -13.587  38.610 0.0000000000
81271  51.522  -13.513  39.437 0.0000000000
80111  50.999  -13.886  38.990 0.0000000000
80075  49.829  -13.944  40.914 0.0000000000
80114  48.557  -14.583  39.694 0.0000000000
78904  48.104  -14.821  39.111 0.0000000000
78905  47.220  -14.895  39.120 0.0000000000
78906  46.348  -14.804  39.041 0.0000000000
82377  44.974  -12.627  41.026 0.0000000000
81272  44.937  -13.218  40.045 0.0000000000
80119  42.868  -13.972  38.899 0.0000000000
80133  42.511  -14.376  38.291 0.0000000000
81275  42.432  -14.003  39.533 0.0000000000
80100  42.116  -14.580  39.987 0.0000000000
76637  41.793  -18.120  39.932 0.0000000000
75536  41.328  -18.612  39.454 0.0000000000
77745  47.493  -16.696  45.267 0.0000000000
77752  46.944  -16.653  44.494 0.0000000000
76600  46.988  -17.643  44.250 0.0000000000
75499  46.121  -18.481  43.602 0.0000000000
72156  44.460  -21.260  42.674 0.0000000000
72157  43.995  -21.405  42.095 0.0000000000
72171  43.633  -21.751  41.833 0.0000000000
71008  41.866  -22.901  40.272 0.0000000000
69802  42.060  -23.598  39.873 0.0000000000
66447  42.615  -25.689  39.608 0.0000000000
66455  43.161  -25.889  38.524 0.0000000000
65331  42.279  -26.860  37.160 0.0000000000
65376  41.052  -26.980  35.774 0.0000000000
65354  40.807  -27.376  36.681 0.0000000000
66294  44.420  -25.127  47.812 0.0000000000
66295  43.934  -25.528  47.617 0.0000000000
62831  40.575  -29.738  50.223 0.0000000000
62830  41.093  -29.288  50.405 0.0000000000
62846  41.147  -28.811  49.201 0.0000000000
62857  40.762  -28.749  48.536 0.0000000000
64019  39.766  -27.867  45.163 0.0000000000
65180  40.334  -27.584  45.475 0.0000000000
65178  41.889  -26.437  45.139 0.0000000000
65200  41.833  -26.272  43.888 0.0000000000
65225  41.896  -26.267  43.284 0.0000000000
64103  38.439  -26.614  40.330 0.0000000000
64155  38.627  -26.912  37.542 0.0000000000
64157  37.506  -26.649  36.510 0.0000000000
64174  37.281  -26.737  35.841 0.0000000000
65381  35.518  -26.945  35.300 0.0000000000
65359  32.516  -27.498  36.143 0.0000000000
61844  31.921  -30.148  41.076 0.0000000000
60792  27.485  -31.166  37.836 0.0000000000
60791  28.182  -30.855  38.258 0.0000000000
53143  30.638  -37.211  48.368 0.0000000000
53181  29.532  -36.858  46.689 0.0000000000
52084  27.691  -37.861  44.112 0.0000000000
52083  28.087  -37.716  44.351 0.0000000000
52105  27.666  -37.799  43.619 0.0000000000
52123  28.082  -37.312  42.125 0.0000000000
53255  28.130  -37.003  41.831 0.0000000000
53269  27.560  -37.492  40.924 0.0000000000
53285  27.404  -37.467  39.961 0.0000000000
52207  27.032  -37.614  38.865 0.0000000000
55248  24.529  -35.813  41.489 0.0000000000
55266  24.232  -35.546  40.693 0.0000000000
55283  24.559  -35.993  39.866 0.0000000000
54334  23.740  -36.388  35.681 0.0000000000
52287  25.890  -37.594  36.366 0.0000000000
80247  49.091  -14.272  30.615 0.0000000000
76737  40.733  -17.813  32.536 0.0000000000
76736  41.482  -17.520  32.248 0.0000000000
75651  40.818  -18.026  31.124 0.0000000000
59352  21.272  -32.026  58.976 0.0000000000
59353  19.894  -31.733  59.049 0.0000000000
59354  18.830  -31.902  59.213 0.0000000000
58225  18.042  -32.865  59.679 0.0000000000
58211  17.784  -33.530  60.117 0.0000000000
59338  22.521  -31.932  60.144 0.0000000000
59351  22.132  -32.160  59.522 0.0000000000
56098  35.757  -34.690  55.658 0.0000000000
57177  36.635  -34.368  54.320 0.0000000000
56138  35.873  -35.213  52.295 0.0000000000
57193  37.263  -34.113  53.582 0.0000000000
58332  37.746  -33.598  52.756 0.0000000000
58353  37.905  -33.003  51.755 0.0000000000
59472  37.801  -32.932  51.503 0.0000000000
58370  37.170  -33.149  51.137 0.0000000000
58382  36.387  -33.048  50.436 0.0000000000
59511  35.741  -32.581  49.465 0.0000000000
58393  35.231  -33.365  49.556 0.0000000000
59512  35.113  -32.815  49.139 0.0000000000
59519  35.305  -32.326  48.934 0.0000000000
59532  34.075  -32.152  48.065 0.0000000000
59549  32.981  -32.330  46.766 0.0000000000
58441  31.454  -33.717  46.118 0.0000000000
58420  32.324  -33.879  47.298 0.0000000000
57325  30.852  -34.516  45.994 0.0000000000
57344  30.394  -34.709  45.440 0.0000000000
56241  29.904  -35.230  45.118 0.0000000000
58495  20.087  -33.190  42.353 0.0000000000
57404  19.049  -34.211  40.826 0.0000000000
56315  18.390  -35.416  41.005 0.0000000000
57426  18.626  -35.284  40.742 0.0000000000
77885  45.113  -16.170  33.908 0.0000000000
79002  45.396  -16.071  33.314 0.0000000000
58397  16.833  -33.420  49.219 0.0000000000
57274  16.157  -33.824  48.526 0.0000000000
56188  14.093  -35.497  48.537 0.0000000000
56114  15.949  -35.218  54.499 0.0000000000
56127  15.647  -35.773  53.784 0.0000000000
54091  14.527  -37.150  52.456 0.0000000000
54092  14.118  -37.540  52.334 0.0000000000
51970  12.425  -39.297  50.536 0.0000000000
54020  30.970  -36.989  56.959 0.0000000000
51902  31.063  -37.935  54.381 0.0000000000
51920  30.988  -38.109  53.369 0.0000000000
51911  30.740  -37.994  53.973 0.0000000000
53045  29.064  -37.461  54.868 0.0000000000
53060  29.062  -37.575  54.100 0.0000000000
53070  28.921  -37.548  53.181 0.0000000000
54081  27.822  -37.107  52.959 0.0000000000
54082  27.354  -36.931  52.804 0.0000000000
56101  23.692  -34.615  55.089 0.0000000000
56125  22.849  -34.529  53.156 0.0000000000
57200  21.909  -34.084  53.254 0.0000000000
57260  21.858  -34.373  49.533 0.0000000000
57272  20.010  -33.930  48.925 0.0000000000
57262  19.821  -33.672  49.870 0.0000000000
75569  39.514  -18.616  37.189 0.0000000000
76660  39.452  -18.212  36.811 0.0000000000
75584  39.117  -18.746  36.558 0.0000000000
74533  38.741  -19.322  36.488 0.0000000000
74511  38.417  -20.294  36.729 0.0000000000
48724  11.317  -42.422  58.616 0.0000000000
48734  11.184  -42.097  57.566 0.0000000000
47665  10.527  -42.800  56.971 0.0000000000
81245  43.764  -12.920  41.742 0.0000000000
80059  43.160  -14.501  42.132 0.0000000000
78866  43.621  -15.388  42.387 0.0000000000
77769  43.514  -15.948  42.094 0.0000000000
77776  43.726  -17.097  42.081 0.0000000000
73244  47.094  -20.026  44.945 0.0000000000
73258  46.571  -20.097  44.311 0.0000000000
70953  45.068  -21.358  43.674 0.0000000000
70984  43.428  -22.631  42.136 0.0000000000
69781  43.048  -23.148  41.809 0.0000000000
69800  42.658  -23.595  41.032 0.0000000000
68640  42.743  -23.873  41.209 0.0000000000
67540  42.789  -24.816  40.312 0.0000000000
67521  43.149  -24.332  41.825 0.0000000000
67533  42.844  -24.737  41.244 0.0000000000
66448  41.948  -26.168  39.518 0.0000000000
65107  43.643  -26.509  49.909 0.0000000000
62875  38.550  -29.830  47.446 0.0000000000
62874  39.111  -29.519  47.570 0.0000000000
64038  37.675  -28.891  44.779 0.0000000000
64037  38.287  -28.701  44.827 0.0000000000
64036  39.166  -27.998  44.383 0.0000000000
65203  39.655  -27.629  44.334 0.0000000000
65250  39.507  -27.037  42.800 0.0000000000
64067  38.752  -27.102  42.253 0.0000000000
65316  34.067  -27.828  38.281 0.0000000000
65303  34.335  -28.031  38.981 0.0000000000
65317  33.339  -28.119  38.036 0.0000000000
64158  32.850  -28.277  37.956 0.0000000000
64143  31.375  -28.735  38.048 0.0000000000
60727  29.538  -31.649  41.020 0.0000000000
59639  28.998  -32.035  40.828 0.0000000000
59657  27.990  -32.005  39.251 0.0000000000
58540  27.433  -33.003  38.853 0.0000000000
59658  27.396  -32.098  38.382 0.0000000000
59674  26.865  -32.074  37.539 0.0000000000
50958  28.825  -37.626  47.658 0.0000000000
52024  29.147  -37.613  47.315 0.0000000000
50959  28.310  -37.792  47.219 0.0000000000
50975  28.210  -37.822  46.278 0.0000000000
50994  27.841  -37.796  45.061 0.0000000000
50977  27.043  -37.869  45.307 0.0000000000
50995  27.208  -37.896  44.860 0.0000000000
51014  27.360  -37.966  44.075 0.0000000000
51033  26.866  -37.954  43.364 0.0000000000
51050  26.986  -37.925  42.982 0.0000000000
51088  26.523  -37.546  41.647 0.0000000000
56362  22.080  -35.464  37.561 0.0000000000
55301  23.597  -35.605  37.909 0.0000000000
55320  21.781  -35.860  36.880 0.0000000000
55340  22.467  -35.948  36.492 0.0000000000
54356  21.744  -36.850  34.938 0.0000000000
81365  53.702  -13.353  32.578 0.0000000000
80218  53.692  -14.262  31.911 0.0000000000
79008  53.313  -14.786  31.857 0.0000000000
79009  52.777  -15.240  31.871 0.0000000000
77899  52.181  -16.197  31.928 0.0000000000
75661  48.270  -17.917  29.425 0.0000000000
58320  19.502  -32.795  53.419 0.0000000000
58321  18.915  -32.489  53.463 0.0000000000
59443  18.453  -32.306  53.808 0.0000000000
59459  17.686  -32.353  53.639 0.0000000000
59444  17.686  -32.293  54.317 0.0000000000
57186  16.366  -34.038  54.905 0.0000000000
59398  17.807  -32.404  56.819 0.0000000000
59382  17.628  -32.629  57.162 0.0000000000
58290  16.622  -33.543  55.292 0.0000000000
55065  15.808  -35.933  54.650 0.0000000000
54055  15.688  -36.766  55.425 0.0000000000
54056  15.421  -37.310  55.287 0.0000000000
53048  14.333  -38.323  55.538 0.0000000000
55007  25.735  -35.352  57.169 0.0000000000
55023  24.778  -35.246  56.476 0.0000000000
56088  24.332  -35.077  56.334 0.0000000000
57107  23.908  -33.814  58.562 0.0000000000
56089  23.803  -34.681  56.003 0.0000000000
57165  23.274  -34.198  55.684 0.0000000000
58302  21.113  -33.530  54.429 0.0000000000
58303  20.470  -33.179  54.060 0.0000000000
69829  39.060  -23.294  38.086 0.0000000000
71043  38.235  -23.160  37.127 0.0000000000
69844  38.631  -23.820  37.253 0.0000000000
78838  47.426  -16.019  45.802 0.0000000000
76586  47.869  -17.298  45.473 0.0000000000
75491  47.634  -18.459  45.174 0.0000000000
75485  47.851  -18.477  45.778 0.0000000000
74399  47.573  -19.144  45.495 0.0000000000
73230  47.136  -20.373  45.354 0.0000000000
72098  46.898  -20.833  45.152 0.0000000000
70921  46.589  -21.320  45.137 0.0000000000
72062  47.271  -21.019  46.377 0.0000000000
70906  46.772  -21.547  45.732 0.0000000000
68554  45.230  -23.450  45.263 0.0000000000
61661  40.756  -29.865  51.007 0.0000000000
61698  39.764  -29.943  49.131 0.0000000000
61716  39.098  -30.163  48.347 0.0000000000
59488  38.204  -31.987  50.605 0.0000000000
59500  37.984  -31.835  50.205 0.0000000000
60598  38.099  -31.450  49.831 0.0000000000
60611  37.121  -31.519  49.096 0.0000000000
60610  37.747  -31.233  49.140 0.0000000000
61700  38.568  -31.061  49.505 0.0000000000
61732  38.756  -29.974  47.713 0.0000000000
61748  37.782  -29.994  47.021 0.0000000000
62924  36.579  -29.878  45.267 0.0000000000
61785  36.068  -30.213  45.641 0.0000000000
61802  35.913  -30.103  44.946 0.0000000000
62939  35.487  -29.668  43.726 0.0000000000
62956  34.175  -29.590  42.560 0.0000000000
62974  34.100  -29.356  41.850 0.0000000000
61822  31.455  -30.722  42.128 0.0000000000
60725  30.841  -31.148  42.022 0.0000000000
60709  30.328  -31.657  42.248 0.0000000000
60659  32.543  -31.767  45.573 0.0000000000
60677  31.507  -31.919  44.185 0.0000000000
60692  31.267  -31.708  43.549 0.0000000000
59616  29.131  -32.385  41.535 0.0000000000
58508  28.446  -33.424  41.266 0.0000000000
57399  28.354  -34.202  41.628 0.0000000000
56216  24.713  -35.468  45.956 0.0000000000
56229  24.795  -35.577  45.012 0.0000000000
56259  24.341  -35.403  43.533 0.0000000000
56275  24.075  -35.286  42.673 0.0000000000
56293  23.958  -35.160  41.739 0.0000000000
56313  23.555  -34.792  40.914 0.0000000000
58509  20.657  -33.316  41.722 0.0000000000
57439  20.162  -34.972  39.581 0.0000000000
57448  22.270  -34.643  38.977 0.0000000000
56347  22.245  -35.026  38.232 0.0000000000
81322  51.255  -13.911  35.321 0.0000000000
81344  50.966  -13.611  34.504 0.0000000000
81392  49.603  -13.436  32.669 0.0000000000
81393  48.966  -13.782  32.666 0.0000000000
81408  49.222  -13.594  32.204 0.0000000000
79000  47.203  -15.032  33.350 0.0000000000
80223  47.058  -14.577  32.070 0.0000000000
79023  46.178  -14.918  31.199 0.0000000000
80238  46.793  -14.661  31.542 0.0000000000
79022  46.961  -14.716  30.704 0.0000000000
56219  14.998  -34.809  45.976 0.0000000000
55122  13.563  -36.190  48.908 0.0000000000
55112  14.385  -36.062  50.329 0.0000000000
56166  14.332  -35.984  50.047 0.0000000000
55136  13.140  -36.827  48.165 0.0000000000
54036  33.289  -37.215  56.529 0.0000000000
55032  34.550  -35.713  55.981 0.0000000000
56099  35.277  -35.419  55.407 0.0000000000
56111  35.326  -35.846  54.661 0.0000000000
55077  34.723  -36.133  53.246 0.0000000000
54078  34.204  -36.379  53.357 0.0000000000
55078  34.193  -36.337  53.108 0.0000000000
55093  34.192  -36.298  52.537 0.0000000000
55100  34.354  -36.151  51.572 0.0000000000
55118  32.705  -35.936  49.503 0.0000000000
54115  32.742  -36.409  49.942 0.0000000000
54116  32.118  -36.815  49.488 0.0000000000
53116  31.756  -37.368  49.931 0.0000000000
53118  30.303  -37.705  48.914 0.0000000000
52008  29.802  -37.704  48.709 0.0000000000
51927  30.681  -38.182  52.673 0.0000000000
51942  30.429  -38.259  51.823 0.0000000000
50942  28.898  -37.583  48.433 0.0000000000
50927  28.061  -37.646  48.228 0.0000000000
52010  27.643  -37.712  48.044 0.0000000000
51991  27.389  -37.597  48.445 0.0000000000
52011  27.208  -37.828  47.739 0.0000000000
54161  26.416  -37.008  47.437 0.0000000000
55150  25.851  -36.471  47.018 0.0000000000
54053  27.055  -36.524  54.764 0.0000000000
54068  27.152  -36.735  53.868 0.0000000000
54090  26.589  -36.543  52.181 0.0000000000
55049  24.046  -34.909  54.596 0.0000000000
56123  24.219  -35.226  52.616 0.0000000000
55080  24.840  -35.478  53.027 0.0000000000
54098  26.296  -36.372  51.366 0.0000000000
55101  26.345  -36.435  50.580 0.0000000000
55109  26.391  -36.548  49.738 0.0000000000
56161  25.273  -35.691  50.115 0.0000000000
55121  25.336  -35.728  49.376 0.0000000000
55120  26.064  -36.314  49.019 0.0000000000
55151  25.305  -35.868  47.458 0.0000000000
55171  25.276  -35.980  46.515 0.0000000000
56218  23.261  -34.786  46.686 0.0000000000
57307  22.728  -34.535  46.037 0.0000000000
58461  20.992  -33.307  44.319 0.0000000000
57310  20.151  -33.813  46.881 0.0000000000
57330  20.554  -33.764  46.078 0.0000000000
58480  19.416  -33.187  43.226 0.0000000000
58464  17.717  -33.448  43.996 0.0000000000
58482  17.238  -33.784  43.082 0.0000000000
58498  17.370  -33.959  42.581 0.0000000000
77853  42.340  -17.148  35.250 0.0000000000
76698  41.154  -17.613  34.144 0.0000000000
76685  40.940  -17.561  35.046 0.0000000000
75594  38.962  -18.395  35.770 0.0000000000
74604  37.577  -19.421  33.094 0.0000000000
75626  38.222  -19.027  32.841 0.0000000000
74615  38.496  -19.320  32.074 0.0000000000
71044  37.872  -22.616  36.791 0.0000000000
69869  38.264  -22.811  35.319 0.0000000000
62691  19.065  -29.886  61.082 0.0000000000
61525  18.827  -30.909  61.639 0.0000000000
60435  18.257  -31.403  61.750 0.0000000000
59316  18.344  -31.761  61.476 0.0000000000
58198  18.085  -32.659  60.977 0.0000000000
57095  17.405  -34.325  60.480 0.0000000000
54012  16.314  -37.291  58.469 0.0000000000
54026  15.959  -37.277  57.189 0.0000000000
54027  15.486  -37.811  56.983 0.0000000000
53028  15.081  -38.144  56.794 0.0000000000
53030  13.784  -38.534  56.028 0.0000000000
51850  15.868  -38.895  60.847 0.0000000000
51856  15.738  -38.808  60.375 0.0000000000
51864  15.047  -39.045  59.173 0.0000000000
51874  14.942  -38.871  58.582 0.0000000000
50839  13.649  -39.716  58.732 0.0000000000
51875  14.171  -39.206  58.455 0.0000000000
52997  14.945  -38.671  58.131 0.0000000000
51895  13.721  -38.648  56.512 0.0000000000
51905  12.725  -39.000  54.964 0.0000000000
51915  11.940  -39.483  54.368 0.0000000000
51907  11.531  -39.924  55.085 0.0000000000
50864  11.345  -40.141  54.361 0.0000000000
48746  10.738  -42.167  56.352 0.0000000000
80162  51.125  -14.051  36.035 0.0000000000
80163  50.299  -14.436  35.829 0.0000000000
80142  51.528  -13.703  37.810 0.0000000000
80153  50.501  -14.379  36.752 0.0000000000
78966  48.972  -15.117  36.327 0.0000000000
81255  51.342  -13.134  40.448 0.0000000000
80093  50.955  -14.020  39.835 0.0000000000
80112  50.311  -14.164  39.187 0.0000000000
80113  49.391  -14.465  39.301 0.0000000000
78937  49.210  -14.920  38.007 0.0000000000
77848  46.680  -16.004  36.075 0.0000000000
77835  46.259  -15.930  36.725 0.0000000000
77836  45.307  -16.053  36.481 0.0000000000
77819  43.643  -16.029  36.918 0.0000000000
80078  47.409  -13.700  41.162 0.0000000000
80130  45.152  -14.709  38.631 0.0000000000
78942  44.766  -15.442  37.557 0.0000000000
77820  42.646  -16.115  36.848 0.0000000000
77821  41.440  -16.093  37.116 0.0000000000
78927  41.858  -15.011  37.822 0.0000000000
77808  40.330  -16.576  37.809 0.0000000000
76651  40.188  -17.582  38.111 0.0000000000
80080  42.331  -14.655  40.769 0.0000000000
78907  41.636  -15.039  39.778 0.0000000000
78890  41.450  -15.734  39.970 0.0000000000
77799  40.349  -17.024  38.424 0.0000000000
75568  40.011  -18.483  37.784 0.0000000000
74489  40.176  -19.639  38.234 0.0000000000
75554  41.009  -18.799  38.945 0.0000000000
72210  39.759  -21.540  38.684 0.0000000000
77760  46.295  -16.548  43.839 0.0000000000
77761  45.536  -16.514  43.370 0.0000000000
76609  44.629  -17.466  42.712 0.0000000000
75515  44.235  -18.671  42.301 0.0000000000
74409  46.331  -19.319  43.916 0.0000000000
74417  45.671  -19.250  43.358 0.0000000000
73275  44.742  -20.375  42.875 0.0000000000
74418  44.947  -19.539  43.006 0.0000000000
75514  44.640  -19.122  42.676 0.0000000000
75516  43.479  -18.828  41.666 0.0000000000
74440  42.526  -19.741  40.772 0.0000000000
72174  41.738  -21.238  40.442 0.0000000000
72195  41.192  -21.149  39.893 0.0000000000
69828  39.903  -23.353  38.637 0.0000000000
68659  40.226  -24.253  38.043 0.0000000000
68668  42.860  -24.753  38.086 0.0000000000
66475  43.272  -25.707  37.892 0.0000000000
68680  41.952  -25.327  36.405 0.0000000000
68515  45.433  -23.639  46.855 0.0000000000
68534  44.859  -24.054  45.679 0.0000000000
65108  43.277  -26.968  49.460 0.0000000000
66262  43.548  -26.555  48.892 0.0000000000
63962  41.132  -28.308  48.300 0.0000000000
63998  40.824  -27.575  46.471 0.0000000000
65126  43.192  -26.798  48.587 0.0000000000
66296  43.360  -25.920  47.358 0.0000000000
66310  43.661  -25.344  46.740 0.0000000000
67482  43.464  -25.386  43.547 0.0000000000
66393  42.369  -25.923  42.530 0.0000000000
66415  42.262  -25.883  41.571 0.0000000000
66435  41.516  -26.331  40.202 0.0000000000
66449  41.425  -26.498  39.525 0.0000000000
65300  39.084  -26.605  40.160 0.0000000000
65282  40.267  -26.681  40.226 0.0000000000
65298  40.355  -26.824  39.411 0.0000000000
65297  41.050  -26.808  39.123 0.0000000000
64170  40.009  -27.392  37.340 0.0000000000
64172  38.579  -26.973  36.519 0.0000000000
65382  34.601  -27.087  35.255 0.0000000000
62991  33.176  -29.399  40.715 0.0000000000
63003  32.863  -29.269  40.184 0.0000000000
63004  32.294  -29.334  39.817 0.0000000000
64129  31.688  -29.028  38.700 0.0000000000
61847  29.829  -30.664  39.781 0.0000000000
61864  29.128  -30.380  38.668 0.0000000000
61880  29.377  -30.011  38.497 0.0000000000
63007  29.847  -29.675  38.582 0.0000000000
63021  30.424  -29.188  38.193 0.0000000000
55148  31.845  -35.556  48.081 0.0000000000
55168  31.034  -35.609  47.318 0.0000000000
54159  30.870  -36.506  47.883 0.0000000000
54181  31.062  -36.040  47.694 0.0000000000
55185  30.340  -35.539  46.395 0.0000000000
55201  29.805  -35.752  45.320 0.0000000000
55219  29.702  -35.749  44.674 0.0000000000
52059  29.137  -37.317  46.106 0.0000000000
53195  29.289  -37.092  45.332 0.0000000000
52082  28.564  -37.475  44.091 0.0000000000
53214  28.997  -37.311  44.579 0.0000000000
55220  29.524  -35.962  44.064 0.0000000000
55245  29.144  -35.794  43.079 0.0000000000
55246  28.865  -35.845  42.562 0.0000000000
55263  28.556  -35.911  41.970 0.0000000000
54256  28.191  -36.735  41.815 0.0000000000
55282  28.109  -36.039  40.357 0.0000000000
54317  27.864  -36.564  37.290 0.0000000000
55221  25.643  -36.722  44.468 0.0000000000
54232  25.750  -37.167  44.003 0.0000000000
54233  25.470  -37.159  43.216 0.0000000000
55247  24.871  -36.398  42.026 0.0000000000
54242  25.335  -37.100  42.471 0.0000000000
53240  25.791  -37.505  42.330 0.0000000000
52149  25.963  -37.477  42.001 0.0000000000
52169  25.722  -37.375  41.211 0.0000000000
52168  26.358  -37.589  41.078 0.0000000000
52187  26.318  -37.502  40.010 0.0000000000
52208  26.785  -37.609  38.876 0.0000000000
52232  26.949  -37.583  38.296 0.0000000000
52259  26.494  -37.639  37.100 0.0000000000
52258  26.859  -37.584  37.544 0.0000000000
53318  27.237  -37.336  37.686 0.0000000000
53332  27.600  -37.083  36.943 0.0000000000
54333  27.793  -36.678  36.231 0.0000000000
81367  51.254  -12.858  33.202 0.0000000000
81405  51.146  -13.624  31.296 0.0000000000
80233  51.548  -14.051  31.083 0.0000000000
77900  51.472  -16.232  31.511 0.0000000000
76752  48.849  -17.174  29.668 0.0000000000
77888  43.136  -16.839  32.684 0.0000000000
76735  42.169  -17.203  31.752 0.0000000000
48747  10.417  -42.648  56.077 0.0000000000
49769  13.768  -40.797  61.058 0.0000000000
49797  11.520  -41.599  57.487 0.0000000000
50817  14.742  -39.734  60.449 0.0000000000
50852  12.119  -40.501  57.073 0.0000000000
50863  11.628  -39.777  54.135 0.0000000000
50897  12.261  -39.783  51.389 0.0000000000
50944  27.924  -37.794  47.605 0.0000000000
50974  28.701  -37.735  46.959 0.0000000000
50996  27.065  -38.051  44.827 0.0000000000
51049  27.178  -37.642  42.251 0.0000000000
51051  26.584  -37.801  42.871 0.0000000000
51068  27.022  -37.717  41.562 0.0000000000
51070  26.552  -37.605  42.265 0.0000000000
51087  26.655  -37.614  41.335 0.0000000000
51876  13.484  -39.659  58.428 0.0000000000
51904  30.220  -37.678  54.728 0.0000000000
51910  31.331  -37.976  53.936 0.0000000000
51913  29.560  -37.725  54.052 0.0000000000
51918  31.724  -37.886  53.530 0.0000000000
51919  31.532  -37.969  53.394 0.0000000000
51951  12.352  -39.706  51.869 0.0000000000
52062  26.700  -37.800  44.999 0.0000000000
52086  26.373  -37.867  44.166 0.0000000000
52106  26.260  -37.858  43.471 0.0000000000
52126  25.840  -37.666  42.227 0.0000000000
52147  27.179  -37.934  41.160 0.0000000000
52260  25.958  -37.653  36.984 0.0000000000
52286  26.266  -37.620  36.499 0.0000000000
52981  15.682  -38.750  60.125 0.0000000000
53003  32.686  -37.446  57.001 0.0000000000
53039  33.305  -37.083  55.435 0.0000000000
53047  15.053  -38.133  55.895 0.0000000000
53055  33.254  -36.962  55.038 0.0000000000
53058  31.374  -37.900  54.407 0.0000000000
53145  26.993  -37.582  48.262 0.0000000000
53182  26.843  -37.770  46.671 0.0000000000
53196  29.050  -37.357  45.002 0.0000000000
53224  29.180  -36.894  43.903 0.0000000000
53226  28.443  -37.438  43.354 0.0000000000
53228  25.603  -37.444  42.829 0.0000000000
53239  25.969  -37.665  42.633 0.0000000000
53256  27.624  -37.426  41.465 0.0000000000
53985  16.856  -36.907  61.386 0.0000000000
54011  27.300  -35.743  56.759 0.0000000000
54051  33.442  -37.124  56.025 0.0000000000
54080  32.900  -36.911  53.148 0.0000000000
54099  13.811  -37.407  51.445 0.0000000000
54118  26.570  -36.776  48.941 0.0000000000
54183  29.807  -36.331  46.712 0.0000000000
54184  26.173  -37.081  46.609 0.0000000000
54230  29.375  -36.563  44.103 0.0000000000
54254  28.918  -36.077  42.817 0.0000000000
54267  28.354  -36.221  41.652 0.0000000000
55051  15.656  -36.693  55.117 0.0000000000
55111  25.283  -35.704  49.879 0.0000000000
55149  31.392  -35.839  47.826 0.0000000000
55203  25.657  -36.560  45.009 0.0000000000
55204  25.328  -36.176  44.652 0.0000000000
55233  29.354  -35.791  43.552 0.0000000000
55264  28.321  -35.963  41.245 0.0000000000
55284  24.182  -35.602  40.057 0.0000000000
55341  21.830  -36.194  36.252 0.0000000000
56139  35.474  -35.499  52.154 0.0000000000
56143  15.656  -34.855  52.870 0.0000000000
56160  34.650  -35.389  50.497 0.0000000000
56168  34.865  -34.744  50.051 0.0000000000
56173  22.444  -34.521  49.535 0.0000000000
56274  24.649  -35.885  42.761 0.0000000000
56314  18.687  -35.996  40.744 0.0000000000
56348  21.086  -35.384  38.246 0.0000000000
56361  22.906  -35.340  37.832 0.0000000000
57222  19.811  -33.431  51.910 0.0000000000
57249  35.624  -34.215  50.598 0.0000000000
57263  19.260  -33.505  49.579 0.0000000000
57326  23.703  -34.864  44.610 0.0000000000
57331  17.227  -33.620  45.242 0.0000000000
57345  23.873  -34.943  44.013 0.0000000000
58288  19.668  -32.415  54.686 0.0000000000
58322  17.121  -32.745  53.872 0.0000000000
58331  38.086  -33.088  52.230 0.0000000000
58337  20.124  -33.382  52.696 0.0000000000
58527  20.741  -33.548  41.140 0.0000000000
59328  18.040  -32.586  61.218 0.0000000000
59442  19.169  -32.461  53.853 0.0000000000
59489  37.580  -32.746  50.973 0.0000000000
59490  37.069  -33.008  50.866 0.0000000000
59503  36.287  -32.784  50.020 0.0000000000
60433  19.361  -31.155  61.365 0.0000000000
60582  39.676  -30.883  50.474 0.0000000000
60584  38.489  -31.570  50.397 0.0000000000
60625  36.453  -31.379  48.426 0.0000000000
60640  33.534  -31.749  46.913 0.0000000000
61534  19.248  -30.463  61.357 0.0000000000
61680  40.629  -29.798  50.499 0.0000000000
62888  39.582  -28.576  46.547 0.0000000000
62891  37.614  -29.940  46.698 0.0000000000
62905  38.759  -28.875  45.756 0.0000000000
62922  37.832  -28.971  45.066 0.0000000000
63963  40.624  -28.670  48.221 0.0000000000
64136  39.579  -26.945  38.764 0.0000000000
64175  31.956  -27.893  36.875 0.0000000000
65127  42.681  -27.040  48.212 0.0000000000
65269  38.784  -26.764  41.437 0.0000000000
65311  40.384  -27.052  38.631 0.0000000000
65334  37.409  -26.610  36.926 0.0000000000
66277  44.505  -25.228  48.323 0.0000000000
66375  42.387  -26.032  43.389 0.0000000000
67417  44.448  -24.541  46.331 0.0000000000
67438  43.797  -25.095  45.066 0.0000000000
68578  44.658  -23.877  43.758 0.0000000000
68683  39.112  -24.534  36.414 0.0000000000
69768  43.308  -23.411  42.110 0.0000000000
70892  46.649  -22.311  46.206 0.0000000000
72158  43.622  -21.287  41.757 0.0000000000
73229  47.396  -19.916  45.686 0.0000000000
73243  47.360  -19.585  45.264 0.0000000000
73312  41.594  -20.500  40.094 0.0000000000
73371  39.034  -20.695  37.623 0.0000000000
73466  37.605  -20.964  32.892 0.0000000000
73481  37.550  -20.594  32.649 0.0000000000
74442  41.435  -20.035  39.786 0.0000000000
74585  37.047  -20.205  33.161 0.0000000000
74605  37.251  -19.924  32.872 0.0000000000
75535  41.760  -18.879  39.877 0.0000000000
75640  38.979  -18.793  32.156 0.0000000000
75641  38.397  -19.211  32.338 0.0000000000
76593  47.897  -17.891  45.432 0.0000000000
76715  43.012  -16.955  33.060 0.0000000000
76748  40.938  -17.780  31.905 0.0000000000
77753  46.529  -16.167  44.253 0.0000000000
77759  46.769  -17.087  43.973 0.0000000000
77834  46.701  -15.927  36.466 0.0000000000
77907  50.963  -16.233  31.136 0.0000000000
79012  47.064  -14.762  32.571 0.0000000000
79033  45.141  -15.577  31.198 0.0000000000
80134  41.868  -14.413  38.337 0.0000000000
80151  51.842  -13.725  37.238 0.0000000000
80202  49.113  -14.413  33.948 0.0000000000
81370  48.804  -14.091  33.133 0.0000000000
82375  51.963  -12.623  40.300 0.0000000000
82376  51.568  -12.609  40.643 0.0000000000
