#!ascii label  , from subject 3410 vox2ras=TkReg
1046
68438  17.257  -23.562  51.570 0.0000000000
67268  31.166  -25.480  57.374 0.0000000000
84583  36.294  -7.813  35.088 0.0000000000
74466  32.158  -19.082  40.298 0.0000000000
70863  31.737  -21.752  48.627 0.0000000000
89111  48.785  -5.553  30.338 0.0000000000
87965  35.152  -6.578  39.034 0.0000000000
82422  31.460  -12.046  37.953 0.0000000000
65086  11.572  -26.610  51.706 0.0000000000
67313  24.302  -24.349  54.234 0.0000000000
63909  25.246  -27.120  51.074 0.0000000000
70886  18.967  -22.404  47.276 0.0000000000
85847  42.382  -7.869  32.071 0.0000000000
68337  20.829  -24.220  57.118 0.0000000000
69541  15.757  -22.800  56.712 0.0000000000
85752  41.162  -7.014  36.341 0.0000000000
65010  11.002  -27.075  56.572 0.0000000000
60496  6.139  -31.167  57.290 0.0000000000
80104  33.528  -14.265  40.989 0.0000000000
73264  33.315  -20.824  43.332 0.0000000000
72074  27.621  -20.820  46.338 0.0000000000
67391  27.454  -25.012  48.054 0.0000000000
86825  35.176  -8.151  40.658 0.0000000000
85739  33.153  -9.141  38.100 0.0000000000
84544  34.309  -10.225  40.186 0.0000000000
90092  36.923  -5.580  40.680 0.0000000000
67377  15.044  -24.471  49.131 0.0000000000
65121  12.545  -26.701  49.004 0.0000000000
68441  14.286  -24.060  51.527 0.0000000000
68398  20.682  -23.260  52.901 0.0000000000
69619  21.380  -23.177  51.213 0.0000000000
68471  18.144  -23.308  49.361 0.0000000000
68508  16.512  -24.105  47.466 0.0000000000
84615  37.359  -8.224  33.784 0.0000000000
86882  38.497  -7.002  37.030 0.0000000000
85775  38.482  -7.584  35.733 0.0000000000
84613  39.233  -7.910  34.108 0.0000000000
69506  15.025  -23.130  59.134 0.0000000000
67287  13.426  -25.259  56.235 0.0000000000
67247  13.572  -25.233  59.506 0.0000000000
61537  8.963  -30.075  61.745 0.0000000000
62714  8.342  -29.211  59.155 0.0000000000
60465  6.552  -31.338  59.841 0.0000000000
57099  4.888  -34.089  60.447 0.0000000000
57085  5.338  -34.509  62.340 0.0000000000
73249  35.082  -20.038  44.480 0.0000000000
72087  33.322  -21.201  45.849 0.0000000000
72090  30.340  -21.258  45.580 0.0000000000
72053  29.496  -21.142  47.489 0.0000000000
66318  22.695  -26.107  46.883 0.0000000000
65131  26.468  -26.683  48.951 0.0000000000
65185  24.165  -26.079  45.590 0.0000000000
66334  25.808  -25.783  45.257 0.0000000000
76654  31.881  -16.764  40.480 0.0000000000
77813  30.985  -15.808  39.191 0.0000000000
74494  30.251  -19.316  38.477 0.0000000000
90201  52.578  -6.061  30.438 0.0000000000
88054  50.671  -7.829  29.061 0.0000000000
85757  35.779  -7.418  36.621 0.0000000000
85780  33.034  -8.313  36.015 0.0000000000
87941  37.891  -5.886  38.744 0.0000000000
65007  27.335  -25.623  55.993 0.0000000000
63866  27.793  -25.917  53.992 0.0000000000
66230  24.009  -25.645  51.845 0.0000000000
68470  21.906  -24.448  48.963 0.0000000000
68546  20.688  -23.749  45.423 0.0000000000
85808  44.031  -8.911  34.805 0.0000000000
86934  44.748  -7.591  32.745 0.0000000000
89099  45.564  -6.188  31.652 0.0000000000
89123  47.084  -5.572  29.063 0.0000000000
68380  19.341  -23.702  54.455 0.0000000000
69585  16.131  -23.111  54.285 0.0000000000
68351  18.374  -22.898  56.590 0.0000000000
68347  22.073  -24.088  55.825 0.0000000000
85810  42.053  -7.752  34.397 0.0000000000
67332  13.819  -24.713  53.690 0.0000000000
65056  11.598  -26.503  53.815 0.0000000000
62785  8.454  -28.974  54.498 0.0000000000
64975  10.958  -27.125  59.387 0.0000000000
62756  8.214  -28.856  56.352 0.0000000000
55989  4.092  -35.129  65.970 0.0000000000
83427  34.950  -11.673  41.068 0.0000000000
75527  33.509  -17.871  41.538 0.0000000000
74421  34.730  -18.797  42.964 0.0000000000
73298  33.233  -20.121  41.632 0.0000000000
72143  31.226  -21.666  42.759 0.0000000000
72110  28.339  -20.793  43.913 0.0000000000
73267  25.872  -20.571  43.302 0.0000000000
66228  28.804  -25.897  52.512 0.0000000000
69632  28.737  -23.587  51.323 0.0000000000
72019  28.774  -21.360  49.505 0.0000000000
69667  27.304  -23.204  47.367 0.0000000000
69692  26.354  -23.131  44.792 0.0000000000
81287  32.233  -13.294  38.934 0.0000000000
80148  29.569  -14.215  37.690 0.0000000000
86824  35.966  -8.214  41.186 0.0000000000
85710  34.702  -9.176  40.440 0.0000000000
85709  35.518  -9.482  41.046 0.0000000000
87900  36.454  -7.114  41.283 0.0000000000
68474  15.432  -24.136  49.821 0.0000000000
67378  14.346  -24.727  49.599 0.0000000000
68458  15.322  -23.697  50.725 0.0000000000
68419  18.358  -23.628  52.462 0.0000000000
69621  19.554  -23.159  51.184 0.0000000000
68456  17.349  -23.587  50.354 0.0000000000
68473  16.422  -23.831  49.560 0.0000000000
84597  36.758  -8.074  34.469 0.0000000000
85756  36.965  -7.325  36.448 0.0000000000
85776  37.535  -7.588  35.750 0.0000000000
84596  37.700  -8.003  34.520 0.0000000000
60450  8.034  -30.937  61.644 0.0000000000
60463  7.871  -30.645  60.940 0.0000000000
59345  6.752  -31.599  60.625 0.0000000000
58229  5.623  -32.864  59.651 0.0000000000
58203  5.448  -33.589  60.742 0.0000000000
57092  5.246  -34.139  61.404 0.0000000000
72068  33.488  -21.310  46.712 0.0000000000
72050  32.015  -21.541  47.502 0.0000000000
72070  31.433  -21.336  46.657 0.0000000000
70882  31.020  -21.487  48.019 0.0000000000
67281  31.744  -25.433  56.205 0.0000000000
66336  21.934  -25.702  45.410 0.0000000000
65167  23.087  -26.607  46.334 0.0000000000
66357  22.493  -26.219  44.981 0.0000000000
65208  23.594  -25.923  44.650 0.0000000000
75541  32.356  -18.112  40.258 0.0000000000
75559  31.334  -18.105  39.471 0.0000000000
90190  48.370  -4.729  31.303 0.0000000000
90189  49.439  -4.823  31.499 0.0000000000
89094  50.536  -5.824  30.803 0.0000000000
89109  50.786  -6.473  30.220 0.0000000000
89110  49.874  -6.133  30.257 0.0000000000
86863  35.696  -6.661  38.022 0.0000000000
85758  34.334  -7.629  37.101 0.0000000000
86886  34.467  -7.304  37.808 0.0000000000
84562  32.470  -10.295  38.067 0.0000000000
84570  32.123  -9.813  37.304 0.0000000000
83493  30.828  -10.979  36.715 0.0000000000
89025  36.203  -5.892  39.856 0.0000000000
87942  36.708  -5.834  38.948 0.0000000000
86862  36.873  -6.604  37.728 0.0000000000
66257  12.333  -26.280  50.173 0.0000000000
63915  10.435  -27.571  51.713 0.0000000000
66189  26.001  -25.642  55.161 0.0000000000
65042  25.987  -25.711  53.828 0.0000000000
67330  24.297  -24.723  53.376 0.0000000000
70847  20.237  -22.632  48.894 0.0000000000
68454  22.208  -24.271  49.918 0.0000000000
69657  20.880  -23.413  48.258 0.0000000000
68506  21.023  -24.040  47.599 0.0000000000
69680  20.240  -22.982  46.068 0.0000000000
69682  18.065  -22.622  45.980 0.0000000000
72162  31.292  -21.686  41.779 0.0000000000
85830  43.589  -7.981  33.282 0.0000000000
86924  44.156  -8.032  33.309 0.0000000000
86935  43.864  -7.626  32.468 0.0000000000
88042  44.248  -6.631  30.357 0.0000000000
88059  45.298  -5.963  29.400 0.0000000000
89125  45.944  -5.655  29.975 0.0000000000
68349  19.990  -24.060  56.241 0.0000000000
68365  18.391  -23.435  55.750 0.0000000000
68338  19.721  -23.895  57.178 0.0000000000
67285  21.700  -24.240  56.626 0.0000000000
68362  21.329  -23.914  55.002 0.0000000000
85792  42.509  -7.752  35.153 0.0000000000
85793  41.225  -7.518  34.972 0.0000000000
84648  39.805  -8.039  32.760 0.0000000000
69567  16.248  -22.977  55.169 0.0000000000
69587  14.709  -23.589  53.570 0.0000000000
68367  14.284  -24.017  55.045 0.0000000000
66180  12.304  -26.481  56.277 0.0000000000
66193  12.336  -26.320  55.236 0.0000000000
65027  11.155  -26.793  55.530 0.0000000000
63876  9.550  -27.833  53.584 0.0000000000
63839  9.449  -27.962  55.395 0.0000000000
64967  10.810  -27.369  60.483 0.0000000000
61569  7.033  -30.056  58.422 0.0000000000
62725  8.210  -29.034  58.271 0.0000000000
61599  6.690  -30.258  56.328 0.0000000000
61614  7.283  -29.956  55.397 0.0000000000
77782  33.787  -16.678  41.744 0.0000000000
73250  34.239  -20.422  44.324 0.0000000000
73262  34.790  -19.646  43.659 0.0000000000
73263  34.048  -20.223  43.462 0.0000000000
74431  33.926  -19.195  41.845 0.0000000000
73279  33.139  -20.761  42.603 0.0000000000
73280  32.549  -21.149  42.346 0.0000000000
72141  32.839  -21.141  43.336 0.0000000000
72091  29.317  -21.083  45.437 0.0000000000
72109  29.240  -21.193  44.320 0.0000000000
72092  28.202  -20.695  45.252 0.0000000000
73251  27.614  -20.448  43.374 0.0000000000
73237  26.646  -20.733  44.702 0.0000000000
63888  26.607  -26.690  52.763 0.0000000000
65065  28.610  -26.013  53.385 0.0000000000
63924  26.687  -26.613  51.331 0.0000000000
65145  26.969  -26.407  48.547 0.0000000000
66269  27.646  -25.791  49.608 0.0000000000
68469  28.019  -24.027  49.394 0.0000000000
70845  28.294  -22.145  50.173 0.0000000000
69654  27.696  -23.026  49.055 0.0000000000
70866  27.606  -22.059  48.513 0.0000000000
68504  27.332  -24.296  47.525 0.0000000000
66380  24.487  -25.620  43.211 0.0000000000
67466  25.941  -24.764  44.310 0.0000000000
82382  34.678  -12.780  41.158 0.0000000000
82394  34.043  -12.306  40.195 0.0000000000
81279  32.905  -13.488  39.618 0.0000000000
76665  30.046  -17.213  38.120 0.0000000000
78949  30.448  -15.134  38.553 0.0000000000
90208  53.644  -6.133  29.368 0.0000000000
87944  35.143  -6.926  39.868 0.0000000000
86838  34.125  -8.104  38.989 0.0000000000
86837  34.632  -7.760  39.752 0.0000000000
84546  33.184  -10.183  38.922 0.0000000000
83472  32.706  -11.074  38.627 0.0000000000
90056  38.169  -5.552  41.723 0.0000000000
87918  35.676  -6.935  40.510 0.0000000000
67379  13.434  -25.728  49.083 0.0000000000
67366  13.424  -25.315  50.219 0.0000000000
67354  13.321  -25.217  51.282 0.0000000000
68377  23.078  -23.777  53.716 0.0000000000
68396  22.976  -23.928  52.510 0.0000000000
69603  20.817  -23.130  51.996 0.0000000000
69636  19.717  -22.879  50.326 0.0000000000
69647  18.785  -22.866  49.229 0.0000000000
69670  17.693  -23.204  47.348 0.0000000000
68490  17.076  -23.684  48.249 0.0000000000
68509  15.704  -24.555  47.862 0.0000000000
86947  41.342  -8.143  30.747 0.0000000000
68319  20.606  -24.018  59.048 0.0000000000
86859  40.007  -6.696  37.629 0.0000000000
86881  39.510  -7.010  37.033 0.0000000000
85774  39.499  -7.518  35.527 0.0000000000
84593  40.477  -7.571  34.740 0.0000000000
84595  38.598  -7.896  34.633 0.0000000000
84614  38.312  -8.073  33.926 0.0000000000
69530  15.001  -22.971  57.429 0.0000000000
68353  14.306  -23.891  56.040 0.0000000000
68331  14.456  -23.552  58.317 0.0000000000
67260  13.519  -25.213  58.397 0.0000000000
66171  12.365  -26.389  57.391 0.0000000000
63788  9.732  -28.130  60.394 0.0000000000
62703  9.053  -29.181  60.474 0.0000000000
61559  7.372  -30.145  59.342 0.0000000000
60483  6.168  -31.455  58.356 0.0000000000
59359  5.198  -32.952  58.516 0.0000000000
72104  34.143  -20.836  44.978 0.0000000000
72105  33.196  -21.146  44.946 0.0000000000
72122  32.173  -21.324  43.920 0.0000000000
72089  31.345  -21.303  45.693 0.0000000000
72071  30.433  -21.230  46.583 0.0000000000
72073  28.484  -20.826  46.367 0.0000000000
65135  23.464  -26.691  48.528 0.0000000000
63948  25.617  -27.027  49.576 0.0000000000
63987  24.253  -27.395  47.746 0.0000000000
63985  25.307  -27.077  47.375 0.0000000000
65163  26.091  -26.216  47.079 0.0000000000
66332  27.018  -25.479  46.150 0.0000000000
65184  25.086  -26.164  45.360 0.0000000000
65207  24.324  -25.650  44.281 0.0000000000
78911  32.764  -15.243  41.197 0.0000000000
78930  31.622  -14.987  40.021 0.0000000000
77812  31.268  -15.978  39.654 0.0000000000
76657  30.462  -17.719  38.492 0.0000000000
90202  51.838  -6.033  30.768 0.0000000000
89108  51.749  -6.575  29.997 0.0000000000
85777  36.529  -7.635  35.769 0.0000000000
84598  35.618  -8.140  34.599 0.0000000000
85778  35.315  -7.740  35.741 0.0000000000
85759  33.073  -8.560  37.122 0.0000000000
84584  31.938  -9.394  36.267 0.0000000000
91211  38.134  -4.444  40.698 0.0000000000
90090  38.333  -4.895  39.869 0.0000000000
89002  39.198  -5.283  39.551 0.0000000000
87962  38.473  -6.383  38.214 0.0000000000
86883  37.467  -6.967  37.054 0.0000000000
64990  29.259  -25.721  56.411 0.0000000000
65003  29.793  -26.440  55.954 0.0000000000
65022  28.083  -25.753  54.990 0.0000000000
63869  26.453  -26.485  53.330 0.0000000000
65085  24.337  -26.469  51.298 0.0000000000
68415  22.883  -24.202  51.573 0.0000000000
67363  23.082  -25.103  50.495 0.0000000000
66254  23.837  -26.288  49.970 0.0000000000
66289  22.467  -25.795  48.119 0.0000000000
67426  21.392  -24.855  45.995 0.0000000000
67469  21.012  -24.563  44.043 0.0000000000
88014  46.073  -6.986  33.041 0.0000000000
88025  44.245  -6.985  31.554 0.0000000000
88024  45.061  -6.821  31.901 0.0000000000
89085  46.208  -6.208  32.555 0.0000000000
89098  46.300  -5.496  31.454 0.0000000000
89097  46.945  -5.126  30.825 0.0000000000
88040  48.424  -6.051  29.387 0.0000000000
88056  48.660  -6.829  28.755 0.0000000000
68421  16.225  -23.313  52.669 0.0000000000
68401  17.523  -23.348  54.187 0.0000000000
69566  17.043  -22.876  55.505 0.0000000000
69539  17.702  -22.251  56.811 0.0000000000
69513  19.408  -23.233  58.658 0.0000000000
70736  16.743  -22.251  58.025 0.0000000000
70720  17.084  -21.951  59.322 0.0000000000
66138  30.346  -24.846  57.989 0.0000000000
66153  29.158  -24.885  57.366 0.0000000000
64993  27.298  -25.353  56.928 0.0000000000
66178  25.288  -25.489  56.366 0.0000000000
67282  24.592  -25.344  56.991 0.0000000000
68360  23.606  -23.963  54.686 0.0000000000
68378  21.682  -23.520  53.947 0.0000000000
68399  19.443  -23.489  53.308 0.0000000000
85791  43.522  -8.351  35.393 0.0000000000
85809  43.215  -8.204  34.581 0.0000000000
85832  41.786  -7.951  32.582 0.0000000000
84629  40.869  -7.827  33.734 0.0000000000
85820  41.167  -7.898  33.057 0.0000000000
85848  41.628  -8.103  31.697 0.0000000000
69624  15.162  -23.355  52.282 0.0000000000
67343  13.784  -24.695  52.760 0.0000000000
66220  12.692  -25.679  52.770 0.0000000000
67299  13.349  -25.245  55.207 0.0000000000
66208  12.760  -25.749  53.746 0.0000000000
65071  11.546  -26.485  52.796 0.0000000000
63896  10.293  -27.310  52.871 0.0000000000
62798  9.106  -28.627  52.866 0.0000000000
66148  12.309  -26.305  59.498 0.0000000000
64997  10.598  -27.288  57.747 0.0000000000
63807  9.980  -27.662  57.955 0.0000000000
63823  9.465  -27.977  56.282 0.0000000000
62771  8.776  -28.491  55.632 0.0000000000
56011  4.962  -35.179  63.822 0.0000000000
84503  35.758  -10.308  41.764 0.0000000000
80103  34.078  -14.321  41.458 0.0000000000
77802  32.621  -16.315  41.314 0.0000000000
76644  32.379  -17.225  40.909 0.0000000000
75540  32.826  -18.226  40.748 0.0000000000
75520  34.122  -18.189  41.941 0.0000000000
75528  33.384  -18.454  41.294 0.0000000000
74445  32.927  -19.187  40.710 0.0000000000
73317  32.394  -20.205  41.006 0.0000000000
72161  32.021  -21.371  42.144 0.0000000000
72144  30.234  -21.953  42.464 0.0000000000
72123  31.233  -21.516  43.735 0.0000000000
72124  30.225  -21.602  43.512 0.0000000000
72125  29.213  -21.403  43.213 0.0000000000
72126  28.292  -21.001  42.803 0.0000000000
73281  26.539  -20.581  41.573 0.0000000000
70843  31.768  -21.760  49.486 0.0000000000
66204  30.253  -25.897  54.567 0.0000000000
67329  30.135  -25.302  53.437 0.0000000000
68413  30.144  -23.972  52.832 0.0000000000
65099  27.054  -26.393  50.771 0.0000000000
67361  28.757  -24.807  51.374 0.0000000000
69601  29.853  -23.180  52.441 0.0000000000
70804  29.633  -21.751  51.394 0.0000000000
71990  30.084  -21.137  50.750 0.0000000000
72017  30.537  -21.258  49.112 0.0000000000
72033  29.572  -21.194  48.473 0.0000000000
72035  27.829  -21.379  47.883 0.0000000000
70897  27.127  -21.800  46.715 0.0000000000
68544  27.158  -23.990  45.957 0.0000000000
69691  26.778  -23.046  45.524 0.0000000000
70911  26.616  -21.991  45.858 0.0000000000
72112  25.893  -21.787  43.944 0.0000000000
83451  34.501  -11.100  40.524 0.0000000000
83453  33.290  -11.270  39.364 0.0000000000
82407  32.158  -12.212  38.476 0.0000000000
80138  31.466  -14.107  38.996 0.0000000000
81289  30.823  -13.747  38.208 0.0000000000
81298  30.426  -13.199  37.774 0.0000000000
88055  49.567  -7.367  28.928 0.0000000000
86813  36.766  -8.221  41.755 0.0000000000
68457  16.288  -23.614  50.622 0.0000000000
68439  15.997  -23.378  51.840 0.0000000000
68437  18.487  -23.470  51.179 0.0000000000
84616  36.345  -8.433  33.702 0.0000000000
84582  37.152  -7.824  35.107 0.0000000000
60439  7.556  -31.466  61.917 0.0000000000
60451  7.436  -31.232  61.129 0.0000000000
59332  7.036  -31.956  61.487 0.0000000000
59333  6.388  -32.436  60.957 0.0000000000
59322  6.572  -32.594  61.808 0.0000000000
58202  6.074  -33.351  61.382 0.0000000000
70880  32.495  -21.667  47.751 0.0000000000
70895  33.237  -21.498  47.364 0.0000000000
72051  31.512  -21.446  47.435 0.0000000000
70881  31.627  -21.627  47.977 0.0000000000
67267  32.000  -25.309  57.522 0.0000000000
66174  31.592  -25.549  56.516 0.0000000000
66358  21.926  -25.836  44.312 0.0000000000
66381  22.621  -26.222  43.942 0.0000000000
75542  31.826  -18.425  39.997 0.0000000000
89096  49.073  -5.081  30.972 0.0000000000
89095  49.682  -5.419  30.873 0.0000000000
86864  34.589  -7.122  38.480 0.0000000000
83473  32.030  -11.087  38.013 0.0000000000
83492  31.386  -11.017  37.421 0.0000000000
82443  30.246  -11.675  36.705 0.0000000000
82423  30.793  -12.008  37.386 0.0000000000
87943  35.691  -6.189  39.482 0.0000000000
87964  36.221  -6.214  38.487 0.0000000000
66244  12.163  -26.188  51.187 0.0000000000
65102  11.664  -26.937  50.497 0.0000000000
65103  11.161  -27.308  50.588 0.0000000000
65087  11.038  -27.123  51.182 0.0000000000
66191  24.806  -24.655  54.584 0.0000000000
66207  24.944  -24.820  53.852 0.0000000000
70868  19.980  -22.528  48.315 0.0000000000
70867  20.451  -22.838  48.570 0.0000000000
70884  20.338  -22.853  47.824 0.0000000000
70898  20.188  -22.730  47.035 0.0000000000
70899  19.589  -22.455  46.599 0.0000000000
70913  19.217  -22.476  45.974 0.0000000000
70900  18.777  -22.448  46.414 0.0000000000
85831  42.796  -7.850  32.829 0.0000000000
86936  42.939  -7.670  32.128 0.0000000000
67272  21.962  -24.376  57.449 0.0000000000
68348  21.015  -24.165  56.007 0.0000000000
85772  41.806  -7.391  35.757 0.0000000000
69554  15.587  -23.043  55.748 0.0000000000
69555  14.846  -23.433  55.410 0.0000000000
65009  11.682  -26.976  56.167 0.0000000000
65026  11.932  -26.854  55.558 0.0000000000
63856  10.409  -26.997  55.080 0.0000000000
63837  10.595  -27.161  56.021 0.0000000000
64963  11.063  -27.495  61.560 0.0000000000
60495  6.389  -30.556  57.437 0.0000000000
61583  6.755  -30.038  57.381 0.0000000000
61584  6.365  -30.506  57.004 0.0000000000
60510  6.336  -30.904  55.916 0.0000000000
72120  33.792  -20.794  44.317 0.0000000000
73278  33.780  -19.899  42.269 0.0000000000
73236  27.406  -20.478  44.500 0.0000000000
72093  26.958  -20.819  45.671 0.0000000000
63908  25.809  -27.106  51.475 0.0000000000
63906  26.921  -26.672  52.166 0.0000000000
63925  26.190  -26.816  50.963 0.0000000000
66301  27.111  -25.850  47.809 0.0000000000
66286  27.748  -25.444  49.260 0.0000000000
67390  27.763  -24.796  48.860 0.0000000000
68486  27.688  -23.811  48.742 0.0000000000
68487  27.523  -24.050  48.127 0.0000000000
81267  34.228  -13.487  40.960 0.0000000000
81278  33.747  -13.307  40.275 0.0000000000
80124  32.838  -14.188  40.509 0.0000000000
87919  35.104  -7.441  40.245 0.0000000000
85721  34.139  -9.074  39.647 0.0000000000
84545  33.649  -10.176  39.585 0.0000000000
68459  14.592  -24.093  50.709 0.0000000000
67365  13.926  -24.641  50.848 0.0000000000
66243  12.853  -25.828  50.755 0.0000000000
68397  21.921  -23.372  52.793 0.0000000000
69637  18.963  -23.145  50.511 0.0000000000
69659  17.847  -23.341  48.372 0.0000000000
69648  18.075  -23.308  49.040 0.0000000000
68492  15.644  -24.296  48.864 0.0000000000
68491  16.474  -24.023  48.538 0.0000000000
86860  38.991  -6.709  37.638 0.0000000000
85754  39.001  -7.335  36.376 0.0000000000
85753  40.046  -7.165  36.338 0.0000000000
84579  39.272  -7.669  35.192 0.0000000000
84580  38.882  -7.743  35.187 0.0000000000
84632  38.024  -8.201  33.050 0.0000000000
69518  15.138  -22.814  58.328 0.0000000000
67259  14.006  -24.472  58.918 0.0000000000
66159  13.040  -25.924  57.890 0.0000000000
66147  13.016  -25.872  58.969 0.0000000000
62692  9.743  -29.076  61.856 0.0000000000
62702  9.560  -28.854  61.130 0.0000000000
60464  7.290  -30.712  60.181 0.0000000000
60473  6.678  -30.813  59.079 0.0000000000
60474  6.272  -31.647  59.204 0.0000000000
59358  5.693  -32.406  58.801 0.0000000000
58215  5.232  -33.435  60.001 0.0000000000
58230  5.128  -33.299  59.060 0.0000000000
57091  5.937  -33.986  62.057 0.0000000000
56026  4.825  -35.001  61.766 0.0000000000
72086  34.258  -21.109  45.871 0.0000000000
72106  32.257  -21.276  44.838 0.0000000000
72088  32.337  -21.269  45.801 0.0000000000
72072  29.440  -21.048  46.474 0.0000000000
72054  28.552  -21.019  47.331 0.0000000000
65134  23.926  -27.131  48.825 0.0000000000
65149  23.128  -26.698  47.488 0.0000000000
65186  23.542  -26.486  45.556 0.0000000000
65166  23.905  -27.221  46.638 0.0000000000
64004  25.124  -26.944  46.786 0.0000000000
65147  25.810  -26.786  47.651 0.0000000000
65164  25.379  -26.501  46.722 0.0000000000
65183  25.880  -26.000  46.119 0.0000000000
65232  23.618  -25.942  43.612 0.0000000000
77803  32.141  -16.089  40.869 0.0000000000
77811  31.654  -15.986  40.294 0.0000000000
75560  30.656  -18.277  38.796 0.0000000000
89093  51.240  -6.094  30.626 0.0000000000
88037  51.159  -7.076  29.715 0.0000000000
88036  51.587  -6.939  29.620 0.0000000000
85779  33.968  -7.922  36.048 0.0000000000
85738  33.553  -8.335  37.873 0.0000000000
84571  31.418  -10.208  36.786 0.0000000000
91194  38.048  -4.919  41.418 0.0000000000
91193  38.253  -4.385  41.361 0.0000000000
91212  37.795  -4.851  41.088 0.0000000000
89024  37.174  -5.448  39.621 0.0000000000
90109  37.859  -5.252  39.553 0.0000000000
89023  38.436  -5.562  39.280 0.0000000000
87940  38.978  -6.179  38.802 0.0000000000
86884  36.342  -7.027  37.216 0.0000000000
64991  28.605  -25.481  56.414 0.0000000000
65005  28.717  -25.856  55.837 0.0000000000
65023  27.393  -25.757  55.040 0.0000000000
66218  25.302  -25.644  52.839 0.0000000000
65053  26.130  -26.311  53.163 0.0000000000
65068  25.748  -26.545  52.714 0.0000000000
65069  25.263  -26.645  52.400 0.0000000000
65070  24.642  -26.292  52.160 0.0000000000
68416  22.189  -23.558  51.876 0.0000000000
68435  22.225  -23.751  50.901 0.0000000000
68453  22.652  -24.709  50.308 0.0000000000
67364  22.610  -24.941  49.979 0.0000000000
66255  23.521  -25.731  50.215 0.0000000000
67375  22.878  -25.507  49.744 0.0000000000
67392  22.621  -25.685  48.874 0.0000000000
67393  21.987  -25.094  48.241 0.0000000000
68524  20.840  -23.987  46.438 0.0000000000
68523  21.282  -24.518  46.968 0.0000000000
67427  20.924  -24.291  45.736 0.0000000000
67449  20.970  -24.437  45.061 0.0000000000
68525  17.025  -23.691  46.829 0.0000000000
68526  16.340  -24.321  46.308 0.0000000000
85807  44.911  -9.002  35.060 0.0000000000
86923  45.058  -8.017  33.511 0.0000000000
86922  45.875  -7.662  33.689 0.0000000000
88007  45.767  -7.429  33.322 0.0000000000
88026  43.630  -7.126  30.939 0.0000000000
86945  43.559  -7.307  31.567 0.0000000000
88041  44.984  -6.398  30.941 0.0000000000
89086  45.495  -6.572  32.241 0.0000000000
90192  46.681  -5.470  32.263 0.0000000000
89124  46.457  -5.556  29.515 0.0000000000
89113  46.425  -5.397  30.358 0.0000000000
89112  47.508  -5.452  29.908 0.0000000000
88057  47.691  -6.116  28.566 0.0000000000
68400  18.347  -23.611  53.696 0.0000000000
68381  18.393  -23.621  54.795 0.0000000000
68366  17.740  -22.977  55.942 0.0000000000
69552  17.239  -22.575  56.209 0.0000000000
68352  17.805  -22.598  56.336 0.0000000000
68320  19.898  -23.641  58.603 0.0000000000
69504  18.666  -22.330  58.727 0.0000000000
69516  17.740  -21.896  57.987 0.0000000000
70729  17.207  -22.049  58.396 0.0000000000
70737  16.582  -22.253  58.248 0.0000000000
66152  29.846  -25.043  57.325 0.0000000000
66177  25.985  -25.658  55.826 0.0000000000
67284  22.640  -24.317  56.670 0.0000000000
67283  23.793  -24.794  56.604 0.0000000000
67296  24.682  -25.061  56.035 0.0000000000
68346  23.204  -24.131  55.702 0.0000000000
68361  22.519  -23.822  54.848 0.0000000000
68363  20.212  -23.984  55.216 0.0000000000
68379  20.449  -23.598  54.168 0.0000000000
84599  34.527  -8.486  34.522 0.0000000000
85818  42.959  -7.988  33.759 0.0000000000
85819  41.887  -7.862  33.501 0.0000000000
84612  40.156  -7.785  34.262 0.0000000000
84630  39.915  -7.921  33.563 0.0000000000
85834  39.832  -8.288  31.880 0.0000000000
84647  40.500  -7.927  33.103 0.0000000000
85833  40.773  -8.114  32.356 0.0000000000
85849  40.642  -8.388  31.303 0.0000000000
69606  16.079  -23.238  53.322 0.0000000000
69623  15.744  -23.300  52.622 0.0000000000
69607  15.265  -23.322  53.061 0.0000000000
68383  14.260  -24.095  54.096 0.0000000000
68402  14.232  -24.135  53.196 0.0000000000
67344  13.293  -25.233  52.278 0.0000000000
67333  13.295  -25.252  53.240 0.0000000000
67286  13.917  -24.550  56.685 0.0000000000
67298  13.828  -24.592  55.643 0.0000000000
65043  11.727  -26.646  54.781 0.0000000000
66209  12.243  -26.216  54.260 0.0000000000
66221  12.074  -26.014  53.287 0.0000000000
65057  10.904  -26.729  53.362 0.0000000000
63877  8.939  -28.542  53.781 0.0000000000
62799  8.554  -29.202  53.376 0.0000000000
64966  11.638  -26.833  59.987 0.0000000000
64974  11.719  -26.800  58.940 0.0000000000
64985  11.099  -27.092  58.369 0.0000000000
63789  9.179  -28.611  60.000 0.0000000000
63792  9.098  -28.213  59.477 0.0000000000
62741  8.107  -28.873  57.269 0.0000000000
62740  8.658  -28.359  57.836 0.0000000000
63808  9.387  -27.926  57.354 0.0000000000
62755  8.728  -28.350  56.778 0.0000000000
57076  5.753  -34.409  63.880 0.0000000000
57068  5.536  -34.418  64.921 0.0000000000
57065  4.516  -34.857  65.782 0.0000000000
55996  4.761  -34.977  65.277 0.0000000000
82372  35.050  -12.609  41.684 0.0000000000
78893  34.019  -15.142  41.865 0.0000000000
78894  33.557  -15.132  41.481 0.0000000000
77791  33.790  -15.674  41.653 0.0000000000
76629  33.526  -17.231  41.640 0.0000000000
76643  32.888  -16.927  41.482 0.0000000000
76630  32.994  -17.686  41.362 0.0000000000
74415  34.633  -19.352  43.240 0.0000000000
75512  34.499  -18.538  42.604 0.0000000000
73297  33.602  -19.635  41.764 0.0000000000
75521  33.742  -18.784  41.574 0.0000000000
74432  33.424  -19.305  41.395 0.0000000000
73316  33.095  -19.758  41.087 0.0000000000
72107  31.269  -21.360  44.717 0.0000000000
73252  26.764  -20.389  43.796 0.0000000000
73266  26.979  -20.316  42.499 0.0000000000
73282  25.800  -20.493  42.134 0.0000000000
72149  25.192  -21.268  42.372 0.0000000000
65038  28.313  -25.831  54.496 0.0000000000
65036  29.849  -26.417  55.206 0.0000000000
65037  29.273  -26.237  54.793 0.0000000000
66229  28.312  -26.390  52.193 0.0000000000
66217  29.531  -25.876  53.570 0.0000000000
67339  30.290  -24.666  53.286 0.0000000000
67340  29.662  -25.025  52.789 0.0000000000
63966  25.969  -26.860  49.074 0.0000000000
63946  26.537  -26.532  50.592 0.0000000000
65116  26.809  -26.496  50.004 0.0000000000
68451  28.608  -24.171  51.040 0.0000000000
67362  28.477  -25.183  50.790 0.0000000000
68433  28.900  -24.108  51.633 0.0000000000
68414  29.382  -24.040  52.287 0.0000000000
69616  30.115  -22.223  52.131 0.0000000000
69617  29.121  -22.940  51.692 0.0000000000
70826  28.769  -22.039  50.757 0.0000000000
72004  29.336  -21.289  50.319 0.0000000000
72003  30.314  -21.111  49.842 0.0000000000
72018  29.808  -21.124  49.292 0.0000000000
70883  27.403  -22.070  47.688 0.0000000000
72055  27.746  -21.181  47.128 0.0000000000
66333  26.441  -25.497  45.629 0.0000000000
67425  27.167  -24.874  46.450 0.0000000000
67446  27.024  -24.845  45.633 0.0000000000
68565  26.216  -23.979  44.517 0.0000000000
68545  26.808  -23.980  45.150 0.0000000000
70912  26.362  -22.220  45.055 0.0000000000
69705  25.968  -23.150  44.068 0.0000000000
83426  35.448  -11.146  41.648 0.0000000000
84519  35.375  -10.625  41.208 0.0000000000
83428  34.354  -11.808  40.513 0.0000000000
82395  33.518  -12.372  39.725 0.0000000000
82406  32.975  -12.358  38.965 0.0000000000
78931  31.261  -14.945  39.494 0.0000000000
78932  30.883  -15.008  39.010 0.0000000000
78950  29.814  -15.218  38.076 0.0000000000
80139  30.917  -14.238  38.553 0.0000000000
80147  30.373  -14.294  38.165 0.0000000000
90207  54.367  -5.620  29.081 0.0000000000
86970  48.862  -7.720  28.116 0.0000000000
68475  14.924  -24.176  50.218 0.0000000000
68440  14.912  -23.518  51.468 0.0000000000
68418  19.506  -23.325  52.056 0.0000000000
68417  20.282  -23.210  52.184 0.0000000000
68436  19.143  -23.285  51.390 0.0000000000
68455  18.212  -23.375  49.972 0.0000000000
68472  17.433  -23.524  49.187 0.0000000000
85755  37.998  -7.306  36.396 0.0000000000
84581  38.047  -7.796  35.147 0.0000000000
69505  15.460  -22.703  59.823 0.0000000000
69493  15.006  -23.344  59.968 0.0000000000
59346  6.195  -32.202  59.927 0.0000000000
58214  5.928  -33.056  60.405 0.0000000000
72049  33.811  -21.448  47.223 0.0000000000
70896  32.913  -21.423  47.179 0.0000000000
72069  32.439  -21.363  46.863 0.0000000000
72052  30.547  -21.334  47.594 0.0000000000
66319  22.160  -25.548  46.449 0.0000000000
66335  22.560  -26.141  45.934 0.0000000000
65187  22.960  -26.471  45.524 0.0000000000
65209  23.113  -26.449  44.747 0.0000000000
76645  31.972  -17.419  40.321 0.0000000000
76655  31.558  -17.019  39.862 0.0000000000
75558  31.811  -17.827  40.012 0.0000000000
90177  47.985  -4.505  32.578 0.0000000000
90187  51.310  -5.575  31.309 0.0000000000
88038  50.206  -6.951  29.686 0.0000000000
86885  35.137  -7.038  37.488 0.0000000000
84561  32.890  -9.970  38.380 0.0000000000
84569  32.714  -9.530  37.823 0.0000000000
89004  36.626  -5.920  40.587 0.0000000000
90091  37.330  -5.242  40.495 0.0000000000
87963  37.385  -6.246  38.237 0.0000000000
66274  12.561  -26.360  49.597 0.0000000000
63916  9.975  -28.408  51.217 0.0000000000
65024  26.617  -25.798  55.208 0.0000000000
65025  26.074  -25.739  54.660 0.0000000000
66206  25.443  -25.361  53.466 0.0000000000
66219  24.711  -25.486  52.855 0.0000000000
69635  20.661  -22.876  50.253 0.0000000000
69634  21.570  -23.290  50.064 0.0000000000
69645  20.760  -22.938  49.182 0.0000000000
69644  21.520  -23.683  48.995 0.0000000000
69656  21.274  -23.770  48.428 0.0000000000
68488  21.515  -24.182  48.284 0.0000000000
69668  20.620  -23.306  47.202 0.0000000000
69693  20.147  -23.198  44.832 0.0000000000
69681  19.637  -22.585  45.949 0.0000000000
70914  18.715  -22.514  45.731 0.0000000000
85817  43.984  -8.331  33.954 0.0000000000
85816  44.692  -8.652  34.395 0.0000000000
89114  45.696  -5.811  30.643 0.0000000000
88058  46.549  -5.806  28.570 0.0000000000
68364  19.222  -23.807  55.485 0.0000000000
68350  19.094  -23.629  56.418 0.0000000000
68339  19.002  -23.328  57.195 0.0000000000
85771  42.954  -7.643  35.888 0.0000000000
84610  41.507  -7.664  34.414 0.0000000000
69586  15.376  -23.249  53.906 0.0000000000
69568  15.462  -23.152  54.819 0.0000000000
69569  14.772  -23.522  54.464 0.0000000000
66170  13.030  -25.976  56.808 0.0000000000
66179  12.933  -25.905  55.748 0.0000000000
65044  10.950  -26.605  54.438 0.0000000000
63875  10.230  -27.025  53.998 0.0000000000
63857  9.792  -27.565  54.729 0.0000000000
63858  9.097  -28.164  54.604 0.0000000000
64962  11.717  -27.014  61.036 0.0000000000
64976  10.248  -27.485  59.783 0.0000000000
61568  7.692  -29.543  58.790 0.0000000000
61582  7.462  -29.386  57.805 0.0000000000
61598  7.436  -29.417  56.568 0.0000000000
77781  34.081  -16.156  42.045 0.0000000000
76621  34.092  -17.143  42.003 0.0000000000
74422  34.280  -19.182  42.599 0.0000000000
72142  32.195  -21.326  42.961 0.0000000000
72108  30.257  -21.436  44.561 0.0000000000
73253  26.291  -20.897  44.149 0.0000000000
63887  27.293  -26.645  53.032 0.0000000000
65052  28.160  -26.068  53.736 0.0000000000
65067  27.439  -26.733  52.323 0.0000000000
65082  27.870  -26.731  51.888 0.0000000000
65130  26.976  -26.525  49.276 0.0000000000
66270  27.278  -26.212  49.738 0.0000000000
67374  28.136  -25.167  49.741 0.0000000000
68452  28.325  -24.144  50.269 0.0000000000
69633  28.478  -23.086  50.842 0.0000000000
69643  28.022  -23.093  49.887 0.0000000000
70865  27.905  -22.036  49.358 0.0000000000
69655  27.477  -23.047  48.262 0.0000000000
66355  25.410  -25.502  44.374 0.0000000000
66354  26.081  -25.361  44.858 0.0000000000
67467  25.465  -24.713  43.537 0.0000000000
68566  25.836  -23.956  43.738 0.0000000000
67485  25.171  -24.752  42.668 0.0000000000
82383  34.345  -12.569  40.683 0.0000000000
76664  30.543  -16.579  38.464 0.0000000000
77826  30.664  -15.968  38.771 0.0000000000
77827  30.194  -16.087  38.301 0.0000000000
89107  52.464  -6.460  29.767 0.0000000000
90209  52.996  -6.237  29.791 0.0000000000
85722  33.586  -9.018  38.756 0.0000000000
85723  33.197  -9.580  38.561 0.0000000000
91178  38.082  -5.160  41.548 0.0000000000
90072  37.575  -5.458  41.347 0.0000000000
88982  37.033  -6.271  41.333 0.0000000000
90073  36.998  -5.642  40.941 0.0000000000
66256  12.938  -26.022  49.834 0.0000000000
67314  23.900  -24.202  53.681 0.0000000000
69602  21.543  -23.281  52.168 0.0000000000
69604  20.111  -23.169  51.725 0.0000000000
69620  20.377  -23.048  51.130 0.0000000000
69646  19.981  -22.624  49.484 0.0000000000
70848  19.642  -22.520  48.846 0.0000000000
70869  19.242  -22.492  48.203 0.0000000000
69669  18.208  -22.725  46.897 0.0000000000
69658  18.455  -22.839  47.894 0.0000000000
68507  17.214  -23.582  47.660 0.0000000000
86946  42.717  -7.648  31.099 0.0000000000
68327  21.282  -24.294  58.221 0.0000000000
68318  21.830  -24.236  59.214 0.0000000000
87960  40.505  -6.329  38.164 0.0000000000
86880  40.562  -6.869  36.999 0.0000000000
85773  40.636  -7.305  35.682 0.0000000000
85794  40.151  -7.488  35.157 0.0000000000
84594  39.524  -7.691  34.885 0.0000000000
84631  39.009  -8.045  33.304 0.0000000000
69542  14.929  -23.268  56.396 0.0000000000
68341  14.376  -23.752  57.103 0.0000000000
67273  13.920  -24.444  57.787 0.0000000000
67274  13.515  -25.259  57.302 0.0000000000
64995  11.778  -26.911  56.971 0.0000000000
63784  10.070  -28.488  61.463 0.0000000000
62704  8.501  -29.417  59.851 0.0000000000
61550  7.713  -30.157  59.883 0.0000000000
61558  7.981  -29.756  59.574 0.0000000000
60482  6.454  -30.631  58.019 0.0000000000
59369  5.202  -32.770  57.949 0.0000000000
72103  34.817  -20.663  45.296 0.0000000000
72121  33.156  -21.099  43.991 0.0000000000
65119  23.992  -26.825  49.638 0.0000000000
63927  25.133  -27.107  50.190 0.0000000000
65133  24.401  -27.143  49.302 0.0000000000
63968  24.573  -27.331  48.569 0.0000000000
63967  25.455  -27.185  48.489 0.0000000000
63986  24.867  -27.416  47.748 0.0000000000
65132  26.068  -26.885  48.421 0.0000000000
65146  26.491  -26.491  47.939 0.0000000000
66302  26.675  -26.030  47.252 0.0000000000
66316  27.048  -25.599  46.889 0.0000000000
66317  26.556  -25.852  46.516 0.0000000000
65206  24.945  -25.955  44.435 0.0000000000
66356  24.845  -25.692  43.910 0.0000000000
78912  32.114  -15.067  40.574 0.0000000000
76656  30.998  -16.978  38.855 0.0000000000
88053  51.913  -7.254  29.183 0.0000000000
85796  34.647  -8.022  35.201 0.0000000000
86865  34.023  -7.810  38.177 0.0000000000
85760  32.543  -8.917  36.498 0.0000000000
85781  32.565  -8.807  35.797 0.0000000000
90110  37.604  -5.149  39.848 0.0000000000
86861  37.974  -6.631  37.628 0.0000000000
66165  29.943  -25.659  56.802 0.0000000000
66176  30.234  -26.121  56.379 0.0000000000
64989  29.680  -26.085  56.309 0.0000000000
65021  28.885  -26.060  55.301 0.0000000000
65039  28.012  -25.742  54.631 0.0000000000
65040  26.906  -26.007  54.461 0.0000000000
63849  27.217  -26.063  54.218 0.0000000000
63868  26.935  -26.482  53.539 0.0000000000
63889  25.900  -26.909  52.533 0.0000000000
63890  25.372  -27.041  51.859 0.0000000000
65100  24.656  -26.975  50.766 0.0000000000
67331  23.732  -24.364  52.998 0.0000000000
67342  23.712  -24.646  52.030 0.0000000000
66231  23.908  -25.052  51.497 0.0000000000
68434  22.745  -24.479  50.757 0.0000000000
67352  23.420  -24.780  51.217 0.0000000000
66241  23.910  -26.055  50.808 0.0000000000
65101  24.211  -26.615  50.409 0.0000000000
66272  23.363  -26.169  49.308 0.0000000000
66288  22.910  -26.268  48.359 0.0000000000
66304  22.311  -25.615  47.411 0.0000000000
68505  21.539  -24.555  47.639 0.0000000000
67410  21.794  -25.021  47.117 0.0000000000
67448  21.416  -25.139  44.740 0.0000000000
69683  17.488  -23.125  46.375 0.0000000000
73337  31.980  -19.782  40.606 0.0000000000
89077  46.408  -6.656  33.157 0.0000000000
88016  44.654  -7.271  32.309 0.0000000000
88015  45.363  -7.140  32.723 0.0000000000
89076  46.990  -6.218  33.370 0.0000000000
90179  46.755  -5.712  32.597 0.0000000000
90191  47.208  -4.939  31.739 0.0000000000
90204  47.593  -5.017  30.850 0.0000000000
90203  48.059  -5.143  30.567 0.0000000000
88039  49.263  -6.489  29.555 0.0000000000
68420  17.070  -23.386  52.944 0.0000000000
69605  16.749  -23.181  53.870 0.0000000000
68382  17.650  -23.275  55.154 0.0000000000
69584  16.900  -23.078  54.683 0.0000000000
69553  16.414  -22.756  56.023 0.0000000000
69540  16.704  -22.453  56.861 0.0000000000
68328  20.233  -24.063  58.048 0.0000000000
68329  19.374  -23.517  57.977 0.0000000000
68330  18.798  -23.092  57.707 0.0000000000
69503  19.106  -22.749  59.105 0.0000000000
69514  18.785  -22.885  58.330 0.0000000000
69538  18.348  -22.402  57.128 0.0000000000
69527  18.057  -21.988  57.501 0.0000000000
69529  16.075  -22.426  57.859 0.0000000000
70730  16.428  -22.221  58.714 0.0000000000
70721  16.189  -22.209  59.588 0.0000000000
70710  16.834  -21.873  60.277 0.0000000000
66151  30.523  -25.333  57.387 0.0000000000
66166  29.452  -25.294  56.880 0.0000000000
64992  27.947  -25.403  56.609 0.0000000000
64980  28.514  -25.064  57.089 0.0000000000
66190  25.412  -25.181  54.914 0.0000000000
67297  24.322  -24.505  55.284 0.0000000000
85790  44.306  -9.083  35.687 0.0000000000
84592  40.898  -7.532  34.726 0.0000000000
84611  41.006  -7.625  34.455 0.0000000000
84628  41.474  -7.736  34.113 0.0000000000
69625  14.587  -23.656  52.061 0.0000000000
69608  14.645  -23.628  52.746 0.0000000000
68422  14.194  -24.111  52.348 0.0000000000
67353  13.777  -24.639  51.835 0.0000000000
66232  12.789  -25.782  51.774 0.0000000000
66233  12.096  -26.082  52.259 0.0000000000
67315  13.816  -24.661  54.648 0.0000000000
66192  12.849  -25.819  54.736 0.0000000000
67316  13.334  -25.266  54.212 0.0000000000
65072  10.935  -26.903  52.262 0.0000000000
63897  9.791  -28.101  52.349 0.0000000000
62813  8.674  -29.409  52.354 0.0000000000
66160  12.348  -26.326  58.438 0.0000000000
64984  11.819  -26.887  57.938 0.0000000000
65011  10.758  -27.195  57.149 0.0000000000
63787  10.318  -27.770  60.578 0.0000000000
63791  9.672  -27.687  59.263 0.0000000000
62724  8.684  -28.564  58.825 0.0000000000
63797  9.237  -27.879  58.475 0.0000000000
64986  10.316  -27.380  58.730 0.0000000000
63822  10.262  -27.417  56.809 0.0000000000
63838  10.027  -27.532  55.714 0.0000000000
62772  7.963  -29.157  55.517 0.0000000000
62786  7.767  -29.529  54.709 0.0000000000
62800  7.936  -29.666  53.860 0.0000000000
57084  6.013  -34.191  62.878 0.0000000000
57077  5.397  -34.722  63.123 0.0000000000
54976  4.545  -35.663  63.336 0.0000000000
56002  5.028  -34.954  64.867 0.0000000000
85692  36.241  -9.253  41.783 0.0000000000
77792  33.361  -16.172  41.560 0.0000000000
74465  32.688  -18.652  40.369 0.0000000000
75519  34.348  -17.581  42.374 0.0000000000
74446  32.385  -19.538  40.649 0.0000000000
73299  32.635  -20.875  41.791 0.0000000000
72177  31.972  -21.098  41.454 0.0000000000
72145  29.113  -21.749  42.317 0.0000000000
72146  28.255  -21.524  41.950 0.0000000000
73265  27.717  -20.532  42.702 0.0000000000
72147  27.407  -21.108  41.383 0.0000000000
66188  30.291  -26.195  55.624 0.0000000000
66187  30.912  -25.614  55.324 0.0000000000
66203  30.857  -25.435  54.861 0.0000000000
66205  29.472  -26.115  54.252 0.0000000000
66216  30.196  -25.589  53.855 0.0000000000
67312  30.865  -25.197  54.573 0.0000000000
68395  30.783  -23.948  53.449 0.0000000000
66240  28.323  -26.059  51.507 0.0000000000
66252  27.765  -26.082  50.407 0.0000000000
67351  28.670  -25.392  51.492 0.0000000000
66239  28.735  -25.657  51.856 0.0000000000
67350  29.033  -25.032  51.960 0.0000000000
69600  30.826  -22.838  52.835 0.0000000000
70805  29.090  -22.188  51.212 0.0000000000
71991  29.538  -21.407  50.890 0.0000000000
70824  30.988  -21.364  50.199 0.0000000000
70844  31.070  -21.442  49.313 0.0000000000
70864  31.064  -21.488  48.595 0.0000000000
72032  30.421  -21.300  48.513 0.0000000000
72034  28.445  -21.251  48.425 0.0000000000
67409  27.244  -24.998  47.245 0.0000000000
68522  27.231  -24.089  46.820 0.0000000000
69679  27.116  -23.010  46.363 0.0000000000
67447  26.488  -24.792  44.969 0.0000000000
72094  26.433  -21.336  45.129 0.0000000000
73238  26.364  -21.081  44.645 0.0000000000
72128  25.933  -21.236  43.867 0.0000000000
69706  25.666  -23.098  43.307 0.0000000000
70927  25.704  -22.355  43.682 0.0000000000
70944  25.298  -22.270  42.957 0.0000000000
84520  34.904  -10.395  40.758 0.0000000000
83452  33.981  -11.344  40.002 0.0000000000
80125  32.259  -14.289  40.065 0.0000000000
80137  31.961  -14.112  39.547 0.0000000000
81288  31.376  -13.215  38.324 0.0000000000
81297  31.045  -12.633  37.872 0.0000000000
86969  49.767  -8.227  28.269 0.0000000000
54967  4.535  -35.625  63.689 0.0000000000
55997  4.239  -35.253  65.426 0.0000000000
55998  3.758  -35.513  65.595 0.0000000000
56001  5.277  -34.675  64.732 0.0000000000
56010  5.306  -34.713  64.435 0.0000000000
57069  5.168  -34.668  65.093 0.0000000000
61600  6.275  -30.817  56.579 0.0000000000
62684  9.381  -29.619  62.204 0.0000000000
62713  8.938  -28.966  59.582 0.0000000000
63796  9.796  -27.634  58.601 0.0000000000
63821  10.622  -27.204  56.466 0.0000000000
63831  27.845  -25.723  54.638 0.0000000000
63832  27.600  -25.765  54.621 0.0000000000
63847  27.946  -25.782  54.277 0.0000000000
63848  27.720  -25.817  54.385 0.0000000000
63850  26.783  -26.331  53.944 0.0000000000
63867  27.408  -26.262  53.794 0.0000000000
63886  27.721  -26.361  53.524 0.0000000000
63907  26.376  -26.930  51.876 0.0000000000
63926  25.734  -27.029  50.512 0.0000000000
63934  11.236  -27.410  50.246 0.0000000000
63947  26.222  -26.704  49.893 0.0000000000
63949  24.970  -27.188  49.363 0.0000000000
63969  24.106  -27.329  48.286 0.0000000000
64005  24.780  -27.251  46.958 0.0000000000
64006  24.444  -27.398  47.273 0.0000000000
64968  10.264  -27.668  60.324 0.0000000000
64979  29.013  -25.250  56.775 0.0000000000
64996  11.180  -27.082  57.459 0.0000000000
65004  29.295  -26.201  55.932 0.0000000000
65006  28.035  -25.637  55.813 0.0000000000
65008  26.678  -25.591  56.381 0.0000000000
65019  29.852  -26.491  55.596 0.0000000000
65020  29.481  -26.409  55.505 0.0000000000
65041  26.437  -26.099  54.089 0.0000000000
65051  28.861  -25.924  54.094 0.0000000000
65054  25.798  -25.966  52.790 0.0000000000
65055  25.160  -26.001  52.519 0.0000000000
65066  28.076  -26.551  52.876 0.0000000000
65083  27.210  -26.564  51.618 0.0000000000
65084  24.826  -26.911  51.647 0.0000000000
65098  27.607  -26.452  51.203 0.0000000000
65117  26.588  -26.610  49.526 0.0000000000
65118  24.551  -26.999  49.950 0.0000000000
65120  23.733  -26.627  49.159 0.0000000000
65148  23.738  -27.177  47.926 0.0000000000
65165  24.765  -26.806  46.251 0.0000000000
66163  31.457  -25.610  56.901 0.0000000000
66164  30.731  -25.804  56.928 0.0000000000
66175  31.091  -25.784  56.213 0.0000000000
66242  23.773  -25.349  50.981 0.0000000000
66253  27.203  -26.310  50.213 0.0000000000
66271  23.790  -26.442  49.502 0.0000000000
66273  12.806  -26.410  49.086 0.0000000000
66287  27.365  -25.790  48.893 0.0000000000
66303  22.692  -26.122  47.655 0.0000000000
67327  31.210  -24.713  54.451 0.0000000000
67341  24.105  -25.010  52.632 0.0000000000
67376  22.341  -25.009  49.307 0.0000000000
68340  18.626  -22.840  57.265 0.0000000000
68376  23.785  -24.002  54.094 0.0000000000
68489  21.159  -23.856  48.155 0.0000000000
69517  15.640  -22.500  58.904 0.0000000000
69526  18.510  -22.537  57.688 0.0000000000
69528  17.167  -22.167  57.624 0.0000000000
69582  21.591  -23.309  52.510 0.0000000000
69583  21.319  -23.234  52.495 0.0000000000
69618  28.832  -22.564  51.146 0.0000000000
69622  19.039  -23.264  51.079 0.0000000000
69694  19.300  -22.705  45.229 0.0000000000
69695  18.221  -22.628  45.085 0.0000000000
70825  29.233  -21.701  50.946 0.0000000000
70846  20.479  -22.787  48.895 0.0000000000
70885  19.750  -22.483  47.545 0.0000000000
70926  26.075  -22.362  44.343 0.0000000000
70978  25.564  -22.150  41.712 0.0000000000
72005  28.731  -21.650  50.222 0.0000000000
72111  26.177  -21.539  44.470 0.0000000000
72129  25.457  -21.460  43.399 0.0000000000
72148  25.444  -20.856  41.936 0.0000000000
72166  25.409  -21.761  41.743 0.0000000000
73268  25.313  -20.898  43.027 0.0000000000
73283  25.457  -20.702  42.719 0.0000000000
85795  39.696  -7.565  35.184 0.0000000000
85811  41.439  -7.611  34.647 0.0000000000
89003  36.888  -5.444  40.218 0.0000000000
89084  46.819  -5.864  32.807 0.0000000000
