#!ascii label  , from subject 3073 vox2ras=TkReg
1393
70131  -42.824  -25.484  49.833 0.0000000000
82025  -53.600  -13.047  42.686 0.0000000000
78619  -45.881  -17.254  46.881 0.0000000000
41742  -16.855  -49.696  69.574 0.0000000000
67673  -40.355  -26.559  55.601 0.0000000000
51342  -33.477  -41.566  66.804 0.0000000000
54865  -40.969  -38.324  64.754 0.0000000000
59763  -45.332  -33.581  59.952 0.0000000000
64122  -44.403  -29.336  59.907 0.0000000000
49302  -23.663  -42.970  64.898 0.0000000000
49214  -28.294  -43.194  69.483 0.0000000000
51379  -28.907  -41.722  63.567 0.0000000000
54950  -35.877  -37.625  61.610 0.0000000000
56220  -40.114  -36.270  61.014 0.0000000000
70033  -45.875  -25.592  57.268 0.0000000000
72342  -48.033  -23.330  53.639 0.0000000000
79792  -49.427  -14.741  44.941 0.0000000000
74472  -44.403  -21.222  47.335 0.0000000000
82073  -52.102  -13.809  38.255 0.0000000000
38312  -13.950  -53.108  70.712 0.0000000000
69994  -43.859  -25.823  59.513 0.0000000000
68858  -40.857  -25.745  53.357 0.0000000000
54925  -31.871  -37.886  61.920 0.0000000000
54842  -36.647  -38.827  66.469 0.0000000000
75399  -49.774  -19.593  51.428 0.0000000000
85191  -58.261  -10.405  33.976 0.0000000000
59800  -42.427  -34.011  58.630 0.0000000000
62061  -43.794  -32.590  57.327 0.0000000000
50305  -25.853  -42.012  64.616 0.0000000000
56254  -37.535  -36.572  58.690 0.0000000000
57449  -39.777  -35.193  58.394 0.0000000000
57421  -42.841  -35.006  60.720 0.0000000000
68862  -44.532  -25.835  53.411 0.0000000000
70086  -47.339  -24.575  54.967 0.0000000000
71237  -45.878  -24.569  51.145 0.0000000000
82013  -51.417  -12.882  43.579 0.0000000000
81993  -52.285  -13.705  45.794 0.0000000000
83129  -56.207  -12.500  41.832 0.0000000000
41756  -15.110  -49.880  66.717 0.0000000000
39516  -15.492  -51.822  70.106 0.0000000000
66490  -43.177  -27.887  58.050 0.0000000000
66459  -44.319  -27.170  60.157 0.0000000000
68784  -42.319  -26.329  56.930 0.0000000000
70047  -42.364  -25.428  56.264 0.0000000000
70061  -39.760  -25.723  55.071 0.0000000000
50245  -31.081  -42.282  68.161 0.0000000000
49190  -31.043  -42.924  71.334 0.0000000000
50224  -32.966  -42.014  69.951 0.0000000000
51321  -34.724  -40.599  69.523 0.0000000000
54948  -29.911  -37.892  60.438 0.0000000000
57397  -31.621  -36.300  61.114 0.0000000000
54906  -38.172  -38.473  63.358 0.0000000000
56169  -35.166  -38.177  63.685 0.0000000000
54862  -37.742  -38.798  65.415 0.0000000000
54805  -38.275  -38.450  68.011 0.0000000000
46243  -19.432  -45.711  66.801 0.0000000000
46203  -21.722  -45.390  69.841 0.0000000000
46166  -21.849  -45.810  72.982 0.0000000000
76449  -45.348  -19.141  47.662 0.0000000000
75410  -47.241  -19.945  49.903 0.0000000000
78589  -47.600  -17.749  49.505 0.0000000000
87177  -59.052  -9.001  33.450 0.0000000000
41713  -16.851  -50.065  73.645 0.0000000000
60858  -46.746  -32.879  62.493 0.0000000000
63059  -45.396  -30.129  63.177 0.0000000000
62027  -45.025  -31.305  59.826 0.0000000000
64144  -43.378  -29.493  57.663 0.0000000000
49238  -24.123  -43.468  67.631 0.0000000000
48274  -26.008  -43.548  69.494 0.0000000000
49260  -26.371  -42.674  66.966 0.0000000000
50263  -28.977  -42.549  66.683 0.0000000000
50311  -31.263  -41.972  65.330 0.0000000000
56214  -32.927  -36.297  60.100 0.0000000000
55009  -35.162  -37.337  59.017 0.0000000000
54974  -37.953  -37.574  61.027 0.0000000000
54909  -41.004  -37.374  63.042 0.0000000000
57386  -42.841  -36.030  62.407 0.0000000000
57389  -45.771  -35.433  62.489 0.0000000000
48344  -21.847  -44.196  64.730 0.0000000000
71117  -46.729  -24.128  60.249 0.0000000000
72211  -48.357  -22.972  61.902 0.0000000000
71159  -48.633  -24.134  58.865 0.0000000000
72292  -49.571  -23.705  57.104 0.0000000000
79761  -47.808  -16.042  46.885 0.0000000000
80835  -48.434  -15.648  49.121 0.0000000000
80869  -50.643  -14.563  47.622 0.0000000000
31012  -11.865  -58.139  73.201 0.0000000000
71286  -44.589  -23.481  48.488 0.0000000000
75452  -42.751  -20.373  45.631 0.0000000000
78649  -45.395  -17.048  44.453 0.0000000000
79805  -47.273  -15.819  43.533 0.0000000000
80950  -48.866  -14.621  42.430 0.0000000000
80962  -50.641  -14.201  41.725 0.0000000000
80976  -53.352  -14.303  40.629 0.0000000000
82058  -50.165  -13.851  39.335 0.0000000000
39480  -14.802  -51.942  73.822 0.0000000000
38275  -13.401  -53.946  73.541 0.0000000000
33350  -12.330  -56.059  73.459 0.0000000000
69896  -45.692  -25.156  64.410 0.0000000000
65224  -45.077  -28.374  63.089 0.0000000000
68718  -44.487  -26.064  63.044 0.0000000000
71073  -45.410  -24.782  61.402 0.0000000000
70012  -44.694  -25.285  58.285 0.0000000000
70083  -43.459  -25.507  54.935 0.0000000000
68903  -42.235  -26.348  51.437 0.0000000000
48235  -28.838  -43.598  71.705 0.0000000000
52583  -31.108  -40.163  62.278 0.0000000000
52558  -32.827  -40.361  64.704 0.0000000000
56184  -33.063  -36.643  61.833 0.0000000000
54881  -34.297  -38.409  64.621 0.0000000000
54817  -34.634  -39.583  66.590 0.0000000000
53642  -36.212  -39.087  68.466 0.0000000000
43932  -16.288  -48.241  66.436 0.0000000000
45068  -17.955  -46.798  66.155 0.0000000000
43901  -18.624  -48.039  69.955 0.0000000000
72402  -46.715  -22.793  50.003 0.0000000000
73410  -49.431  -21.224  52.212 0.0000000000
74405  -51.298  -20.238  53.662 0.0000000000
78562  -49.653  -16.688  51.014 0.0000000000
80998  -55.374  -14.294  39.174 0.0000000000
82094  -56.955  -13.452  37.769 0.0000000000
83186  -58.158  -12.152  36.758 0.0000000000
83213  -57.238  -12.177  34.757 0.0000000000
85166  -59.148  -10.777  36.247 0.0000000000
58699  -41.310  -33.894  57.897 0.0000000000
60943  -41.899  -33.231  56.835 0.0000000000
59840  -40.921  -33.283  56.206 0.0000000000
57465  -38.768  -35.557  57.373 0.0000000000
57466  -39.961  -34.753  57.259 0.0000000000
58660  -41.175  -34.416  58.696 0.0000000000
68905  -44.024  -25.849  51.759 0.0000000000
70106  -45.569  -25.192  52.604 0.0000000000
70133  -44.703  -25.075  50.375 0.0000000000
83117  -52.386  -12.793  43.364 0.0000000000
84122  -52.561  -12.471  44.093 0.0000000000
84135  -54.211  -12.075  43.738 0.0000000000
83120  -55.017  -12.317  42.760 0.0000000000
83128  -55.327  -12.594  42.064 0.0000000000
41750  -16.085  -49.851  68.159 0.0000000000
39555  -15.490  -50.912  68.530 0.0000000000
40656  -16.317  -50.399  69.597 0.0000000000
66505  -41.547  -27.309  56.428 0.0000000000
67651  -42.495  -26.715  57.476 0.0000000000
67662  -41.709  -26.611  56.600 0.0000000000
68811  -41.140  -25.879  56.235 0.0000000000
68809  -39.886  -26.224  55.312 0.0000000000
47281  -23.903  -44.701  71.538 0.0000000000
50246  -32.015  -42.332  68.139 0.0000000000
50233  -32.074  -42.248  69.042 0.0000000000
50248  -33.401  -41.778  68.344 0.0000000000
50225  -33.807  -41.542  69.895 0.0000000000
51332  -34.080  -41.224  68.209 0.0000000000
54886  -39.029  -38.690  64.216 0.0000000000
54885  -37.934  -38.949  64.335 0.0000000000
54864  -39.911  -38.533  65.067 0.0000000000
54845  -39.670  -38.409  66.093 0.0000000000
48287  -22.657  -44.424  68.790 0.0000000000
47310  -22.775  -44.900  69.578 0.0000000000
47280  -23.032  -44.827  71.611 0.0000000000
71023  -47.229  -24.344  64.397 0.0000000000
77514  -45.447  -17.853  47.233 0.0000000000
76436  -46.345  -18.776  48.918 0.0000000000
78597  -46.457  -17.437  48.536 0.0000000000
59748  -45.998  -33.446  61.161 0.0000000000
60877  -45.801  -32.247  60.947 0.0000000000
60888  -45.412  -32.264  60.078 0.0000000000
62079  -44.023  -31.090  57.092 0.0000000000
64186  -42.716  -29.763  56.228 0.0000000000
65335  -42.752  -28.967  56.437 0.0000000000
49282  -23.595  -43.190  66.122 0.0000000000
49239  -24.792  -42.870  67.867 0.0000000000
49283  -24.567  -42.674  65.940 0.0000000000
50326  -27.434  -41.962  64.127 0.0000000000
50285  -27.021  -42.286  65.566 0.0000000000
50308  -28.561  -42.012  65.051 0.0000000000
50288  -29.653  -42.318  65.993 0.0000000000
50329  -30.129  -42.024  64.342 0.0000000000
56251  -34.309  -36.648  58.265 0.0000000000
56237  -39.167  -36.105  59.888 0.0000000000
56235  -37.365  -37.106  59.879 0.0000000000
56219  -39.229  -36.533  60.626 0.0000000000
54954  -39.402  -37.402  61.746 0.0000000000
56187  -40.432  -36.959  61.950 0.0000000000
56171  -41.732  -36.866  62.940 0.0000000000
57403  -41.655  -35.790  61.719 0.0000000000
58643  -44.581  -34.562  60.233 0.0000000000
58625  -44.020  -35.175  61.004 0.0000000000
58626  -45.316  -34.585  61.052 0.0000000000
58611  -46.624  -34.242  62.035 0.0000000000
49314  -22.504  -43.646  64.075 0.0000000000
69998  -45.975  -25.016  58.699 0.0000000000
71140  -47.662  -24.159  59.495 0.0000000000
70015  -47.115  -25.126  57.794 0.0000000000
71195  -47.820  -24.007  54.566 0.0000000000
71177  -48.245  -24.164  56.217 0.0000000000
72309  -49.271  -23.361  55.930 0.0000000000
72293  -50.231  -22.901  56.451 0.0000000000
72326  -49.572  -22.352  54.373 0.0000000000
79776  -49.213  -15.330  45.673 0.0000000000
80867  -49.030  -15.371  47.548 0.0000000000
80901  -49.871  -14.638  45.911 0.0000000000
84102  -54.185  -12.360  46.620 0.0000000000
78650  -46.719  -16.418  44.095 0.0000000000
79822  -45.894  -16.087  42.524 0.0000000000
79848  -47.530  -15.099  41.747 0.0000000000
80960  -48.371  -14.733  41.421 0.0000000000
80951  -49.864  -14.258  42.687 0.0000000000
80972  -49.180  -14.385  40.247 0.0000000000
80973  -50.295  -14.337  40.311 0.0000000000
39533  -14.338  -52.248  68.660 0.0000000000
37021  -13.152  -54.162  71.313 0.0000000000
41692  -16.237  -50.303  74.926 0.0000000000
40601  -15.414  -51.091  73.786 0.0000000000
40587  -15.544  -51.184  74.873 0.0000000000
36995  -14.295  -53.752  74.323 0.0000000000
34549  -14.323  -55.113  74.335 0.0000000000
34558  -13.194  -55.391  73.652 0.0000000000
34559  -13.795  -55.716  74.084 0.0000000000
32199  -13.205  -57.352  73.722 0.0000000000
64101  -45.131  -29.461  61.946 0.0000000000
64093  -45.050  -29.414  62.820 0.0000000000
64100  -45.035  -28.818  61.635 0.0000000000
68767  -43.963  -26.234  59.875 0.0000000000
67604  -44.227  -26.609  61.483 0.0000000000
68756  -44.358  -26.006  61.603 0.0000000000
69943  -44.475  -25.828  62.003 0.0000000000
69978  -44.342  -25.544  60.205 0.0000000000
69979  -44.619  -24.983  59.952 0.0000000000
69995  -44.090  -25.548  59.271 0.0000000000
70081  -41.716  -25.134  54.859 0.0000000000
70065  -42.930  -25.336  55.649 0.0000000000
68843  -42.206  -25.614  54.153 0.0000000000
68860  -42.793  -25.942  53.346 0.0000000000
68881  -41.508  -26.235  52.432 0.0000000000
48263  -27.685  -43.450  69.941 0.0000000000
48250  -27.878  -43.591  70.937 0.0000000000
48251  -28.855  -43.522  70.909 0.0000000000
54924  -31.217  -38.158  61.382 0.0000000000
52597  -30.821  -39.492  61.732 0.0000000000
53747  -31.566  -38.990  61.961 0.0000000000
52572  -31.999  -40.273  63.020 0.0000000000
53733  -32.259  -39.131  62.854 0.0000000000
56216  -34.535  -36.958  60.173 0.0000000000
56198  -33.150  -36.181  60.864 0.0000000000
56185  -34.120  -37.356  62.164 0.0000000000
54883  -35.767  -38.456  64.531 0.0000000000
56151  -34.623  -38.178  64.042 0.0000000000
54859  -34.875  -38.513  65.614 0.0000000000
54858  -34.082  -38.760  65.519 0.0000000000
54840  -34.785  -38.908  66.361 0.0000000000
53662  -35.513  -39.498  67.311 0.0000000000
54820  -36.537  -38.987  67.587 0.0000000000
57338  -43.996  -36.808  64.371 0.0000000000
46227  -18.486  -46.367  66.513 0.0000000000
45051  -18.876  -46.626  67.788 0.0000000000
45035  -17.984  -47.498  68.165 0.0000000000
46145  -22.432  -45.759  74.607 0.0000000000
72429  -44.064  -22.624  47.981 0.0000000000
72416  -45.892  -23.205  49.135 0.0000000000
73466  -46.266  -22.387  48.718 0.0000000000
75412  -48.436  -19.758  50.544 0.0000000000
74433  -48.325  -21.083  50.780 0.0000000000
74435  -49.416  -20.286  51.380 0.0000000000
73398  -50.314  -21.247  53.315 0.0000000000
75371  -50.604  -20.139  52.681 0.0000000000
80837  -49.832  -14.755  49.745 0.0000000000
79708  -49.083  -15.718  50.274 0.0000000000
79710  -50.251  -15.715  51.050 0.0000000000
82061  -52.341  -14.056  39.016 0.0000000000
80988  -53.926  -14.384  39.783 0.0000000000
80996  -53.600  -14.287  38.977 0.0000000000
82093  -55.852  -13.839  38.015 0.0000000000
82109  -56.221  -13.589  36.710 0.0000000000
83172  -58.104  -12.278  37.682 0.0000000000
82122  -57.151  -13.047  36.131 0.0000000000
85203  -56.845  -10.688  33.290 0.0000000000
84246  -56.671  -11.266  33.713 0.0000000000
84247  -57.474  -11.007  33.728 0.0000000000
84223  -58.496  -10.936  35.632 0.0000000000
84236  -58.652  -10.594  35.028 0.0000000000
85193  -59.431  -10.223  34.877 0.0000000000
85218  -60.045  -9.964  33.393 0.0000000000
59762  -44.022  -34.237  59.579 0.0000000000
59802  -44.140  -33.088  58.559 0.0000000000
59824  -42.950  -33.375  57.592 0.0000000000
60956  -42.839  -32.331  56.462 0.0000000000
50304  -24.938  -42.243  64.391 0.0000000000
56273  -37.870  -36.067  57.622 0.0000000000
57448  -38.975  -35.748  58.516 0.0000000000
57435  -39.664  -35.558  59.520 0.0000000000
57419  -40.698  -35.682  60.546 0.0000000000
57436  -40.963  -34.986  59.356 0.0000000000
58662  -42.614  -34.386  59.679 0.0000000000
68829  -45.148  -25.839  54.975 0.0000000000
70051  -46.240  -25.393  56.094 0.0000000000
70084  -46.122  -25.072  54.328 0.0000000000
70095  -46.561  -24.729  53.588 0.0000000000
71217  -46.950  -24.165  52.851 0.0000000000
82004  -50.300  -13.637  44.329 0.0000000000
81991  -50.800  -13.676  45.210 0.0000000000
83094  -51.706  -12.849  44.460 0.0000000000
83096  -53.304  -12.879  44.798 0.0000000000
83134  -56.865  -12.352  40.878 0.0000000000
39534  -15.117  -51.658  68.906 0.0000000000
38313  -14.703  -52.625  70.362 0.0000000000
65266  -43.836  -28.445  58.732 0.0000000000
66460  -44.425  -27.804  60.451 0.0000000000
66476  -43.595  -27.289  58.905 0.0000000000
67643  -43.548  -26.542  58.972 0.0000000000
68786  -42.967  -25.932  58.326 0.0000000000
70010  -43.159  -25.633  58.279 0.0000000000
70029  -42.450  -25.738  57.005 0.0000000000
70063  -41.429  -25.223  55.546 0.0000000000
70093  -40.394  -25.405  54.158 0.0000000000
49230  -29.700  -42.974  68.957 0.0000000000
49205  -30.200  -43.043  70.588 0.0000000000
49217  -31.019  -42.678  69.894 0.0000000000
49207  -31.613  -42.582  70.735 0.0000000000
51298  -34.678  -41.017  70.366 0.0000000000
56213  -30.075  -36.756  60.521 0.0000000000
56197  -31.316  -36.900  61.210 0.0000000000
54926  -36.405  -38.082  62.577 0.0000000000
56186  -35.250  -37.763  62.628 0.0000000000
54905  -37.121  -38.439  63.480 0.0000000000
54884  -36.855  -38.618  64.478 0.0000000000
54861  -36.703  -38.696  65.474 0.0000000000
54821  -37.542  -38.713  67.363 0.0000000000
54822  -38.463  -38.362  67.255 0.0000000000
48327  -21.004  -44.911  65.236 0.0000000000
47338  -20.586  -45.019  66.596 0.0000000000
46202  -21.073  -45.686  69.494 0.0000000000
46186  -20.879  -46.319  70.887 0.0000000000
46176  -22.146  -45.709  71.738 0.0000000000
75432  -44.996  -19.914  47.268 0.0000000000
74451  -46.042  -20.493  48.736 0.0000000000
75421  -46.043  -19.622  48.675 0.0000000000
76437  -47.109  -19.048  49.561 0.0000000000
76424  -48.611  -18.856  50.564 0.0000000000
83169  -51.347  -12.632  37.439 0.0000000000
82090  -52.604  -13.378  37.621 0.0000000000
83170  -52.194  -12.645  36.998 0.0000000000
85216  -57.103  -10.304  32.927 0.0000000000
86179  -58.794  -9.376  33.642 0.0000000000
87191  -58.074  -9.084  32.418 0.0000000000
87192  -58.755  -8.678  32.698 0.0000000000
42809  -18.010  -49.146  71.184 0.0000000000
40631  -16.986  -50.436  71.383 0.0000000000
63046  -46.135  -30.808  64.083 0.0000000000
62000  -46.075  -31.537  62.817 0.0000000000
62008  -45.522  -30.870  61.638 0.0000000000
63083  -44.705  -29.992  60.560 0.0000000000
62042  -44.384  -31.558  58.974 0.0000000000
63106  -44.156  -30.585  58.614 0.0000000000
64131  -44.122  -29.509  59.021 0.0000000000
65283  -43.348  -28.713  57.871 0.0000000000
65304  -41.952  -28.073  56.267 0.0000000000
48288  -23.719  -43.997  68.413 0.0000000000
48273  -24.788  -43.792  69.446 0.0000000000
48289  -24.555  -43.458  68.410 0.0000000000
49226  -26.352  -43.178  68.694 0.0000000000
49242  -27.732  -42.974  68.028 0.0000000000
50284  -26.178  -42.198  65.450 0.0000000000
49261  -27.419  -42.681  67.235 0.0000000000
49243  -28.592  -43.096  68.095 0.0000000000
49264  -29.881  -42.714  67.585 0.0000000000
50265  -30.693  -42.360  67.227 0.0000000000
50291  -32.445  -41.829  66.260 0.0000000000
56232  -34.004  -36.516  59.234 0.0000000000
54971  -35.479  -37.409  60.564 0.0000000000
56253  -36.404  -37.156  58.751 0.0000000000
54993  -36.757  -37.492  60.136 0.0000000000
54972  -36.390  -37.606  60.750 0.0000000000
54952  -37.743  -37.814  61.690 0.0000000000
54907  -39.210  -38.402  63.196 0.0000000000
54888  -40.902  -37.874  63.891 0.0000000000
54866  -41.650  -37.730  64.442 0.0000000000
56153  -41.969  -37.168  63.537 0.0000000000
57351  -43.061  -36.922  63.794 0.0000000000
57353  -44.341  -36.312  63.941 0.0000000000
57404  -43.034  -35.402  61.370 0.0000000000
57387  -43.997  -35.616  62.221 0.0000000000
57370  -44.752  -35.952  63.164 0.0000000000
58596  -46.686  -34.912  62.808 0.0000000000
48328  -21.526  -44.626  65.798 0.0000000000
71095  -46.816  -23.629  61.515 0.0000000000
71096  -47.522  -23.370  61.427 0.0000000000
71119  -48.524  -23.545  60.543 0.0000000000
72265  -49.311  -23.669  59.427 0.0000000000
71167  -48.198  -24.538  57.001 0.0000000000
71168  -48.846  -24.326  57.685 0.0000000000
78608  -47.011  -16.295  46.878 0.0000000000
79746  -47.163  -16.184  48.124 0.0000000000
79747  -47.783  -15.758  47.833 0.0000000000
80851  -49.112  -15.274  48.625 0.0000000000
81932  -50.244  -14.366  49.114 0.0000000000
81962  -51.102  -14.358  47.156 0.0000000000
81951  -51.810  -13.627  48.477 0.0000000000
70148  -42.091  -25.226  48.695 0.0000000000
71269  -43.986  -24.430  49.036 0.0000000000
71284  -42.591  -24.025  47.727 0.0000000000
72448  -42.966  -22.550  46.909 0.0000000000
73476  -43.243  -21.591  46.489 0.0000000000
74470  -43.524  -20.841  45.931 0.0000000000
76459  -44.191  -19.564  46.332 0.0000000000
77512  -44.305  -18.806  46.336 0.0000000000
77528  -45.168  -17.754  46.405 0.0000000000
78632  -45.690  -17.394  45.761 0.0000000000
78633  -46.552  -16.795  45.299 0.0000000000
78634  -47.402  -16.178  44.987 0.0000000000
79790  -48.034  -15.546  44.605 0.0000000000
78678  -46.662  -15.848  42.544 0.0000000000
79824  -47.747  -15.437  43.029 0.0000000000
80931  -49.124  -14.387  43.953 0.0000000000
82021  -50.067  -14.005  43.294 0.0000000000
82035  -51.253  -13.805  42.323 0.0000000000
82036  -52.202  -13.651  42.226 0.0000000000
80965  -53.690  -13.957  41.452 0.0000000000
80963  -51.748  -14.186  41.516 0.0000000000
80985  -51.133  -14.247  39.719 0.0000000000
82059  -50.896  -13.863  39.056 0.0000000000
83153  -50.092  -12.567  38.003 0.0000000000
40622  -16.308  -51.010  71.835 0.0000000000
39499  -15.721  -51.567  72.046 0.0000000000
38289  -14.676  -52.961  72.114 0.0000000000
39472  -14.944  -52.179  74.377 0.0000000000
39479  -14.283  -52.812  73.793 0.0000000000
38287  -13.603  -53.487  72.747 0.0000000000
37012  -12.831  -54.666  72.225 0.0000000000
35793  -11.978  -55.448  73.010 0.0000000000
33349  -11.071  -56.644  72.747 0.0000000000
32198  -12.241  -57.325  73.543 0.0000000000
71036  -45.970  -24.211  63.869 0.0000000000
66400  -45.918  -27.694  64.504 0.0000000000
66433  -44.270  -27.124  61.784 0.0000000000
66422  -44.741  -27.223  62.839 0.0000000000
68719  -44.902  -25.767  63.377 0.0000000000
71035  -45.470  -24.751  63.384 0.0000000000
71056  -45.983  -24.248  62.942 0.0000000000
71094  -45.907  -24.270  60.926 0.0000000000
69997  -45.365  -25.113  59.026 0.0000000000
70032  -44.924  -25.424  57.406 0.0000000000
70030  -43.122  -25.333  57.394 0.0000000000
70049  -44.319  -25.581  56.614 0.0000000000
70067  -44.727  -25.750  55.760 0.0000000000
68845  -43.985  -25.807  54.186 0.0000000000
68883  -43.443  -25.909  52.470 0.0000000000
68924  -42.797  -25.930  50.636 0.0000000000
67687  -39.082  -26.557  55.388 0.0000000000
68825  -38.501  -26.072  54.754 0.0000000000
68841  -39.632  -25.400  54.258 0.0000000000
68857  -39.745  -25.511  53.603 0.0000000000
68880  -40.424  -26.014  52.433 0.0000000000
68902  -41.155  -26.617  51.409 0.0000000000
68923  -41.891  -26.054  50.317 0.0000000000
68946  -42.212  -25.577  49.407 0.0000000000
48236  -29.728  -43.322  71.730 0.0000000000
51415  -28.580  -41.128  62.033 0.0000000000
52595  -29.239  -40.506  60.859 0.0000000000
51398  -29.594  -41.515  63.097 0.0000000000
51400  -31.338  -41.244  63.262 0.0000000000
51382  -32.428  -41.182  64.613 0.0000000000
51353  -33.326  -41.371  66.182 0.0000000000
57398  -32.116  -35.843  60.795 0.0000000000
57379  -32.194  -36.056  61.576 0.0000000000
56165  -32.270  -37.376  62.188 0.0000000000
56168  -34.418  -37.758  63.220 0.0000000000
56167  -33.671  -37.530  62.765 0.0000000000
54903  -33.161  -38.140  63.093 0.0000000000
54880  -33.314  -38.557  64.117 0.0000000000
53700  -33.651  -39.778  65.764 0.0000000000
52534  -33.973  -40.621  66.568 0.0000000000
52510  -35.019  -40.245  68.038 0.0000000000
52494  -35.540  -39.801  69.007 0.0000000000
41757  -15.736  -49.350  67.359 0.0000000000
42834  -16.787  -48.818  68.086 0.0000000000
46251  -17.836  -46.373  64.887 0.0000000000
45086  -17.324  -47.190  65.288 0.0000000000
45067  -17.452  -47.461  66.567 0.0000000000
43910  -17.502  -48.392  68.553 0.0000000000
42818  -17.838  -48.750  70.121 0.0000000000
42810  -18.428  -48.623  71.018 0.0000000000
46165  -21.184  -46.265  73.383 0.0000000000
71255  -45.604  -24.444  50.422 0.0000000000
71256  -46.466  -23.723  50.450 0.0000000000
72364  -48.020  -22.835  52.350 0.0000000000
73439  -46.974  -21.659  50.015 0.0000000000
72387  -48.200  -22.154  51.572 0.0000000000
72343  -48.704  -22.638  53.113 0.0000000000
73385  -50.022  -21.862  53.771 0.0000000000
78574  -47.839  -16.877  49.128 0.0000000000
78576  -48.772  -17.081  50.480 0.0000000000
77459  -49.417  -17.680  50.953 0.0000000000
82049  -54.658  -13.768  41.493 0.0000000000
82062  -55.711  -13.918  40.121 0.0000000000
82063  -56.576  -13.217  40.005 0.0000000000
82092  -54.564  -14.069  37.760 0.0000000000
81009  -55.649  -14.108  38.678 0.0000000000
83155  -57.408  -12.407  39.166 0.0000000000
83156  -57.820  -12.016  38.738 0.0000000000
84179  -58.695  -11.216  38.358 0.0000000000
83212  -56.671  -12.506  34.928 0.0000000000
83199  -58.098  -11.865  35.669 0.0000000000
84209  -58.796  -11.096  36.536 0.0000000000
86168  -59.859  -9.955  34.387 0.0000000000
58698  -40.760  -33.844  57.307 0.0000000000
59822  -41.365  -33.242  57.019 0.0000000000
58697  -39.983  -34.079  56.776 0.0000000000
57467  -40.512  -34.354  57.753 0.0000000000
70132  -43.700  -25.586  50.241 0.0000000000
70117  -44.157  -25.765  50.990 0.0000000000
82024  -52.703  -13.146  42.804 0.0000000000
83107  -53.241  -12.417  43.390 0.0000000000
83119  -54.182  -12.546  43.051 0.0000000000
84145  -54.813  -11.968  43.345 0.0000000000
83127  -54.649  -12.800  42.363 0.0000000000
41741  -16.185  -50.116  69.127 0.0000000000
40641  -16.750  -50.460  70.306 0.0000000000
66504  -40.999  -26.849  56.168 0.0000000000
67661  -41.003  -26.531  56.153 0.0000000000
68797  -41.057  -26.203  56.191 0.0000000000
47282  -24.557  -44.639  71.739 0.0000000000
48260  -24.611  -44.263  70.812 0.0000000000
50267  -32.972  -42.191  67.175 0.0000000000
50247  -32.782  -42.181  68.291 0.0000000000
50268  -33.271  -41.973  67.786 0.0000000000
51343  -33.733  -41.433  67.321 0.0000000000
54887  -40.079  -38.446  64.029 0.0000000000
54846  -40.779  -38.338  65.783 0.0000000000
47294  -23.694  -44.666  70.718 0.0000000000
78606  -46.172  -17.366  47.789 0.0000000000
60889  -45.684  -32.801  60.298 0.0000000000
59782  -44.975  -32.822  59.547 0.0000000000
63142  -42.848  -30.663  56.013 0.0000000000
49303  -24.455  -42.442  64.969 0.0000000000
51378  -28.136  -41.908  63.440 0.0000000000
50327  -28.332  -42.107  64.205 0.0000000000
50309  -29.448  -42.094  65.131 0.0000000000
50328  -29.251  -41.992  64.127 0.0000000000
57418  -39.739  -35.981  60.349 0.0000000000
56202  -39.838  -36.885  61.491 0.0000000000
56203  -40.522  -36.564  61.607 0.0000000000
56204  -41.001  -36.274  61.863 0.0000000000
57402  -40.780  -36.114  61.354 0.0000000000
58644  -45.220  -34.223  60.421 0.0000000000
59747  -45.539  -34.001  60.619 0.0000000000
70014  -46.442  -25.295  58.109 0.0000000000
70034  -46.748  -25.302  57.114 0.0000000000
72324  -48.195  -23.486  54.249 0.0000000000
71196  -48.249  -23.717  55.093 0.0000000000
72325  -48.703  -23.106  54.562 0.0000000000
79777  -49.621  -14.763  45.489 0.0000000000
80900  -49.562  -15.002  45.887 0.0000000000
84088  -54.321  -12.149  47.782 0.0000000000
78664  -45.894  -16.569  43.085 0.0000000000
80961  -49.522  -14.431  41.478 0.0000000000
37039  -13.436  -53.654  70.348 0.0000000000
37022  -13.575  -53.521  71.037 0.0000000000
41680  -15.825  -50.672  75.145 0.0000000000
40588  -15.850  -50.933  75.379 0.0000000000
33341  -13.863  -56.660  74.205 0.0000000000
64111  -44.904  -29.333  60.659 0.0000000000
68755  -44.392  -26.259  61.081 0.0000000000
69977  -44.243  -25.955  60.449 0.0000000000
69962  -44.567  -25.828  61.102 0.0000000000
68842  -41.286  -25.530  54.159 0.0000000000
68859  -41.852  -25.882  53.323 0.0000000000
49203  -28.515  -43.316  70.250 0.0000000000
53748  -32.122  -38.541  62.371 0.0000000000
56200  -34.873  -37.209  61.407 0.0000000000
56199  -33.791  -36.931  61.078 0.0000000000
54860  -35.742  -38.685  65.530 0.0000000000
54882  -35.040  -38.338  64.785 0.0000000000
54841  -35.666  -38.899  66.480 0.0000000000
57339  -44.822  -36.625  64.492 0.0000000000
46185  -20.087  -46.619  70.600 0.0000000000
73464  -44.799  -21.744  47.858 0.0000000000
73465  -45.702  -22.065  48.263 0.0000000000
75398  -49.140  -19.670  50.870 0.0000000000
75386  -50.231  -19.939  52.153 0.0000000000
75400  -50.387  -19.295  51.631 0.0000000000
80838  -50.318  -14.525  50.200 0.0000000000
80824  -49.962  -15.145  50.396 0.0000000000
82074  -52.993  -13.872  38.484 0.0000000000
83185  -55.396  -13.198  36.125 0.0000000000
82121  -56.676  -13.300  36.275 0.0000000000
85204  -57.735  -10.334  33.367 0.0000000000
84248  -57.957  -10.711  33.855 0.0000000000
84235  -58.165  -10.956  34.520 0.0000000000
85192  -58.782  -10.157  34.454 0.0000000000
59801  -43.302  -33.476  58.337 0.0000000000
60955  -41.891  -32.601  56.277 0.0000000000
60944  -42.982  -33.158  56.801 0.0000000000
56295  -37.637  -35.727  56.971 0.0000000000
58681  -41.630  -34.075  58.381 0.0000000000
58661  -42.069  -34.448  59.175 0.0000000000
59779  -42.534  -34.273  58.986 0.0000000000
59780  -43.076  -34.154  59.249 0.0000000000
68846  -44.828  -25.910  54.202 0.0000000000
68830  -45.806  -25.538  54.962 0.0000000000
68863  -45.262  -25.651  53.449 0.0000000000
70120  -46.020  -24.892  52.051 0.0000000000
70107  -46.296  -24.821  52.664 0.0000000000
71238  -46.425  -24.318  51.507 0.0000000000
82012  -50.831  -13.067  43.763 0.0000000000
83093  -51.048  -13.029  44.650 0.0000000000
83104  -51.101  -12.815  44.257 0.0000000000
84113  -53.980  -12.749  45.287 0.0000000000
84114  -54.916  -12.164  45.510 0.0000000000
84154  -56.820  -11.904  41.685 0.0000000000
84161  -57.262  -11.807  41.169 0.0000000000
40639  -15.625  -51.320  69.391 0.0000000000
39554  -15.139  -51.133  68.256 0.0000000000
38336  -14.733  -52.342  69.451 0.0000000000
65253  -44.295  -27.943  59.619 0.0000000000
67642  -43.069  -26.840  58.396 0.0000000000
68775  -42.939  -26.303  58.333 0.0000000000
68785  -42.643  -25.980  57.677 0.0000000000
70009  -42.732  -25.700  57.683 0.0000000000
68799  -42.382  -25.986  56.966 0.0000000000
70045  -40.817  -25.649  55.811 0.0000000000
70046  -41.360  -25.604  56.193 0.0000000000
70062  -40.489  -25.656  55.370 0.0000000000
70080  -40.827  -25.231  54.849 0.0000000000
70079  -39.913  -25.521  54.683 0.0000000000
49245  -30.251  -42.727  68.187 0.0000000000
49231  -30.625  -42.836  68.976 0.0000000000
50223  -31.861  -42.016  70.003 0.0000000000
50210  -32.372  -42.299  70.689 0.0000000000
51320  -34.402  -40.930  69.084 0.0000000000
51309  -34.510  -41.054  69.950 0.0000000000
57396  -31.205  -36.817  60.788 0.0000000000
56196  -30.611  -37.045  60.887 0.0000000000
54927  -37.434  -38.025  62.573 0.0000000000
54863  -38.818  -38.685  65.274 0.0000000000
54843  -37.631  -38.632  66.414 0.0000000000
54844  -38.630  -38.546  66.314 0.0000000000
54823  -39.429  -38.386  67.077 0.0000000000
47348  -21.016  -44.943  66.204 0.0000000000
47347  -20.613  -44.994  65.618 0.0000000000
47339  -21.226  -44.827  66.831 0.0000000000
47309  -21.908  -45.133  69.335 0.0000000000
46187  -21.731  -45.576  70.479 0.0000000000
47268  -24.081  -44.803  72.465 0.0000000000
47267  -23.198  -44.987  72.728 0.0000000000
75433  -45.497  -19.989  48.094 0.0000000000
76450  -45.736  -19.101  48.358 0.0000000000
77489  -46.976  -18.120  49.317 0.0000000000
77490  -47.494  -18.442  49.807 0.0000000000
76423  -47.838  -18.999  50.294 0.0000000000
77474  -48.157  -17.996  50.110 0.0000000000
85215  -56.433  -10.263  32.774 0.0000000000
86190  -56.017  -9.515  32.265 0.0000000000
86191  -57.395  -9.692  32.489 0.0000000000
86202  -56.679  -9.169  31.885 0.0000000000
42801  -17.985  -49.141  72.167 0.0000000000
41682  -17.234  -49.927  75.504 0.0000000000
60857  -46.638  -32.093  63.018 0.0000000000
61987  -46.196  -31.503  63.673 0.0000000000
62016  -45.467  -31.339  60.696 0.0000000000
62017  -45.741  -31.448  61.272 0.0000000000
63084  -45.134  -30.147  61.016 0.0000000000
63096  -45.094  -30.728  60.325 0.0000000000
60924  -44.132  -32.670  58.145 0.0000000000
60905  -44.300  -32.526  58.877 0.0000000000
62062  -44.046  -31.586  57.807 0.0000000000
63116  -43.536  -30.230  57.420 0.0000000000
64145  -43.701  -29.963  58.176 0.0000000000
64130  -43.653  -29.218  58.315 0.0000000000
65305  -42.617  -28.426  56.702 0.0000000000
49259  -25.215  -42.678  67.004 0.0000000000
49240  -25.807  -42.967  67.853 0.0000000000
49241  -26.815  -42.984  67.914 0.0000000000
50283  -25.289  -42.393  65.258 0.0000000000
50286  -27.895  -42.422  65.692 0.0000000000
50261  -27.208  -42.481  66.387 0.0000000000
50262  -28.099  -42.536  66.555 0.0000000000
49262  -28.325  -42.721  67.375 0.0000000000
49263  -29.175  -42.817  67.459 0.0000000000
50310  -30.367  -42.142  65.213 0.0000000000
50289  -30.570  -42.326  66.144 0.0000000000
50290  -31.485  -42.056  66.272 0.0000000000
56233  -34.723  -37.014  59.110 0.0000000000
54991  -35.231  -37.379  59.619 0.0000000000
56272  -36.795  -36.377  57.628 0.0000000000
56217  -37.731  -37.378  60.573 0.0000000000
54973  -37.285  -37.793  60.730 0.0000000000
54930  -40.145  -37.432  62.266 0.0000000000
54929  -39.340  -37.928  62.331 0.0000000000
54908  -40.111  -37.915  63.139 0.0000000000
54889  -41.541  -37.445  63.771 0.0000000000
57385  -41.963  -36.155  62.798 0.0000000000
57367  -42.162  -36.559  63.067 0.0000000000
57368  -42.740  -36.536  63.275 0.0000000000
57352  -43.564  -36.605  63.813 0.0000000000
57369  -43.675  -36.119  63.210 0.0000000000
57420  -42.020  -35.005  60.499 0.0000000000
58609  -44.758  -35.289  61.706 0.0000000000
58608  -44.124  -35.372  61.653 0.0000000000
57388  -45.192  -35.609  62.397 0.0000000000
57355  -46.233  -35.701  63.598 0.0000000000
58595  -46.104  -35.313  62.561 0.0000000000
59736  -46.588  -33.377  61.902 0.0000000000
59725  -46.905  -33.649  62.661 0.0000000000
60848  -47.017  -32.744  63.266 0.0000000000
48301  -23.442  -43.915  67.290 0.0000000000
71141  -48.519  -23.811  59.924 0.0000000000
72245  -49.051  -23.418  60.310 0.0000000000
70069  -46.973  -24.975  55.384 0.0000000000
70052  -47.155  -24.992  56.244 0.0000000000
70053  -47.797  -24.570  56.264 0.0000000000
71178  -48.784  -23.983  56.593 0.0000000000
72276  -49.592  -23.908  58.328 0.0000000000
72277  -50.330  -23.292  57.774 0.0000000000
72294  -50.716  -22.097  56.445 0.0000000000
79760  -47.224  -16.127  47.475 0.0000000000
80868  -50.171  -15.123  48.004 0.0000000000
80852  -49.719  -14.793  48.968 0.0000000000
81949  -50.231  -14.628  48.640 0.0000000000
81992  -51.578  -13.794  45.541 0.0000000000
81973  -51.048  -14.271  46.181 0.0000000000
81974  -51.768  -14.111  46.419 0.0000000000
81952  -52.446  -13.374  48.103 0.0000000000
31011  -11.425  -58.026  72.871 0.0000000000
32218  -10.607  -57.877  72.383 0.0000000000
31024  -11.115  -58.325  72.507 0.0000000000
72468  -42.379  -22.525  46.563 0.0000000000
73495  -42.505  -22.048  46.298 0.0000000000
75440  -44.131  -20.322  46.327 0.0000000000
75439  -43.579  -19.958  45.862 0.0000000000
77511  -43.835  -18.825  45.947 0.0000000000
77526  -44.014  -18.572  45.727 0.0000000000
77527  -44.559  -18.213  46.026 0.0000000000
77557  -45.053  -17.322  45.263 0.0000000000
78620  -46.501  -16.795  46.417 0.0000000000
78651  -47.432  -15.828  44.227 0.0000000000
79806  -47.907  -15.433  43.793 0.0000000000
79839  -48.228  -15.220  42.370 0.0000000000
79838  -47.620  -15.451  42.340 0.0000000000
79825  -48.420  -15.060  43.181 0.0000000000
80941  -49.017  -14.477  43.334 0.0000000000
80942  -49.606  -14.136  43.572 0.0000000000
80952  -50.483  -14.033  42.450 0.0000000000
80984  -50.625  -14.141  39.587 0.0000000000
80974  -51.345  -14.451  40.613 0.0000000000
35812  -12.704  -54.468  70.542 0.0000000000
41720  -17.147  -50.134  72.880 0.0000000000
40623  -16.711  -50.474  72.397 0.0000000000
40614  -16.726  -50.430  73.031 0.0000000000
39489  -15.502  -51.583  72.750 0.0000000000
39488  -15.089  -51.946  73.139 0.0000000000
39498  -15.145  -52.157  72.159 0.0000000000
39497  -14.689  -52.583  72.672 0.0000000000
39473  -15.639  -52.080  74.699 0.0000000000
36994  -13.788  -53.770  74.075 0.0000000000
38268  -14.236  -53.195  74.132 0.0000000000
38276  -13.704  -53.545  73.716 0.0000000000
38281  -14.068  -53.141  73.009 0.0000000000
37008  -13.246  -53.677  72.883 0.0000000000
37013  -13.325  -54.052  72.460 0.0000000000
37007  -12.936  -54.089  72.980 0.0000000000
34568  -12.529  -55.847  73.468 0.0000000000
34557  -12.245  -55.663  73.298 0.0000000000
34567  -11.451  -55.881  72.957 0.0000000000
33338  -11.620  -56.146  73.212 0.0000000000
32197  -11.594  -56.900  73.293 0.0000000000
33339  -12.223  -56.289  73.446 0.0000000000
32200  -13.997  -57.622  74.229 0.0000000000
69897  -45.990  -25.063  64.459 0.0000000000
71022  -46.401  -24.492  64.435 0.0000000000
71021  -45.865  -24.596  64.229 0.0000000000
61986  -45.798  -30.843  63.440 0.0000000000
63045  -45.839  -30.094  64.012 0.0000000000
64085  -45.339  -29.356  63.637 0.0000000000
65213  -45.724  -28.477  63.860 0.0000000000
66423  -45.069  -27.648  63.043 0.0000000000
66444  -44.350  -27.392  60.959 0.0000000000
67605  -44.086  -26.605  61.991 0.0000000000
67591  -44.319  -26.597  62.527 0.0000000000
67575  -44.798  -26.578  63.276 0.0000000000
68700  -44.740  -26.190  63.359 0.0000000000
68701  -45.089  -26.101  63.724 0.0000000000
69944  -45.034  -25.440  61.751 0.0000000000
69930  -44.956  -25.555  62.808 0.0000000000
71055  -45.467  -24.816  62.406 0.0000000000
71074  -45.911  -24.124  61.965 0.0000000000
69996  -44.629  -25.319  59.131 0.0000000000
69980  -45.027  -24.885  59.607 0.0000000000
70048  -43.363  -25.442  56.576 0.0000000000
70066  -43.834  -25.555  55.762 0.0000000000
68828  -44.318  -25.788  54.980 0.0000000000
68882  -42.527  -26.116  52.426 0.0000000000
68861  -43.701  -25.866  53.354 0.0000000000
68904  -43.266  -25.926  51.434 0.0000000000
68839  -38.046  -25.947  53.954 0.0000000000
68856  -38.587  -25.735  53.404 0.0000000000
68878  -38.163  -26.124  52.397 0.0000000000
68900  -38.883  -26.379  51.403 0.0000000000
68901  -39.999  -26.511  51.421 0.0000000000
68921  -39.556  -26.556  50.340 0.0000000000
68945  -41.312  -25.865  49.193 0.0000000000
48261  -25.777  -43.794  70.502 0.0000000000
49188  -29.609  -43.473  71.145 0.0000000000
49189  -30.292  -43.037  71.331 0.0000000000
52596  -30.097  -40.082  61.174 0.0000000000
52582  -30.338  -40.616  61.943 0.0000000000
51417  -30.412  -41.083  62.395 0.0000000000
51399  -30.520  -41.497  63.058 0.0000000000
51418  -31.059  -41.052  62.598 0.0000000000
52557  -32.305  -40.427  64.082 0.0000000000
51381  -31.936  -41.154  63.925 0.0000000000
51366  -32.886  -41.253  65.359 0.0000000000
57399  -32.562  -35.948  60.453 0.0000000000
57380  -32.607  -35.974  61.165 0.0000000000
56183  -32.261  -36.659  62.036 0.0000000000
54904  -36.101  -38.064  63.628 0.0000000000
56150  -33.918  -37.866  63.772 0.0000000000
56149  -33.493  -37.992  63.193 0.0000000000
54839  -34.321  -39.293  66.310 0.0000000000
54857  -33.680  -39.131  65.238 0.0000000000
53701  -33.910  -39.282  65.874 0.0000000000
53681  -33.851  -40.160  66.180 0.0000000000
53682  -34.101  -39.905  66.323 0.0000000000
52524  -34.327  -40.607  67.181 0.0000000000
53660  -34.540  -39.921  66.727 0.0000000000
53641  -35.715  -39.526  68.289 0.0000000000
53623  -35.894  -39.293  69.099 0.0000000000
54804  -37.395  -38.689  68.236 0.0000000000
56122  -42.264  -37.503  64.623 0.0000000000
42833  -16.161  -49.090  67.571 0.0000000000
42842  -16.375  -48.694  67.409 0.0000000000
47336  -19.571  -45.485  65.742 0.0000000000
47345  -19.400  -45.654  65.094 0.0000000000
46242  -19.128  -45.948  66.057 0.0000000000
46241  -18.292  -46.331  65.711 0.0000000000
43912  -18.542  -47.865  69.207 0.0000000000
43923  -17.729  -47.967  68.270 0.0000000000
43911  -18.095  -48.078  68.718 0.0000000000
43899  -17.750  -48.482  69.076 0.0000000000
43900  -18.139  -48.359  69.413 0.0000000000
42819  -18.454  -48.403  70.473 0.0000000000
46175  -21.291  -46.422  72.265 0.0000000000
72196  -48.827  -22.980  62.493 0.0000000000
71285  -43.695  -24.083  48.444 0.0000000000
71270  -44.686  -24.414  49.332 0.0000000000
72417  -46.286  -22.764  49.315 0.0000000000
72401  -46.126  -23.473  49.773 0.0000000000
72385  -47.145  -23.341  50.827 0.0000000000
72386  -47.661  -22.554  51.208 0.0000000000
74442  -46.926  -20.660  49.833 0.0000000000
74452  -46.499  -21.008  49.371 0.0000000000
73409  -49.056  -21.417  51.798 0.0000000000
73427  -48.582  -21.559  51.323 0.0000000000
72365  -48.596  -22.054  52.144 0.0000000000
73396  -49.196  -21.876  52.593 0.0000000000
73384  -49.362  -22.251  53.538 0.0000000000
73397  -49.780  -21.397  52.886 0.0000000000
74404  -50.797  -20.687  53.335 0.0000000000
74390  -51.188  -20.944  54.191 0.0000000000
79734  -47.834  -15.964  48.576 0.0000000000
79733  -47.461  -16.547  48.655 0.0000000000
79720  -48.053  -16.397  49.158 0.0000000000
79722  -49.092  -16.430  50.599 0.0000000000
78577  -49.189  -16.791  50.708 0.0000000000
77460  -50.333  -17.653  51.236 0.0000000000
80966  -54.236  -13.863  41.464 0.0000000000
80977  -54.413  -14.191  40.821 0.0000000000
80989  -54.853  -14.354  39.876 0.0000000000
80978  -55.122  -14.160  40.503 0.0000000000
82076  -56.119  -13.918  39.148 0.0000000000
82075  -53.798  -14.101  38.285 0.0000000000
82091  -53.495  -13.537  37.500 0.0000000000
82077  -56.918  -13.265  38.930 0.0000000000
82078  -57.387  -12.792  38.461 0.0000000000
83173  -58.464  -11.653  37.535 0.0000000000
85141  -59.101  -10.946  38.056 0.0000000000
84194  -58.796  -11.153  37.410 0.0000000000
84233  -56.089  -11.970  34.279 0.0000000000
84221  -55.322  -12.256  35.016 0.0000000000
83198  -57.232  -12.639  35.449 0.0000000000
83200  -58.459  -11.272  36.138 0.0000000000
85151  -59.188  -10.921  37.171 0.0000000000
85167  -59.647  -10.876  36.783 0.0000000000
86180  -59.282  -9.402  33.771 0.0000000000
59823  -42.021  -33.529  57.696 0.0000000000
60954  -41.535  -33.153  56.639 0.0000000000
57450  -40.507  -34.622  58.287 0.0000000000
58680  -40.944  -34.182  58.086 0.0000000000
68884  -44.386  -25.799  52.481 0.0000000000
68885  -44.996  -25.650  52.812 0.0000000000
70105  -45.096  -25.460  52.166 0.0000000000
70118  -44.814  -25.550  51.421 0.0000000000
70134  -45.144  -24.941  50.963 0.0000000000
83116  -51.790  -12.839  43.550 0.0000000000
84133  -52.517  -12.542  43.690 0.0000000000
84134  -53.208  -12.326  43.670 0.0000000000
85122  -55.039  -11.405  43.530 0.0000000000
84146  -55.429  -11.886  43.200 0.0000000000
84147  -56.381  -11.989  42.802 0.0000000000
83121  -55.700  -12.310  42.580 0.0000000000
82040  -55.630  -13.061  41.560 0.0000000000
41749  -15.381  -50.288  67.647 0.0000000000
40671  -15.449  -50.603  68.195 0.0000000000
40655  -15.777  -50.716  68.989 0.0000000000
40640  -16.096  -51.065  69.946 0.0000000000
66506  -42.567  -27.542  57.105 0.0000000000
66489  -42.868  -27.233  58.167 0.0000000000
67663  -42.139  -26.994  56.826 0.0000000000
67650  -42.277  -26.647  56.894 0.0000000000
68798  -41.745  -25.969  56.587 0.0000000000
68810  -40.666  -25.938  55.741 0.0000000000
68827  -40.136  -25.971  55.274 0.0000000000
50232  -31.401  -42.470  68.968 0.0000000000
50234  -32.780  -41.997  69.162 0.0000000000
50235  -33.590  -41.608  69.141 0.0000000000
54824  -40.479  -38.496  66.785 0.0000000000
47323  -22.295  -44.781  69.066 0.0000000000
47292  -22.238  -45.215  70.084 0.0000000000
47279  -22.351  -45.145  70.882 0.0000000000
47293  -22.890  -44.942  70.484 0.0000000000
77500  -45.205  -18.564  47.216 0.0000000000
77501  -45.784  -18.186  48.167 0.0000000000
77488  -46.455  -17.782  48.882 0.0000000000
78587  -46.689  -17.484  48.769 0.0000000000
59735  -46.402  -33.095  61.631 0.0000000000
60866  -46.467  -32.506  61.941 0.0000000000
60876  -45.562  -31.946  60.580 0.0000000000
62078  -43.654  -31.968  56.684 0.0000000000
63130  -43.410  -30.712  56.655 0.0000000000
64164  -43.161  -29.855  57.026 0.0000000000
65306  -43.067  -29.032  57.011 0.0000000000
49257  -23.763  -43.433  66.913 0.0000000000
49258  -24.303  -42.964  66.951 0.0000000000
49284  -25.692  -42.543  66.135 0.0000000000
50325  -26.503  -41.803  63.817 0.0000000000
50306  -26.767  -42.015  64.785 0.0000000000
50307  -27.661  -42.057  64.939 0.0000000000
50287  -28.782  -42.308  65.862 0.0000000000
56236  -38.415  -36.518  59.655 0.0000000000
56218  -38.280  -36.986  60.716 0.0000000000
54953  -38.620  -37.621  61.554 0.0000000000
56201  -39.025  -36.981  61.284 0.0000000000
54931  -40.757  -37.122  62.358 0.0000000000
56170  -41.184  -36.900  62.546 0.0000000000
56188  -40.894  -36.707  62.104 0.0000000000
56189  -41.329  -36.318  62.428 0.0000000000
58642  -43.166  -34.607  60.157 0.0000000000
58624  -43.244  -35.081  60.794 0.0000000000
58610  -45.827  -34.944  62.080 0.0000000000
58627  -46.156  -34.193  61.541 0.0000000000
59749  -46.317  -33.718  61.571 0.0000000000
48345  -22.434  -43.840  64.917 0.0000000000
49301  -22.989  -43.612  65.262 0.0000000000
71138  -45.919  -24.864  59.161 0.0000000000
71139  -46.664  -24.783  59.044 0.0000000000
71157  -47.005  -25.012  58.309 0.0000000000
71158  -47.775  -24.784  58.214 0.0000000000
70070  -47.563  -24.582  55.490 0.0000000000
71186  -47.959  -24.032  55.582 0.0000000000
71187  -48.550  -23.759  55.647 0.0000000000
72310  -49.698  -22.604  55.269 0.0000000000
73367  -50.363  -22.020  55.627 0.0000000000
79775  -48.202  -15.821  45.667 0.0000000000
79762  -48.693  -15.629  46.621 0.0000000000
80886  -49.839  -14.791  46.858 0.0000000000
80887  -50.494  -14.562  46.994 0.0000000000
83070  -53.332  -13.217  46.575 0.0000000000
81975  -52.518  -13.698  46.634 0.0000000000
83059  -53.506  -12.635  47.671 0.0000000000
84171  -58.739  -11.334  39.350 0.0000000000
76470  -42.782  -19.349  45.497 0.0000000000
78665  -46.753  -16.234  43.068 0.0000000000
79849  -47.993  -15.319  41.899 0.0000000000
82048  -49.663  -14.165  39.797 0.0000000000
37038  -12.877  -54.141  70.129 0.0000000000
37020  -12.595  -54.793  71.579 0.0000000000
41703  -16.565  -50.034  74.254 0.0000000000
41702  -15.937  -50.435  74.344 0.0000000000
41701  -15.516  -50.845  74.357 0.0000000000
40594  -15.339  -51.323  74.359 0.0000000000
36996  -15.084  -53.701  74.434 0.0000000000
35786  -14.341  -54.458  74.380 0.0000000000
35785  -13.713  -54.570  74.011 0.0000000000
35795  -13.328  -54.908  73.624 0.0000000000
34547  -13.658  -55.096  73.917 0.0000000000
33340  -13.008  -56.353  73.638 0.0000000000
33342  -14.784  -56.903  74.446 0.0000000000
63071  -45.244  -30.161  62.248 0.0000000000
65232  -44.948  -28.826  62.408 0.0000000000
65231  -44.763  -28.024  62.276 0.0000000000
67630  -43.992  -26.723  59.680 0.0000000000
66443  -44.255  -26.948  61.076 0.0000000000
67617  -44.271  -26.610  60.569 0.0000000000
68736  -44.248  -26.344  61.566 0.0000000000
68737  -44.165  -26.204  62.023 0.0000000000
69929  -44.416  -25.916  62.508 0.0000000000
69963  -44.785  -25.150  60.823 0.0000000000
70064  -42.161  -25.206  55.448 0.0000000000
70082  -42.594  -25.264  54.860 0.0000000000
68844  -43.105  -25.750  54.183 0.0000000000
48275  -26.959  -43.403  69.402 0.0000000000
48262  -26.858  -43.759  70.237 0.0000000000
49179  -31.074  -43.107  71.723 0.0000000000
54949  -30.387  -37.828  61.100 0.0000000000
53761  -30.008  -38.805  60.782 0.0000000000
53762  -30.639  -38.862  61.366 0.0000000000
52584  -31.437  -40.699  62.734 0.0000000000
53732  -31.803  -39.707  62.481 0.0000000000
53716  -32.464  -39.438  64.024 0.0000000000
56215  -33.616  -36.486  60.149 0.0000000000
56152  -35.094  -38.361  64.247 0.0000000000
54818  -34.742  -39.362  66.537 0.0000000000
53684  -35.389  -39.216  66.725 0.0000000000
54819  -35.818  -39.156  67.160 0.0000000000
54803  -36.755  -38.735  68.649 0.0000000000
46229  -19.909  -45.681  67.488 0.0000000000
46228  -18.941  -46.091  67.252 0.0000000000
45050  -18.370  -47.048  67.227 0.0000000000
45036  -18.785  -47.128  68.238 0.0000000000
45022  -18.525  -47.568  68.705 0.0000000000
43889  -18.891  -48.131  70.806 0.0000000000
46156  -22.474  -45.622  73.751 0.0000000000
46155  -21.800  -45.980  73.981 0.0000000000
72415  -45.314  -23.459  48.804 0.0000000000
72430  -45.024  -22.673  48.336 0.0000000000
72432  -46.077  -22.793  48.940 0.0000000000
73452  -46.628  -22.039  49.263 0.0000000000
75411  -47.778  -19.889  50.319 0.0000000000
74443  -47.711  -20.935  50.245 0.0000000000
74444  -48.243  -20.462  50.554 0.0000000000
74434  -48.842  -20.648  51.085 0.0000000000
74418  -49.351  -20.860  51.671 0.0000000000
74419  -49.753  -20.555  52.080 0.0000000000
75372  -51.162  -19.933  52.939 0.0000000000
80836  -49.163  -15.311  49.495 0.0000000000
79721  -48.659  -15.981  50.080 0.0000000000
80823  -49.314  -15.435  50.133 0.0000000000
79709  -49.360  -15.810  50.564 0.0000000000
80987  -52.939  -14.238  39.605 0.0000000000
80997  -54.463  -14.389  38.866 0.0000000000
82095  -57.530  -12.773  37.734 0.0000000000
82110  -57.097  -13.289  36.881 0.0000000000
82111  -57.578  -12.661  36.882 0.0000000000
85202  -55.841  -10.698  33.465 0.0000000000
84234  -57.269  -11.615  34.181 0.0000000000
83214  -57.791  -11.598  34.836 0.0000000000
85180  -59.024  -10.470  35.386 0.0000000000
87178  -59.320  -8.964  33.294 0.0000000000
86194  -59.926  -9.253  33.129 0.0000000000
59781  -44.218  -33.272  59.156 0.0000000000
60923  -43.521  -33.220  57.559 0.0000000000
51377  -27.328  -41.882  63.349 0.0000000000
51396  -27.869  -41.560  62.694 0.0000000000
56293  -36.120  -35.894  56.471 0.0000000000
57464  -37.958  -35.619  57.104 0.0000000000
56274  -38.567  -36.044  57.975 0.0000000000
56255  -38.397  -36.221  58.591 0.0000000000
57434  -38.854  -35.949  59.262 0.0000000000
57437  -41.826  -34.726  59.760 0.0000000000
58641  -42.295  -34.527  59.920 0.0000000000
59761  -43.393  -34.353  59.673 0.0000000000
68812  -45.537  -25.688  55.642 0.0000000000
68813  -45.985  -25.466  55.464 0.0000000000
70068  -46.373  -25.248  55.105 0.0000000000
70094  -45.852  -25.125  53.493 0.0000000000
70085  -46.917  -24.612  54.481 0.0000000000
71194  -47.346  -24.271  54.088 0.0000000000
71203  -47.483  -23.965  53.618 0.0000000000
71218  -47.527  -23.521  52.894 0.0000000000
80918  -50.086  -14.227  45.023 0.0000000000
80919  -50.314  -14.292  45.524 0.0000000000
81990  -50.465  -13.669  44.749 0.0000000000
83082  -51.428  -13.264  45.027 0.0000000000
83083  -52.091  -13.337  45.057 0.0000000000
83095  -52.660  -12.856  44.602 0.0000000000
83084  -52.965  -13.347  45.440 0.0000000000
83135  -57.360  -11.908  40.529 0.0000000000
40670  -14.848  -50.713  67.517 0.0000000000
39553  -14.252  -51.527  67.841 0.0000000000
65267  -44.337  -28.752  59.483 0.0000000000
65254  -44.542  -28.542  60.225 0.0000000000
66475  -43.171  -27.093  58.470 0.0000000000
68776  -43.472  -26.042  58.827 0.0000000000
70028  -41.865  -25.739  56.544 0.0000000000
49229  -28.863  -43.172  68.861 0.0000000000
49215  -29.108  -43.133  69.645 0.0000000000
49216  -29.992  -42.986  69.768 0.0000000000
49206  -30.926  -42.799  70.766 0.0000000000
50222  -31.584  -42.318  69.520 0.0000000000
49218  -31.371  -42.514  70.385 0.0000000000
49191  -31.981  -42.839  71.067 0.0000000000
50212  -34.084  -41.583  70.368 0.0000000000
56195  -29.934  -37.188  60.825 0.0000000000
56181  -31.203  -37.377  61.336 0.0000000000
54806  -39.151  -37.984  67.926 0.0000000000
47363  -20.300  -45.122  64.982 0.0000000000
47346  -19.899  -45.231  65.408 0.0000000000
47328  -20.252  -45.241  66.993 0.0000000000
47329  -20.742  -45.161  67.534 0.0000000000
46201  -19.837  -46.443  69.716 0.0000000000
46177  -22.701  -45.156  72.230 0.0000000000
46167  -22.602  -45.441  72.830 0.0000000000
74462  -45.031  -20.751  47.558 0.0000000000
74463  -45.553  -21.079  48.197 0.0000000000
75422  -46.611  -19.912  49.270 0.0000000000
76422  -47.448  -19.341  50.047 0.0000000000
76409  -49.326  -18.738  50.887 0.0000000000
82089  -51.885  -13.250  37.654 0.0000000000
83171  -52.932  -12.942  37.044 0.0000000000
85214  -55.688  -10.049  32.844 0.0000000000
85205  -58.411  -9.959  33.748 0.0000000000
86178  -58.196  -9.737  33.225 0.0000000000
86192  -58.334  -9.321  32.881 0.0000000000
87205  -57.552  -8.636  31.773 0.0000000000
41735  -17.544  -49.684  70.524 0.0000000000
40642  -17.273  -50.231  70.681 0.0000000000
41728  -17.519  -49.723  71.597 0.0000000000
41721  -17.480  -49.647  72.554 0.0000000000
42769  -16.623  -49.843  74.963 0.0000000000
61999  -45.685  -30.796  62.573 0.0000000000
62009  -46.026  -31.471  61.848 0.0000000000
60906  -44.724  -32.155  59.370 0.0000000000
62043  -44.681  -31.522  59.415 0.0000000000
62026  -44.656  -31.147  59.495 0.0000000000
63095  -44.561  -30.358  59.890 0.0000000000
66507  -42.986  -28.285  57.349 0.0000000000
49225  -25.359  -43.254  68.658 0.0000000000
49227  -27.237  -43.002  68.740 0.0000000000
49228  -28.045  -43.104  68.772 0.0000000000
49285  -26.495  -42.454  66.109 0.0000000000
49244  -29.440  -43.070  68.173 0.0000000000
50264  -29.832  -42.533  66.855 0.0000000000
50266  -31.732  -41.980  67.251 0.0000000000
56250  -33.421  -36.154  58.275 0.0000000000
56231  -33.252  -36.139  59.371 0.0000000000
56234  -36.655  -37.320  59.630 0.0000000000
55010  -35.626  -37.421  59.069 0.0000000000
54992  -36.081  -37.490  59.775 0.0000000000
54951  -36.844  -37.962  61.631 0.0000000000
54928  -38.391  -37.961  62.490 0.0000000000
56136  -42.105  -37.316  64.105 0.0000000000
56137  -42.863  -37.302  64.175 0.0000000000
56154  -42.497  -37.033  63.699 0.0000000000
59713  -47.257  -33.800  63.446 0.0000000000
48343  -20.681  -44.669  64.397 0.0000000000
48329  -22.436  -44.047  65.544 0.0000000000
48313  -22.702  -44.215  66.572 0.0000000000
72209  -47.011  -23.387  62.352 0.0000000000
71118  -47.799  -23.646  60.728 0.0000000000
72227  -48.614  -23.192  61.058 0.0000000000
72228  -49.472  -23.186  60.844 0.0000000000
70035  -47.467  -24.887  57.115 0.0000000000
72266  -50.143  -23.379  58.962 0.0000000000
72278  -50.766  -22.422  57.369 0.0000000000
78607  -46.622  -16.624  47.450 0.0000000000
80850  -48.349  -15.506  48.301 0.0000000000
79748  -48.304  -15.648  47.377 0.0000000000
81919  -51.013  -14.155  50.150 0.0000000000
80902  -50.409  -14.446  46.086 0.0000000000
81964  -52.374  -13.582  47.584 0.0000000000
81963  -51.746  -13.971  47.434 0.0000000000
81950  -50.877  -14.365  48.237 0.0000000000
81933  -51.061  -14.252  49.248 0.0000000000
33348  -10.630  -56.930  72.356 0.0000000000
70149  -42.814  -25.110  49.059 0.0000000000
70150  -43.634  -24.835  49.304 0.0000000000
70164  -43.240  -24.689  48.797 0.0000000000
71301  -42.557  -23.361  47.204 0.0000000000
72428  -43.288  -23.237  47.554 0.0000000000
72449  -43.552  -22.581  47.413 0.0000000000
73477  -43.807  -21.861  47.312 0.0000000000
73478  -44.271  -21.636  47.619 0.0000000000
74484  -42.698  -21.325  45.759 0.0000000000
74471  -43.978  -21.052  46.672 0.0000000000
75441  -44.531  -20.507  46.952 0.0000000000
75431  -44.579  -19.911  46.696 0.0000000000
76448  -44.769  -19.214  46.903 0.0000000000
76458  -43.699  -19.203  45.927 0.0000000000
77499  -44.814  -18.727  46.764 0.0000000000
77513  -44.910  -18.316  46.666 0.0000000000
77543  -44.805  -17.654  45.667 0.0000000000
78621  -47.260  -16.357  46.043 0.0000000000
79791  -48.837  -15.269  44.842 0.0000000000
78677  -46.277  -16.107  42.629 0.0000000000
79823  -47.181  -15.744  42.795 0.0000000000
79807  -48.590  -14.917  44.039 0.0000000000
79808  -49.100  -14.655  44.410 0.0000000000
80932  -49.622  -14.130  44.299 0.0000000000
82011  -50.145  -13.733  43.723 0.0000000000
82022  -50.645  -13.784  43.007 0.0000000000
82023  -51.667  -13.286  43.132 0.0000000000
82037  -53.185  -13.581  42.147 0.0000000000
80964  -52.758  -14.094  41.462 0.0000000000
80975  -52.357  -14.426  40.607 0.0000000000
80986  -51.962  -14.342  39.746 0.0000000000
82060  -51.624  -13.981  39.001 0.0000000000
82072  -51.281  -13.440  38.237 0.0000000000
82071  -50.509  -13.332  38.525 0.0000000000
83154  -50.795  -12.844  37.962 0.0000000000
40630  -16.322  -50.981  70.859 0.0000000000
39508  -15.889  -51.521  71.112 0.0000000000
40613  -16.000  -50.784  73.033 0.0000000000
39507  -15.372  -52.197  71.214 0.0000000000
38300  -14.646  -52.766  71.378 0.0000000000
39466  -16.026  -51.428  75.333 0.0000000000
39465  -15.621  -51.508  74.926 0.0000000000
38269  -14.988  -52.926  74.418 0.0000000000
39471  -14.407  -52.853  74.067 0.0000000000
39487  -14.456  -52.660  73.228 0.0000000000
38288  -14.231  -53.232  72.563 0.0000000000
38299  -14.026  -53.412  71.634 0.0000000000
38298  -13.737  -53.766  72.191 0.0000000000
35794  -12.784  -54.825  73.295 0.0000000000
35803  -12.369  -54.998  72.743 0.0000000000
32211  -11.681  -57.510  73.314 0.0000000000
30998  -12.165  -57.852  73.567 0.0000000000
30999  -12.556  -57.889  73.570 0.0000000000
71011  -46.766  -24.759  64.567 0.0000000000
63032  -46.053  -30.266  64.882 0.0000000000
65241  -44.582  -28.122  61.169 0.0000000000
66412  -45.286  -27.309  63.543 0.0000000000
69895  -45.372  -25.741  64.238 0.0000000000
69911  -45.229  -25.348  63.772 0.0000000000
69912  -45.558  -24.720  64.022 0.0000000000
71075  -46.500  -23.738  62.507 0.0000000000
71093  -45.195  -24.713  60.509 0.0000000000
71116  -45.731  -24.724  59.855 0.0000000000
70013  -45.538  -25.288  58.154 0.0000000000
70011  -43.883  -25.385  58.344 0.0000000000
70031  -43.987  -25.334  57.485 0.0000000000
70050  -45.267  -25.678  56.491 0.0000000000
67688  -39.770  -27.170  55.451 0.0000000000
68826  -39.456  -25.848  55.166 0.0000000000
70078  -39.477  -25.621  54.921 0.0000000000
68840  -39.086  -25.544  54.459 0.0000000000
68879  -39.298  -25.985  52.454 0.0000000000
68922  -40.694  -26.457  50.297 0.0000000000
48248  -25.785  -43.965  71.601 0.0000000000
48249  -26.777  -43.862  71.284 0.0000000000
49204  -29.372  -43.250  70.407 0.0000000000
51414  -27.564  -41.023  61.968 0.0000000000
51397  -28.780  -41.381  62.872 0.0000000000
51380  -29.261  -41.729  63.591 0.0000000000
50348  -29.933  -41.813  63.631 0.0000000000
50349  -30.620  -41.696  63.717 0.0000000000
50330  -31.095  -41.742  64.333 0.0000000000
50331  -31.858  -41.701  64.645 0.0000000000
50312  -32.150  -41.823  65.362 0.0000000000
57415  -31.671  -35.994  59.994 0.0000000000
57378  -31.845  -36.303  61.754 0.0000000000
56182  -31.632  -36.821  61.828 0.0000000000
56166  -32.941  -37.483  62.574 0.0000000000
54902  -32.627  -38.251  62.784 0.0000000000
54879  -32.628  -38.782  63.509 0.0000000000
53717  -33.328  -39.607  64.825 0.0000000000
52546  -33.352  -40.463  65.463 0.0000000000
52533  -33.703  -40.564  66.089 0.0000000000
51354  -33.718  -41.133  66.564 0.0000000000
52509  -34.566  -40.629  68.091 0.0000000000
52492  -34.725  -40.493  68.580 0.0000000000
53640  -35.370  -39.848  67.804 0.0000000000
52511  -35.379  -39.969  68.442 0.0000000000
52475  -35.399  -40.079  69.404 0.0000000000
41751  -16.654  -49.233  68.808 0.0000000000
43943  -16.668  -47.827  66.042 0.0000000000
43933  -16.787  -48.192  67.109 0.0000000000
45049  -17.601  -47.681  67.510 0.0000000000
43922  -17.403  -48.178  67.899 0.0000000000
42825  -17.265  -48.851  69.202 0.0000000000
42826  -17.395  -49.167  69.682 0.0000000000
42802  -18.308  -48.777  71.687 0.0000000000
70151  -44.188  -24.983  49.792 0.0000000000
71254  -45.006  -24.629  50.042 0.0000000000
71271  -45.646  -23.917  49.390 0.0000000000
72363  -47.190  -23.367  51.980 0.0000000000
73451  -46.234  -21.515  48.660 0.0000000000
73440  -47.579  -21.909  50.498 0.0000000000
72403  -47.285  -22.490  50.452 0.0000000000
73377  -50.157  -21.955  54.677 0.0000000000
73386  -50.610  -21.446  54.017 0.0000000000
78598  -46.749  -16.809  48.329 0.0000000000
78588  -47.251  -17.276  48.898 0.0000000000
78575  -47.833  -16.919  49.790 0.0000000000
77475  -48.883  -18.061  50.543 0.0000000000
76410  -50.018  -18.599  51.240 0.0000000000
76411  -50.846  -18.608  51.538 0.0000000000
75387  -50.927  -19.534  52.130 0.0000000000
82038  -54.177  -13.464  42.068 0.0000000000
82039  -54.985  -13.243  41.793 0.0000000000
82050  -55.341  -13.794  41.128 0.0000000000
82051  -56.181  -13.223  40.984 0.0000000000
83143  -57.200  -12.457  39.902 0.0000000000
81008  -55.194  -14.250  38.457 0.0000000000
83144  -57.546  -11.813  39.813 0.0000000000
84170  -58.055  -11.475  39.739 0.0000000000
84178  -58.356  -11.512  38.918 0.0000000000
83157  -58.321  -11.738  38.275 0.0000000000
85135  -59.014  -10.967  38.745 0.0000000000
85142  -59.301  -11.161  38.622 0.0000000000
83197  -56.187  -12.926  35.522 0.0000000000
82123  -57.700  -12.549  36.152 0.0000000000
83187  -58.498  -11.504  36.668 0.0000000000
86166  -59.221  -9.727  34.240 0.0000000000
86167  -59.626  -9.882  34.328 0.0000000000
86181  -59.715  -9.528  33.734 0.0000000000
31025  -11.601  -58.483  72.565 0.0000000000
33351  -12.565  -56.089  73.515 0.0000000000
34548  -13.843  -55.041  74.080 0.0000000000
34556  -11.765  -55.785  73.124 0.0000000000
34569  -12.837  -55.928  73.581 0.0000000000
37002  -13.171  -54.113  73.332 0.0000000000
37003  -13.421  -54.272  73.673 0.0000000000
38267  -13.864  -53.490  74.033 0.0000000000
38277  -14.061  -53.052  74.001 0.0000000000
38279  -13.333  -53.811  73.346 0.0000000000
38280  -13.532  -53.428  73.206 0.0000000000
39478  -13.896  -53.202  73.540 0.0000000000
39486  -14.175  -52.993  73.393 0.0000000000
39517  -15.947  -51.355  70.518 0.0000000000
39535  -15.457  -51.162  68.721 0.0000000000
40612  -15.507  -51.367  73.220 0.0000000000
40632  -17.456  -50.097  71.054 0.0000000000
40654  -15.536  -51.241  69.000 0.0000000000
41691  -15.639  -50.733  74.749 0.0000000000
41727  -17.130  -50.034  72.167 0.0000000000
41734  -17.191  -50.088  70.227 0.0000000000
41743  -17.469  -49.352  69.945 0.0000000000
42780  -16.607  -49.895  74.714 0.0000000000
42817  -17.713  -48.608  69.477 0.0000000000
45034  -17.663  -47.791  67.987 0.0000000000
45087  -17.849  -46.636  65.528 0.0000000000
47308  -21.416  -45.234  68.782 0.0000000000
47337  -19.850  -45.276  66.357 0.0000000000
48276  -27.635  -43.222  69.285 0.0000000000
50347  -29.492  -41.762  63.600 0.0000000000
51297  -34.471  -41.260  70.288 0.0000000000
52493  -35.056  -40.329  69.012 0.0000000000
52525  -34.725  -40.278  67.378 0.0000000000
52571  -31.725  -40.061  62.512 0.0000000000
53661  -35.016  -39.848  67.031 0.0000000000
53663  -35.951  -39.229  67.769 0.0000000000
53683  -35.086  -39.397  66.710 0.0000000000
54793  -37.222  -38.629  68.979 0.0000000000
54910  -41.589  -37.266  63.325 0.0000000000
56172  -42.226  -36.834  63.303 0.0000000000
57337  -43.454  -36.987  64.097 0.0000000000
57371  -45.897  -35.691  63.017 0.0000000000
57372  -46.452  -35.426  63.340 0.0000000000
57405  -43.784  -35.407  61.580 0.0000000000
58628  -46.463  -33.887  61.740 0.0000000000
59764  -45.829  -33.047  60.531 0.0000000000
60867  -46.626  -32.928  62.116 0.0000000000
60942  -41.565  -33.247  56.874 0.0000000000
63117  -43.924  -30.668  57.702 0.0000000000
63131  -43.806  -30.688  57.188 0.0000000000
64112  -45.118  -29.425  61.320 0.0000000000
65223  -44.939  -27.799  62.811 0.0000000000
66411  -44.931  -26.982  63.232 0.0000000000
66432  -44.185  -26.898  61.462 0.0000000000
68686  -45.381  -26.160  64.317 0.0000000000
68847  -45.555  -25.630  54.228 0.0000000000
69882  -46.422  -25.281  64.627 0.0000000000
69961  -44.469  -26.072  60.856 0.0000000000
70092  -39.896  -25.355  54.180 0.0000000000
70119  -45.596  -24.960  51.516 0.0000000000
70163  -42.762  -24.680  48.396 0.0000000000
71010  -46.526  -24.812  64.535 0.0000000000
71115  -45.063  -24.675  59.975 0.0000000000
71202  -47.035  -24.324  53.734 0.0000000000
72431  -45.732  -22.771  48.671 0.0000000000
73426  -48.115  -21.768  50.832 0.0000000000
73463  -44.174  -21.900  47.786 0.0000000000
74391  -51.629  -20.252  54.358 0.0000000000
74403  -50.196  -20.616  52.779 0.0000000000
76438  -47.428  -18.929  49.975 0.0000000000
78561  -49.259  -17.046  50.775 0.0000000000
79719  -47.731  -16.775  48.865 0.0000000000
80866  -48.317  -15.516  47.807 0.0000000000
80885  -49.417  -15.178  46.439 0.0000000000
81918  -50.406  -14.340  49.725 0.0000000000
81976  -52.901  -13.493  46.141 0.0000000000
81994  -52.673  -13.578  45.988 0.0000000000
82005  -50.713  -13.236  44.494 0.0000000000
82026  -54.170  -12.963  42.578 0.0000000000
82034  -50.742  -13.938  42.366 0.0000000000
83069  -52.810  -13.479  47.122 0.0000000000
83081  -51.201  -13.123  44.833 0.0000000000
83106  -52.042  -12.691  43.689 0.0000000000
83108  -53.608  -12.410  43.428 0.0000000000
83118  -53.163  -12.560  43.160 0.0000000000
84143  -52.780  -12.554  43.398 0.0000000000
84144  -52.986  -12.418  43.421 0.0000000000
84222  -58.119  -11.290  35.172 0.0000000000
87179  -59.674  -8.997  33.136 0.0000000000
