#!ascii label  , from subject 3073 vox2ras=TkReg
1848
72913  48.841  -26.505  47.320 0.0000000000
52735  36.868  -44.187  61.103 0.0000000000
40746  22.189  -54.697  60.007 0.0000000000
39393  16.511  -55.862  63.841 0.0000000000
47214  30.924  -48.660  67.172 0.0000000000
49657  25.894  -46.915  58.002 0.0000000000
65226  43.497  -32.417  48.305 0.0000000000
74135  55.802  -25.906  44.310 0.0000000000
66173  44.875  -31.785  58.205 0.0000000000
57440  39.409  -39.462  53.283 0.0000000000
55085  29.941  -42.258  51.653 0.0000000000
39374  23.968  -55.714  64.574 0.0000000000
39436  19.160  -56.612  60.492 0.0000000000
35528  21.479  -58.693  65.991 0.0000000000
45212  25.786  -51.038  64.190 0.0000000000
66187  48.948  -31.026  57.604 0.0000000000
51542  38.615  -44.228  65.705 0.0000000000
53824  41.317  -42.890  63.216 0.0000000000
57313  42.458  -39.070  59.428 0.0000000000
55020  37.361  -41.287  57.258 0.0000000000
57429  34.530  -40.434  53.189 0.0000000000
52810  32.999  -43.621  56.683 0.0000000000
47477  20.279  -49.091  53.902 0.0000000000
51764  22.861  -45.409  52.189 0.0000000000
72940  53.021  -25.797  45.227 0.0000000000
71839  52.657  -27.671  40.339 0.0000000000
43187  19.090  -52.401  55.554 0.0000000000
40823  16.654  -54.345  55.707 0.0000000000
48393  34.262  -46.847  64.404 0.0000000000
49588  31.322  -45.786  59.347 0.0000000000
48423  29.222  -47.645  62.622 0.0000000000
46290  23.936  -50.067  59.720 0.0000000000
69560  45.112  -28.957  48.392 0.0000000000
35484  17.927  -58.523  70.011 0.0000000000
39346  12.076  -56.234  66.718 0.0000000000
71718  53.698  -26.667  49.155 0.0000000000
69525  50.929  -28.572  51.194 0.0000000000
66285  48.591  -30.946  52.624 0.0000000000
65130  45.280  -32.609  53.278 0.0000000000
66273  41.235  -32.545  53.677 0.0000000000
62940  44.690  -34.895  61.856 0.0000000000
62996  42.002  -35.690  57.046 0.0000000000
61987  38.460  -36.309  51.411 0.0000000000
58635  35.782  -38.742  49.213 0.0000000000
51722  28.843  -44.712  54.714 0.0000000000
39323  24.697  -55.596  66.896 0.0000000000
36795  23.256  -57.250  65.536 0.0000000000
36759  23.645  -57.472  67.489 0.0000000000
41881  26.118  -53.346  66.647 0.0000000000
51589  38.073  -44.635  63.772 0.0000000000
52725  39.453  -43.468  62.053 0.0000000000
54975  40.263  -41.845  60.127 0.0000000000
53898  37.295  -42.503  59.107 0.0000000000
55022  35.352  -42.070  56.922 0.0000000000
52774  34.441  -43.503  58.644 0.0000000000
45391  19.330  -51.634  50.934 0.0000000000
47523  20.148  -48.915  51.428 0.0000000000
74114  50.846  -25.581  46.029 0.0000000000
74152  50.713  -25.598  43.368 0.0000000000
74141  48.595  -25.428  44.666 0.0000000000
42041  20.524  -53.668  57.278 0.0000000000
40838  17.852  -53.853  55.851 0.0000000000
40783  19.449  -54.906  57.628 0.0000000000
38145  18.022  -56.705  62.012 0.0000000000
41980  16.857  -54.504  59.473 0.0000000000
41947  15.251  -54.047  61.280 0.0000000000
41950  12.647  -53.784  61.843 0.0000000000
49433  34.902  -46.646  66.458 0.0000000000
47259  32.813  -47.618  65.742 0.0000000000
48396  31.523  -47.127  63.951 0.0000000000
47287  29.863  -48.176  65.168 0.0000000000
43078  24.045  -53.034  62.506 0.0000000000
45236  24.849  -51.007  62.299 0.0000000000
43129  22.644  -52.979  59.720 0.0000000000
44235  21.304  -52.013  57.526 0.0000000000
68482  44.721  -30.493  49.354 0.0000000000
69578  43.302  -29.524  46.603 0.0000000000
67424  42.720  -31.393  46.441 0.0000000000
38046  10.996  -56.709  68.582 0.0000000000
68462  49.466  -29.943  51.906 0.0000000000
67357  50.170  -30.470  54.212 0.0000000000
66189  47.491  -31.617  57.514 0.0000000000
65084  47.414  -32.047  55.006 0.0000000000
65067  45.429  -32.371  56.006 0.0000000000
65132  43.475  -32.506  53.414 0.0000000000
66236  43.077  -32.222  55.778 0.0000000000
57404  41.383  -39.602  55.791 0.0000000000
60786  42.917  -37.796  57.694 0.0000000000
60829  41.167  -37.900  54.479 0.0000000000
63016  39.962  -35.881  54.109 0.0000000000
59709  39.395  -38.255  52.031 0.0000000000
60918  37.438  -37.681  50.417 0.0000000000
59710  37.889  -38.839  51.553 0.0000000000
57462  33.006  -39.780  51.167 0.0000000000
49621  28.692  -46.495  58.610 0.0000000000
49673  30.148  -45.428  56.806 0.0000000000
50688  27.476  -45.898  56.392 0.0000000000
52916  24.655  -44.408  50.217 0.0000000000
72993  54.372  -26.282  41.134 0.0000000000
72974  56.421  -26.682  42.436 0.0000000000
39417  22.914  -55.297  62.620 0.0000000000
39452  20.952  -55.872  60.118 0.0000000000
36839  21.845  -56.662  62.684 0.0000000000
36842  20.173  -57.662  63.483 0.0000000000
38098  18.433  -57.416  64.535 0.0000000000
46124  29.450  -49.132  68.084 0.0000000000
46207  28.220  -49.804  66.280 0.0000000000
44137  27.544  -51.692  66.607 0.0000000000
41900  25.263  -54.005  64.561 0.0000000000
68407  50.355  -29.866  56.044 0.0000000000
66149  46.641  -31.285  60.278 0.0000000000
54956  41.823  -40.767  60.767 0.0000000000
56180  40.725  -40.721  58.512 0.0000000000
57391  38.743  -39.990  55.395 0.0000000000
57426  37.626  -39.812  53.600 0.0000000000
56236  36.667  -40.637  55.093 0.0000000000
55045  33.522  -42.308  55.001 0.0000000000
53964  31.466  -43.259  53.832 0.0000000000
48559  23.619  -47.607  56.383 0.0000000000
50729  24.232  -46.045  55.071 0.0000000000
49745  21.883  -46.791  53.103 0.0000000000
72949  54.499  -26.545  44.727 0.0000000000
71797  55.471  -27.477  43.232 0.0000000000
72976  52.641  -26.413  42.834 0.0000000000
40766  18.441  -55.455  58.600 0.0000000000
49466  36.628  -45.957  64.873 0.0000000000
50570  35.743  -45.640  63.250 0.0000000000
51621  34.503  -45.105  60.892 0.0000000000
49530  33.042  -46.304  62.009 0.0000000000
49532  31.004  -46.509  61.294 0.0000000000
49565  27.829  -47.178  59.910 0.0000000000
47306  27.129  -49.028  63.581 0.0000000000
47327  25.853  -48.875  61.699 0.0000000000
48504  25.161  -47.952  58.933 0.0000000000
46331  22.550  -49.616  57.235 0.0000000000
45328  19.458  -50.924  54.667 0.0000000000
70681  47.213  -27.591  48.223 0.0000000000
72944  46.717  -26.233  45.378 0.0000000000
71776  45.042  -27.557  46.464 0.0000000000
35510  19.475  -58.504  68.093 0.0000000000
36789  16.952  -57.136  66.704 0.0000000000
36763  15.667  -57.244  68.608 0.0000000000
39378  14.406  -55.791  65.192 0.0000000000
72925  55.403  -26.085  46.638 0.0000000000
72909  53.311  -26.564  47.444 0.0000000000
72889  51.582  -26.572  48.489 0.0000000000
70661  49.995  -27.912  49.567 0.0000000000
69542  47.892  -28.926  49.716 0.0000000000
67406  47.082  -30.319  50.810 0.0000000000
66318  45.510  -31.704  50.806 0.0000000000
66253  48.920  -31.133  54.395 0.0000000000
65128  47.047  -32.058  53.342 0.0000000000
65181  44.488  -32.478  50.322 0.0000000000
65183  43.369  -32.933  51.078 0.0000000000
66322  41.349  -32.426  50.631 0.0000000000
65026  44.856  -33.135  61.084 0.0000000000
59519  43.909  -37.713  60.643 0.0000000000
61862  44.142  -35.960  59.491 0.0000000000
65043  42.600  -33.562  58.068 0.0000000000
65090  40.719  -33.490  55.485 0.0000000000
65156  38.950  -33.773  52.324 0.0000000000
58565  35.567  -39.526  51.103 0.0000000000
51668  32.477  -44.975  57.723 0.0000000000
50722  30.779  -44.599  55.474 0.0000000000
52849  29.327  -44.041  53.006 0.0000000000
51744  26.118  -44.516  53.631 0.0000000000
52881  26.541  -43.696  51.610 0.0000000000
38039  24.126  -56.878  67.207 0.0000000000
38021  24.108  -56.489  67.491 0.0000000000
51606  37.596  -44.533  62.228 0.0000000000
51596  39.039  -44.007  62.989 0.0000000000
52727  37.732  -44.064  61.748 0.0000000000
53872  38.446  -43.296  60.897 0.0000000000
52748  36.998  -43.630  60.358 0.0000000000
53899  36.190  -43.233  59.323 0.0000000000
52749  35.941  -43.877  60.158 0.0000000000
72931  49.283  -26.034  46.771 0.0000000000
74127  49.066  -25.550  45.575 0.0000000000
72942  48.283  -25.857  46.016 0.0000000000
41997  21.705  -54.168  59.254 0.0000000000
42019  20.264  -54.420  57.880 0.0000000000
40763  20.784  -54.741  58.648 0.0000000000
39406  16.663  -55.501  62.922 0.0000000000
40720  16.566  -54.854  61.609 0.0000000000
40705  16.175  -54.875  62.445 0.0000000000
41969  14.089  -53.762  61.143 0.0000000000
40706  15.130  -54.718  62.946 0.0000000000
48286  31.462  -47.804  67.990 0.0000000000
48298  32.575  -47.467  67.339 0.0000000000
48313  33.068  -47.451  66.849 0.0000000000
47235  32.328  -47.896  66.196 0.0000000000
47260  31.801  -48.034  65.786 0.0000000000
47261  30.592  -48.344  66.018 0.0000000000
41963  23.185  -53.823  61.519 0.0000000000
43110  23.399  -52.692  61.107 0.0000000000
41979  22.706  -53.883  60.184 0.0000000000
42016  21.727  -53.369  58.855 0.0000000000
67416  44.320  -31.215  49.151 0.0000000000
67420  43.122  -31.349  47.527 0.0000000000
66357  43.371  -32.076  48.028 0.0000000000
69455  51.382  -29.052  54.163 0.0000000000
67367  50.838  -29.990  53.141 0.0000000000
68419  50.932  -29.537  54.528 0.0000000000
66172  45.904  -31.745  58.305 0.0000000000
65052  46.501  -32.081  56.593 0.0000000000
66212  45.367  -32.110  56.662 0.0000000000
66234  44.508  -32.224  56.017 0.0000000000
66193  44.008  -32.192  57.274 0.0000000000
57423  40.217  -39.440  54.311 0.0000000000
58504  41.262  -38.997  54.835 0.0000000000
58537  40.478  -38.885  53.709 0.0000000000
59665  40.561  -38.247  53.462 0.0000000000
58560  39.956  -38.907  52.507 0.0000000000
58587  38.636  -38.485  51.693 0.0000000000
58540  38.783  -39.129  52.362 0.0000000000
49622  27.686  -46.658  58.631 0.0000000000
49654  28.974  -45.893  57.865 0.0000000000
49676  27.301  -46.113  57.085 0.0000000000
74161  55.812  -26.108  42.547 0.0000000000
74148  56.115  -26.241  43.310 0.0000000000
39391  23.664  -55.700  64.170 0.0000000000
38139  22.575  -56.191  62.602 0.0000000000
38109  22.783  -56.252  64.172 0.0000000000
36797  22.054  -58.160  65.591 0.0000000000
36812  21.808  -57.773  64.896 0.0000000000
36813  20.964  -57.834  64.665 0.0000000000
38112  19.146  -57.575  63.813 0.0000000000
36798  20.089  -58.294  65.278 0.0000000000
46125  28.668  -49.843  68.249 0.0000000000
46164  28.063  -50.645  67.351 0.0000000000
44117  27.657  -51.909  67.569 0.0000000000
40651  25.194  -54.663  65.746 0.0000000000
41892  25.748  -53.789  65.507 0.0000000000
40667  24.922  -54.591  64.633 0.0000000000
40702  23.859  -54.640  63.567 0.0000000000
52688  41.048  -43.463  63.720 0.0000000000
53784  41.839  -42.177  64.293 0.0000000000
54896  42.379  -41.476  63.055 0.0000000000
56089  42.579  -40.901  62.443 0.0000000000
54911  42.136  -41.588  62.102 0.0000000000
55001  38.901  -41.241  58.546 0.0000000000
54987  40.385  -41.195  59.213 0.0000000000
56182  39.465  -40.878  57.883 0.0000000000
56221  39.579  -40.393  56.489 0.0000000000
56222  38.825  -40.386  56.269 0.0000000000
56235  37.391  -40.423  55.287 0.0000000000
56208  37.169  -41.086  56.624 0.0000000000
53946  33.928  -42.891  56.605 0.0000000000
55035  34.299  -42.414  55.925 0.0000000000
55036  33.551  -42.740  55.601 0.0000000000
55046  32.701  -42.585  54.446 0.0000000000
53955  32.501  -43.327  54.836 0.0000000000
48561  22.465  -48.425  55.790 0.0000000000
49718  22.686  -47.173  55.004 0.0000000000
48598  21.280  -48.127  54.094 0.0000000000
72939  53.855  -26.244  45.526 0.0000000000
71788  53.816  -26.602  43.938 0.0000000000
72951  52.871  -25.938  44.250 0.0000000000
72996  50.529  -26.072  41.757 0.0000000000
43207  18.157  -52.499  53.938 0.0000000000
43190  17.447  -53.469  53.542 0.0000000000
38171  20.331  -56.401  60.345 0.0000000000
39470  19.121  -56.085  59.003 0.0000000000
39454  18.843  -56.315  59.703 0.0000000000
43131  15.270  -53.522  58.700 0.0000000000
43130  15.939  -53.720  58.268 0.0000000000
48344  35.009  -47.051  65.450 0.0000000000
49442  36.088  -46.399  65.687 0.0000000000
49467  35.931  -46.402  64.740 0.0000000000
49483  36.390  -45.990  64.450 0.0000000000
49504  34.951  -46.145  63.385 0.0000000000
49528  34.523  -46.017  62.784 0.0000000000
49505  34.057  -46.454  63.192 0.0000000000
48422  30.244  -47.331  62.894 0.0000000000
48440  31.058  -46.610  62.332 0.0000000000
48441  30.058  -46.970  62.010 0.0000000000
49534  29.157  -47.052  60.732 0.0000000000
48442  28.956  -47.290  61.668 0.0000000000
45201  27.000  -50.875  65.316 0.0000000000
46232  27.534  -49.318  64.706 0.0000000000
45222  26.242  -50.316  63.997 0.0000000000
46272  24.631  -50.087  60.908 0.0000000000
46271  25.139  -49.590  61.503 0.0000000000
47345  24.904  -49.408  60.325 0.0000000000
48464  25.845  -48.452  60.307 0.0000000000
47363  24.690  -49.203  59.670 0.0000000000
48506  24.148  -48.900  58.107 0.0000000000
46315  23.576  -49.714  58.329 0.0000000000
43169  20.304  -52.602  56.660 0.0000000000
45304  21.161  -51.139  56.579 0.0000000000
44268  18.970  -51.704  54.810 0.0000000000
70665  46.668  -28.247  48.681 0.0000000000
71762  45.774  -27.448  47.260 0.0000000000
70683  45.353  -28.237  47.715 0.0000000000
70701  43.510  -29.314  44.915 0.0000000000
35497  19.020  -58.326  68.957 0.0000000000
36775  18.895  -58.076  67.622 0.0000000000
36761  18.114  -58.118  68.750 0.0000000000
38043  13.293  -57.308  68.678 0.0000000000
38059  13.819  -56.724  67.710 0.0000000000
38073  14.804  -56.685  67.026 0.0000000000
39361  13.743  -56.166  65.919 0.0000000000
40670  13.152  -55.368  64.586 0.0000000000
40655  12.192  -55.614  65.452 0.0000000000
74111  55.677  -25.588  46.168 0.0000000000
71754  55.372  -26.871  47.951 0.0000000000
71756  53.688  -26.627  48.106 0.0000000000
71757  52.831  -26.634  48.350 0.0000000000
71736  53.141  -26.697  48.985 0.0000000000
70627  51.433  -28.035  50.793 0.0000000000
71722  50.944  -27.581  49.566 0.0000000000
70648  50.293  -28.156  50.128 0.0000000000
70650  48.805  -28.410  49.669 0.0000000000
69540  49.652  -28.583  50.393 0.0000000000
67390  48.744  -30.560  52.144 0.0000000000
68470  48.230  -29.795  51.178 0.0000000000
67397  47.510  -30.496  51.320 0.0000000000
67399  46.189  -31.071  50.768 0.0000000000
66304  47.171  -31.227  51.650 0.0000000000
67333  49.642  -30.674  56.565 0.0000000000
66231  49.745  -30.886  55.649 0.0000000000
66211  48.844  -31.317  56.080 0.0000000000
65107  45.957  -32.496  54.205 0.0000000000
65106  46.841  -32.322  54.164 0.0000000000
65129  46.189  -32.498  53.246 0.0000000000
65169  45.360  -32.268  51.359 0.0000000000
65170  44.556  -32.669  51.404 0.0000000000
65182  43.678  -32.778  50.561 0.0000000000
65171  43.854  -32.908  51.578 0.0000000000
65133  42.696  -32.491  53.525 0.0000000000
66307  42.069  -32.372  51.836 0.0000000000
66308  40.745  -32.310  51.723 0.0000000000
66309  39.687  -32.476  51.689 0.0000000000
62941  44.800  -34.662  61.770 0.0000000000
58396  43.523  -39.002  60.777 0.0000000000
58374  43.851  -38.628  61.209 0.0000000000
58414  43.520  -38.205  59.868 0.0000000000
61911  42.494  -36.987  56.824 0.0000000000
61897  43.125  -36.957  58.061 0.0000000000
62989  42.835  -35.661  58.027 0.0000000000
64015  43.072  -34.431  59.034 0.0000000000
62990  42.228  -35.085  57.633 0.0000000000
65069  41.557  -33.425  56.462 0.0000000000
64029  41.307  -34.680  56.604 0.0000000000
63039  39.137  -35.820  52.253 0.0000000000
64052  39.275  -34.720  53.460 0.0000000000
64072  38.902  -35.150  52.032 0.0000000000
65174  38.394  -33.856  51.480 0.0000000000
63067  37.630  -35.603  50.670 0.0000000000
62020  36.614  -36.336  49.687 0.0000000000
58634  36.342  -38.473  49.659 0.0000000000
59762  36.094  -38.085  48.876 0.0000000000
57428  35.552  -40.305  53.490 0.0000000000
58542  36.407  -39.547  52.052 0.0000000000
57444  35.482  -39.779  52.667 0.0000000000
58592  33.593  -39.140  50.285 0.0000000000
50624  33.052  -45.465  59.835 0.0000000000
51652  33.217  -45.113  59.167 0.0000000000
50643  32.183  -45.552  58.809 0.0000000000
50708  29.475  -45.230  55.784 0.0000000000
50707  30.218  -45.030  56.110 0.0000000000
50724  29.632  -44.687  55.264 0.0000000000
51756  30.072  -44.219  53.894 0.0000000000
51758  28.815  -44.493  53.408 0.0000000000
50742  23.179  -45.845  53.802 0.0000000000
50741  24.598  -45.388  54.042 0.0000000000
51746  24.130  -45.174  53.273 0.0000000000
52882  25.620  -44.002  51.351 0.0000000000
52913  27.199  -43.536  50.838 0.0000000000
71827  53.764  -27.773  41.260 0.0000000000
71826  54.614  -28.221  41.522 0.0000000000
72954  46.693  -26.183  44.357 0.0000000000
39341  24.426  -55.897  66.451 0.0000000000
38096  23.492  -56.323  64.789 0.0000000000
38068  24.034  -56.619  66.243 0.0000000000
36784  23.566  -57.525  66.534 0.0000000000
35517  22.493  -58.553  66.831 0.0000000000
40634  25.289  -54.560  66.883 0.0000000000
51568  38.316  -44.735  64.956 0.0000000000
51554  39.644  -43.949  64.907 0.0000000000
51578  39.425  -44.405  64.018 0.0000000000
52707  39.979  -44.073  63.599 0.0000000000
53845  40.801  -43.264  62.537 0.0000000000
53861  40.777  -42.529  61.503 0.0000000000
53870  40.071  -42.450  60.823 0.0000000000
53897  38.311  -42.219  59.489 0.0000000000
54990  37.908  -41.990  58.963 0.0000000000
55021  36.700  -41.595  57.206 0.0000000000
53912  36.249  -42.587  58.518 0.0000000000
53913  35.057  -42.946  58.587 0.0000000000
52795  33.829  -43.552  57.857 0.0000000000
47502  19.709  -49.607  53.202 0.0000000000
47501  19.944  -48.812  52.625 0.0000000000
46438  20.049  -50.382  50.696 0.0000000000
74113  52.028  -25.508  45.789 0.0000000000
74138  51.617  -25.567  44.025 0.0000000000
74139  50.498  -25.351  44.333 0.0000000000
74153  49.745  -25.421  43.727 0.0000000000
43158  20.244  -53.323  56.888 0.0000000000
42090  18.556  -53.210  55.744 0.0000000000
42067  19.172  -53.575  56.536 0.0000000000
40821  18.466  -54.080  56.552 0.0000000000
40805  18.111  -54.546  56.965 0.0000000000
39420  18.339  -56.626  61.396 0.0000000000
39456  17.879  -55.502  59.760 0.0000000000
40719  17.164  -55.263  61.097 0.0000000000
41982  15.804  -53.812  59.972 0.0000000000
43096  12.682  -53.615  60.294 0.0000000000
48328  34.322  -47.468  65.932 0.0000000000
48346  34.009  -47.448  65.348 0.0000000000
48394  33.460  -46.901  64.339 0.0000000000
48370  31.876  -47.435  64.779 0.0000000000
48371  30.775  -47.647  64.540 0.0000000000
48398  29.352  -47.845  63.590 0.0000000000
43067  24.939  -52.349  63.792 0.0000000000
45223  25.622  -50.793  63.433 0.0000000000
44203  24.320  -51.696  62.065 0.0000000000
44219  23.344  -51.944  60.711 0.0000000000
45261  23.644  -51.123  60.013 0.0000000000
45276  22.878  -50.783  58.819 0.0000000000
44227  22.598  -51.965  59.277 0.0000000000
43156  21.204  -52.840  57.593 0.0000000000
68485  45.096  -29.728  49.101 0.0000000000
69571  44.027  -29.201  47.778 0.0000000000
68488  43.547  -30.431  47.823 0.0000000000
68489  42.945  -30.482  47.030 0.0000000000
38028  12.307  -57.206  69.150 0.0000000000
39331  11.417  -56.501  67.670 0.0000000000
39364  11.074  -55.566  66.053 0.0000000000
39348  10.038  -55.758  66.935 0.0000000000
68459  50.997  -29.334  52.366 0.0000000000
69509  49.995  -29.405  51.676 0.0000000000
68451  50.796  -29.839  52.703 0.0000000000
67377  49.972  -30.389  52.761 0.0000000000
66283  49.519  -30.612  53.371 0.0000000000
66188  48.390  -31.415  57.197 0.0000000000
65064  47.973  -31.581  55.968 0.0000000000
65051  47.283  -31.837  56.711 0.0000000000
65066  46.225  -32.439  55.892 0.0000000000
65108  45.036  -32.473  54.311 0.0000000000
65131  44.364  -32.522  53.360 0.0000000000
65109  43.976  -32.384  54.505 0.0000000000
66255  43.051  -32.294  55.009 0.0000000000
66256  42.230  -32.441  54.703 0.0000000000
57386  42.024  -39.554  57.056 0.0000000000
58445  42.479  -38.823  57.835 0.0000000000
59633  42.313  -38.830  56.730 0.0000000000
60827  41.767  -38.252  55.736 0.0000000000
61925  41.680  -37.308  55.891 0.0000000000
63006  40.678  -35.867  55.173 0.0000000000
61951  40.573  -37.295  53.793 0.0000000000
61968  39.827  -37.139  52.844 0.0000000000
62004  38.411  -36.920  51.313 0.0000000000
60904  37.481  -37.144  50.570 0.0000000000
60902  38.661  -37.519  51.455 0.0000000000
59730  37.312  -38.489  50.743 0.0000000000
58614  36.653  -38.676  50.333 0.0000000000
57430  33.681  -40.448  52.967 0.0000000000
57445  34.471  -39.829  52.356 0.0000000000
57447  32.348  -40.503  51.845 0.0000000000
57482  32.222  -39.736  50.506 0.0000000000
58620  31.687  -39.376  49.165 0.0000000000
49589  30.272  -46.495  59.317 0.0000000000
49618  31.519  -45.610  58.388 0.0000000000
49653  29.963  -45.657  57.808 0.0000000000
49698  28.923  -45.579  56.532 0.0000000000
50726  28.067  -45.175  55.208 0.0000000000
51775  23.950  -44.413  51.752 0.0000000000
51812  23.980  -45.369  49.521 0.0000000000
74163  53.650  -25.207  42.409 0.0000000000
74173  55.562  -26.407  41.890 0.0000000000
70714  57.014  -28.250  41.880 0.0000000000
40718  22.308  -54.917  61.533 0.0000000000
39451  21.405  -55.465  59.941 0.0000000000
39419  21.937  -55.717  61.584 0.0000000000
38156  21.256  -56.371  61.275 0.0000000000
36866  20.857  -56.587  61.848 0.0000000000
36825  22.350  -56.590  64.030 0.0000000000
36840  21.386  -57.136  62.873 0.0000000000
38143  19.570  -57.254  62.105 0.0000000000
38128  18.903  -57.311  62.871 0.0000000000
38113  18.303  -57.214  63.710 0.0000000000
39392  17.496  -56.650  63.888 0.0000000000
46140  30.172  -48.636  67.546 0.0000000000
47238  29.449  -49.008  66.805 0.0000000000
46187  28.908  -49.375  66.900 0.0000000000
45190  27.679  -51.032  66.348 0.0000000000
44148  26.893  -51.983  65.353 0.0000000000
43022  26.879  -52.643  66.529 0.0000000000
43032  26.337  -52.770  65.643 0.0000000000
43055  25.193  -52.836  64.192 0.0000000000
43056  24.752  -53.339  63.854 0.0000000000
41927  23.732  -54.025  63.209 0.0000000000
65214  43.334  -32.808  48.456 0.0000000000
65227  43.235  -32.693  47.835 0.0000000000
65228  43.014  -33.156  47.525 0.0000000000
69438  50.771  -29.237  55.236 0.0000000000
67300  48.593  -30.815  58.668 0.0000000000
66159  47.817  -31.009  59.555 0.0000000000
66161  46.839  -31.452  59.398 0.0000000000
66162  45.976  -31.775  59.329 0.0000000000
56088  42.908  -40.211  61.953 0.0000000000
57297  42.328  -39.674  60.180 0.0000000000
54957  41.432  -41.098  60.631 0.0000000000
56162  41.083  -40.694  59.352 0.0000000000
56178  41.589  -40.047  58.710 0.0000000000
57365  41.152  -39.932  57.082 0.0000000000
57389  40.573  -40.062  55.835 0.0000000000
57424  39.434  -39.605  54.004 0.0000000000
57441  38.523  -39.465  52.894 0.0000000000
57409  37.676  -40.143  54.498 0.0000000000
57410  36.720  -40.311  54.285 0.0000000000
56248  35.261  -40.848  54.199 0.0000000000
56225  35.868  -41.407  55.763 0.0000000000
56226  34.989  -41.710  55.390 0.0000000000
56249  34.565  -41.065  53.864 0.0000000000
55056  33.091  -41.901  54.304 0.0000000000
55068  32.021  -41.998  53.115 0.0000000000
53975  31.068  -42.936  53.282 0.0000000000
49678  24.807  -46.964  57.295 0.0000000000
49700  25.087  -46.431  56.434 0.0000000000
49716  24.040  -46.578  55.737 0.0000000000
49731  22.974  -46.643  54.655 0.0000000000
50751  22.386  -46.017  52.531 0.0000000000
48648  20.503  -48.094  52.010 0.0000000000
49758  21.686  -46.794  51.979 0.0000000000
72947  55.676  -26.225  44.802 0.0000000000
71785  55.631  -26.784  43.847 0.0000000000
71786  54.978  -26.886  43.945 0.0000000000
71812  53.532  -27.081  42.552 0.0000000000
71828  52.459  -26.844  41.504 0.0000000000
72965  51.367  -25.842  43.057 0.0000000000
72995  51.479  -26.378  41.905 0.0000000000
39468  20.679  -55.551  59.377 0.0000000000
40784  18.667  -55.071  57.633 0.0000000000
40806  17.191  -54.432  56.665 0.0000000000
42000  17.068  -54.519  58.688 0.0000000000
42021  16.519  -54.051  57.689 0.0000000000
50531  37.817  -45.349  65.263 0.0000000000
50550  37.292  -45.532  64.835 0.0000000000
50568  36.936  -45.293  63.654 0.0000000000
51607  36.485  -44.838  61.988 0.0000000000
51620  35.604  -44.571  60.868 0.0000000000
51609  34.731  -45.371  61.510 0.0000000000
50601  33.650  -45.431  61.141 0.0000000000
49560  32.824  -45.882  61.342 0.0000000000
49507  32.511  -46.454  62.436 0.0000000000
49531  32.097  -46.419  61.751 0.0000000000
49562  30.699  -46.390  60.218 0.0000000000
49563  29.766  -47.042  60.047 0.0000000000
49591  28.302  -46.915  59.332 0.0000000000
49592  27.358  -47.021  59.377 0.0000000000
47262  29.060  -48.718  66.307 0.0000000000
47305  27.986  -48.524  64.027 0.0000000000
47316  27.699  -48.482  63.189 0.0000000000
46243  25.928  -49.789  62.958 0.0000000000
47317  26.879  -48.854  62.811 0.0000000000
48425  27.224  -48.221  62.113 0.0000000000
48463  26.601  -47.942  60.556 0.0000000000
48484  26.174  -47.797  59.986 0.0000000000
49624  25.652  -47.446  58.921 0.0000000000
48526  24.428  -47.802  57.639 0.0000000000
47405  23.493  -48.751  57.168 0.0000000000
47429  21.498  -49.510  55.570 0.0000000000
46318  21.697  -50.551  57.171 0.0000000000
45315  21.227  -50.233  55.893 0.0000000000
46371  20.363  -49.991  54.839 0.0000000000
45355  19.333  -51.032  52.987 0.0000000000
71760  48.097  -27.012  47.610 0.0000000000
72933  47.768  -26.269  46.384 0.0000000000
71775  46.206  -26.702  46.333 0.0000000000
70694  43.672  -28.754  46.392 0.0000000000
70700  43.909  -28.456  44.817 0.0000000000
66369  42.796  -32.374  45.996 0.0000000000
38022  23.617  -57.018  67.949 0.0000000000
35477  23.284  -58.195  68.028 0.0000000000
35507  22.208  -58.823  67.581 0.0000000000
35480  21.341  -59.121  69.021 0.0000000000
35519  20.986  -58.707  66.731 0.0000000000
36786  19.427  -58.268  66.606 0.0000000000
36801  17.773  -57.372  65.814 0.0000000000
39376  16.729  -56.239  64.857 0.0000000000
36747  17.340  -57.860  69.910 0.0000000000
38056  15.991  -56.837  67.210 0.0000000000
39342  15.549  -56.566  66.325 0.0000000000
40668  14.831  -55.621  64.494 0.0000000000
40687  13.698  -55.068  63.959 0.0000000000
74123  55.648  -25.033  45.341 0.0000000000
72936  55.683  -25.960  45.847 0.0000000000
72937  55.292  -26.261  45.735 0.0000000000
72927  54.011  -26.400  46.528 0.0000000000
74101  55.246  -25.782  47.170 0.0000000000
72908  54.255  -26.532  47.339 0.0000000000
72928  52.852  -26.191  46.490 0.0000000000
72929  51.508  -25.853  46.879 0.0000000000
72911  50.773  -26.146  47.805 0.0000000000
72891  50.155  -26.680  48.345 0.0000000000
71721  51.799  -27.217  49.709 0.0000000000
71739  50.356  -27.404  48.965 0.0000000000
71740  49.146  -27.238  48.341 0.0000000000
71741  48.354  -27.463  48.318 0.0000000000
69557  47.705  -28.409  49.211 0.0000000000
69558  47.114  -28.665  49.234 0.0000000000
68477  48.728  -29.451  50.876 0.0000000000
68478  48.106  -29.468  50.546 0.0000000000
69544  46.218  -29.527  49.611 0.0000000000
68481  45.395  -30.314  49.700 0.0000000000
67409  44.856  -30.993  49.893 0.0000000000
66333  44.665  -31.892  49.820 0.0000000000
67346  50.218  -30.654  55.064 0.0000000000
67358  49.798  -30.598  54.141 0.0000000000
65126  48.573  -31.179  53.313 0.0000000000
65083  48.232  -31.604  54.791 0.0000000000
65105  47.633  -31.853  54.122 0.0000000000
65149  47.364  -31.645  52.769 0.0000000000
66305  46.286  -31.743  51.600 0.0000000000
65180  45.055  -32.203  50.713 0.0000000000
65195  43.926  -32.458  49.177 0.0000000000
65196  43.471  -32.699  49.342 0.0000000000
66334  43.127  -32.824  49.270 0.0000000000
65172  43.113  -32.940  51.678 0.0000000000
66321  42.684  -32.659  50.494 0.0000000000
66141  45.281  -32.290  60.943 0.0000000000
66152  44.241  -32.388  59.922 0.0000000000
60700  44.615  -36.474  61.693 0.0000000000
59562  43.585  -37.708  59.424 0.0000000000
61879  43.947  -36.988  59.748 0.0000000000
62966  44.573  -35.725  60.487 0.0000000000
62955  44.318  -34.799  60.528 0.0000000000
65034  43.583  -33.167  59.813 0.0000000000
66174  43.948  -32.376  58.178 0.0000000000
66195  42.683  -32.441  56.966 0.0000000000
65089  41.411  -32.960  55.823 0.0000000000
65112  40.622  -33.085  54.729 0.0000000000
63007  40.167  -35.286  54.810 0.0000000000
64051  39.601  -34.272  54.012 0.0000000000
66274  40.428  -32.924  53.506 0.0000000000
66310  38.936  -33.001  51.681 0.0000000000
60920  36.242  -37.086  49.157 0.0000000000
60931  35.631  -37.190  48.195 0.0000000000
57458  37.746  -39.510  52.114 0.0000000000
58564  36.369  -39.437  51.192 0.0000000000
57479  36.038  -39.160  50.270 0.0000000000
58566  34.819  -39.378  51.009 0.0000000000
58591  34.669  -39.238  50.342 0.0000000000
51650  34.407  -44.351  59.478 0.0000000000
52775  33.782  -44.000  58.406 0.0000000000
52797  32.592  -44.007  56.823 0.0000000000
50664  31.624  -45.398  57.575 0.0000000000
51691  31.816  -44.735  56.831 0.0000000000
51718  31.966  -44.322  55.850 0.0000000000
52831  31.298  -44.000  54.282 0.0000000000
53965  30.710  -43.461  53.415 0.0000000000
53995  29.849  -42.980  52.250 0.0000000000
50711  26.488  -45.719  56.012 0.0000000000
50727  27.063  -45.257  55.136 0.0000000000
51724  27.651  -44.859  54.522 0.0000000000
52854  24.879  -44.089  52.051 0.0000000000
51761  26.480  -44.050  53.001 0.0000000000
51759  27.998  -44.335  53.287 0.0000000000
52850  28.587  -43.921  52.834 0.0000000000
52911  28.773  -43.075  51.695 0.0000000000
71810  56.145  -27.947  42.503 0.0000000000
70716  55.967  -28.478  42.002 0.0000000000
70736  55.748  -29.039  40.871 0.0000000000
72953  47.384  -25.853  44.782 0.0000000000
52728  37.202  -44.446  61.764 0.0000000000
52734  37.859  -43.513  61.010 0.0000000000
52736  36.190  -44.293  60.822 0.0000000000
72941  48.855  -25.891  46.276 0.0000000000
72932  48.416  -26.310  46.764 0.0000000000
40761  21.856  -54.349  59.522 0.0000000000
40762  21.476  -54.626  59.266 0.0000000000
40747  21.811  -55.068  59.873 0.0000000000
40685  15.838  -55.219  63.421 0.0000000000
47181  31.264  -48.178  67.685 0.0000000000
48299  31.790  -47.681  67.568 0.0000000000
47197  31.581  -48.018  67.241 0.0000000000
47213  31.859  -48.087  66.716 0.0000000000
47236  31.333  -48.414  66.503 0.0000000000
40731  22.524  -54.466  60.964 0.0000000000
41964  23.072  -53.862  60.841 0.0000000000
41996  22.032  -53.792  59.432 0.0000000000
66349  43.935  -32.075  48.725 0.0000000000
68418  51.211  -29.361  54.236 0.0000000000
69456  51.260  -29.062  54.697 0.0000000000
66191  45.745  -31.895  57.249 0.0000000000
66192  44.791  -32.005  57.306 0.0000000000
57439  39.980  -39.390  53.630 0.0000000000
58520  40.332  -39.154  53.793 0.0000000000
58538  40.185  -39.145  53.116 0.0000000000
58539  39.440  -39.190  52.664 0.0000000000
49656  26.981  -46.588  57.838 0.0000000000
74149  55.377  -25.459  43.757 0.0000000000
72961  56.056  -26.556  43.658 0.0000000000
38123  23.169  -55.917  63.835 0.0000000000
38108  23.306  -56.040  64.231 0.0000000000
35527  22.143  -58.468  66.075 0.0000000000
35540  21.782  -58.306  65.613 0.0000000000
35541  21.248  -58.262  65.381 0.0000000000
35542  20.647  -58.195  65.166 0.0000000000
35529  20.643  -58.635  65.815 0.0000000000
46108  28.478  -49.826  68.755 0.0000000000
45146  28.035  -51.325  67.947 0.0000000000
39373  24.366  -55.456  64.900 0.0000000000
40652  24.839  -54.910  65.220 0.0000000000
39390  24.268  -55.260  64.343 0.0000000000
53803  41.333  -42.731  63.987 0.0000000000
53802  41.924  -42.166  63.609 0.0000000000
53843  41.814  -41.989  62.289 0.0000000000
56183  38.579  -40.897  57.835 0.0000000000
56206  39.077  -40.567  57.140 0.0000000000
56207  38.010  -40.784  57.080 0.0000000000
53934  33.548  -43.344  56.840 0.0000000000
53947  33.309  -43.171  56.086 0.0000000000
53954  33.116  -43.037  55.390 0.0000000000
53948  32.710  -43.509  55.532 0.0000000000
48579  21.419  -48.333  55.025 0.0000000000
43188  18.400  -52.576  55.016 0.0000000000
39435  19.834  -56.647  60.645 0.0000000000
39453  19.667  -56.321  59.830 0.0000000000
43148  14.783  -53.645  57.885 0.0000000000
48367  34.437  -47.211  64.991 0.0000000000
48366  35.138  -46.943  64.970 0.0000000000
48392  34.855  -46.830  64.632 0.0000000000
49468  35.402  -46.571  64.524 0.0000000000
49485  35.023  -46.481  63.972 0.0000000000
49486  34.450  -46.561  63.772 0.0000000000
48418  33.908  -46.738  63.870 0.0000000000
45211  26.550  -50.815  64.551 0.0000000000
46225  27.175  -50.149  64.757 0.0000000000
46273  24.135  -50.445  60.337 0.0000000000
46289  24.455  -49.819  60.207 0.0000000000
47364  24.124  -49.467  59.185 0.0000000000
46302  23.599  -50.000  58.921 0.0000000000
44255  19.426  -52.171  55.639 0.0000000000
44254  19.900  -51.770  55.887 0.0000000000
44269  18.528  -52.187  54.318 0.0000000000
70666  45.875  -28.436  48.416 0.0000000000
35482  19.505  -58.632  69.439 0.0000000000
35483  18.605  -58.500  69.739 0.0000000000
36746  17.968  -58.282  69.544 0.0000000000
38060  13.007  -56.678  68.107 0.0000000000
39329  13.384  -56.530  67.326 0.0000000000
39328  13.768  -56.600  67.262 0.0000000000
39345  13.083  -56.333  66.662 0.0000000000
39362  12.740  -55.898  65.907 0.0000000000
39363  11.778  -55.776  66.066 0.0000000000
75240  55.441  -25.156  46.574 0.0000000000
76290  54.796  -24.628  47.265 0.0000000000
71717  54.316  -26.369  48.718 0.0000000000
71734  54.156  -26.732  48.214 0.0000000000
71735  53.790  -26.634  48.661 0.0000000000
69524  51.476  -28.246  51.176 0.0000000000
70628  50.772  -28.335  50.680 0.0000000000
69526  49.842  -28.873  51.117 0.0000000000
66303  48.676  -30.756  52.382 0.0000000000
67391  48.048  -30.836  51.937 0.0000000000
66286  47.866  -31.217  52.312 0.0000000000
67317  49.411  -30.684  57.158 0.0000000000
66210  49.369  -31.015  56.418 0.0000000000
65151  45.396  -32.554  52.306 0.0000000000
65152  44.536  -32.659  52.370 0.0000000000
66272  42.011  -32.428  53.936 0.0000000000
66288  42.037  -32.483  53.040 0.0000000000
66289  41.099  -32.474  52.740 0.0000000000
57296  42.559  -39.100  59.817 0.0000000000
58415  43.144  -38.561  59.946 0.0000000000
61898  42.787  -36.477  57.548 0.0000000000
62995  42.568  -36.229  57.355 0.0000000000
62997  41.226  -35.642  56.150 0.0000000000
63052  38.723  -35.734  51.716 0.0000000000
63053  38.219  -35.627  51.252 0.0000000000
64084  37.994  -34.720  50.960 0.0000000000
63068  37.019  -35.525  49.994 0.0000000000
62006  37.260  -36.436  50.356 0.0000000000
59763  35.554  -38.578  48.417 0.0000000000
50625  32.316  -45.610  59.572 0.0000000000
50642  32.827  -45.491  59.187 0.0000000000
50725  28.911  -44.877  55.150 0.0000000000
50739  29.200  -44.649  54.925 0.0000000000
50738  29.378  -44.576  54.762 0.0000000000
51741  29.024  -44.654  54.360 0.0000000000
50750  22.966  -45.609  52.766 0.0000000000
51763  23.501  -45.144  52.556 0.0000000000
71838  53.401  -27.901  40.517 0.0000000000
38055  24.346  -56.619  66.888 0.0000000000
36758  23.808  -57.227  67.416 0.0000000000
36783  23.966  -57.117  66.922 0.0000000000
36773  23.647  -57.588  67.196 0.0000000000
35516  23.061  -58.223  66.840 0.0000000000
35505  23.257  -58.274  67.379 0.0000000000
39309  24.955  -55.194  67.068 0.0000000000
39340  24.761  -55.310  66.620 0.0000000000
39355  24.743  -55.169  66.203 0.0000000000
51579  38.374  -44.631  64.506 0.0000000000
51567  39.108  -44.388  64.629 0.0000000000
52719  38.925  -43.831  62.693 0.0000000000
51588  39.176  -44.265  63.308 0.0000000000
52718  39.718  -43.745  62.721 0.0000000000
52717  40.439  -43.600  62.759 0.0000000000
53846  40.290  -43.483  62.489 0.0000000000
53862  39.984  -43.232  61.847 0.0000000000
53883  38.074  -42.864  60.283 0.0000000000
53911  36.909  -42.240  58.376 0.0000000000
53900  35.465  -43.404  59.186 0.0000000000
53914  34.202  -43.348  58.205 0.0000000000
46422  19.379  -50.436  51.644 0.0000000000
45372  19.550  -51.022  51.062 0.0000000000
74125  51.240  -25.423  45.052 0.0000000000
74140  49.462  -25.331  44.567 0.0000000000
74154  48.752  -25.400  43.763 0.0000000000
72966  48.385  -25.491  43.369 0.0000000000
42066  19.812  -53.460  56.726 0.0000000000
40782  19.882  -54.514  57.525 0.0000000000
40803  19.608  -54.401  57.216 0.0000000000
40804  18.942  -54.539  57.171 0.0000000000
39421  17.743  -56.066  61.437 0.0000000000
41946  15.968  -54.414  61.224 0.0000000000
40733  16.636  -54.737  60.916 0.0000000000
41967  15.486  -53.897  60.603 0.0000000000
43112  15.259  -53.548  59.628 0.0000000000
43094  14.845  -53.517  60.204 0.0000000000
43113  14.395  -53.380  59.445 0.0000000000
41968  14.694  -53.723  60.910 0.0000000000
41949  13.693  -53.797  61.739 0.0000000000
43079  13.677  -53.729  61.079 0.0000000000
43081  12.178  -53.508  61.046 0.0000000000
49422  33.818  -47.149  67.479 0.0000000000
47234  33.257  -47.611  65.965 0.0000000000
48312  33.885  -47.430  66.468 0.0000000000
47233  33.974  -47.607  65.793 0.0000000000
47257  34.087  -47.527  65.596 0.0000000000
48347  33.314  -47.410  65.310 0.0000000000
48369  32.932  -47.232  64.796 0.0000000000
48348  32.437  -47.571  65.304 0.0000000000
47286  31.097  -47.857  65.328 0.0000000000
48372  29.923  -47.883  64.283 0.0000000000
43077  24.408  -53.123  63.009 0.0000000000
44190  24.526  -52.169  62.745 0.0000000000
44191  24.000  -52.370  62.165 0.0000000000
43111  23.178  -53.048  60.455 0.0000000000
44204  23.733  -51.918  61.539 0.0000000000
45249  23.967  -51.063  60.851 0.0000000000
44220  23.064  -52.076  59.959 0.0000000000
43146  21.195  -53.368  57.905 0.0000000000
43145  21.521  -52.887  58.275 0.0000000000
43157  20.805  -53.084  57.266 0.0000000000
68486  44.122  -30.218  48.735 0.0000000000
69561  44.572  -29.497  48.552 0.0000000000
68493  42.789  -30.861  45.768 0.0000000000
67430  42.931  -31.532  45.449 0.0000000000
38029  11.562  -56.874  69.260 0.0000000000
38045  11.896  -56.810  68.725 0.0000000000
38062  11.603  -56.684  68.285 0.0000000000
39332  10.425  -56.258  67.567 0.0000000000
68450  51.012  -29.602  52.690 0.0000000000
67356  50.708  -30.062  53.591 0.0000000000
67368  50.565  -30.209  53.185 0.0000000000
67378  49.558  -30.433  52.675 0.0000000000
67369  49.957  -30.499  53.602 0.0000000000
65050  47.818  -31.609  56.847 0.0000000000
65053  45.896  -32.232  56.457 0.0000000000
65086  45.690  -32.478  55.166 0.0000000000
65087  44.749  -32.405  55.379 0.0000000000
66235  43.940  -32.255  55.790 0.0000000000
66254  43.675  -32.332  55.250 0.0000000000
57387  41.646  -39.642  56.557 0.0000000000
58487  42.141  -39.210  56.685 0.0000000000
58488  41.695  -39.373  56.124 0.0000000000
59652  41.191  -38.551  54.632 0.0000000000
59651  41.504  -38.656  55.275 0.0000000000
60828  41.507  -38.009  55.260 0.0000000000
60808  41.835  -37.835  55.910 0.0000000000
61936  41.323  -37.411  55.085 0.0000000000
59708  39.802  -38.396  52.430 0.0000000000
60868  39.947  -37.781  52.830 0.0000000000
60885  39.673  -37.940  52.306 0.0000000000
60869  39.646  -37.480  52.490 0.0000000000
60886  39.305  -37.564  51.973 0.0000000000
59728  38.908  -38.144  51.670 0.0000000000
59729  38.095  -38.278  51.343 0.0000000000
59711  37.534  -38.791  51.279 0.0000000000
58588  37.044  -39.020  51.007 0.0000000000
56260  32.944  -40.886  53.019 0.0000000000
57446  33.233  -40.329  52.220 0.0000000000
57483  30.935  -40.023  50.203 0.0000000000
58594  32.022  -39.515  49.851 0.0000000000
57502  30.860  -39.673  48.799 0.0000000000
49619  30.601  -45.744  58.612 0.0000000000
49620  29.686  -46.265  58.595 0.0000000000
49675  28.331  -45.858  56.837 0.0000000000
50687  28.063  -45.945  56.165 0.0000000000
50709  28.630  -45.568  55.938 0.0000000000
50710  27.650  -45.639  55.818 0.0000000000
74160  56.361  -26.456  42.786 0.0000000000
72990  56.645  -27.193  42.189 0.0000000000
72991  56.126  -26.839  41.732 0.0000000000
71809  56.865  -27.793  42.212 0.0000000000
39432  21.912  -55.055  61.117 0.0000000000
39418  22.413  -55.546  62.045 0.0000000000
38125  22.369  -56.551  62.949 0.0000000000
38140  22.100  -56.280  62.163 0.0000000000
36850  21.747  -56.473  62.230 0.0000000000
36865  20.971  -56.544  61.615 0.0000000000
36851  21.293  -56.516  62.131 0.0000000000
36810  23.121  -56.865  64.900 0.0000000000
38097  23.000  -56.633  64.633 0.0000000000
36811  22.612  -57.071  64.670 0.0000000000
36827  21.259  -57.568  63.806 0.0000000000
36841  20.573  -57.457  63.062 0.0000000000
38142  20.236  -57.247  62.442 0.0000000000
38126  20.196  -57.413  62.855 0.0000000000
38127  19.788  -57.495  63.110 0.0000000000
36830  19.439  -57.752  64.270 0.0000000000
38099  17.877  -57.084  64.585 0.0000000000
47169  29.774  -48.489  68.806 0.0000000000
47183  29.830  -48.655  68.321 0.0000000000
47182  30.572  -48.476  68.052 0.0000000000
46141  29.382  -49.214  67.792 0.0000000000
46162  29.641  -48.966  67.314 0.0000000000
45181  27.744  -51.114  67.015 0.0000000000
45191  27.331  -51.368  65.780 0.0000000000
44138  27.339  -52.057  66.055 0.0000000000
43012  26.687  -52.843  67.140 0.0000000000
42998  27.215  -52.437  67.574 0.0000000000
41899  25.646  -53.902  64.863 0.0000000000
43033  25.890  -53.378  65.235 0.0000000000
43043  25.876  -52.909  64.952 0.0000000000
41912  25.406  -53.539  64.556 0.0000000000
41913  24.848  -53.824  64.250 0.0000000000
40703  23.337  -54.670  62.889 0.0000000000
40717  22.683  -54.515  61.995 0.0000000000
66169  48.430  -31.127  58.534 0.0000000000
67283  48.317  -30.938  59.170 0.0000000000
66148  47.284  -31.156  59.924 0.0000000000
66160  47.604  -31.293  59.462 0.0000000000
56102  42.429  -40.708  61.584 0.0000000000
56117  42.598  -39.941  60.690 0.0000000000
56118  42.194  -40.362  60.628 0.0000000000
54959  40.520  -42.184  60.668 0.0000000000
54958  40.955  -41.991  60.778 0.0000000000
54999  40.298  -41.025  58.554 0.0000000000
54986  40.738  -40.942  59.454 0.0000000000
56161  41.566  -40.196  59.254 0.0000000000
56179  41.353  -40.291  58.500 0.0000000000
57339  41.438  -40.031  57.749 0.0000000000
56203  41.100  -40.313  57.842 0.0000000000
57367  40.144  -40.271  56.331 0.0000000000
57390  39.704  -40.050  55.721 0.0000000000
57407  39.530  -39.673  54.828 0.0000000000
57408  38.650  -39.807  54.564 0.0000000000
57411  35.965  -40.444  54.093 0.0000000000
56237  35.711  -40.978  54.800 0.0000000000
55003  36.420  -42.127  57.826 0.0000000000
56209  36.380  -41.428  56.457 0.0000000000
55044  34.331  -41.951  55.268 0.0000000000
56238  34.598  -41.500  54.685 0.0000000000
56239  33.864  -41.638  54.264 0.0000000000
56250  33.457  -41.280  53.577 0.0000000000
53963  32.183  -43.064  54.228 0.0000000000
55057  32.290  -42.186  53.831 0.0000000000
55058  31.615  -42.537  53.372 0.0000000000
49679  24.254  -47.388  56.899 0.0000000000
49701  24.087  -47.037  56.388 0.0000000000
49702  23.496  -47.385  56.112 0.0000000000
49732  22.376  -47.003  54.102 0.0000000000
50743  22.421  -46.393  53.398 0.0000000000
49776  21.348  -47.703  50.644 0.0000000000
49775  21.899  -47.127  50.657 0.0000000000
72948  55.182  -26.561  44.790 0.0000000000
71787  54.272  -26.738  43.961 0.0000000000
72975  53.274  -26.557  43.246 0.0000000000
71799  53.833  -26.793  43.471 0.0000000000
71813  52.746  -26.658  42.275 0.0000000000
74151  51.434  -25.716  43.435 0.0000000000
42091  17.815  -53.362  55.223 0.0000000000
42092  17.246  -53.687  54.198 0.0000000000
40765  19.292  -55.464  58.320 0.0000000000
40785  17.661  -54.678  57.664 0.0000000000
39438  17.748  -55.563  60.297 0.0000000000
40749  17.624  -55.096  59.459 0.0000000000
42022  15.278  -53.886  57.250 0.0000000000
42045  15.774  -54.183  56.606 0.0000000000
49420  35.415  -46.314  66.746 0.0000000000
49432  35.635  -46.542  66.191 0.0000000000
49454  36.696  -46.024  65.271 0.0000000000
49431  36.567  -46.191  66.027 0.0000000000
49453  37.195  -45.740  65.329 0.0000000000
49465  37.103  -45.686  65.034 0.0000000000
50542  37.632  -45.468  65.083 0.0000000000
50562  36.100  -45.813  63.738 0.0000000000
50561  36.529  -45.675  64.027 0.0000000000
50569  36.526  -45.456  63.332 0.0000000000
51599  36.656  -45.176  62.786 0.0000000000
50578  36.259  -45.362  62.768 0.0000000000
51608  35.303  -45.206  61.614 0.0000000000
50579  35.621  -45.423  62.445 0.0000000000
49529  33.893  -46.185  62.286 0.0000000000
50581  34.014  -45.783  61.745 0.0000000000
49559  33.482  -45.947  61.730 0.0000000000
48395  32.549  -46.894  64.176 0.0000000000
48419  33.249  -46.565  63.656 0.0000000000
48420  32.304  -46.664  63.243 0.0000000000
48439  31.891  -46.682  62.537 0.0000000000
49564  28.684  -47.147  60.120 0.0000000000
46206  28.688  -49.276  66.532 0.0000000000
47263  28.304  -49.222  65.826 0.0000000000
47288  28.391  -48.675  65.197 0.0000000000
45235  25.404  -50.595  62.745 0.0000000000
47318  26.112  -49.164  62.402 0.0000000000
47326  26.638  -48.687  62.071 0.0000000000
48444  26.819  -48.131  61.414 0.0000000000
48485  25.313  -48.263  59.514 0.0000000000
49594  25.863  -47.643  59.525 0.0000000000
49625  25.101  -47.808  58.689 0.0000000000
49658  25.043  -47.481  58.237 0.0000000000
48505  24.634  -48.380  58.562 0.0000000000
47389  23.100  -49.256  57.389 0.0000000000
47406  22.721  -48.991  56.570 0.0000000000
47407  22.272  -49.298  56.333 0.0000000000
45290  21.883  -51.153  57.602 0.0000000000
45289  22.469  -50.859  57.999 0.0000000000
45327  19.829  -50.773  55.369 0.0000000000
45316  20.763  -50.780  55.916 0.0000000000
46350  21.160  -49.939  55.517 0.0000000000
46372  19.762  -50.414  54.778 0.0000000000
46391  19.706  -50.243  53.981 0.0000000000
45339  19.218  -51.106  53.668 0.0000000000
71774  47.321  -26.620  46.829 0.0000000000
71761  46.791  -27.100  47.452 0.0000000000
69577  43.729  -28.891  46.946 0.0000000000
65244  42.885  -32.898  46.736 0.0000000000
66358  42.969  -32.223  47.131 0.0000000000
65260  42.924  -33.392  45.466 0.0000000000
40616  23.980  -55.237  67.662 0.0000000000
36745  22.922  -58.213  68.431 0.0000000000
35478  22.835  -58.693  68.480 0.0000000000
35493  22.651  -59.014  68.163 0.0000000000
35479  22.234  -59.039  68.834 0.0000000000
35495  20.891  -59.092  68.472 0.0000000000
35508  21.370  -58.857  67.626 0.0000000000
35509  20.355  -58.772  67.664 0.0000000000
35520  20.166  -58.567  66.655 0.0000000000
36774  19.653  -58.481  67.317 0.0000000000
36788  17.565  -57.371  66.416 0.0000000000
36787  18.582  -57.751  66.568 0.0000000000
39357  17.325  -56.842  65.324 0.0000000000
38084  16.675  -56.884  66.023 0.0000000000
36764  14.638  -57.192  68.769 0.0000000000
36749  14.644  -57.461  69.613 0.0000000000
36748  16.038  -57.463  69.718 0.0000000000
36734  17.016  -57.769  70.480 0.0000000000
36762  16.971  -57.520  68.671 0.0000000000
36778  15.765  -56.841  67.825 0.0000000000
39360  14.770  -56.251  65.846 0.0000000000
39343  15.117  -56.498  66.438 0.0000000000
39377  15.531  -55.866  64.918 0.0000000000
40669  14.058  -55.439  64.559 0.0000000000
40688  12.785  -54.952  63.928 0.0000000000
40657  10.524  -55.296  65.544 0.0000000000
75251  55.103  -24.354  45.558 0.0000000000
74122  55.733  -25.486  45.423 0.0000000000
72924  55.605  -25.887  46.190 0.0000000000
72938  54.670  -26.401  45.659 0.0000000000
72926  54.833  -26.375  46.601 0.0000000000
75231  54.964  -25.188  47.447 0.0000000000
72906  55.247  -26.628  47.803 0.0000000000
72907  55.026  -26.310  47.520 0.0000000000
72910  52.015  -26.398  47.968 0.0000000000
72890  51.070  -26.604  48.498 0.0000000000
71720  52.629  -27.180  49.696 0.0000000000
71723  50.396  -27.764  49.563 0.0000000000
70662  49.358  -27.860  49.268 0.0000000000
68468  49.682  -29.588  51.657 0.0000000000
68469  49.100  -29.696  51.396 0.0000000000
68471  47.579  -29.899  50.891 0.0000000000
68479  47.124  -29.716  50.367 0.0000000000
68480  46.204  -29.997  49.987 0.0000000000
67408  45.639  -30.837  50.352 0.0000000000
66332  45.133  -31.403  50.257 0.0000000000
67331  50.444  -30.126  55.187 0.0000000000
66232  49.409  -31.085  55.523 0.0000000000
66251  49.887  -30.901  55.027 0.0000000000
66252  49.532  -30.885  54.672 0.0000000000
66271  48.985  -30.907  53.654 0.0000000000
65127  47.875  -31.601  53.407 0.0000000000
66287  46.987  -31.605  52.148 0.0000000000
65150  46.348  -32.172  52.286 0.0000000000
66319  44.932  -32.136  50.402 0.0000000000
66320  43.151  -32.654  49.726 0.0000000000
66335  42.693  -32.870  49.090 0.0000000000
65153  43.727  -32.684  52.470 0.0000000000
65154  42.881  -32.673  52.642 0.0000000000
66336  41.700  -32.603  49.404 0.0000000000
65021  45.140  -32.928  61.606 0.0000000000
66151  45.032  -32.246  60.276 0.0000000000
59501  44.257  -37.529  61.541 0.0000000000
59500  44.480  -36.957  61.760 0.0000000000
60711  44.379  -36.818  60.949 0.0000000000
59586  42.841  -38.253  58.238 0.0000000000
59563  43.369  -38.111  59.161 0.0000000000
60768  43.241  -37.761  58.434 0.0000000000
61880  43.706  -36.635  59.215 0.0000000000
61861  44.339  -36.384  60.060 0.0000000000
62967  44.221  -35.326  60.025 0.0000000000
64016  42.648  -34.074  58.502 0.0000000000
64007  43.310  -34.082  59.687 0.0000000000
65035  43.187  -33.533  59.260 0.0000000000
65041  43.502  -32.845  59.008 0.0000000000
65042  42.982  -33.193  58.571 0.0000000000
66175  43.372  -32.531  57.869 0.0000000000
65054  42.817  -32.898  57.877 0.0000000000
65070  41.059  -34.067  56.153 0.0000000000
66238  41.477  -32.696  55.333 0.0000000000
63015  40.480  -36.409  54.470 0.0000000000
65135  39.191  -34.221  52.949 0.0000000000
65134  39.581  -33.629  53.280 0.0000000000
66291  39.389  -33.014  52.219 0.0000000000
65173  38.738  -33.476  51.749 0.0000000000
65185  37.387  -34.256  49.900 0.0000000000
60919  36.860  -37.275  50.069 0.0000000000
59781  35.674  -38.173  47.585 0.0000000000
57442  37.485  -39.563  52.614 0.0000000000
58543  35.544  -39.460  51.828 0.0000000000
57459  36.042  -39.413  50.621 0.0000000000
57460  35.760  -39.495  50.729 0.0000000000
57461  34.052  -39.519  51.620 0.0000000000
58567  34.026  -39.154  50.972 0.0000000000
58617  34.421  -39.229  49.477 0.0000000000
51635  34.755  -44.587  59.980 0.0000000000
51667  32.933  -44.821  58.326 0.0000000000
51666  33.506  -44.542  58.929 0.0000000000
52776  33.198  -44.330  57.950 0.0000000000
51689  32.834  -44.526  57.732 0.0000000000
49652  30.953  -45.472  57.627 0.0000000000
49651  31.636  -45.550  57.920 0.0000000000
50706  30.851  -44.713  55.919 0.0000000000
50685  31.183  -45.206  56.736 0.0000000000
51706  31.527  -44.602  56.201 0.0000000000
51705  32.138  -44.364  56.491 0.0000000000
51719  31.401  -44.493  55.357 0.0000000000
52819  31.813  -44.106  54.709 0.0000000000
51738  31.182  -44.365  54.720 0.0000000000
52832  30.659  -43.884  53.857 0.0000000000
52848  30.052  -43.894  53.296 0.0000000000
53976  30.431  -43.107  52.866 0.0000000000
52877  29.763  -43.585  52.711 0.0000000000
50713  24.544  -46.395  55.898 0.0000000000
49699  25.734  -46.084  56.308 0.0000000000
50712  25.265  -45.917  55.808 0.0000000000
50740  25.336  -44.959  54.020 0.0000000000
50728  25.716  -45.289  54.800 0.0000000000
51725  26.784  -44.885  54.404 0.0000000000
51794  23.750  -44.644  50.515 0.0000000000
52883  24.675  -44.187  51.032 0.0000000000
52853  25.866  -43.985  52.541 0.0000000000
52852  26.844  -43.716  52.528 0.0000000000
51760  27.099  -44.124  53.209 0.0000000000
52851  27.725  -43.732  52.703 0.0000000000
52912  28.123  -43.057  51.073 0.0000000000
54015  28.916  -42.722  51.137 0.0000000000
73003  53.847  -26.143  40.432 0.0000000000
70726  55.304  -28.567  41.377 0.0000000000
70725  56.335  -28.733  41.340 0.0000000000
72934  47.101  -26.285  46.140 0.0000000000
72943  47.579  -25.928  45.596 0.0000000000
39295  24.958  -55.015  67.525 0.0000000000
38038  24.560  -56.155  66.993 0.0000000000
39310  24.526  -55.990  67.178 0.0000000000
38040  24.046  -56.864  67.491 0.0000000000
51598  37.227  -44.863  63.031 0.0000000000
51597  38.442  -44.388  62.719 0.0000000000
51605  38.149  -44.183  62.199 0.0000000000
52726  38.711  -43.633  61.959 0.0000000000
52733  38.592  -43.511  61.149 0.0000000000
52747  37.502  -43.297  60.370 0.0000000000
53884  37.106  -43.190  59.867 0.0000000000
53885  36.588  -43.524  59.878 0.0000000000
52762  35.646  -43.598  59.469 0.0000000000
52763  34.850  -43.808  59.342 0.0000000000
72930  50.300  -25.894  46.900 0.0000000000
74115  49.816  -25.686  46.137 0.0000000000
74128  48.198  -25.667  45.256 0.0000000000
42017  21.512  -53.853  58.649 0.0000000000
42018  20.782  -54.005  58.016 0.0000000000
40781  21.108  -54.421  58.609 0.0000000000
41998  20.527  -54.416  58.189 0.0000000000
40764  20.081  -55.003  58.316 0.0000000000
39405  17.419  -56.208  62.704 0.0000000000
40704  17.020  -55.455  62.050 0.0000000000
41928  16.053  -54.609  61.819 0.0000000000
41929  15.395  -54.359  61.985 0.0000000000
41948  14.605  -53.928  61.606 0.0000000000
41930  14.388  -54.169  62.464 0.0000000000
48284  33.183  -47.182  67.661 0.0000000000
48297  33.684  -47.258  67.174 0.0000000000
47196  32.349  -47.658  66.880 0.0000000000
47212  32.894  -47.568  66.391 0.0000000000
43091  23.591  -53.023  61.759 0.0000000000
43092  23.322  -53.345  61.086 0.0000000000
67419  43.754  -31.291  48.335 0.0000000000
38047  10.283  -56.812  68.920 0.0000000000
68440  51.253  -29.362  53.402 0.0000000000
68441  51.078  -29.699  53.079 0.0000000000
68431  50.964  -29.732  53.797 0.0000000000
67345  50.562  -30.126  54.366 0.0000000000
66171  46.814  -31.592  58.410 0.0000000000
66190  46.672  -31.821  57.456 0.0000000000
65068  44.931  -32.248  55.956 0.0000000000
66213  44.755  -32.149  56.512 0.0000000000
66214  43.957  -32.177  56.547 0.0000000000
57421  41.174  -39.460  55.231 0.0000000000
58503  41.481  -39.180  55.485 0.0000000000
58518  41.119  -39.247  54.874 0.0000000000
58519  40.782  -39.034  54.333 0.0000000000
59664  40.798  -38.455  53.945 0.0000000000
59686  40.440  -38.654  53.412 0.0000000000
59687  40.223  -38.450  52.956 0.0000000000
58586  38.954  -38.518  51.921 0.0000000000
58561  39.300  -38.756  52.254 0.0000000000
58562  38.441  -38.895  51.859 0.0000000000
57457  38.116  -39.428  52.187 0.0000000000
49655  27.986  -46.204  57.842 0.0000000000
50689  26.863  -45.935  56.636 0.0000000000
75274  54.258  -24.909  43.458 0.0000000000
72973  56.587  -26.879  42.836 0.0000000000
39403  23.329  -55.493  63.393 0.0000000000
39404  22.859  -55.859  62.752 0.0000000000
38124  22.840  -56.195  63.261 0.0000000000
38110  22.458  -56.500  63.554 0.0000000000
36796  22.473  -57.886  65.660 0.0000000000
36828  20.534  -57.802  63.887 0.0000000000
36829  19.820  -57.809  63.901 0.0000000000
36814  20.296  -58.031  64.577 0.0000000000
36815  19.691  -57.943  64.709 0.0000000000
36816  19.060  -57.678  64.729 0.0000000000
46107  29.227  -49.180  68.561 0.0000000000
46142  28.658  -50.037  67.972 0.0000000000
45165  28.428  -50.743  67.956 0.0000000000
45166  27.962  -51.099  67.582 0.0000000000
44127  27.571  -51.848  67.059 0.0000000000
41882  25.629  -53.943  66.158 0.0000000000
40666  25.365  -54.427  65.156 0.0000000000
40684  24.433  -54.609  64.016 0.0000000000
39402  23.913  -55.164  63.963 0.0000000000
52670  40.883  -43.259  64.285 0.0000000000
53785  41.288  -42.626  64.600 0.0000000000
54880  42.667  -40.969  63.638 0.0000000000
54895  42.667  -40.966  63.329 0.0000000000
54933  41.898  -41.034  61.238 0.0000000000
54988  39.480  -41.642  59.398 0.0000000000
55000  39.836  -41.209  58.573 0.0000000000
56181  40.220  -40.951  57.964 0.0000000000
56204  40.653  -40.491  57.492 0.0000000000
56205  40.026  -40.689  57.065 0.0000000000
57392  38.050  -40.187  55.092 0.0000000000
56223  37.835  -40.498  55.933 0.0000000000
56224  36.839  -40.860  55.873 0.0000000000
55023  34.435  -42.591  56.714 0.0000000000
53956  31.912  -43.659  54.301 0.0000000000
48560  23.043  -47.997  56.048 0.0000000000
48577  22.830  -47.532  55.413 0.0000000000
48578  22.017  -47.832  55.253 0.0000000000
48597  21.836  -47.575  54.283 0.0000000000
49733  21.700  -47.390  53.665 0.0000000000
72950  53.713  -26.327  44.485 0.0000000000
72962  53.395  -26.429  43.828 0.0000000000
72963  52.772  -26.198  43.557 0.0000000000
74165  49.793  -25.529  43.040 0.0000000000
74164  50.342  -25.657  42.828 0.0000000000
40839  17.120  -54.025  55.099 0.0000000000
38170  20.870  -56.361  60.556 0.0000000000
38184  20.289  -56.064  59.707 0.0000000000
39471  18.655  -55.989  59.169 0.0000000000
42002  15.801  -53.784  59.351 0.0000000000
42001  16.259  -54.039  58.827 0.0000000000
43147  15.583  -53.658  57.932 0.0000000000
48327  34.822  -47.121  65.770 0.0000000000
48310  35.217  -46.792  66.247 0.0000000000
48326  35.389  -46.751  65.576 0.0000000000
49455  36.000  -46.438  65.210 0.0000000000
49484  35.934  -46.218  64.147 0.0000000000
49503  35.612  -46.081  63.713 0.0000000000
50571  35.072  -45.673  62.867 0.0000000000
49506  33.177  -46.312  62.818 0.0000000000
48421  31.226  -46.898  63.138 0.0000000000
49533  29.884  -46.709  60.998 0.0000000000
48461  28.442  -47.199  60.983 0.0000000000
46224  27.685  -49.797  65.433 0.0000000000
46233  27.183  -49.864  64.030 0.0000000000
46256  24.791  -50.294  61.742 0.0000000000
46255  25.382  -49.872  62.249 0.0000000000
47344  25.355  -49.069  60.805 0.0000000000
48445  26.100  -48.472  60.937 0.0000000000
47362  25.311  -48.952  60.087 0.0000000000
48486  24.811  -48.734  59.177 0.0000000000
47378  24.037  -49.251  58.523 0.0000000000
46316  22.939  -49.927  58.023 0.0000000000
44244  20.799  -51.973  56.773 0.0000000000
44236  21.158  -51.613  56.971 0.0000000000
44267  19.510  -51.321  55.216 0.0000000000
44285  18.859  -51.530  53.874 0.0000000000
44286  18.521  -51.933  53.515 0.0000000000
70682  46.236  -27.762  48.054 0.0000000000
71763  45.242  -27.772  47.194 0.0000000000
70692  44.879  -28.030  47.180 0.0000000000
69581  43.209  -29.837  45.483 0.0000000000
36760  18.895  -58.197  68.349 0.0000000000
36776  17.830  -57.608  67.592 0.0000000000
36765  13.055  -57.648  69.116 0.0000000000
38042  14.148  -57.015  68.357 0.0000000000
38041  15.000  -56.817  68.183 0.0000000000
38074  14.296  -56.665  67.271 0.0000000000
39344  14.067  -56.560  66.798 0.0000000000
39379  13.478  -55.691  65.241 0.0000000000
39380  12.747  -55.588  65.175 0.0000000000
40671  12.184  -55.336  64.730 0.0000000000
75249  55.847  -25.200  46.023 0.0000000000
75239  55.717  -25.296  46.206 0.0000000000
74112  55.460  -25.664  46.608 0.0000000000
71753  55.729  -26.916  47.931 0.0000000000
71755  54.474  -26.569  47.981 0.0000000000
71758  52.217  -26.591  48.597 0.0000000000
70646  52.009  -27.477  50.358 0.0000000000
70647  51.212  -27.782  50.241 0.0000000000
70649  49.530  -28.358  49.880 0.0000000000
69541  48.944  -28.903  50.417 0.0000000000
67395  49.077  -30.184  51.892 0.0000000000
67396  48.474  -30.258  51.662 0.0000000000
67407  46.511  -30.500  50.542 0.0000000000
67398  46.798  -30.848  50.925 0.0000000000
66317  46.469  -31.288  51.162 0.0000000000
67316  49.885  -30.370  56.736 0.0000000000
67332  50.001  -30.653  55.973 0.0000000000
66209  49.678  -30.889  55.988 0.0000000000
66233  48.860  -31.304  55.251 0.0000000000
65085  46.542  -32.341  55.062 0.0000000000
66337  40.553  -32.369  49.627 0.0000000000
66323  40.146  -32.178  50.734 0.0000000000
63994  45.022  -33.851  62.024 0.0000000000
63995  44.747  -33.957  61.620 0.0000000000
57265  43.707  -39.147  61.415 0.0000000000
58354  44.030  -38.481  61.918 0.0000000000
58375  43.700  -39.132  61.191 0.0000000000
58395  43.610  -38.324  60.357 0.0000000000
59540  43.693  -37.843  59.797 0.0000000000
61910  42.829  -37.418  57.373 0.0000000000
62988  43.495  -36.178  58.479 0.0000000000
62980  43.698  -35.487  58.960 0.0000000000
62981  43.154  -35.105  58.609 0.0000000000
64022  42.813  -34.766  58.444 0.0000000000
64023  42.385  -34.411  57.969 0.0000000000
64028  41.833  -34.420  57.298 0.0000000000
64036  40.755  -34.731  55.906 0.0000000000
63027  39.887  -36.322  53.377 0.0000000000
63017  39.531  -35.368  53.699 0.0000000000
63028  39.554  -35.787  53.104 0.0000000000
64060  39.009  -34.868  52.647 0.0000000000
64061  38.770  -34.561  52.142 0.0000000000
65157  38.593  -34.233  51.946 0.0000000000
64073  38.521  -34.837  51.647 0.0000000000
64085  37.428  -34.735  50.287 0.0000000000
62021  36.271  -36.206  49.023 0.0000000000
59748  36.905  -38.101  50.106 0.0000000000
59749  36.515  -37.825  49.547 0.0000000000
59761  36.446  -38.189  49.562 0.0000000000
57427  36.642  -39.938  53.523 0.0000000000
57443  36.440  -39.653  52.810 0.0000000000
57481  32.886  -39.457  50.527 0.0000000000
58618  33.460  -39.313  49.316 0.0000000000
51622  33.904  -45.306  60.538 0.0000000000
51636  33.833  -45.251  59.909 0.0000000000
51637  33.223  -45.335  59.498 0.0000000000
50662  32.679  -45.390  58.672 0.0000000000
49696  29.825  -45.304  56.212 0.0000000000
50686  30.578  -45.290  56.606 0.0000000000
50723  30.337  -44.651  55.503 0.0000000000
51720  30.706  -44.514  55.083 0.0000000000
51740  29.727  -44.444  54.471 0.0000000000
51757  29.512  -44.408  53.648 0.0000000000
51745  24.933  -44.574  53.506 0.0000000000
52941  25.114  -44.460  49.557 0.0000000000
52915  25.422  -44.182  50.348 0.0000000000
52880  27.448  -43.413  51.847 0.0000000000
71811  54.941  -27.898  42.247 0.0000000000
72945  46.117  -26.459  44.904 0.0000000000
72955  45.865  -26.626  44.162 0.0000000000
39356  24.438  -55.517  65.746 0.0000000000
38095  23.939  -55.864  64.865 0.0000000000
38080  23.951  -56.059  65.367 0.0000000000
38081  23.684  -56.696  65.615 0.0000000000
38069  23.706  -57.108  65.993 0.0000000000
36785  22.966  -57.868  66.233 0.0000000000
35526  22.648  -58.288  66.318 0.0000000000
41870  25.947  -53.505  67.179 0.0000000000
40633  25.573  -53.858  67.469 0.0000000000
41871  25.577  -53.979  66.662 0.0000000000
40640  25.243  -54.650  66.376 0.0000000000
51555  38.854  -44.338  65.162 0.0000000000
51566  39.884  -44.098  64.328 0.0000000000
52690  40.044  -44.189  63.940 0.0000000000
52689  40.511  -44.028  64.010 0.0000000000
52706  40.692  -43.754  63.228 0.0000000000
53825  41.051  -43.457  63.095 0.0000000000
53844  41.330  -42.297  62.233 0.0000000000
53871  39.101  -43.210  61.028 0.0000000000
53882  39.168  -42.202  60.157 0.0000000000
53896  38.853  -41.886  59.554 0.0000000000
54989  38.498  -41.724  59.042 0.0000000000
55002  37.642  -41.639  58.130 0.0000000000
55004  35.613  -42.447  57.920 0.0000000000
53932  34.990  -42.508  57.773 0.0000000000
53933  34.209  -42.953  57.459 0.0000000000
47524  19.573  -49.586  52.108 0.0000000000
47542  19.894  -49.710  51.152 0.0000000000
45390  20.180  -51.384  50.504 0.0000000000
74124  52.194  -25.649  44.761 0.0000000000
74126  50.154  -25.370  45.308 0.0000000000
74166  49.250  -25.408  43.293 0.0000000000
43170  19.606  -52.743  56.315 0.0000000000
43171  18.979  -52.895  55.859 0.0000000000
42068  18.375  -53.626  56.003 0.0000000000
42042  20.080  -54.100  57.091 0.0000000000
40820  19.158  -54.110  56.980 0.0000000000
40822  17.564  -54.193  56.174 0.0000000000
38159  18.784  -56.798  61.089 0.0000000000
39437  18.383  -56.323  60.543 0.0000000000
40732  17.090  -54.771  60.256 0.0000000000
41981  16.301  -54.146  59.658 0.0000000000
43095  13.824  -53.539  60.431 0.0000000000
48296  34.353  -47.020  66.630 0.0000000000
48311  34.746  -47.002  66.138 0.0000000000
48345  34.479  -47.371  65.502 0.0000000000
48368  33.769  -47.212  64.886 0.0000000000
47285  31.806  -47.755  65.322 0.0000000000
48397  30.502  -47.513  63.708 0.0000000000
44177  25.264  -51.754  63.993 0.0000000000
44178  24.953  -51.863  63.392 0.0000000000
45224  25.108  -51.307  62.888 0.0000000000
45248  24.435  -51.042  61.541 0.0000000000
45275  23.504  -50.707  59.375 0.0000000000
45262  23.154  -51.328  59.506 0.0000000000
44234  22.048  -51.785  58.381 0.0000000000
43144  22.050  -52.819  59.014 0.0000000000
44243  21.028  -52.536  57.277 0.0000000000
69572  43.410  -29.893  47.350 0.0000000000
68492  42.776  -30.535  45.980 0.0000000000
36751  12.674  -57.480  69.578 0.0000000000
36766  12.787  -57.520  69.020 0.0000000000
38061  12.168  -56.685  68.171 0.0000000000
39330  12.515  -56.459  67.443 0.0000000000
39347  11.034  -56.005  66.746 0.0000000000
40645  10.469  -55.632  66.291 0.0000000000
69507  51.360  -28.565  51.673 0.0000000000
69508  50.466  -29.124  51.726 0.0000000000
68460  50.698  -29.477  52.244 0.0000000000
68461  49.937  -29.831  52.133 0.0000000000
68452  50.456  -29.986  52.544 0.0000000000
67388  49.822  -30.220  52.424 0.0000000000
67389  49.440  -30.329  52.368 0.0000000000
66302  48.920  -30.603  52.496 0.0000000000
66284  49.132  -30.635  52.932 0.0000000000
65065  47.010  -32.091  55.877 0.0000000000
65088  44.126  -32.377  55.227 0.0000000000
65110  43.031  -32.414  54.187 0.0000000000
65111  42.530  -32.432  54.075 0.0000000000
61831  44.645  -35.713  62.158 0.0000000000
58446  42.307  -39.230  58.159 0.0000000000
58428  42.579  -38.789  58.999 0.0000000000
58468  42.267  -39.277  57.373 0.0000000000
58467  42.394  -38.979  57.161 0.0000000000
59612  42.543  -38.488  57.175 0.0000000000
58502  41.890  -39.048  56.132 0.0000000000
59650  41.825  -38.674  55.908 0.0000000000
60787  42.697  -37.829  56.959 0.0000000000
61924  42.014  -37.553  56.293 0.0000000000
61912  41.604  -36.471  56.218 0.0000000000
61913  41.219  -36.196  55.724 0.0000000000
61926  41.295  -36.717  55.396 0.0000000000
61937  40.840  -37.054  54.534 0.0000000000
61938  40.455  -36.730  54.025 0.0000000000
60850  40.421  -37.779  53.343 0.0000000000
61952  40.196  -36.941  53.363 0.0000000000
61969  39.489  -36.738  52.472 0.0000000000
61986  38.948  -36.663  51.739 0.0000000000
62005  37.878  -36.530  51.006 0.0000000000
60903  37.904  -37.460  50.999 0.0000000000
59747  37.612  -38.035  50.609 0.0000000000
58615  36.070  -38.911  49.976 0.0000000000
49674  29.292  -45.558  57.052 0.0000000000
49697  29.408  -45.460  56.352 0.0000000000
51795  22.880  -45.250  50.739 0.0000000000
51776  23.133  -44.930  51.550 0.0000000000
52942  24.399  -44.709  49.727 0.0000000000
51829  24.534  -45.597  48.897 0.0000000000
51811  24.723  -44.970  49.091 0.0000000000
74174  54.845  -26.080  41.883 0.0000000000
74162  54.519  -25.367  42.750 0.0000000000
72992  55.207  -26.599  41.340 0.0000000000
71825  56.163  -27.298  41.180 0.0000000000
71824  56.633  -27.609  41.427 0.0000000000
70724  56.738  -28.419  41.294 0.0000000000
71848  52.283  -28.146  39.768 0.0000000000
39433  21.606  -55.696  60.918 0.0000000000
38155  21.706  -56.066  61.580 0.0000000000
38157  20.454  -56.810  61.378 0.0000000000
36826  21.970  -56.937  63.687 0.0000000000
36852  20.808  -56.892  62.292 0.0000000000
38158  19.418  -56.968  61.228 0.0000000000
38144  18.677  -57.107  61.874 0.0000000000
38129  18.045  -57.050  62.779 0.0000000000
48287  30.884  -48.060  68.320 0.0000000000
47198  30.826  -48.509  67.629 0.0000000000
47237  30.131  -48.666  66.887 0.0000000000
46161  30.297  -48.655  67.270 0.0000000000
46186  29.574  -49.042  67.008 0.0000000000
46163  28.510  -49.975  67.607 0.0000000000
46188  28.092  -50.287  66.964 0.0000000000
45200  27.595  -50.623  65.839 0.0000000000
44163  26.553  -51.576  64.971 0.0000000000
44104  27.589  -52.077  67.873 0.0000000000
43011  27.278  -52.360  67.134 0.0000000000
44128  27.381  -52.138  66.622 0.0000000000
41891  26.057  -53.233  66.101 0.0000000000
43042  26.347  -52.442  65.263 0.0000000000
44149  26.326  -52.169  65.067 0.0000000000
44164  25.845  -51.842  64.644 0.0000000000
43068  24.681  -52.813  63.503 0.0000000000
41926  24.425  -53.795  63.497 0.0000000000
41945  23.495  -53.806  62.429 0.0000000000
65213  43.544  -32.525  48.515 0.0000000000
68397  50.074  -30.035  57.047 0.0000000000
67298  49.580  -30.309  57.483 0.0000000000
67299  48.998  -30.707  58.095 0.0000000000
66168  48.781  -30.929  58.078 0.0000000000
66170  47.692  -31.480  58.461 0.0000000000
66163  45.010  -31.869  59.227 0.0000000000
57243  43.338  -39.744  62.217 0.0000000000
57266  43.410  -39.526  61.372 0.0000000000
57283  42.880  -39.468  60.573 0.0000000000
57314  42.167  -39.431  59.341 0.0000000000
54934  41.449  -41.778  61.532 0.0000000000
54974  40.823  -41.121  59.998 0.0000000000
54973  41.185  -40.851  60.154 0.0000000000
56119  41.745  -40.675  60.525 0.0000000000
56139  41.810  -39.942  59.889 0.0000000000
56160  41.810  -39.779  59.352 0.0000000000
57337  42.031  -39.531  58.490 0.0000000000
57338  41.708  -39.867  58.171 0.0000000000
57364  41.715  -39.759  57.327 0.0000000000
57388  41.141  -40.008  56.140 0.0000000000
57366  40.646  -40.226  56.623 0.0000000000
57405  40.984  -39.778  55.417 0.0000000000
57406  40.356  -39.730  55.111 0.0000000000
57425  38.580  -39.736  53.762 0.0000000000
55034  35.084  -41.848  56.003 0.0000000000
56251  32.621  -41.608  53.160 0.0000000000
49677  26.121  -46.280  56.982 0.0000000000
49717  23.319  -46.879  55.559 0.0000000000
50730  23.447  -46.396  54.741 0.0000000000
48621  20.528  -48.229  53.108 0.0000000000
49746  21.133  -47.459  52.790 0.0000000000
48676  20.808  -48.208  50.826 0.0000000000
49759  21.134  -47.481  51.441 0.0000000000
50758  22.103  -46.201  51.295 0.0000000000
51777  22.576  -45.550  51.512 0.0000000000
71798  54.512  -27.286  43.302 0.0000000000
74137  52.282  -25.725  44.211 0.0000000000
72952  52.343  -25.837  43.850 0.0000000000
72964  52.023  -25.900  43.317 0.0000000000
72978  50.899  -25.849  42.540 0.0000000000
72977  51.762  -26.172  42.655 0.0000000000
72994  52.203  -26.514  42.249 0.0000000000
43189  17.678  -52.984  54.221 0.0000000000
39467  21.119  -55.147  59.294 0.0000000000
39469  19.867  -55.743  59.099 0.0000000000
42069  16.650  -54.388  56.270 0.0000000000
39455  18.195  -55.770  59.540 0.0000000000
40748  17.995  -55.367  59.025 0.0000000000
40767  17.689  -54.977  58.575 0.0000000000
42020  17.256  -54.551  58.135 0.0000000000
40786  16.991  -54.490  57.158 0.0000000000
42044  16.569  -54.350  56.717 0.0000000000
42070  16.127  -54.461  56.052 0.0000000000
49419  36.152  -46.268  66.400 0.0000000000
50522  37.797  -45.410  65.619 0.0000000000
51556  38.113  -44.913  65.369 0.0000000000
50541  38.006  -45.132  65.150 0.0000000000
50549  37.886  -45.170  64.933 0.0000000000
50559  37.735  -45.052  64.528 0.0000000000
50551  36.766  -45.678  64.524 0.0000000000
50560  37.196  -45.292  64.184 0.0000000000
51590  37.318  -45.011  63.669 0.0000000000
51619  36.290  -44.464  61.203 0.0000000000
50580  34.695  -45.667  62.088 0.0000000000
50600  34.332  -45.489  61.477 0.0000000000
50602  32.895  -45.527  60.565 0.0000000000
50603  32.546  -45.606  60.097 0.0000000000
49561  31.983  -46.019  60.491 0.0000000000
49590  29.303  -46.862  59.310 0.0000000000
49623  26.660  -46.880  58.730 0.0000000000
47304  29.079  -48.114  64.473 0.0000000000
48399  28.449  -48.052  63.183 0.0000000000
46242  26.564  -49.817  63.452 0.0000000000
48424  28.032  -47.983  62.479 0.0000000000
48443  27.835  -47.646  61.605 0.0000000000
48462  27.581  -47.419  60.676 0.0000000000
48483  27.030  -47.435  60.011 0.0000000000
49593  26.456  -47.290  59.476 0.0000000000
48542  24.333  -47.522  57.145 0.0000000000
48543  23.887  -47.948  56.856 0.0000000000
48527  24.062  -48.554  57.678 0.0000000000
48544  23.286  -48.431  56.690 0.0000000000
47427  22.597  -48.641  56.026 0.0000000000
47428  22.034  -49.050  55.820 0.0000000000
47453  21.241  -49.128  54.979 0.0000000000
46303  23.280  -50.074  58.527 0.0000000000
46317  22.211  -50.291  57.501 0.0000000000
46333  21.478  -50.623  56.713 0.0000000000
46332  22.006  -49.865  56.572 0.0000000000
46349  21.546  -49.854  55.909 0.0000000000
46390  20.037  -49.743  54.152 0.0000000000
47478  19.914  -49.659  53.807 0.0000000000
46407  19.414  -50.485  52.804 0.0000000000
46423  19.173  -50.900  52.319 0.0000000000
45340  18.894  -51.480  53.470 0.0000000000
45356  19.002  -51.351  52.833 0.0000000000
44320  18.791  -52.261  51.279 0.0000000000
71773  47.916  -26.594  46.881 0.0000000000
71780  46.089  -26.566  45.453 0.0000000000
69570  44.806  -28.717  47.859 0.0000000000
70693  44.280  -28.372  46.795 0.0000000000
71777  44.376  -27.920  46.172 0.0000000000
70698  43.491  -28.973  45.664 0.0000000000
70697  43.914  -28.271  45.887 0.0000000000
71782  44.457  -27.720  45.482 0.0000000000
39297  24.014  -56.010  67.720 0.0000000000
36744  23.478  -57.833  68.271 0.0000000000
35492  23.157  -58.583  67.924 0.0000000000
35518  21.807  -58.683  66.783 0.0000000000
35494  21.832  -59.094  68.355 0.0000000000
35530  19.922  -58.462  65.953 0.0000000000
36799  19.353  -57.916  65.636 0.0000000000
36800  18.278  -57.495  65.516 0.0000000000
38082  18.001  -57.334  65.014 0.0000000000
39375  17.393  -56.721  64.950 0.0000000000
36777  16.682  -57.150  67.466 0.0000000000
38057  15.281  -56.748  67.416 0.0000000000
38072  15.658  -56.689  66.665 0.0000000000
38085  16.187  -56.742  66.317 0.0000000000
39359  15.915  -56.466  65.886 0.0000000000
39394  15.487  -55.560  64.115 0.0000000000
40686  14.745  -55.179  63.863 0.0000000000
40707  14.102  -54.629  63.318 0.0000000000
41931  13.192  -54.259  62.806 0.0000000000
41914  12.919  -54.640  63.392 0.0000000000
40656  11.495  -55.450  65.417 0.0000000000
40672  11.168  -55.153  64.700 0.0000000000
75264  55.237  -24.900  44.585 0.0000000000
75258  55.419  -24.738  45.196 0.0000000000
74136  55.559  -25.267  44.817 0.0000000000
72912  49.605  -26.428  47.638 0.0000000000
71737  52.388  -26.714  49.130 0.0000000000
71738  51.540  -26.851  48.913 0.0000000000
71759  48.918  -26.826  47.718 0.0000000000
70680  47.922  -27.649  48.362 0.0000000000
70663  48.296  -27.925  49.032 0.0000000000
70664  47.496  -28.075  48.809 0.0000000000
69559  46.021  -28.962  49.221 0.0000000000
69527  49.160  -29.285  50.932 0.0000000000
69543  46.777  -29.313  49.691 0.0000000000
68484  45.802  -29.733  49.516 0.0000000000
68406  50.583  -29.687  55.223 0.0000000000
66270  49.451  -30.714  53.986 0.0000000000
65147  48.723  -30.983  53.099 0.0000000000
65104  48.379  -31.396  53.950 0.0000000000
65148  48.228  -31.357  52.907 0.0000000000
65168  45.916  -32.080  51.666 0.0000000000
66306  45.737  -31.965  51.377 0.0000000000
66150  45.889  -31.677  60.269 0.0000000000
60694  45.036  -36.414  62.355 0.0000000000
61837  44.701  -35.814  61.901 0.0000000000
60744  43.469  -37.467  59.016 0.0000000000
60743  43.723  -37.360  59.578 0.0000000000
60724  44.080  -37.245  60.074 0.0000000000
60710  44.705  -36.278  61.212 0.0000000000
61848  44.842  -35.833  61.373 0.0000000000
62953  44.779  -35.281  61.645 0.0000000000
62954  44.850  -35.012  60.961 0.0000000000
64001  44.259  -34.348  60.801 0.0000000000
64014  43.685  -34.752  59.553 0.0000000000
64006  43.820  -34.307  60.244 0.0000000000
65027  44.186  -33.303  60.644 0.0000000000
66164  44.171  -32.366  59.066 0.0000000000
66194  43.137  -32.351  57.260 0.0000000000
66215  43.198  -32.195  56.471 0.0000000000
65055  42.304  -33.186  57.386 0.0000000000
66216  42.406  -32.541  56.504 0.0000000000
66237  42.127  -32.481  55.714 0.0000000000
66257  41.190  -32.603  54.653 0.0000000000
66258  40.681  -32.892  54.206 0.0000000000
64037  40.282  -34.672  55.254 0.0000000000
64044  39.482  -35.002  54.079 0.0000000000
64043  39.868  -34.661  54.589 0.0000000000
65091  40.131  -34.029  55.008 0.0000000000
65113  40.192  -33.600  54.368 0.0000000000
66290  39.997  -32.726  52.612 0.0000000000
66311  38.613  -33.325  51.506 0.0000000000
62033  35.942  -36.348  48.406 0.0000000000
58563  37.443  -39.357  51.750 0.0000000000
58541  36.982  -39.547  52.274 0.0000000000
58589  36.354  -39.125  50.537 0.0000000000
58544  34.900  -39.332  51.614 0.0000000000
58590  35.415  -39.366  50.534 0.0000000000
57480  35.820  -39.298  50.331 0.0000000000
51634  35.403  -44.330  60.202 0.0000000000
52750  35.268  -44.192  59.900 0.0000000000
51651  33.926  -44.679  59.468 0.0000000000
52764  34.065  -44.249  59.137 0.0000000000
52796  33.231  -43.860  57.453 0.0000000000
50663  32.222  -45.526  58.018 0.0000000000
50684  31.959  -45.096  57.375 0.0000000000
51690  32.411  -44.515  57.228 0.0000000000
52811  32.520  -43.863  56.105 0.0000000000
52818  32.192  -44.037  55.332 0.0000000000
51739  30.542  -44.312  54.440 0.0000000000
51762  24.382  -44.571  52.671 0.0000000000
52834  25.073  -44.218  52.829 0.0000000000
51743  27.331  -44.611  53.808 0.0000000000
51742  28.233  -44.626  53.957 0.0000000000
52879  28.309  -43.285  52.172 0.0000000000
52878  29.158  -43.460  52.317 0.0000000000
53996  29.332  -42.840  51.720 0.0000000000
55086  29.426  -42.387  51.231 0.0000000000
71796  56.309  -27.311  43.127 0.0000000000
70715  56.714  -28.355  41.943 0.0000000000
69605  56.762  -28.793  41.040 0.0000000000
70739  53.224  -28.075  40.210 0.0000000000
74129  47.775  -25.765  45.060 0.0000000000
74142  47.955  -25.595  44.606 0.0000000000
35491  23.423  -58.020  67.578 0.0000000000
35498  18.279  -58.360  69.429 0.0000000000
35504  23.475  -58.107  67.046 0.0000000000
35506  22.851  -58.627  67.495 0.0000000000
35515  23.423  -57.946  66.847 0.0000000000
36750  13.432  -57.537  69.630 0.0000000000
36772  23.938  -57.121  67.220 0.0000000000
38044  12.607  -57.072  68.707 0.0000000000
38054  24.495  -56.231  66.839 0.0000000000
38058  14.540  -56.724  67.659 0.0000000000
38070  17.031  -57.113  66.267 0.0000000000
38071  16.473  -56.913  66.673 0.0000000000
38083  17.505  -57.116  65.538 0.0000000000
38111  19.576  -57.630  63.601 0.0000000000
38141  21.613  -56.308  61.906 0.0000000000
38183  20.641  -56.055  60.029 0.0000000000
39315  10.689  -56.521  68.047 0.0000000000
39324  24.521  -55.986  66.771 0.0000000000
39358  16.987  -56.650  65.477 0.0000000000
39434  21.244  -56.007  60.536 0.0000000000
39450  21.819  -55.202  60.365 0.0000000000
40708  13.344  -54.710  63.498 0.0000000000
40730  22.890  -54.188  61.279 0.0000000000
40780  21.269  -54.231  58.602 0.0000000000
40802  19.884  -54.352  57.237 0.0000000000
41944  24.024  -53.534  62.975 0.0000000000
41965  16.663  -54.429  59.946 0.0000000000
41966  16.299  -54.314  60.377 0.0000000000
41999  20.383  -54.617  58.255 0.0000000000
42043  19.547  -54.083  56.962 0.0000000000
43021  27.318  -52.278  66.838 0.0000000000
43093  15.360  -53.664  60.109 0.0000000000
45126  28.402  -50.646  68.102 0.0000000000
45145  28.545  -50.833  68.194 0.0000000000
45291  21.400  -51.190  57.106 0.0000000000
45303  21.365  -50.417  56.227 0.0000000000
45373  19.045  -51.349  51.742 0.0000000000
46123  29.997  -48.630  68.018 0.0000000000
46408  19.284  -50.972  52.701 0.0000000000
47211  33.717  -47.596  66.074 0.0000000000
47215  30.373  -48.750  67.058 0.0000000000
47258  33.647  -47.537  65.657 0.0000000000
47377  24.468  -48.989  59.033 0.0000000000
47388  23.703  -49.236  57.859 0.0000000000
47452  21.668  -48.594  55.319 0.0000000000
48343  35.396  -46.763  65.286 0.0000000000
48365  35.841  -46.540  64.906 0.0000000000
49440  37.146  -45.874  65.689 0.0000000000
49441  36.829  -46.009  65.629 0.0000000000
49672  30.737  -45.385  56.916 0.0000000000
50623  33.500  -45.391  60.371 0.0000000000
51577  40.005  -44.149  64.128 0.0000000000
51721  30.136  -44.448  54.997 0.0000000000
51723  28.463  -44.767  54.646 0.0000000000
52705  41.066  -43.462  63.345 0.0000000000
52833  25.485  -44.282  53.158 0.0000000000
53823  41.863  -42.088  62.785 0.0000000000
53860  41.105  -42.174  61.668 0.0000000000
53863  39.349  -43.398  61.679 0.0000000000
53869  40.639  -42.335  60.919 0.0000000000
53881  39.840  -42.096  60.261 0.0000000000
54912  41.736  -41.929  62.062 0.0000000000
54935  41.059  -42.139  61.356 0.0000000000
54976  39.714  -41.919  59.982 0.0000000000
56081  42.634  -40.938  62.849 0.0000000000
56101  42.776  -40.061  61.112 0.0000000000
56140  41.502  -40.556  60.052 0.0000000000
56141  41.035  -40.790  59.920 0.0000000000
56163  40.732  -40.883  59.149 0.0000000000
57242  43.696  -39.149  61.732 0.0000000000
57284  42.486  -39.842  60.479 0.0000000000
57315  41.751  -39.796  58.899 0.0000000000
57363  42.044  -39.576  57.697 0.0000000000
57422  40.816  -39.451  54.824 0.0000000000
57500  35.844  -39.012  49.911 0.0000000000
57501  35.780  -39.162  50.100 0.0000000000
58429  42.261  -39.232  58.748 0.0000000000
58486  42.365  -38.955  56.920 0.0000000000
58593  32.739  -39.213  49.988 0.0000000000
59541  43.473  -38.154  59.626 0.0000000000
59613  42.460  -38.241  56.721 0.0000000000
59634  42.223  -38.675  56.503 0.0000000000
60701  44.444  -36.934  61.510 0.0000000000
60807  42.226  -37.970  56.297 0.0000000000
60849  40.829  -37.808  53.848 0.0000000000
61849  44.771  -36.040  60.810 0.0000000000
61953  39.813  -36.602  53.024 0.0000000000
64000  44.457  -33.984  61.175 0.0000000000
64096  37.084  -34.700  49.540 0.0000000000
65155  39.465  -33.262  52.633 0.0000000000
65197  43.094  -32.977  49.009 0.0000000000
66316  46.895  -31.025  51.159 0.0000000000
67376  50.520  -30.140  52.793 0.0000000000
67379  48.367  -30.934  52.248 0.0000000000
67380  48.063  -31.058  52.152 0.0000000000
67425  42.721  -31.090  45.820 0.0000000000
67431  42.894  -31.001  45.558 0.0000000000
68430  51.281  -29.275  54.089 0.0000000000
68442  50.909  -29.948  52.956 0.0000000000
68497  42.925  -30.756  45.593 0.0000000000
69467  51.435  -28.872  53.481 0.0000000000
69604  56.904  -28.595  41.085 0.0000000000
70684  44.664  -28.493  47.492 0.0000000000
71733  55.136  -26.569  47.785 0.0000000000
72905  55.480  -26.817  48.005 0.0000000000
74116  49.257  -25.795  46.188 0.0000000000
74155  48.226  -25.448  44.169 0.0000000000
