#!ascii label  , from subject 3627 vox2ras=TkReg
1477
70721  -39.315  -13.117  43.873 0.0000000000
84153  -51.569  0.396  38.622 0.0000000000
80899  -43.567  -4.018  41.576 0.0000000000
44851  -13.013  -36.297  64.141 0.0000000000
70630  -35.295  -12.922  48.796 0.0000000000
52186  -26.633  -28.100  61.721 0.0000000000
53305  -34.635  -27.721  58.419 0.0000000000
61413  -37.587  -20.577  54.624 0.0000000000
67130  -38.804  -15.771  52.896 0.0000000000
49038  -20.119  -31.861  56.797 0.0000000000
48913  -23.633  -31.814  62.824 0.0000000000
52234  -23.839  -28.634  56.425 0.0000000000
55611  -29.845  -25.586  54.881 0.0000000000
57914  -34.164  -24.194  53.667 0.0000000000
71713  -40.214  -12.549  50.724 0.0000000000
71789  -44.394  -11.839  47.455 0.0000000000
83035  -47.482  -2.454  40.415 0.0000000000
75350  -42.304  -8.970  40.651 0.0000000000
87645  -47.683  2.175  34.094 0.0000000000
45873  -11.375  -34.779  68.337 0.0000000000
71673  -37.880  -11.779  53.222 0.0000000000
71804  -36.466  -12.340  46.919 0.0000000000
56707  -26.785  -25.780  55.516 0.0000000000
55541  -30.191  -25.912  60.257 0.0000000000
74138  -46.106  -8.744  44.899 0.0000000000
90866  -53.518  5.809  29.249 0.0000000000
61435  -35.748  -20.409  52.302 0.0000000000
63949  -36.668  -18.950  51.445 0.0000000000
50072  -22.034  -30.806  57.161 0.0000000000
57954  -31.800  -23.649  51.946 0.0000000000
60163  -33.555  -22.563  52.156 0.0000000000
60127  -36.045  -22.244  54.825 0.0000000000
70652  -39.933  -12.767  47.472 0.0000000000
71748  -42.897  -12.635  49.301 0.0000000000
71807  -41.694  -12.675  45.806 0.0000000000
83056  -49.380  -1.609  39.319 0.0000000000
85175  -50.556  -1.060  43.290 0.0000000000
86368  -52.608  2.069  37.945 0.0000000000
47976  -10.882  -32.977  63.658 0.0000000000
45885  -11.943  -35.216  66.373 0.0000000000
68338  -37.514  -14.652  50.585 0.0000000000
69469  -38.757  -13.951  53.252 0.0000000000
70604  -36.567  -12.681  50.906 0.0000000000
72945  -37.144  -11.838  49.896 0.0000000000
71760  -35.659  -11.752  48.690 0.0000000000
51108  -25.302  -29.847  61.989 0.0000000000
48892  -24.936  -31.369  64.962 0.0000000000
51056  -26.412  -29.566  64.849 0.0000000000
53231  -27.920  -27.905  64.148 0.0000000000
56748  -24.773  -25.274  53.742 0.0000000000
58987  -25.261  -23.551  53.703 0.0000000000
53350  -32.416  -27.101  56.250 0.0000000000
55584  -30.124  -25.799  57.572 0.0000000000
54419  -32.170  -27.015  59.698 0.0000000000
53247  -31.661  -27.380  62.359 0.0000000000
44897  -16.435  -35.613  59.541 0.0000000000
43783  -19.589  -36.680  61.470 0.0000000000
40284  -21.048  -39.283  63.750 0.0000000000
77608  -42.981  -6.603  40.622 0.0000000000
74178  -44.493  -8.996  42.631 0.0000000000
77601  -45.718  -6.164  42.404 0.0000000000
91973  -54.545  6.380  28.039 0.0000000000
43718  -15.308  -37.379  67.339 0.0000000000
61390  -38.764  -20.176  56.955 0.0000000000
63894  -39.500  -17.858  56.454 0.0000000000
63922  -38.253  -18.729  54.126 0.0000000000
66043  -37.721  -16.728  50.475 0.0000000000
48015  -20.784  -33.647  60.338 0.0000000000
47002  -22.009  -33.709  62.991 0.0000000000
48962  -22.344  -32.110  60.008 0.0000000000
51146  -23.828  -30.275  59.806 0.0000000000
52197  -25.178  -28.882  59.841 0.0000000000
59003  -26.728  -23.607  52.852 0.0000000000
57933  -29.548  -24.420  52.231 0.0000000000
55645  -32.536  -25.758  53.715 0.0000000000
55600  -35.424  -26.116  56.132 0.0000000000
57870  -36.087  -23.809  56.515 0.0000000000
60109  -37.196  -22.269  56.981 0.0000000000
48060  -17.950  -33.194  56.744 0.0000000000
72873  -40.738  -11.271  53.478 0.0000000000
73985  -44.137  -10.115  55.756 0.0000000000
71676  -43.186  -11.256  53.024 0.0000000000
71735  -44.907  -11.606  50.409 0.0000000000
83020  -45.487  -2.755  41.392 0.0000000000
80893  -47.094  -3.689  43.549 0.0000000000
82996  -48.297  -2.200  43.000 0.0000000000
42513  -8.252  -37.310  71.595 0.0000000000
71898  -40.905  -11.586  41.459 0.0000000000
77638  -40.476  -6.583  39.551 0.0000000000
81970  -42.512  -2.932  39.337 0.0000000000
82001  -44.516  -2.477  37.861 0.0000000000
83083  -46.541  -1.317  37.480 0.0000000000
85259  -48.036  0.494  36.819 0.0000000000
86381  -49.365  1.690  36.603 0.0000000000
87619  -46.223  1.628  35.184 0.0000000000
44823  -13.708  -36.347  68.943 0.0000000000
43703  -12.370  -36.310  70.184 0.0000000000
42516  -10.626  -36.596  70.854 0.0000000000
71628  -41.612  -12.540  58.347 0.0000000000
67099  -40.295  -15.305  56.033 0.0000000000
70553  -39.685  -12.839  55.585 0.0000000000
72847  -40.474  -11.366  55.454 0.0000000000
72913  -38.600  -11.654  51.500 0.0000000000
72962  -38.436  -12.476  48.938 0.0000000000
70683  -37.963  -13.182  45.553 0.0000000000
46959  -23.723  -34.130  65.122 0.0000000000
53334  -24.977  -27.516  55.882 0.0000000000
53302  -26.698  -27.216  58.314 0.0000000000
57869  -27.506  -24.831  55.536 0.0000000000
56684  -27.859  -25.510  57.537 0.0000000000
54402  -28.166  -26.634  60.790 0.0000000000
54373  -29.884  -26.634  63.149 0.0000000000
46999  -12.400  -34.601  62.220 0.0000000000
45922  -13.933  -35.600  60.786 0.0000000000
42582  -15.378  -37.485  63.192 0.0000000000
71859  -43.494  -11.128  43.418 0.0000000000
72986  -45.180  -11.229  45.962 0.0000000000
72975  -47.593  -10.831  47.587 0.0000000000
77559  -48.001  -6.515  45.002 0.0000000000
88668  -50.612  3.251  36.154 0.0000000000
91896  -51.830  5.538  34.998 0.0000000000
91905  -53.331  6.083  33.677 0.0000000000
88719  -53.201  4.074  30.577 0.0000000000
93042  -54.858  6.928  31.426 0.0000000000
61454  -34.677  -20.574  51.156 0.0000000000
62794  -35.519  -19.759  51.065 0.0000000000
62810  -33.704  -19.695  49.591 0.0000000000
60182  -32.250  -22.521  50.536 0.0000000000
60183  -33.494  -21.848  51.257 0.0000000000
60184  -34.392  -21.382  51.711 0.0000000000
70685  -39.964  -12.965  45.670 0.0000000000
70672  -41.199  -12.647  46.281 0.0000000000
70701  -40.455  -12.992  44.819 0.0000000000
84141  -50.813  -0.527  39.292 0.0000000000
84114  -51.015  -0.314  40.938 0.0000000000
85225  -51.957  0.445  40.314 0.0000000000
85226  -52.949  0.909  40.278 0.0000000000
85244  -52.003  0.986  38.194 0.0000000000
45902  -12.078  -35.035  64.488 0.0000000000
45901  -11.748  -34.657  64.866 0.0000000000
44842  -12.482  -35.733  65.316 0.0000000000
69510  -36.457  -13.790  49.877 0.0000000000
70620  -36.693  -13.478  50.612 0.0000000000
70631  -35.913  -12.904  49.454 0.0000000000
71743  -36.001  -12.062  49.423 0.0000000000
71742  -35.265  -12.316  48.879 0.0000000000
42587  -22.190  -37.031  63.131 0.0000000000
51131  -25.613  -29.214  61.368 0.0000000000
49961  -25.500  -30.111  63.446 0.0000000000
51110  -26.328  -29.144  63.180 0.0000000000
52146  -27.087  -28.672  64.598 0.0000000000
53244  -27.194  -27.912  62.654 0.0000000000
53322  -33.525  -27.654  57.264 0.0000000000
54455  -32.221  -26.990  57.534 0.0000000000
53289  -33.781  -27.867  59.275 0.0000000000
53276  -32.824  -27.482  60.231 0.0000000000
45924  -19.875  -35.205  60.765 0.0000000000
43768  -21.358  -36.559  62.145 0.0000000000
41472  -21.471  -37.856  62.609 0.0000000000
72804  -42.565  -11.266  58.198 0.0000000000
79873  -43.618  -5.312  41.104 0.0000000000
77610  -44.796  -6.572  41.382 0.0000000000
79863  -44.502  -4.854  42.056 0.0000000000
61401  -38.251  -20.568  55.950 0.0000000000
62726  -38.810  -19.449  55.538 0.0000000000
62739  -38.152  -19.353  54.373 0.0000000000
65004  -37.355  -18.161  51.388 0.0000000000
65041  -36.380  -17.494  49.821 0.0000000000
67165  -36.690  -16.268  49.465 0.0000000000
48038  -20.480  -33.120  58.524 0.0000000000
48026  -21.467  -32.783  59.559 0.0000000000
48999  -21.186  -32.415  58.534 0.0000000000
51205  -22.366  -29.788  56.132 0.0000000000
51170  -23.135  -30.151  58.252 0.0000000000
51171  -24.026  -29.355  58.021 0.0000000000
51147  -24.510  -29.731  60.137 0.0000000000
52223  -24.650  -28.643  57.737 0.0000000000
57931  -27.575  -23.865  51.500 0.0000000000
57937  -33.202  -24.198  52.807 0.0000000000
56771  -31.527  -24.627  52.563 0.0000000000
56754  -33.376  -25.059  53.554 0.0000000000
55613  -34.248  -26.314  55.002 0.0000000000
56739  -34.553  -25.086  54.343 0.0000000000
56726  -35.706  -24.832  55.924 0.0000000000
57885  -35.382  -24.033  54.976 0.0000000000
60137  -36.442  -21.503  54.294 0.0000000000
58979  -36.369  -22.360  55.540 0.0000000000
60129  -37.337  -21.299  55.514 0.0000000000
61389  -38.242  -21.005  57.248 0.0000000000
49019  -19.224  -32.992  56.916 0.0000000000
72894  -41.073  -11.554  52.570 0.0000000000
72874  -41.946  -11.272  53.476 0.0000000000
71690  -41.590  -12.077  51.923 0.0000000000
71768  -43.682  -12.296  48.362 0.0000000000
71734  -44.125  -12.122  50.513 0.0000000000
71750  -44.884  -11.745  49.423 0.0000000000
71751  -45.808  -11.593  49.610 0.0000000000
71770  -45.550  -11.679  48.616 0.0000000000
83034  -46.795  -2.942  40.911 0.0000000000
83008  -47.201  -2.406  42.264 0.0000000000
83009  -48.061  -1.966  42.172 0.0000000000
84087  -51.783  -0.715  44.474 0.0000000000
81990  -43.544  -2.898  38.785 0.0000000000
83079  -42.524  -2.039  37.709 0.0000000000
84163  -44.707  -0.757  37.050 0.0000000000
85257  -45.449  0.130  36.581 0.0000000000
84165  -46.795  -0.429  37.167 0.0000000000
85275  -45.853  0.685  36.421 0.0000000000
85276  -46.967  0.804  36.432 0.0000000000
46955  -10.363  -33.624  66.654 0.0000000000
46937  -10.610  -34.149  69.129 0.0000000000
42531  -16.528  -38.441  68.524 0.0000000000
43713  -14.207  -36.695  68.025 0.0000000000
42529  -14.993  -37.486  69.274 0.0000000000
41406  -13.277  -37.706  70.034 0.0000000000
41405  -12.310  -37.592  70.085 0.0000000000
42517  -11.240  -36.495  70.603 0.0000000000
41410  -10.828  -38.427  69.685 0.0000000000
41397  -9.515  -37.702  70.727 0.0000000000
64967  -38.900  -17.229  55.103 0.0000000000
65993  -39.866  -16.537  56.364 0.0000000000
67104  -39.588  -15.807  55.093 0.0000000000
70573  -37.879  -12.771  53.171 0.0000000000
69444  -39.304  -13.266  54.694 0.0000000000
70552  -39.225  -12.700  54.769 0.0000000000
71661  -39.995  -11.916  55.716 0.0000000000
72857  -39.231  -11.754  54.342 0.0000000000
72872  -39.634  -11.352  53.477 0.0000000000
72892  -38.632  -11.385  52.582 0.0000000000
72972  -36.599  -11.958  48.504 0.0000000000
72961  -37.976  -12.122  49.039 0.0000000000
71782  -37.640  -12.672  47.923 0.0000000000
70669  -38.312  -13.000  46.832 0.0000000000
70668  -37.165  -12.992  46.360 0.0000000000
47977  -22.924  -33.326  63.753 0.0000000000
46982  -22.849  -33.845  64.191 0.0000000000
47967  -23.552  -32.889  64.148 0.0000000000
55609  -25.728  -25.765  54.863 0.0000000000
54490  -25.318  -26.661  55.000 0.0000000000
54471  -26.392  -26.781  55.943 0.0000000000
53336  -26.359  -27.369  56.671 0.0000000000
54453  -27.021  -26.791  57.372 0.0000000000
57898  -28.235  -24.421  54.259 0.0000000000
57884  -27.805  -24.446  55.022 0.0000000000
56723  -28.666  -24.685  55.040 0.0000000000
55567  -30.334  -25.755  58.629 0.0000000000
55566  -29.441  -25.629  58.368 0.0000000000
55551  -28.877  -25.808  59.496 0.0000000000
54415  -28.003  -26.163  59.474 0.0000000000
54403  -29.010  -26.048  60.606 0.0000000000
54381  -29.436  -26.444  62.399 0.0000000000
54382  -30.129  -26.401  62.313 0.0000000000
56685  -36.865  -24.425  59.263 0.0000000000
44886  -15.555  -35.973  60.154 0.0000000000
43779  -15.873  -36.533  61.081 0.0000000000
43763  -14.756  -36.698  61.933 0.0000000000
40252  -21.451  -40.342  64.837 0.0000000000
73054  -41.102  -10.453  40.991 0.0000000000
71858  -42.771  -11.715  43.195 0.0000000000
73041  -42.877  -10.272  42.273 0.0000000000
74161  -45.302  -8.820  43.841 0.0000000000
74136  -44.959  -9.881  44.069 0.0000000000
74116  -45.882  -9.862  45.036 0.0000000000
72988  -46.622  -10.736  46.531 0.0000000000
73003  -47.018  -10.456  46.013 0.0000000000
79839  -48.295  -4.505  44.603 0.0000000000
78766  -47.464  -5.243  43.836 0.0000000000
78734  -48.312  -5.460  45.021 0.0000000000
87621  -47.766  1.955  35.619 0.0000000000
87623  -49.867  2.659  36.161 0.0000000000
88666  -49.236  2.559  35.415 0.0000000000
89738  -50.612  4.129  34.607 0.0000000000
88687  -51.456  4.021  33.544 0.0000000000
91904  -52.691  5.625  34.116 0.0000000000
89747  -52.525  4.452  33.010 0.0000000000
89805  -52.620  4.466  28.281 0.0000000000
88751  -52.013  3.869  29.091 0.0000000000
89774  -53.372  4.888  29.840 0.0000000000
90843  -53.710  5.702  31.262 0.0000000000
91937  -54.209  6.280  30.628 0.0000000000
91961  -54.540  6.347  29.098 0.0000000000
90886  -55.439  5.560  27.968 0.0000000000
61420  -36.760  -20.636  53.429 0.0000000000
62753  -36.922  -19.903  52.874 0.0000000000
62771  -36.041  -19.550  51.521 0.0000000000
63971  -35.466  -19.021  50.456 0.0000000000
50071  -21.337  -31.402  57.226 0.0000000000
59048  -31.287  -23.226  50.684 0.0000000000
59026  -33.007  -23.299  52.198 0.0000000000
59027  -33.862  -23.174  53.013 0.0000000000
58990  -35.051  -23.264  54.314 0.0000000000
60146  -34.643  -22.469  53.313 0.0000000000
60148  -35.946  -21.373  53.659 0.0000000000
71765  -40.150  -12.731  48.164 0.0000000000
71731  -40.972  -12.875  50.021 0.0000000000
71766  -41.251  -12.914  47.904 0.0000000000
71787  -42.186  -12.602  46.970 0.0000000000
71809  -43.182  -12.190  46.138 0.0000000000
83055  -48.558  -1.973  39.337 0.0000000000
84111  -49.039  -1.663  41.581 0.0000000000
84112  -49.528  -1.213  41.262 0.0000000000
85190  -51.341  -0.217  43.088 0.0000000000
88653  -53.331  3.720  38.169 0.0000000000
46966  -10.950  -33.972  65.535 0.0000000000
45880  -11.342  -34.701  67.347 0.0000000000
67145  -38.276  -15.495  51.377 0.0000000000
68312  -38.859  -14.697  53.040 0.0000000000
69476  -37.861  -14.012  51.972 0.0000000000
70586  -37.705  -13.394  52.426 0.0000000000
71687  -36.976  -12.151  52.093 0.0000000000
72912  -37.541  -11.556  51.701 0.0000000000
72928  -36.671  -11.925  50.278 0.0000000000
72959  -36.459  -11.913  49.149 0.0000000000
71780  -35.778  -11.739  47.739 0.0000000000
48928  -23.939  -31.177  62.378 0.0000000000
48901  -23.831  -32.000  63.721 0.0000000000
49960  -24.875  -30.695  63.290 0.0000000000
49925  -25.385  -30.569  64.707 0.0000000000
52133  -27.655  -28.715  65.194 0.0000000000
57894  -25.106  -24.187  54.130 0.0000000000
57881  -25.836  -24.618  54.679 0.0000000000
54492  -30.938  -26.290  55.374 0.0000000000
55597  -29.578  -25.507  55.865 0.0000000000
55599  -30.826  -26.171  56.950 0.0000000000
55585  -30.924  -26.025  57.932 0.0000000000
54417  -30.989  -26.070  59.604 0.0000000000
54395  -31.331  -26.907  61.575 0.0000000000
53262  -32.156  -27.426  61.259 0.0000000000
47041  -17.376  -34.361  58.284 0.0000000000
45933  -17.862  -34.946  59.804 0.0000000000
42607  -18.905  -37.188  61.697 0.0000000000
42586  -19.435  -38.249  63.074 0.0000000000
41471  -20.681  -38.151  62.561 0.0000000000
76495  -42.444  -7.547  40.475 0.0000000000
74189  -43.578  -9.028  41.556 0.0000000000
75353  -44.358  -8.259  41.779 0.0000000000
76472  -45.271  -7.672  42.574 0.0000000000
76446  -46.207  -7.826  44.031 0.0000000000
88693  -46.671  3.434  32.817 0.0000000000
87646  -48.623  2.140  34.071 0.0000000000
87654  -47.972  2.445  33.104 0.0000000000
89821  -53.265  5.239  27.858 0.0000000000
91960  -53.949  6.339  28.638 0.0000000000
91982  -53.808  5.942  26.618 0.0000000000
91995  -54.334  6.582  25.899 0.0000000000
42560  -14.946  -37.622  65.011 0.0000000000
43721  -13.644  -36.777  65.968 0.0000000000
63869  -40.109  -18.390  58.248 0.0000000000
63880  -39.471  -19.033  56.894 0.0000000000
63910  -38.845  -18.347  55.360 0.0000000000
64989  -38.578  -17.343  53.512 0.0000000000
63950  -37.619  -18.782  52.344 0.0000000000
65005  -37.886  -17.590  51.933 0.0000000000
66028  -38.370  -16.866  52.279 0.0000000000
67144  -37.818  -15.632  50.383 0.0000000000
68377  -36.689  -15.260  49.493 0.0000000000
47010  -20.746  -34.511  61.210 0.0000000000
45909  -21.553  -34.548  62.559 0.0000000000
47011  -21.142  -33.848  61.688 0.0000000000
48004  -22.067  -32.856  61.393 0.0000000000
48926  -22.771  -32.290  61.703 0.0000000000
50050  -21.974  -31.161  58.021 0.0000000000
50014  -22.602  -31.489  59.591 0.0000000000
49998  -23.623  -30.932  61.072 0.0000000000
49999  -24.209  -30.345  61.170 0.0000000000
51148  -25.208  -29.163  60.611 0.0000000000
52198  -25.976  -28.311  60.377 0.0000000000
57910  -27.558  -24.014  52.577 0.0000000000
56749  -29.128  -24.527  53.388 0.0000000000
57934  -30.572  -24.260  52.017 0.0000000000
56751  -30.797  -25.052  53.012 0.0000000000
55626  -30.832  -25.878  54.436 0.0000000000
54509  -32.033  -26.590  54.827 0.0000000000
54476  -34.014  -27.036  56.055 0.0000000000
53324  -35.299  -27.389  57.768 0.0000000000
54436  -36.114  -26.743  58.703 0.0000000000
54457  -35.978  -26.523  57.669 0.0000000000
56697  -36.528  -24.649  58.264 0.0000000000
57854  -36.750  -23.677  58.716 0.0000000000
58978  -35.854  -22.953  55.366 0.0000000000
58962  -36.864  -22.926  57.352 0.0000000000
60096  -37.478  -22.493  58.815 0.0000000000
60104  -37.914  -22.030  58.521 0.0000000000
47042  -18.599  -34.185  58.197 0.0000000000
72848  -41.455  -10.881  55.419 0.0000000000
72861  -42.662  -10.731  54.375 0.0000000000
72862  -43.582  -10.747  54.382 0.0000000000
72897  -44.164  -11.010  52.949 0.0000000000
71715  -42.324  -12.369  51.216 0.0000000000
71717  -44.266  -11.563  51.427 0.0000000000
83005  -44.609  -2.955  41.522 0.0000000000
80891  -45.245  -3.815  42.682 0.0000000000
82994  -45.544  -2.531  42.570 0.0000000000
81905  -47.441  -2.968  43.619 0.0000000000
80878  -49.120  -3.057  44.968 0.0000000000
84094  -49.425  -2.022  42.832 0.0000000000
82968  -49.723  -2.369  44.480 0.0000000000
71876  -38.584  -12.741  41.930 0.0000000000
71878  -40.390  -12.513  42.713 0.0000000000
71897  -39.617  -11.887  41.283 0.0000000000
73072  -39.979  -10.423  40.216 0.0000000000
74203  -40.780  -9.676  40.289 0.0000000000
76494  -41.534  -7.586  40.074 0.0000000000
77621  -42.081  -6.773  40.323 0.0000000000
78782  -42.586  -5.571  40.394 0.0000000000
80908  -42.551  -4.458  40.790 0.0000000000
81939  -43.386  -3.453  40.694 0.0000000000
81954  -44.398  -3.244  40.178 0.0000000000
81973  -45.336  -3.023  39.504 0.0000000000
81974  -46.122  -2.902  39.365 0.0000000000
84162  -43.724  -0.830  37.129 0.0000000000
82002  -45.443  -2.223  37.879 0.0000000000
81994  -47.126  -2.541  38.411 0.0000000000
83072  -48.669  -1.702  38.372 0.0000000000
83085  -48.739  -1.144  37.541 0.0000000000
84168  -50.057  -0.165  37.344 0.0000000000
85261  -50.125  0.897  37.130 0.0000000000
86380  -48.489  1.258  36.531 0.0000000000
86397  -47.224  1.511  36.022 0.0000000000
87633  -46.413  1.876  34.713 0.0000000000
87652  -46.338  2.675  33.435 0.0000000000
43716  -13.661  -36.602  66.988 0.0000000000
44831  -12.544  -35.673  67.239 0.0000000000
44827  -12.422  -35.632  68.226 0.0000000000
42525  -14.413  -37.440  69.667 0.0000000000
43704  -13.317  -36.423  69.915 0.0000000000
44820  -11.687  -35.344  69.197 0.0000000000
45861  -11.071  -34.855  70.157 0.0000000000
45858  -10.836  -34.928  70.749 0.0000000000
44801  -10.137  -35.128  71.589 0.0000000000
43696  -9.294  -36.403  71.343 0.0000000000
72817  -41.941  -11.369  57.553 0.0000000000
68270  -40.479  -14.934  57.345 0.0000000000
68299  -39.791  -14.505  54.600 0.0000000000
69435  -40.185  -13.810  56.079 0.0000000000
70537  -40.523  -12.988  56.700 0.0000000000
71647  -40.916  -12.003  56.685 0.0000000000
72831  -41.449  -11.201  56.540 0.0000000000
72859  -40.565  -11.150  54.447 0.0000000000
72893  -39.787  -11.590  52.368 0.0000000000
72914  -39.476  -12.032  51.185 0.0000000000
72930  -37.775  -11.626  50.650 0.0000000000
72931  -38.641  -11.795  50.443 0.0000000000
72948  -39.285  -12.610  49.552 0.0000000000
71784  -39.209  -12.898  47.931 0.0000000000
70684  -38.981  -12.953  45.677 0.0000000000
70699  -38.671  -13.143  44.660 0.0000000000
71758  -34.133  -12.743  47.438 0.0000000000
71778  -33.802  -13.021  46.421 0.0000000000
71779  -34.703  -12.411  47.079 0.0000000000
70666  -35.185  -13.108  45.720 0.0000000000
70681  -35.765  -13.447  44.858 0.0000000000
70697  -36.742  -13.465  44.116 0.0000000000
70719  -37.535  -13.344  43.304 0.0000000000
70736  -38.336  -13.060  42.381 0.0000000000
47953  -24.261  -32.752  65.013 0.0000000000
52247  -23.666  -28.255  55.513 0.0000000000
53349  -24.549  -27.205  54.997 0.0000000000
52248  -24.256  -28.054  56.042 0.0000000000
52236  -25.140  -28.169  57.322 0.0000000000
53301  -26.064  -27.807  58.233 0.0000000000
53272  -26.585  -27.679  59.879 0.0000000000
58989  -26.480  -23.585  53.627 0.0000000000
57896  -26.519  -23.916  54.416 0.0000000000
57867  -26.960  -25.205  55.389 0.0000000000
56695  -28.503  -25.098  56.632 0.0000000000
56694  -27.966  -25.078  56.966 0.0000000000
56692  -27.427  -25.861  56.665 0.0000000000
54432  -27.270  -26.464  58.306 0.0000000000
54414  -27.422  -26.654  59.448 0.0000000000
53274  -27.704  -27.229  61.308 0.0000000000
53260  -28.201  -27.104  61.885 0.0000000000
54371  -28.831  -26.974  63.036 0.0000000000
46997  -11.450  -33.443  62.726 0.0000000000
45908  -12.756  -35.504  63.097 0.0000000000
47028  -13.835  -34.460  59.300 0.0000000000
47017  -13.142  -33.878  60.280 0.0000000000
45921  -13.405  -35.148  61.026 0.0000000000
43751  -13.915  -36.588  62.928 0.0000000000
43742  -14.308  -37.064  63.579 0.0000000000
42573  -15.633  -37.867  64.360 0.0000000000
40283  -20.275  -39.408  64.049 0.0000000000
71857  -41.740  -12.417  43.435 0.0000000000
71839  -42.527  -12.357  44.216 0.0000000000
71825  -43.872  -11.748  45.223 0.0000000000
73027  -43.868  -10.353  43.148 0.0000000000
71841  -44.231  -11.202  44.506 0.0000000000
71811  -45.065  -11.617  46.708 0.0000000000
71791  -46.239  -11.509  47.858 0.0000000000
78764  -46.274  -5.416  42.769 0.0000000000
77574  -47.106  -6.586  43.883 0.0000000000
76428  -47.160  -7.790  44.908 0.0000000000
86383  -51.286  1.896  37.096 0.0000000000
87611  -51.733  2.587  36.952 0.0000000000
89713  -52.015  3.973  36.494 0.0000000000
88677  -49.629  2.969  34.965 0.0000000000
89731  -50.545  4.251  35.272 0.0000000000
90803  -52.699  5.198  36.257 0.0000000000
91890  -52.975  5.824  35.197 0.0000000000
92990  -54.242  7.031  34.563 0.0000000000
88705  -51.969  3.359  31.835 0.0000000000
90836  -53.455  5.503  32.429 0.0000000000
93031  -54.636  6.868  32.062 0.0000000000
91974  -54.969  6.051  28.515 0.0000000000
61453  -33.824  -21.024  50.744 0.0000000000
61467  -34.427  -19.991  50.430 0.0000000000
60196  -32.882  -21.556  49.912 0.0000000000
60197  -33.504  -21.246  50.473 0.0000000000
70700  -39.593  -13.126  44.778 0.0000000000
70722  -40.120  -13.043  43.899 0.0000000000
84152  -51.002  -0.171  38.281 0.0000000000
84128  -51.255  -0.152  40.244 0.0000000000
84142  -51.464  0.082  39.351 0.0000000000
85233  -52.075  0.726  39.340 0.0000000000
85234  -52.781  1.359  39.163 0.0000000000
44850  -12.559  -35.715  64.333 0.0000000000
44843  -12.946  -36.348  65.147 0.0000000000
69520  -36.121  -13.702  49.202 0.0000000000
43754  -22.547  -36.161  63.359 0.0000000000
44861  -22.195  -35.545  62.956 0.0000000000
52185  -26.175  -28.628  61.530 0.0000000000
51109  -25.983  -29.359  62.516 0.0000000000
52169  -26.392  -28.640  62.149 0.0000000000
52170  -26.781  -28.444  62.840 0.0000000000
53304  -33.667  -27.762  58.210 0.0000000000
53290  -34.868  -27.772  59.434 0.0000000000
79862  -43.800  -4.687  41.495 0.0000000000
78774  -44.243  -5.390  41.368 0.0000000000
62725  -38.305  -20.055  55.060 0.0000000000
61421  -37.530  -20.051  53.915 0.0000000000
65040  -35.779  -17.917  49.718 0.0000000000
49021  -20.954  -31.927  57.722 0.0000000000
51186  -23.405  -29.522  56.972 0.0000000000
51187  -24.070  -28.834  57.223 0.0000000000
57913  -33.628  -24.354  53.282 0.0000000000
56755  -33.997  -24.882  53.897 0.0000000000
56738  -33.915  -25.255  54.013 0.0000000000
56725  -35.323  -24.564  55.029 0.0000000000
61412  -37.020  -21.079  54.212 0.0000000000
60138  -37.051  -21.311  54.732 0.0000000000
49037  -19.545  -32.325  56.410 0.0000000000
48052  -20.019  -33.177  57.993 0.0000000000
71689  -40.554  -11.992  51.628 0.0000000000
71714  -41.265  -12.507  51.008 0.0000000000
71769  -44.643  -11.854  48.495 0.0000000000
83022  -47.376  -2.305  41.480 0.0000000000
83023  -48.248  -1.868  41.318 0.0000000000
84073  -51.744  -0.988  44.875 0.0000000000
84177  -46.088  -0.034  36.672 0.0000000000
86395  -45.190  1.039  35.725 0.0000000000
46949  -10.813  -34.184  67.476 0.0000000000
46948  -10.239  -33.622  67.555 0.0000000000
46941  -10.081  -33.648  68.530 0.0000000000
46942  -10.723  -34.178  68.394 0.0000000000
42530  -15.966  -38.035  68.895 0.0000000000
41416  -16.229  -38.676  68.885 0.0000000000
41411  -11.527  -38.201  69.682 0.0000000000
40199  -10.411  -38.605  69.644 0.0000000000
66008  -38.947  -16.396  54.356 0.0000000000
66000  -39.313  -16.185  55.100 0.0000000000
67118  -39.054  -15.653  53.691 0.0000000000
71667  -38.253  -12.213  53.624 0.0000000000
70563  -38.257  -12.540  53.608 0.0000000000
71674  -38.304  -11.801  53.624 0.0000000000
71668  -38.710  -11.971  53.975 0.0000000000
72871  -38.631  -11.569  53.507 0.0000000000
72891  -37.892  -11.287  52.853 0.0000000000
71781  -36.813  -12.339  47.845 0.0000000000
71761  -37.378  -12.315  48.524 0.0000000000
71805  -37.343  -12.741  47.252 0.0000000000
47992  -23.102  -32.305  62.476 0.0000000000
47978  -23.236  -32.601  63.284 0.0000000000
55610  -26.218  -26.090  55.397 0.0000000000
55596  -27.011  -26.463  56.394 0.0000000000
56737  -29.417  -25.030  54.415 0.0000000000
56724  -29.261  -25.128  55.274 0.0000000000
55552  -29.823  -25.717  59.460 0.0000000000
55539  -29.130  -25.918  60.156 0.0000000000
55540  -29.495  -25.908  60.340 0.0000000000
54393  -29.600  -26.117  61.349 0.0000000000
55531  -29.871  -25.959  60.815 0.0000000000
57847  -37.092  -23.671  59.516 0.0000000000
42584  -17.851  -38.016  63.167 0.0000000000
74187  -41.684  -9.770  40.813 0.0000000000
73055  -41.973  -10.324  41.451 0.0000000000
74188  -42.771  -9.661  41.510 0.0000000000
74137  -45.542  -9.624  44.481 0.0000000000
74117  -46.253  -9.551  45.247 0.0000000000
79840  -48.752  -4.137  44.824 0.0000000000
79827  -48.533  -4.865  44.879 0.0000000000
87634  -47.298  2.057  34.855 0.0000000000
87635  -48.435  2.250  35.033 0.0000000000
88695  -51.192  3.147  33.152 0.0000000000
89746  -51.900  4.440  33.530 0.0000000000
88696  -51.849  3.604  32.914 0.0000000000
89790  -53.345  5.035  28.935 0.0000000000
89773  -53.118  4.463  29.289 0.0000000000
90855  -53.638  5.747  30.241 0.0000000000
91950  -54.024  6.377  29.645 0.0000000000
91951  -54.691  6.576  30.221 0.0000000000
61436  -36.480  -20.102  52.754 0.0000000000
62793  -35.085  -19.472  50.563 0.0000000000
59062  -31.308  -22.865  50.079 0.0000000000
59050  -33.095  -22.689  51.806 0.0000000000
61434  -34.890  -21.104  52.053 0.0000000000
60165  -35.239  -21.275  52.617 0.0000000000
61419  -35.751  -21.055  53.092 0.0000000000
70641  -40.176  -12.729  47.797 0.0000000000
71746  -40.617  -12.934  48.999 0.0000000000
70642  -40.468  -12.763  47.696 0.0000000000
70687  -41.305  -12.756  45.757 0.0000000000
70654  -41.486  -12.593  46.798 0.0000000000
70673  -41.771  -12.619  46.366 0.0000000000
71808  -42.319  -12.478  45.932 0.0000000000
83037  -49.120  -1.642  40.263 0.0000000000
84126  -49.813  -1.073  40.279 0.0000000000
85201  -51.615  0.028  42.285 0.0000000000
85191  -52.344  0.262  43.170 0.0000000000
87586  -53.314  2.757  38.652 0.0000000000
87587  -53.601  3.188  38.887 0.0000000000
87598  -52.940  2.864  37.995 0.0000000000
45892  -11.559  -34.613  65.523 0.0000000000
45884  -11.402  -34.661  66.437 0.0000000000
68339  -37.847  -14.603  51.241 0.0000000000
68325  -38.357  -14.776  52.213 0.0000000000
70605  -36.791  -12.847  51.303 0.0000000000
69475  -37.363  -13.493  51.759 0.0000000000
70585  -37.268  -12.798  52.380 0.0000000000
71710  -36.574  -12.392  50.870 0.0000000000
71711  -36.876  -11.933  51.347 0.0000000000
71729  -36.664  -12.028  50.799 0.0000000000
72971  -36.097  -11.652  48.535 0.0000000000
49980  -24.584  -30.522  62.206 0.0000000000
51089  -25.959  -29.528  63.624 0.0000000000
49944  -25.619  -30.072  64.303 0.0000000000
49926  -25.959  -30.221  65.068 0.0000000000
52158  -27.363  -28.214  63.994 0.0000000000
52132  -27.320  -28.733  64.988 0.0000000000
53220  -27.967  -28.037  64.560 0.0000000000
58986  -24.955  -23.649  53.678 0.0000000000
57880  -25.532  -24.558  54.510 0.0000000000
57895  -25.774  -23.927  54.498 0.0000000000
54493  -31.451  -26.547  55.519 0.0000000000
54473  -30.815  -26.335  56.026 0.0000000000
54474  -31.470  -26.595  56.358 0.0000000000
54435  -32.190  -26.925  58.669 0.0000000000
54434  -31.552  -26.446  58.289 0.0000000000
55568  -31.007  -26.008  58.863 0.0000000000
54418  -31.425  -26.396  59.402 0.0000000000
54406  -31.593  -26.782  60.524 0.0000000000
54407  -32.152  -27.146  60.254 0.0000000000
53263  -33.258  -27.847  61.260 0.0000000000
47029  -18.008  -34.483  58.940 0.0000000000
45943  -17.240  -34.968  59.297 0.0000000000
45944  -18.088  -34.712  59.509 0.0000000000
44879  -19.383  -35.906  61.180 0.0000000000
42597  -19.696  -37.728  62.284 0.0000000000
41463  -22.198  -37.995  63.158 0.0000000000
76480  -42.977  -7.479  40.818 0.0000000000
76481  -43.590  -7.493  41.046 0.0000000000
77600  -45.271  -6.795  41.993 0.0000000000
76473  -45.688  -6.968  42.672 0.0000000000
76462  -45.863  -7.625  43.461 0.0000000000
88694  -47.355  2.931  32.810 0.0000000000
89819  -52.179  4.918  27.161 0.0000000000
89834  -52.667  5.160  26.993 0.0000000000
90897  -53.413  5.535  26.968 0.0000000000
90896  -53.063  5.496  26.747 0.0000000000
42549  -15.170  -37.536  66.078 0.0000000000
41419  -17.046  -39.104  67.906 0.0000000000
62695  -39.391  -19.517  57.601 0.0000000000
62710  -39.132  -19.466  56.585 0.0000000000
62740  -38.631  -18.866  54.894 0.0000000000
63923  -38.542  -18.279  54.389 0.0000000000
64978  -38.680  -17.283  54.076 0.0000000000
63935  -38.470  -17.816  53.694 0.0000000000
62772  -36.692  -19.642  52.242 0.0000000000
62773  -37.232  -19.526  52.647 0.0000000000
65023  -37.293  -17.545  50.698 0.0000000000
65024  -37.683  -17.518  51.313 0.0000000000
66044  -38.059  -16.698  51.278 0.0000000000
67180  -36.701  -15.734  49.467 0.0000000000
47022  -20.825  -33.896  61.114 0.0000000000
48027  -21.979  -32.442  59.783 0.0000000000
48017  -22.004  -32.700  60.371 0.0000000000
48943  -22.539  -32.217  60.792 0.0000000000
51160  -23.443  -30.423  59.257 0.0000000000
50032  -22.865  -30.821  59.094 0.0000000000
50015  -23.256  -30.932  60.083 0.0000000000
50016  -23.888  -30.434  60.463 0.0000000000
52211  -24.724  -28.977  58.882 0.0000000000
57932  -28.458  -24.236  51.835 0.0000000000
57911  -28.532  -24.364  53.179 0.0000000000
57912  -29.239  -24.511  53.036 0.0000000000
57953  -31.305  -23.723  51.598 0.0000000000
57952  -30.394  -23.902  51.300 0.0000000000
57935  -31.371  -24.126  52.137 0.0000000000
56753  -32.434  -25.270  53.197 0.0000000000
56752  -31.612  -25.191  53.044 0.0000000000
55644  -31.676  -25.686  53.634 0.0000000000
55643  -30.884  -25.453  53.553 0.0000000000
55627  -31.827  -26.128  54.241 0.0000000000
54508  -31.290  -26.322  54.876 0.0000000000
54495  -33.476  -26.915  55.410 0.0000000000
54477  -34.889  -26.925  56.226 0.0000000000
53339  -34.069  -27.431  56.596 0.0000000000
54478  -35.612  -26.527  56.666 0.0000000000
56712  -36.117  -24.672  56.828 0.0000000000
57859  -36.240  -24.136  57.099 0.0000000000
57860  -36.500  -23.719  57.589 0.0000000000
58991  -35.372  -22.890  54.478 0.0000000000
57900  -35.517  -23.365  54.931 0.0000000000
60117  -36.890  -21.978  56.040 0.0000000000
58970  -36.496  -22.883  56.305 0.0000000000
60103  -37.372  -22.412  57.961 0.0000000000
60110  -37.809  -21.810  57.612 0.0000000000
61380  -38.673  -20.453  58.004 0.0000000000
48050  -18.562  -33.487  57.153 0.0000000000
47032  -20.205  -34.151  59.932 0.0000000000
72860  -41.602  -10.868  54.410 0.0000000000
72849  -42.482  -10.606  55.289 0.0000000000
71675  -42.695  -11.455  52.913 0.0000000000
72875  -43.051  -11.042  53.579 0.0000000000
72876  -43.913  -11.003  53.706 0.0000000000
72896  -43.542  -11.131  53.139 0.0000000000
71747  -41.748  -12.948  49.115 0.0000000000
71732  -42.065  -12.735  50.210 0.0000000000
71693  -44.515  -11.135  52.201 0.0000000000
71718  -45.241  -11.062  51.531 0.0000000000
71736  -46.080  -11.088  50.663 0.0000000000
83019  -44.854  -2.903  41.394 0.0000000000
82993  -44.999  -2.597  42.335 0.0000000000
82995  -46.899  -2.576  43.028 0.0000000000
82983  -47.954  -2.628  43.506 0.0000000000
81906  -48.351  -2.923  44.139 0.0000000000
84102  -49.552  -1.504  42.157 0.0000000000
84101  -48.855  -1.930  42.103 0.0000000000
84095  -50.210  -1.357  42.848 0.0000000000
82969  -50.194  -2.123  44.616 0.0000000000
43689  -8.464  -36.150  71.682 0.0000000000
44798  -8.041  -35.178  71.997 0.0000000000
42509  -7.719  -36.790  71.969 0.0000000000
74202  -39.609  -9.687  39.637 0.0000000000
75365  -40.096  -8.572  39.651 0.0000000000
76493  -40.596  -7.726  39.630 0.0000000000
77620  -40.978  -6.651  39.983 0.0000000000
79885  -41.817  -5.108  40.024 0.0000000000
80919  -41.411  -4.387  40.150 0.0000000000
79871  -42.446  -4.895  40.423 0.0000000000
80907  -42.123  -4.515  40.397 0.0000000000
81952  -42.443  -3.260  40.022 0.0000000000
81953  -43.486  -3.304  39.965 0.0000000000
82000  -43.579  -2.634  38.004 0.0000000000
80947  -44.345  -3.173  39.259 0.0000000000
81991  -44.442  -3.015  38.791 0.0000000000
81992  -45.363  -2.789  38.608 0.0000000000
83082  -45.554  -1.404  37.483 0.0000000000
82003  -46.355  -2.140  37.776 0.0000000000
82004  -47.176  -2.039  37.745 0.0000000000
83071  -47.861  -2.060  38.426 0.0000000000
84166  -47.892  -0.463  37.105 0.0000000000
84167  -48.925  -0.344  37.005 0.0000000000
83086  -49.543  -0.859  37.623 0.0000000000
85260  -49.174  0.614  36.763 0.0000000000
86396  -46.099  1.459  35.803 0.0000000000
87620  -46.832  1.734  35.379 0.0000000000
46940  -9.642  -33.437  69.042 0.0000000000
43717  -14.562  -37.210  66.896 0.0000000000
44829  -13.913  -36.454  68.601 0.0000000000
44828  -13.346  -36.166  68.130 0.0000000000
44822  -13.129  -36.058  69.138 0.0000000000
40207  -14.808  -39.033  69.172 0.0000000000
42523  -12.916  -36.979  70.369 0.0000000000
44814  -12.710  -36.005  69.728 0.0000000000
44813  -12.091  -35.778  69.786 0.0000000000
44812  -11.524  -35.344  69.921 0.0000000000
44807  -11.782  -35.852  70.247 0.0000000000
43698  -11.009  -36.011  70.967 0.0000000000
44805  -10.670  -35.345  71.139 0.0000000000
45857  -10.361  -34.542  71.165 0.0000000000
43697  -10.192  -35.944  71.405 0.0000000000
43691  -9.906  -35.406  71.693 0.0000000000
42515  -9.922  -37.002  71.092 0.0000000000
40198  -9.621  -38.731  69.749 0.0000000000
71629  -41.953  -12.363  58.785 0.0000000000
72803  -42.120  -11.682  58.224 0.0000000000
71639  -41.630  -11.866  57.711 0.0000000000
63881  -39.798  -18.421  57.218 0.0000000000
64952  -39.871  -17.358  56.865 0.0000000000
65986  -40.103  -16.540  57.340 0.0000000000
67098  -40.287  -15.664  56.666 0.0000000000
67092  -40.272  -15.740  57.752 0.0000000000
68298  -39.456  -14.856  53.870 0.0000000000
69456  -39.199  -13.857  53.881 0.0000000000
69445  -39.790  -13.791  55.170 0.0000000000
70526  -40.809  -13.356  57.082 0.0000000000
72846  -39.665  -11.712  54.869 0.0000000000
71662  -40.506  -11.640  56.019 0.0000000000
72830  -40.826  -11.523  56.156 0.0000000000
72947  -38.650  -12.176  49.552 0.0000000000
72932  -39.333  -12.326  50.228 0.0000000000
71744  -38.986  -12.717  49.032 0.0000000000
71764  -39.423  -12.818  48.433 0.0000000000
71763  -38.723  -12.805  48.457 0.0000000000
70698  -37.712  -13.215  44.423 0.0000000000
71802  -34.418  -13.076  45.893 0.0000000000
71803  -35.437  -12.515  46.589 0.0000000000
70665  -34.742  -13.197  45.595 0.0000000000
70696  -35.876  -13.513  43.713 0.0000000000
46990  -21.989  -34.155  63.150 0.0000000000
45903  -22.540  -34.507  63.858 0.0000000000
46981  -22.552  -34.099  63.802 0.0000000000
47951  -23.363  -33.659  64.824 0.0000000000
48902  -24.505  -31.370  64.023 0.0000000000
48891  -24.068  -32.238  64.565 0.0000000000
47954  -25.073  -32.417  65.184 0.0000000000
54506  -24.678  -26.605  54.250 0.0000000000
52235  -24.588  -28.221  56.788 0.0000000000
53318  -25.279  -27.857  56.703 0.0000000000
53320  -26.514  -27.362  57.417 0.0000000000
53286  -26.319  -27.767  59.207 0.0000000000
53287  -26.914  -27.189  59.302 0.0000000000
57883  -27.115  -24.453  54.975 0.0000000000
57868  -27.159  -25.067  55.476 0.0000000000
55598  -30.091  -25.948  56.485 0.0000000000
56711  -28.901  -24.972  56.022 0.0000000000
55583  -29.156  -25.481  57.001 0.0000000000
55565  -28.441  -25.492  57.936 0.0000000000
55582  -28.499  -25.254  57.136 0.0000000000
56693  -27.560  -25.647  57.060 0.0000000000
56683  -27.678  -25.672  57.590 0.0000000000
55563  -27.463  -26.037  57.782 0.0000000000
55564  -27.729  -25.827  58.106 0.0000000000
54416  -28.509  -26.116  60.106 0.0000000000
54401  -27.657  -26.680  60.086 0.0000000000
53273  -27.057  -27.390  60.612 0.0000000000
54372  -29.237  -26.830  63.120 0.0000000000
53233  -29.588  -27.118  63.798 0.0000000000
54383  -30.878  -26.736  62.380 0.0000000000
54437  -36.506  -26.239  58.872 0.0000000000
45907  -12.311  -35.081  63.311 0.0000000000
45914  -12.315  -34.749  62.564 0.0000000000
45942  -16.178  -35.253  59.016 0.0000000000
45950  -15.728  -34.742  58.501 0.0000000000
44896  -15.821  -35.600  59.452 0.0000000000
44885  -14.723  -35.808  60.237 0.0000000000
45932  -14.860  -35.645  59.895 0.0000000000
45931  -14.134  -35.298  60.047 0.0000000000
47018  -13.633  -34.616  59.959 0.0000000000
45930  -13.525  -34.763  60.297 0.0000000000
43753  -15.171  -37.049  62.496 0.0000000000
43762  -14.228  -36.556  62.272 0.0000000000
43752  -14.652  -36.924  62.844 0.0000000000
42581  -14.796  -37.206  63.417 0.0000000000
42572  -14.854  -37.435  64.008 0.0000000000
41461  -20.102  -38.710  63.260 0.0000000000
41460  -19.168  -38.511  63.676 0.0000000000
73966  -44.169  -9.919  56.658 0.0000000000
71840  -43.497  -11.718  44.169 0.0000000000
71824  -42.936  -12.199  45.137 0.0000000000
75340  -44.126  -8.771  42.006 0.0000000000
74177  -43.680  -9.678  42.437 0.0000000000
74159  -44.073  -9.904  42.997 0.0000000000
73015  -45.304  -10.458  44.737 0.0000000000
73014  -44.773  -10.422  44.206 0.0000000000
73000  -44.829  -11.101  45.149 0.0000000000
72987  -45.832  -11.059  46.424 0.0000000000
72974  -46.824  -10.996  47.263 0.0000000000
80892  -46.269  -3.705  43.114 0.0000000000
79852  -45.985  -4.433  42.846 0.0000000000
79853  -46.774  -4.480  43.179 0.0000000000
77575  -47.603  -6.328  44.442 0.0000000000
78750  -47.355  -5.820  43.855 0.0000000000
76447  -46.852  -7.524  44.365 0.0000000000
76448  -47.668  -6.992  44.616 0.0000000000
85262  -51.199  0.977  37.233 0.0000000000
86382  -50.435  1.745  36.837 0.0000000000
87610  -50.800  2.657  36.607 0.0000000000
88658  -50.949  3.181  36.359 0.0000000000
88659  -51.481  3.305  36.453 0.0000000000
89723  -51.346  4.102  36.140 0.0000000000
87636  -49.095  2.365  34.713 0.0000000000
87647  -49.565  2.448  34.096 0.0000000000
90817  -50.867  4.645  34.972 0.0000000000
90810  -51.063  4.697  35.313 0.0000000000
90802  -51.787  5.188  35.960 0.0000000000
90811  -51.536  5.219  35.354 0.0000000000
91880  -53.282  5.803  35.822 0.0000000000
91889  -52.111  5.627  35.342 0.0000000000
91898  -53.465  6.375  34.534 0.0000000000
92999  -53.988  6.951  33.664 0.0000000000
92991  -55.020  7.399  34.634 0.0000000000
88736  -52.869  3.992  29.882 0.0000000000
88735  -51.871  3.553  30.069 0.0000000000
88717  -51.504  3.318  31.037 0.0000000000
88718  -52.670  3.668  31.015 0.0000000000
89754  -53.140  4.533  32.234 0.0000000000
89755  -53.446  5.146  31.733 0.0000000000
91923  -54.663  6.814  31.513 0.0000000000
91922  -53.966  6.213  31.747 0.0000000000
94137  -54.949  7.100  31.862 0.0000000000
94130  -54.954  7.139  32.458 0.0000000000
93032  -55.076  6.964  32.349 0.0000000000
61455  -35.529  -20.102  51.507 0.0000000000
60164  -34.409  -21.936  52.434 0.0000000000
70671  -40.389  -12.774  46.468 0.0000000000
70686  -40.880  -12.829  45.573 0.0000000000
71837  -41.096  -12.853  44.912 0.0000000000
84140  -50.074  -1.034  39.307 0.0000000000
84127  -50.546  -0.604  40.228 0.0000000000
86335  -53.192  1.464  41.326 0.0000000000
86346  -53.433  1.642  40.611 0.0000000000
86347  -53.679  2.262  40.168 0.0000000000
85227  -53.330  1.547  39.930 0.0000000000
85245  -52.526  1.612  38.353 0.0000000000
46988  -11.731  -34.422  63.716 0.0000000000
46979  -11.302  -34.031  64.438 0.0000000000
46980  -11.725  -34.523  64.383 0.0000000000
45893  -12.028  -35.172  65.475 0.0000000000
69511  -36.820  -13.940  50.353 0.0000000000
69491  -37.218  -13.920  50.897 0.0000000000
70619  -36.411  -12.883  50.501 0.0000000000
71728  -36.417  -12.175  50.260 0.0000000000
71759  -34.698  -11.891  48.158 0.0000000000
41464  -22.888  -37.811  63.692 0.0000000000
49981  -25.303  -30.172  62.674 0.0000000000
51090  -26.422  -29.053  63.754 0.0000000000
51074  -26.601  -29.100  64.502 0.0000000000
52157  -26.855  -28.585  63.879 0.0000000000
52171  -27.140  -28.230  63.452 0.0000000000
53245  -27.627  -27.716  63.069 0.0000000000
53321  -32.841  -27.487  57.173 0.0000000000
53303  -32.866  -27.398  57.989 0.0000000000
53288  -32.891  -27.432  59.026 0.0000000000
53277  -34.008  -28.031  60.323 0.0000000000
43767  -20.535  -36.725  61.713 0.0000000000
42598  -20.897  -37.399  62.221 0.0000000000
42599  -21.629  -37.128  62.585 0.0000000000
41473  -21.857  -37.502  62.871 0.0000000000
78784  -43.809  -5.908  40.944 0.0000000000
77609  -44.042  -6.674  41.106 0.0000000000
78785  -44.452  -6.031  41.215 0.0000000000
78775  -45.068  -5.737  41.808 0.0000000000
61402  -38.847  -19.978  56.239 0.0000000000
63973  -36.671  -18.265  50.987 0.0000000000
65022  -36.427  -17.929  50.538 0.0000000000
65042  -36.828  -17.537  50.196 0.0000000000
66061  -37.211  -16.811  49.865 0.0000000000
66060  -36.661  -16.904  49.473 0.0000000000
48025  -20.656  -33.590  59.665 0.0000000000
48039  -20.929  -32.946  59.087 0.0000000000
48980  -21.547  -32.426  59.111 0.0000000000
48981  -21.909  -32.072  59.252 0.0000000000
51185  -22.631  -30.260  57.131 0.0000000000
51169  -22.484  -30.638  57.803 0.0000000000
51161  -23.968  -29.834  59.062 0.0000000000
57936  -32.266  -23.861  52.266 0.0000000000
56772  -32.347  -24.693  52.745 0.0000000000
56773  -32.863  -24.815  53.040 0.0000000000
55646  -33.093  -25.775  53.920 0.0000000000
55628  -32.686  -26.222  54.234 0.0000000000
55629  -33.687  -25.990  54.339 0.0000000000
55630  -34.425  -25.839  54.699 0.0000000000
55614  -35.017  -25.805  55.366 0.0000000000
55615  -35.527  -25.596  55.982 0.0000000000
57886  -35.609  -23.812  55.404 0.0000000000
60128  -36.689  -21.807  55.150 0.0000000000
60118  -37.609  -21.498  56.575 0.0000000000
48036  -19.180  -33.874  57.676 0.0000000000
48051  -19.601  -33.396  57.508 0.0000000000
72895  -41.950  -11.739  52.671 0.0000000000
71691  -42.575  -11.950  52.149 0.0000000000
71767  -42.570  -12.735  48.146 0.0000000000
71749  -44.081  -12.285  49.549 0.0000000000
70633  -44.573  -11.994  49.921 0.0000000000
83033  -46.016  -2.971  40.998 0.0000000000
83007  -46.046  -2.418  42.173 0.0000000000
83021  -46.469  -2.586  41.593 0.0000000000
85176  -51.012  -0.780  43.558 0.0000000000
84086  -51.325  -1.018  44.198 0.0000000000
91882  -54.733  6.350  36.457 0.0000000000
78806  -40.487  -6.000  39.482 0.0000000000
81988  -41.818  -2.806  38.616 0.0000000000
81971  -43.269  -2.961  39.329 0.0000000000
81989  -42.639  -2.738  38.559 0.0000000000
81999  -43.051  -2.603  38.262 0.0000000000
85256  -44.755  -0.035  36.631 0.0000000000
84164  -45.695  -0.537  37.019 0.0000000000
84178  -46.579  0.246  36.731 0.0000000000
85258  -47.229  0.188  36.963 0.0000000000
46936  -10.229  -33.869  69.620 0.0000000000
42535  -16.418  -38.037  68.240 0.0000000000
42534  -15.640  -37.551  68.488 0.0000000000
43710  -14.900  -37.105  68.641 0.0000000000
43709  -14.285  -36.707  69.127 0.0000000000
41413  -13.619  -38.373  69.660 0.0000000000
41412  -12.657  -38.304  69.675 0.0000000000
43699  -11.618  -36.177  70.545 0.0000000000
42522  -11.895  -36.881  70.473 0.0000000000
42521  -10.980  -37.040  70.390 0.0000000000
42520  -10.395  -37.219  70.648 0.0000000000
41398  -10.046  -37.467  70.658 0.0000000000
41403  -10.380  -37.918  70.129 0.0000000000
40202  -10.241  -38.913  69.371 0.0000000000
64968  -39.126  -17.177  55.740 0.0000000000
64958  -39.427  -17.207  56.174 0.0000000000
66001  -39.383  -16.656  55.688 0.0000000000
67105  -39.963  -15.677  55.554 0.0000000000
70574  -38.542  -13.438  53.433 0.0000000000
70564  -38.723  -12.724  53.993 0.0000000000
71660  -39.300  -12.120  54.747 0.0000000000
72845  -39.397  -11.811  54.645 0.0000000000
72858  -39.671  -11.456  54.364 0.0000000000
72960  -37.247  -12.020  49.158 0.0000000000
72946  -37.924  -11.778  49.747 0.0000000000
71762  -38.084  -12.553  48.468 0.0000000000
71783  -38.422  -12.884  47.746 0.0000000000
71806  -37.913  -12.885  47.464 0.0000000000
47991  -22.303  -33.130  62.642 0.0000000000
46991  -22.402  -33.738  63.458 0.0000000000
47966  -23.253  -33.543  64.519 0.0000000000
47952  -23.630  -33.289  64.773 0.0000000000
56735  -25.232  -25.073  54.235 0.0000000000
55624  -25.134  -25.874  54.298 0.0000000000
54491  -25.913  -26.451  55.352 0.0000000000
54470  -25.755  -27.036  55.624 0.0000000000
53335  -25.825  -27.483  56.285 0.0000000000
54472  -26.792  -27.021  56.710 0.0000000000
57897  -27.337  -24.112  53.896 0.0000000000
55550  -28.246  -25.792  58.773 0.0000000000
54392  -28.796  -26.497  61.679 0.0000000000
43791  -16.417  -36.288  60.520 0.0000000000
44876  -15.239  -36.365  60.853 0.0000000000
44875  -14.485  -36.109  60.986 0.0000000000
43778  -15.153  -36.595  61.331 0.0000000000
42593  -15.527  -37.277  62.513 0.0000000000
42583  -16.632  -38.088  63.578 0.0000000000
40268  -21.798  -39.670  64.281 0.0000000000
71899  -41.606  -10.974  41.633 0.0000000000
71879  -41.824  -11.698  42.324 0.0000000000
71880  -42.557  -11.047  42.547 0.0000000000
73026  -43.120  -10.775  42.914 0.0000000000
74160  -44.598  -9.629  43.475 0.0000000000
73001  -45.720  -10.439  45.337 0.0000000000
73002  -46.477  -10.352  45.837 0.0000000000
72989  -47.442  -10.515  46.430 0.0000000000
79854  -47.502  -4.573  43.849 0.0000000000
78751  -47.744  -5.316  44.297 0.0000000000
86399  -48.669  1.773  36.369 0.0000000000
87608  -49.508  2.263  36.326 0.0000000000
87622  -48.883  2.351  36.032 0.0000000000
88667  -49.972  3.126  35.660 0.0000000000
88686  -50.906  3.523  33.683 0.0000000000
90818  -51.586  5.061  34.590 0.0000000000
91897  -52.504  5.726  34.627 0.0000000000
90826  -51.799  4.832  33.939 0.0000000000
90827  -52.614  5.209  33.620 0.0000000000
90828  -53.354  5.742  33.135 0.0000000000
89804  -51.717  4.455  28.102 0.0000000000
88760  -52.317  4.212  28.627 0.0000000000
88737  -53.286  4.384  30.320 0.0000000000
89762  -53.353  4.706  30.993 0.0000000000
93051  -54.723  6.853  30.841 0.0000000000
91984  -55.053  6.193  27.366 0.0000000000
63948  -36.188  -19.119  51.257 0.0000000000
63972  -35.893  -18.839  50.857 0.0000000000
50070  -20.640  -31.791  57.150 0.0000000000
51204  -21.662  -30.198  56.046 0.0000000000
51206  -23.160  -29.066  55.840 0.0000000000
59047  -30.188  -23.545  50.543 0.0000000000
60181  -31.660  -22.802  50.197 0.0000000000
59049  -32.307  -23.075  51.637 0.0000000000
59025  -32.509  -23.363  52.077 0.0000000000
57938  -33.714  -23.972  53.184 0.0000000000
57899  -35.083  -23.806  54.554 0.0000000000
59004  -34.735  -23.154  53.891 0.0000000000
59005  -35.122  -22.448  53.818 0.0000000000
60147  -35.277  -21.813  53.271 0.0000000000
60136  -35.659  -22.008  54.088 0.0000000000
71730  -39.988  -12.766  49.783 0.0000000000
70653  -40.879  -12.594  47.131 0.0000000000
71786  -41.442  -12.650  47.203 0.0000000000
71788  -43.384  -12.212  47.239 0.0000000000
83036  -48.320  -1.940  40.288 0.0000000000
83024  -48.860  -1.663  40.968 0.0000000000
84103  -50.232  -0.990  42.144 0.0000000000
84113  -50.443  -0.679  41.260 0.0000000000
85200  -50.840  -0.370  42.250 0.0000000000
85189  -50.627  -0.687  42.924 0.0000000000
85177  -51.925  -0.360  44.041 0.0000000000
87556  -54.419  2.627  40.676 0.0000000000
88640  -53.936  3.762  38.928 0.0000000000
89715  -53.402  4.508  37.403 0.0000000000
47965  -10.648  -33.307  64.579 0.0000000000
46965  -10.518  -33.638  65.947 0.0000000000
46956  -10.891  -34.131  66.568 0.0000000000
68326  -38.655  -15.271  52.559 0.0000000000
68311  -38.514  -14.449  52.664 0.0000000000
69468  -38.319  -13.915  52.760 0.0000000000
69492  -37.596  -13.975  51.450 0.0000000000
70572  -37.488  -12.590  52.768 0.0000000000
71672  -37.441  -12.265  52.696 0.0000000000
71688  -37.432  -11.731  52.428 0.0000000000
71712  -37.114  -11.736  51.919 0.0000000000
72911  -37.075  -11.671  51.242 0.0000000000
72944  -36.582  -11.898  49.950 0.0000000000
48914  -24.245  -31.277  63.085 0.0000000000
49943  -25.126  -30.689  64.175 0.0000000000
48893  -25.877  -31.293  65.390 0.0000000000
51057  -26.944  -29.328  65.222 0.0000000000
56734  -24.787  -24.522  53.730 0.0000000000
56720  -25.663  -24.927  54.600 0.0000000000
56721  -26.413  -25.461  55.156 0.0000000000
55612  -30.356  -26.034  55.433 0.0000000000
54454  -31.507  -26.508  57.288 0.0000000000
55553  -30.611  -25.895  59.486 0.0000000000
54405  -30.893  -26.153  60.094 0.0000000000
54394  -30.534  -26.297  61.195 0.0000000000
53275  -32.144  -27.233  60.564 0.0000000000
53248  -32.621  -27.836  62.185 0.0000000000
45951  -16.591  -34.732  58.586 0.0000000000
44898  -17.023  -35.530  59.703 0.0000000000
44888  -17.598  -35.484  60.121 0.0000000000
43792  -17.180  -36.197  60.461 0.0000000000
42596  -18.434  -37.633  62.304 0.0000000000
42585  -18.826  -38.065  63.074 0.0000000000
41462  -21.269  -38.606  63.041 0.0000000000
40285  -22.033  -39.006  63.567 0.0000000000
75368  -42.442  -8.307  40.568 0.0000000000
75351  -42.982  -8.336  41.022 0.0000000000
75352  -43.937  -8.298  41.376 0.0000000000
75341  -44.717  -8.318  42.248 0.0000000000
76482  -44.563  -7.542  41.599 0.0000000000
75326  -45.148  -8.408  43.132 0.0000000000
75305  -45.951  -8.317  44.225 0.0000000000
75306  -46.426  -8.245  44.695 0.0000000000
87653  -47.092  2.530  33.335 0.0000000000
87655  -48.962  2.265  33.224 0.0000000000
89806  -53.174  4.902  28.236 0.0000000000
90874  -53.476  5.644  28.284 0.0000000000
90885  -53.451  5.532  27.443 0.0000000000
91972  -54.012  6.091  27.668 0.0000000000
91981  -53.006  6.020  26.044 0.0000000000
91983  -54.526  6.280  26.920 0.0000000000
43730  -13.518  -36.891  64.874 0.0000000000
43722  -14.282  -37.303  65.583 0.0000000000
42536  -16.900  -38.675  67.951 0.0000000000
62696  -39.941  -18.964  57.849 0.0000000000
63893  -39.296  -18.614  56.247 0.0000000000
64957  -39.116  -17.719  55.874 0.0000000000
66017  -38.728  -16.677  53.366 0.0000000000
62754  -37.523  -19.575  53.286 0.0000000000
63934  -38.139  -18.590  53.586 0.0000000000
64988  -38.345  -17.588  52.919 0.0000000000
66016  -38.564  -16.905  52.800 0.0000000000
66029  -38.643  -16.434  52.685 0.0000000000
67129  -38.532  -15.899  52.150 0.0000000000
67166  -37.044  -15.708  49.744 0.0000000000
68363  -36.921  -14.634  50.029 0.0000000000
68362  -36.585  -14.315  49.663 0.0000000000
44860  -21.607  -35.189  62.421 0.0000000000
46989  -21.519  -34.168  62.661 0.0000000000
47001  -21.596  -33.736  62.539 0.0000000000
48016  -21.222  -33.414  60.760 0.0000000000
48003  -21.620  -33.365  61.963 0.0000000000
47990  -21.795  -33.414  62.417 0.0000000000
50049  -21.443  -31.699  58.020 0.0000000000
49000  -21.764  -31.712  58.542 0.0000000000
50031  -22.276  -31.317  58.836 0.0000000000
50051  -22.559  -30.809  58.411 0.0000000000
48963  -22.755  -31.644  60.304 0.0000000000
48944  -23.040  -31.561  60.993 0.0000000000
48927  -23.472  -31.583  61.885 0.0000000000
49979  -23.915  -30.856  61.772 0.0000000000
51130  -24.870  -29.769  61.267 0.0000000000
57930  -26.824  -23.544  51.203 0.0000000000
59024  -26.941  -23.674  52.023 0.0000000000
56736  -28.976  -24.541  53.974 0.0000000000
57951  -29.469  -24.182  50.814 0.0000000000
56770  -30.690  -24.657  52.514 0.0000000000
56769  -30.134  -24.576  52.488 0.0000000000
56750  -29.813  -24.822  53.243 0.0000000000
55625  -30.152  -25.377  53.979 0.0000000000
54507  -30.829  -26.164  55.021 0.0000000000
54494  -32.280  -26.937  55.695 0.0000000000
54510  -32.852  -26.690  54.794 0.0000000000
53351  -32.790  -27.235  56.044 0.0000000000
53338  -33.323  -27.412  56.416 0.0000000000
53323  -34.524  -27.587  57.312 0.0000000000
53306  -35.538  -27.328  58.575 0.0000000000
54458  -36.296  -26.334  58.353 0.0000000000
55587  -36.446  -25.750  58.254 0.0000000000
55601  -35.855  -25.656  56.631 0.0000000000
55586  -36.288  -25.285  57.475 0.0000000000
58951  -37.140  -23.011  59.153 0.0000000000
58969  -35.945  -23.333  55.919 0.0000000000
57871  -36.563  -23.369  56.907 0.0000000000
58957  -36.921  -22.949  58.305 0.0000000000
61379  -38.288  -21.343  58.261 0.0000000000
47050  -16.919  -33.949  57.436 0.0000000000
47030  -18.792  -34.541  59.231 0.0000000000
47043  -19.271  -34.361  58.715 0.0000000000
45925  -20.632  -35.035  61.111 0.0000000000
72832  -42.422  -10.680  56.303 0.0000000000
72851  -44.071  -10.520  54.923 0.0000000000
72863  -44.436  -10.618  54.372 0.0000000000
71733  -43.150  -12.476  50.391 0.0000000000
71716  -43.329  -12.027  51.384 0.0000000000
71692  -43.511  -11.405  52.397 0.0000000000
72898  -44.978  -10.812  52.719 0.0000000000
81929  -44.205  -3.208  41.713 0.0000000000
80900  -44.267  -3.955  42.233 0.0000000000
81917  -44.476  -3.357  42.273 0.0000000000
81919  -45.866  -3.019  42.970 0.0000000000
81920  -46.664  -3.103  43.347 0.0000000000
80876  -47.878  -3.649  44.122 0.0000000000
80877  -48.715  -3.535  44.713 0.0000000000
80864  -48.986  -3.941  44.980 0.0000000000
84093  -48.649  -2.094  42.542 0.0000000000
82997  -49.179  -2.239  43.294 0.0000000000
84085  -50.364  -1.646  43.706 0.0000000000
84084  -49.652  -2.149  43.442 0.0000000000
82984  -49.307  -2.334  43.998 0.0000000000
81891  -49.567  -2.632  44.827 0.0000000000
45853  -9.283  -34.366  71.971 0.0000000000
70737  -39.225  -12.881  43.005 0.0000000000
70738  -39.774  -12.914  43.354 0.0000000000
71877  -39.043  -12.521  42.139 0.0000000000
71913  -39.582  -11.174  40.379 0.0000000000
73053  -40.304  -11.019  40.788 0.0000000000
74186  -41.162  -9.952  40.735 0.0000000000
74204  -41.592  -9.091  40.332 0.0000000000
75366  -41.126  -8.527  39.935 0.0000000000
75367  -41.930  -8.344  40.285 0.0000000000
77622  -42.500  -6.966  40.444 0.0000000000
77607  -42.383  -6.201  40.361 0.0000000000
78792  -41.088  -5.687  39.980 0.0000000000
78793  -41.803  -5.938  40.282 0.0000000000
78783  -43.256  -5.630  40.726 0.0000000000
79872  -42.986  -4.954  41.030 0.0000000000
80898  -42.995  -4.256  41.218 0.0000000000
81938  -42.401  -3.804  40.688 0.0000000000
81927  -42.706  -4.056  41.061 0.0000000000
81928  -43.201  -3.716  41.147 0.0000000000
81940  -44.296  -3.220  40.931 0.0000000000
81941  -44.871  -3.031  40.908 0.0000000000
80930  -43.765  -3.145  39.364 0.0000000000
81972  -44.674  -3.141  39.617 0.0000000000
81955  -45.274  -3.066  40.431 0.0000000000
81956  -46.065  -3.106  40.225 0.0000000000
81957  -46.748  -2.979  40.057 0.0000000000
81975  -46.953  -2.765  39.332 0.0000000000
83080  -43.572  -1.836  37.349 0.0000000000
83081  -44.600  -1.630  37.366 0.0000000000
81993  -46.239  -2.684  38.494 0.0000000000
83054  -47.760  -2.370  39.363 0.0000000000
83084  -47.693  -1.396  37.561 0.0000000000
83073  -49.514  -1.336  38.364 0.0000000000
84151  -50.251  -0.814  38.317 0.0000000000
85243  -51.359  0.429  37.926 0.0000000000
84169  -50.775  0.333  37.521 0.0000000000
85277  -47.742  1.176  36.431 0.0000000000
86398  -48.101  1.689  36.189 0.0000000000
87644  -46.764  2.232  34.079 0.0000000000
44835  -13.033  -36.240  66.151 0.0000000000
44834  -12.513  -35.705  66.281 0.0000000000
43712  -13.590  -36.387  67.582 0.0000000000
44832  -13.136  -36.102  67.077 0.0000000000
45881  -11.865  -35.228  67.267 0.0000000000
45874  -11.753  -35.183  67.958 0.0000000000
41415  -15.337  -38.359  69.309 0.0000000000
41408  -14.731  -37.865  69.660 0.0000000000
42528  -14.317  -37.069  69.612 0.0000000000
41407  -14.112  -37.788  69.826 0.0000000000
42524  -13.841  -37.097  69.996 0.0000000000
43708  -13.716  -36.433  69.435 0.0000000000
44821  -12.314  -35.763  69.142 0.0000000000
44826  -11.867  -35.411  68.577 0.0000000000
45867  -11.178  -34.667  69.298 0.0000000000
45866  -10.777  -34.367  69.740 0.0000000000
44806  -11.250  -35.506  70.594 0.0000000000
44800  -9.680  -35.020  71.871 0.0000000000
43690  -9.470  -35.614  71.671 0.0000000000
43695  -8.714  -36.776  71.430 0.0000000000
42514  -8.997  -37.206  71.119 0.0000000000
71630  -42.489  -11.724  58.742 0.0000000000
64939  -40.218  -17.601  58.873 0.0000000000
67110  -39.550  -15.548  54.633 0.0000000000
67111  -39.969  -15.128  55.016 0.0000000000
69457  -39.562  -13.812  54.566 0.0000000000
68286  -40.173  -14.716  55.495 0.0000000000
68280  -40.315  -15.050  55.848 0.0000000000
68279  -40.398  -14.758  56.355 0.0000000000
70527  -41.092  -13.238  57.566 0.0000000000
70538  -41.000  -12.643  57.164 0.0000000000
71646  -40.207  -12.390  56.204 0.0000000000
71648  -41.487  -11.582  57.129 0.0000000000
71745  -39.734  -12.766  48.983 0.0000000000
71785  -39.685  -12.767  48.010 0.0000000000
70650  -38.571  -12.933  47.319 0.0000000000
70651  -38.982  -12.919  47.327 0.0000000000
70670  -39.428  -12.877  46.586 0.0000000000
69529  -34.604  -13.832  48.220 0.0000000000
70667  -36.143  -12.997  46.030 0.0000000000
70682  -36.917  -13.223  45.242 0.0000000000
70720  -38.464  -13.117  43.613 0.0000000000
45910  -22.130  -34.817  63.141 0.0000000000
44852  -22.654  -35.290  64.067 0.0000000000
46967  -22.778  -34.195  64.340 0.0000000000
51226  -22.974  -28.594  55.149 0.0000000000
52224  -25.355  -28.321  58.089 0.0000000000
53319  -25.850  -27.850  57.222 0.0000000000
52212  -25.597  -28.340  59.115 0.0000000000
52199  -26.418  -28.073  61.074 0.0000000000
58988  -25.857  -23.448  53.741 0.0000000000
57882  -26.556  -24.749  54.988 0.0000000000
56722  -26.783  -25.311  55.305 0.0000000000
56710  -28.071  -24.758  55.986 0.0000000000
56709  -27.551  -25.254  56.129 0.0000000000
56708  -27.164  -25.744  55.894 0.0000000000
55580  -27.381  -26.130  57.116 0.0000000000
54433  -27.602  -26.246  58.850 0.0000000000
53259  -27.286  -27.671  62.022 0.0000000000
53261  -28.620  -26.830  62.221 0.0000000000
53246  -28.478  -27.097  62.748 0.0000000000
53232  -28.653  -27.377  63.659 0.0000000000
54374  -30.475  -26.727  63.064 0.0000000000
46987  -11.359  -33.657  63.289 0.0000000000
45941  -15.168  -35.291  59.319 0.0000000000
47008  -12.643  -34.400  61.582 0.0000000000
44866  -13.701  -36.025  61.929 0.0000000000
45915  -12.808  -35.202  62.351 0.0000000000
44859  -13.212  -36.004  63.134 0.0000000000
43741  -13.623  -36.751  63.841 0.0000000000
43731  -14.188  -37.272  64.480 0.0000000000
40267  -20.841  -39.819  64.518 0.0000000000
71856  -40.925  -12.753  44.037 0.0000000000
71838  -41.656  -12.661  44.492 0.0000000000
71823  -42.113  -12.564  45.145 0.0000000000
71810  -44.246  -11.624  46.294 0.0000000000
74176  -43.086  -9.863  42.090 0.0000000000
73042  -43.373  -10.267  42.696 0.0000000000
73013  -44.049  -10.879  43.840 0.0000000000
73028  -44.311  -10.316  43.676 0.0000000000
71790  -45.421  -11.609  47.526 0.0000000000
72973  -46.201  -11.232  47.106 0.0000000000
80901  -44.808  -4.352  42.417 0.0000000000
79864  -45.336  -4.871  42.462 0.0000000000
78765  -47.148  -5.279  43.373 0.0000000000
77590  -46.860  -6.129  43.330 0.0000000000
77589  -46.218  -6.556  42.994 0.0000000000
76463  -46.531  -6.862  43.650 0.0000000000
75283  -46.918  -8.382  45.137 0.0000000000
74118  -47.383  -9.790  45.567 0.0000000000
85263  -51.796  1.411  37.428 0.0000000000
86384  -52.000  1.939  37.297 0.0000000000
87609  -50.018  2.289  36.437 0.0000000000
87612  -52.390  2.430  37.418 0.0000000000
88660  -52.448  3.336  37.080 0.0000000000
88661  -52.998  3.876  37.406 0.0000000000
89714  -52.700  4.385  36.799 0.0000000000
88676  -49.116  2.469  35.098 0.0000000000
89737  -50.130  3.519  34.829 0.0000000000
89730  -50.178  3.670  35.191 0.0000000000
89722  -50.675  4.060  35.738 0.0000000000
89724  -52.007  4.674  36.442 0.0000000000
90794  -53.268  5.031  36.786 0.0000000000
90804  -53.500  5.549  36.416 0.0000000000
91881  -54.113  6.267  36.232 0.0000000000
92974  -54.753  6.805  36.028 0.0000000000
91891  -53.708  6.510  35.346 0.0000000000
92982  -54.517  6.977  35.429 0.0000000000
92983  -55.166  7.189  35.507 0.0000000000
88697  -52.571  4.062  32.612 0.0000000000
90835  -53.013  4.906  32.892 0.0000000000
91911  -53.794  6.220  32.689 0.0000000000
93030  -54.204  6.587  32.324 0.0000000000
93013  -54.055  6.727  32.849 0.0000000000
94115  -54.829  7.124  32.779 0.0000000000
91962  -55.062  6.136  29.544 0.0000000000
90875  -55.536  5.664  28.992 0.0000000000
40206  -13.995  -38.994  69.309 0.0000000000
40208  -15.668  -39.255  68.899 0.0000000000
40220  -17.187  -39.382  67.376 0.0000000000
41404  -11.431  -37.505  70.122 0.0000000000
42574  -16.426  -38.225  64.899 0.0000000000
42588  -22.651  -37.325  63.484 0.0000000000
43705  -13.928  -36.716  69.670 0.0000000000
43793  -17.626  -35.964  60.538 0.0000000000
44858  -12.746  -35.725  63.598 0.0000000000
44867  -14.251  -36.394  61.760 0.0000000000
44874  -13.841  -35.753  61.162 0.0000000000
44877  -17.958  -35.745  60.597 0.0000000000
44887  -16.718  -35.939  60.006 0.0000000000
45916  -20.551  -35.313  61.124 0.0000000000
46968  -23.144  -33.996  64.890 0.0000000000
46969  -23.702  -33.707  65.010 0.0000000000
50094  -22.013  -30.337  56.584 0.0000000000
51073  -26.131  -29.571  64.403 0.0000000000
52147  -27.697  -28.319  64.687 0.0000000000
52148  -27.991  -28.327  65.048 0.0000000000
53337  -32.564  -27.276  56.663 0.0000000000
54380  -28.904  -26.717  62.555 0.0000000000
54391  -28.421  -26.724  61.435 0.0000000000
54404  -29.472  -26.005  60.793 0.0000000000
54456  -35.366  -27.112  57.056 0.0000000000
54475  -32.062  -26.908  56.632 0.0000000000
54496  -34.390  -26.708  55.523 0.0000000000
55530  -29.627  -25.991  60.859 0.0000000000
55554  -31.014  -26.042  59.356 0.0000000000
55581  -27.521  -25.879  57.534 0.0000000000
55595  -26.691  -26.071  55.666 0.0000000000
55642  -30.381  -25.216  53.426 0.0000000000
56696  -36.308  -24.463  57.451 0.0000000000
67106  -40.222  -15.326  55.783 0.0000000000
68287  -40.221  -15.182  55.629 0.0000000000
70621  -44.297  -12.144  50.300 0.0000000000
70622  -44.477  -12.001  50.239 0.0000000000
70632  -44.343  -12.174  50.073 0.0000000000
71638  -41.389  -12.463  57.812 0.0000000000
71821  -41.139  -12.865  45.268 0.0000000000
71822  -41.426  -12.782  45.287 0.0000000000
72870  -38.034  -11.376  53.277 0.0000000000
72877  -44.662  -10.734  53.539 0.0000000000
72929  -36.905  -11.737  50.688 0.0000000000
73040  -42.184  -10.738  42.036 0.0000000000
73056  -42.441  -10.247  41.824 0.0000000000
73073  -40.547  -10.405  40.563 0.0000000000
74005  -44.110  -10.340  55.296 0.0000000000
75327  -45.529  -8.277  43.693 0.0000000000
76461  -45.414  -7.900  43.068 0.0000000000
78776  -45.587  -5.545  42.382 0.0000000000
79828  -48.947  -4.574  45.079 0.0000000000
79861  -43.335  -4.474  41.341 0.0000000000
80890  -44.696  -3.480  42.476 0.0000000000
80920  -43.614  -3.166  39.626 0.0000000000
80921  -43.894  -3.285  39.735 0.0000000000
80931  -44.194  -3.241  39.542 0.0000000000
80946  -44.055  -3.213  39.113 0.0000000000
81907  -48.947  -2.802  44.616 0.0000000000
81918  -44.913  -3.003  42.475 0.0000000000
81930  -44.785  -2.770  42.145 0.0000000000
81937  -41.826  -4.078  40.421 0.0000000000
82982  -47.425  -2.689  43.361 0.0000000000
82985  -50.159  -2.044  44.152 0.0000000000
83006  -44.986  -2.582  41.934 0.0000000000
84071  -50.411  -1.803  44.292 0.0000000000
85162  -52.003  -0.577  44.602 0.0000000000
86367  -52.249  1.613  37.769 0.0000000000
86385  -52.319  1.987  37.594 0.0000000000
87599  -53.315  3.131  38.431 0.0000000000
87624  -50.306  2.713  36.305 0.0000000000
88652  -52.948  3.444  37.657 0.0000000000
88669  -51.058  3.464  36.245 0.0000000000
88685  -50.207  3.200  34.384 0.0000000000
88706  -52.654  3.758  32.104 0.0000000000
88752  -52.641  4.207  29.060 0.0000000000
88761  -52.620  4.338  28.684 0.0000000000
89721  -50.330  3.811  35.507 0.0000000000
89739  -51.288  4.419  33.962 0.0000000000
89761  -53.150  4.044  31.621 0.0000000000
89789  -52.979  4.488  28.727 0.0000000000
89820  -52.823  4.925  27.545 0.0000000000
89835  -52.919  5.201  27.093 0.0000000000
90801  -51.252  4.703  35.727 0.0000000000
90819  -52.290  5.482  34.264 0.0000000000
90884  -53.153  5.304  27.143 0.0000000000
90895  -52.385  5.487  26.598 0.0000000000
91879  -52.532  5.544  35.697 0.0000000000
91938  -54.675  6.711  31.020 0.0000000000
93000  -54.813  7.233  33.613 0.0000000000
93014  -54.612  7.024  32.841 0.0000000000
93043  -55.151  7.119  31.562 0.0000000000
94102  -55.119  7.127  33.219 0.0000000000
94116  -55.036  7.053  32.794 0.0000000000
94129  -54.926  7.100  32.217 0.0000000000
94138  -54.996  7.207  32.042 0.0000000000
