#!ascii label  , from subject 3627 vox2ras=TkReg
340
93652  -20.553  8.251  -17.108 0.0000000000
90311  -18.167  4.538  -14.489 0.0000000000
90361  -23.390  5.031  -16.978 0.0000000000
84786  -20.651  0.164  -15.741 0.0000000000
147809  -21.365  20.673  -14.709 0.0000000000
103327  -22.199  16.766  -17.729 0.0000000000
99067  -17.207  12.470  -13.843 0.0000000000
81543  -19.364  -3.608  -13.452 0.0000000000
88183  -19.369  2.559  -14.953 0.0000000000
85864  -18.582  0.540  -14.093 0.0000000000
105199  -21.290  18.750  -15.663 0.0000000000
103278  -18.875  16.721  -14.711 0.0000000000
94691  -17.893  8.631  -14.937 0.0000000000
96825  -15.595  10.424  -12.469 0.0000000000
96913  -19.089  10.478  -16.227 0.0000000000
99129  -20.760  12.525  -17.575 0.0000000000
96947  -22.169  10.603  -18.287 0.0000000000
94731  -23.208  8.620  -18.013 0.0000000000
92491  -17.036  6.424  -13.542 0.0000000000
92522  -19.304  6.711  -15.646 0.0000000000
92559  -22.272  6.776  -17.271 0.0000000000
90341  -20.626  4.816  -16.687 0.0000000000
88210  -22.058  2.808  -16.799 0.0000000000
87027  -22.941  1.261  -14.667 0.0000000000
101212  -16.452  14.869  -12.357 0.0000000000
101275  -19.421  14.766  -16.164 0.0000000000
102367  -22.873  15.145  -19.508 0.0000000000
84739  -17.554  -1.189  -12.813 0.0000000000
83695  -20.132  -1.666  -14.619 0.0000000000
87013  -18.156  1.459  -13.551 0.0000000000
85852  -18.074  0.401  -13.426 0.0000000000
104238  -18.518  17.659  -14.066 0.0000000000
103261  -17.845  16.772  -13.368 0.0000000000
94693  -19.160  8.496  -15.914 0.0000000000
95786  -17.982  9.315  -15.048 0.0000000000
95804  -19.537  9.545  -16.543 0.0000000000
96932  -20.764  10.491  -17.618 0.0000000000
95821  -21.356  9.711  -17.941 0.0000000000
95823  -23.231  9.414  -18.374 0.0000000000
94730  -22.306  8.505  -18.230 0.0000000000
91402  -17.577  5.508  -13.986 0.0000000000
92509  -18.232  6.486  -14.596 0.0000000000
91413  -18.704  5.610  -15.085 0.0000000000
91415  -20.060  5.433  -16.216 0.0000000000
90325  -19.360  4.584  -15.298 0.0000000000
85878  -20.337  1.111  -15.595 0.0000000000
88197  -20.614  2.650  -16.120 0.0000000000
85893  -21.285  0.832  -16.072 0.0000000000
87041  -22.502  1.394  -15.550 0.0000000000
85880  -22.090  0.460  -15.497 0.0000000000
107126  -20.204  20.653  -13.857 0.0000000000
147814  -20.086  21.366  -13.246 0.0000000000
147810  -21.244  21.807  -14.007 0.0000000000
147807  -22.201  22.064  -14.855 0.0000000000
106194  -22.662  20.435  -16.499 0.0000000000
104265  -21.258  17.739  -16.371 0.0000000000
97966  -16.597  11.340  -13.622 0.0000000000
99060  -16.233  12.613  -12.607 0.0000000000
100152  -17.064  13.572  -13.116 0.0000000000
101259  -17.989  14.796  -14.411 0.0000000000
100184  -18.734  13.601  -15.666 0.0000000000
100235  -22.966  13.112  -19.479 0.0000000000
101307  -21.325  13.855  -18.350 0.0000000000
100251  -23.256  13.619  -19.887 0.0000000000
91447  -22.563  5.751  -17.225 0.0000000000
93640  -23.585  7.131  -17.035 0.0000000000
81542  -18.476  -3.171  -13.431 0.0000000000
82597  -18.290  -2.413  -13.538 0.0000000000
83694  -19.324  -1.437  -14.257 0.0000000000
82599  -20.101  -2.737  -14.096 0.0000000000
89238  -17.977  3.613  -14.229 0.0000000000
89239  -18.777  3.493  -14.630 0.0000000000
88182  -18.571  2.549  -14.404 0.0000000000
87026  -19.269  1.589  -14.848 0.0000000000
85865  -19.204  0.595  -14.710 0.0000000000
105184  -19.892  19.375  -14.286 0.0000000000
106193  -21.804  19.592  -15.826 0.0000000000
105197  -19.768  18.273  -14.884 0.0000000000
104249  -20.092  17.719  -15.389 0.0000000000
103315  -20.514  16.735  -16.358 0.0000000000
94649  -16.674  8.209  -13.251 0.0000000000
95765  -16.920  9.468  -14.066 0.0000000000
97991  -17.021  10.480  -14.226 0.0000000000
99105  -18.326  11.751  -15.410 0.0000000000
100198  -19.013  13.004  -16.136 0.0000000000
98037  -19.902  11.546  -16.947 0.0000000000
98055  -21.679  11.353  -18.228 0.0000000000
98072  -23.352  11.578  -18.889 0.0000000000
96950  -23.665  10.797  -18.587 0.0000000000
81532  -20.547  -4.020  -13.061 0.0000000000
82600  -20.660  -3.098  -13.366 0.0000000000
93575  -17.128  7.336  -13.665 0.0000000000
93620  -18.671  7.438  -15.303 0.0000000000
93637  -19.867  7.799  -16.124 0.0000000000
92542  -20.799  7.367  -17.051 0.0000000000
91432  -21.022  6.462  -16.988 0.0000000000
90342  -21.231  5.357  -17.101 0.0000000000
89283  -22.404  4.263  -17.383 0.0000000000
89251  -20.133  3.611  -15.681 0.0000000000
89264  -20.740  3.710  -16.405 0.0000000000
89266  -22.582  3.623  -17.088 0.0000000000
88212  -23.257  2.992  -15.973 0.0000000000
88185  -23.857  2.260  -14.469 0.0000000000
105214  -22.966  19.434  -17.114 0.0000000000
102272  -18.068  16.148  -13.779 0.0000000000
102314  -19.265  15.584  -15.650 0.0000000000
102328  -20.283  15.831  -16.732 0.0000000000
100200  -20.510  13.566  -17.201 0.0000000000
101292  -21.335  15.056  -18.406 0.0000000000
102341  -22.483  15.887  -18.098 0.0000000000
93655  -22.851  7.574  -17.595 0.0000000000
94712  -23.589  7.963  -17.444 0.0000000000
85851  -17.579  0.055  -12.594 0.0000000000
84755  -18.558  -0.217  -13.846 0.0000000000
84756  -19.168  -0.386  -14.369 0.0000000000
84771  -20.453  -0.660  -15.249 0.0000000000
83682  -20.850  -1.931  -13.995 0.0000000000
84742  -21.314  -1.223  -14.068 0.0000000000
84759  -21.843  -0.186  -15.061 0.0000000000
104205  -17.108  17.640  -12.193 0.0000000000
94710  -19.710  8.625  -16.368 0.0000000000
95788  -19.165  9.162  -16.132 0.0000000000
94711  -20.166  8.783  -16.853 0.0000000000
95805  -20.170  9.546  -17.090 0.0000000000
94728  -20.652  8.785  -17.345 0.0000000000
94744  -21.811  9.177  -18.293 0.0000000000
94729  -21.336  8.725  -17.908 0.0000000000
90310  -17.532  4.577  -13.808 0.0000000000
91403  -18.147  5.577  -14.532 0.0000000000
90324  -18.621  4.885  -14.898 0.0000000000
90312  -18.966  4.227  -14.759 0.0000000000
85891  -20.385  0.565  -15.647 0.0000000000
85892  -20.699  0.892  -15.977 0.0000000000
87040  -21.860  0.938  -15.925 0.0000000000
85879  -21.638  0.422  -15.802 0.0000000000
106168  -20.395  20.211  -14.203 0.0000000000
147811  -20.701  20.768  -14.212 0.0000000000
147806  -22.207  21.406  -15.275 0.0000000000
147808  -21.866  20.894  -15.180 0.0000000000
106180  -21.738  20.263  -15.423 0.0000000000
103316  -21.396  16.776  -17.074 0.0000000000
104277  -21.980  17.746  -17.342 0.0000000000
103328  -23.139  16.750  -18.129 0.0000000000
97958  -16.349  12.011  -12.968 0.0000000000
99066  -16.640  12.522  -13.182 0.0000000000
100151  -16.530  13.106  -12.813 0.0000000000
100169  -17.662  13.410  -14.150 0.0000000000
101243  -17.937  14.154  -14.464 0.0000000000
100170  -18.177  13.473  -14.890 0.0000000000
99181  -23.312  12.958  -19.415 0.0000000000
100234  -22.382  13.412  -19.381 0.0000000000
91448  -23.189  5.578  -16.978 0.0000000000
91433  -23.493  5.327  -16.507 0.0000000000
80504  -19.745  -4.034  -13.241 0.0000000000
81530  -18.627  -3.824  -12.957 0.0000000000
82598  -19.214  -2.423  -13.919 0.0000000000
88181  -17.799  2.918  -13.940 0.0000000000
88170  -18.194  2.251  -13.801 0.0000000000
87025  -18.634  1.484  -14.281 0.0000000000
105167  -18.969  19.197  -13.318 0.0000000000
105198  -20.312  18.790  -14.904 0.0000000000
105183  -19.364  18.777  -14.094 0.0000000000
103279  -19.313  17.175  -14.863 0.0000000000
104248  -19.526  17.714  -14.888 0.0000000000
103298  -20.222  17.114  -15.782 0.0000000000
103297  -19.652  16.675  -15.557 0.0000000000
94650  -17.150  8.222  -13.840 0.0000000000
95736  -17.109  8.880  -14.087 0.0000000000
96896  -18.573  10.378  -15.682 0.0000000000
96895  -18.073  10.216  -15.100 0.0000000000
97992  -17.498  11.035  -14.550 0.0000000000
98019  -18.679  11.252  -15.758 0.0000000000
98036  -19.253  11.420  -16.305 0.0000000000
96933  -21.491  10.569  -18.001 0.0000000000
98053  -20.422  11.230  -17.404 0.0000000000
98070  -22.246  11.387  -18.501 0.0000000000
98071  -22.777  11.511  -18.856 0.0000000000
96949  -23.251  10.797  -18.819 0.0000000000
94732  -23.569  9.166  -18.090 0.0000000000
95824  -23.790  9.860  -18.291 0.0000000000
94713  -24.026  8.833  -17.558 0.0000000000
80494  -20.215  -4.546  -12.687 0.0000000000
80495  -20.714  -4.277  -12.351 0.0000000000
92490  -16.632  6.449  -12.809 0.0000000000
93574  -16.630  7.360  -13.032 0.0000000000
92521  -18.755  6.541  -15.176 0.0000000000
93599  -18.191  7.350  -14.794 0.0000000000
93621  -19.238  7.626  -15.719 0.0000000000
92540  -19.846  6.886  -16.104 0.0000000000
92541  -20.412  7.076  -16.563 0.0000000000
90359  -22.087  5.002  -17.396 0.0000000000
89265  -21.561  3.963  -17.178 0.0000000000
89250  -19.495  3.508  -15.080 0.0000000000
88196  -20.035  2.607  -15.498 0.0000000000
88209  -21.264  2.723  -16.641 0.0000000000
89267  -23.189  3.655  -16.425 0.0000000000
88211  -22.752  2.919  -16.437 0.0000000000
88184  -23.149  1.979  -14.917 0.0000000000
105213  -22.286  18.814  -16.709 0.0000000000
95713  -15.390  9.906  -12.212 0.0000000000
101211  -15.793  14.825  -11.620 0.0000000000
102261  -16.791  15.785  -12.627 0.0000000000
102271  -17.562  15.744  -13.296 0.0000000000
101261  -18.919  14.710  -15.603 0.0000000000
102313  -18.724  15.569  -15.045 0.0000000000
102327  -19.701  15.674  -16.290 0.0000000000
102339  -20.696  15.406  -17.299 0.0000000000
99128  -20.115  12.591  -16.940 0.0000000000
100199  -19.535  13.620  -16.440 0.0000000000
101323  -22.376  14.433  -19.587 0.0000000000
101308  -21.635  14.371  -18.873 0.0000000000
102366  -22.128  15.089  -19.283 0.0000000000
102354  -21.846  15.377  -18.664 0.0000000000
102355  -22.700  15.461  -18.799 0.0000000000
102356  -23.557  15.707  -19.055 0.0000000000
92558  -21.482  7.043  -17.256 0.0000000000
93654  -21.877  7.719  -17.692 0.0000000000
83679  -17.904  -1.745  -13.342 0.0000000000
84740  -18.110  -0.747  -13.434 0.0000000000
83711  -19.642  -1.000  -14.771 0.0000000000
83712  -19.960  -0.997  -15.117 0.0000000000
84757  -20.598  -1.210  -14.846 0.0000000000
84758  -21.130  -0.964  -14.731 0.0000000000
87012  -17.661  1.347  -12.823 0.0000000000
105182  -18.772  18.242  -14.051 0.0000000000
105165  -17.898  18.083  -13.182 0.0000000000
104223  -18.095  17.609  -13.497 0.0000000000
103262  -18.318  16.824  -13.960 0.0000000000
95787  -18.596  9.391  -15.649 0.0000000000
95803  -18.932  9.783  -16.101 0.0000000000
96914  -19.750  10.494  -16.827 0.0000000000
96915  -20.292  10.166  -17.298 0.0000000000
95837  -21.988  9.837  -18.202 0.0000000000
95838  -22.653  9.834  -18.437 0.0000000000
94745  -22.305  9.256  -18.401 0.0000000000
95822  -22.761  9.084  -18.389 0.0000000000
91387  -17.086  5.514  -13.321 0.0000000000
92508  -17.618  6.445  -14.102 0.0000000000
91414  -19.394  5.648  -15.691 0.0000000000
91430  -19.783  6.129  -16.075 0.0000000000
90326  -20.072  4.624  -15.999 0.0000000000
87038  -19.896  1.700  -15.368 0.0000000000
87039  -20.402  1.738  -15.901 0.0000000000
87048  -20.927  1.681  -16.438 0.0000000000
87049  -21.761  1.749  -16.354 0.0000000000
87050  -22.424  2.204  -16.263 0.0000000000
106161  -19.105  20.414  -12.827 0.0000000000
108112  -23.302  21.497  -17.085 0.0000000000
105229  -22.676  18.236  -17.364 0.0000000000
99059  -15.711  12.740  -11.889 0.0000000000
100141  -16.147  13.742  -12.404 0.0000000000
100142  -16.716  14.237  -12.653 0.0000000000
101242  -17.647  14.552  -13.755 0.0000000000
101260  -18.384  14.513  -14.967 0.0000000000
100185  -19.133  14.181  -15.985 0.0000000000
99164  -21.654  12.591  -18.625 0.0000000000
100216  -21.100  13.329  -17.987 0.0000000000
100233  -21.547  13.158  -18.715 0.0000000000
100250  -22.696  13.984  -19.850 0.0000000000
101324  -23.056  14.530  -19.974 0.0000000000
92560  -22.998  6.498  -17.078 0.0000000000
92543  -23.613  6.220  -16.516 0.0000000000
82596  -17.665  -2.535  -13.194 0.0000000000
83680  -18.612  -1.615  -13.740 0.0000000000
82610  -19.624  -1.981  -14.337 0.0000000000
83681  -20.388  -2.151  -14.320 0.0000000000
89237  -17.379  3.697  -13.609 0.0000000000
85877  -19.922  0.741  -15.237 0.0000000000
84785  -20.148  0.038  -15.623 0.0000000000
106154  -18.699  20.718  -12.426 0.0000000000
106167  -19.750  20.176  -13.556 0.0000000000
106179  -21.126  19.750  -14.774 0.0000000000
106178  -20.289  19.665  -14.375 0.0000000000
104250  -20.739  18.044  -15.605 0.0000000000
104264  -20.573  17.445  -15.893 0.0000000000
96837  -16.173  10.320  -13.258 0.0000000000
96868  -17.066  9.865  -14.293 0.0000000000
96838  -16.640  10.122  -13.878 0.0000000000
97967  -17.283  11.773  -14.223 0.0000000000
99085  -17.887  12.263  -14.848 0.0000000000
99086  -18.366  12.917  -15.291 0.0000000000
99106  -18.673  12.332  -15.753 0.0000000000
99127  -19.404  12.422  -16.418 0.0000000000
98038  -20.403  11.875  -17.350 0.0000000000
98054  -20.960  11.473  -17.806 0.0000000000
99147  -21.402  12.310  -18.319 0.0000000000
99165  -22.073  12.317  -18.800 0.0000000000
99166  -22.917  12.441  -19.210 0.0000000000
99167  -23.578  12.428  -19.042 0.0000000000
98073  -23.755  11.679  -18.435 0.0000000000
95839  -23.231  10.123  -18.604 0.0000000000
90344  -23.401  4.543  -16.623 0.0000000000
80505  -19.921  -4.259  -13.135 0.0000000000
81544  -20.181  -3.790  -13.316 0.0000000000
93598  -17.641  7.344  -14.263 0.0000000000
94672  -18.095  7.991  -15.067 0.0000000000
94692  -18.473  8.403  -15.428 0.0000000000
93638  -20.338  7.967  -16.714 0.0000000000
93639  -20.664  7.863  -17.098 0.0000000000
91431  -20.474  6.012  -16.490 0.0000000000
91446  -21.794  6.041  -17.191 0.0000000000
90360  -22.971  4.772  -17.334 0.0000000000
89284  -22.769  4.163  -17.282 0.0000000000
90343  -23.081  4.087  -17.083 0.0000000000
89252  -23.545  3.423  -15.702 0.0000000000
88198  -22.953  2.365  -15.760 0.0000000000
88199  -23.652  2.744  -15.274 0.0000000000
103253  -17.170  16.731  -12.852 0.0000000000
102294  -18.373  15.998  -14.367 0.0000000000
102293  -17.946  15.434  -14.069 0.0000000000
103296  -19.139  16.129  -15.237 0.0000000000
103314  -19.969  16.259  -16.304 0.0000000000
102329  -20.930  16.042  -16.970 0.0000000000
101291  -20.924  14.529  -17.916 0.0000000000
101276  -20.148  14.774  -16.863 0.0000000000
102340  -21.407  15.772  -17.829 0.0000000000
102342  -23.270  15.963  -18.399 0.0000000000
84741  -18.760  -0.886  -13.939 0.0000000000
84770  -19.745  -0.281  -15.117 0.0000000000
83696  -20.675  -1.464  -14.593 0.0000000000
84772  -21.223  -0.066  -15.642 0.0000000000
84773  -21.731  0.094  -15.587 0.0000000000
81541  -17.939  -2.943  -13.351 0.0000000000
82611  -19.777  -2.257  -14.337 0.0000000000
84787  -20.961  0.411  -15.953 0.0000000000
93653  -21.017  7.931  -17.425 0.0000000000
94671  -17.611  8.230  -14.526 0.0000000000
95734  -16.030  9.841  -12.892 0.0000000000
95766  -17.438  9.210  -14.509 0.0000000000
95820  -20.747  9.559  -17.555 0.0000000000
95840  -23.510  10.367  -18.619 0.0000000000
96869  -17.486  10.024  -14.641 0.0000000000
96931  -20.192  10.781  -17.246 0.0000000000
96948  -22.741  10.684  -18.627 0.0000000000
98018  -18.189  11.149  -15.202 0.0000000000
99050  -15.291  12.894  -10.982 0.0000000000
99148  -21.819  11.823  -18.500 0.0000000000
101223  -17.146  14.782  -12.861 0.0000000000
102312  -18.274  15.267  -14.590 0.0000000000
104239  -19.028  17.723  -14.484 0.0000000000
