#!ascii label  , from subject 3627 vox2ras=TkReg
1695
44571  15.624  -34.362  64.563 0.0000000000
75890  46.631  -7.520  41.690 0.0000000000
55137  31.790  -24.697  56.011 0.0000000000
59411  39.954  -21.249  59.556 0.0000000000
49392  25.209  -30.475  55.528 0.0000000000
46925  23.259  -31.986  66.127 0.0000000000
85290  55.086  1.486  34.120 0.0000000000
78331  53.529  -4.291  43.331 0.0000000000
68902  40.849  -12.816  50.525 0.0000000000
93063  50.043  8.382  28.098 0.0000000000
50474  30.409  -28.601  60.955 0.0000000000
46942  19.559  -32.371  65.975 0.0000000000
83976  55.484  -0.591  41.015 0.0000000000
83993  50.207  -1.198  39.033 0.0000000000
73406  46.844  -9.084  47.493 0.0000000000
74614  51.171  -7.173  47.925 0.0000000000
72112  42.860  -10.285  47.445 0.0000000000
60683  37.298  -20.703  52.737 0.0000000000
57173  34.645  -23.177  56.639 0.0000000000
45821  28.106  -32.350  60.714 0.0000000000
43319  27.054  -34.399  65.680 0.0000000000
45816  24.001  -32.640  60.940 0.0000000000
48159  20.123  -31.156  60.237 0.0000000000
51683  28.462  -27.137  55.359 0.0000000000
87553  59.432  3.821  36.307 0.0000000000
80674  57.591  -1.913  38.481 0.0000000000
77089  51.000  -5.709  42.372 0.0000000000
74523  42.102  -8.473  53.397 0.0000000000
64272  40.991  -17.227  54.351 0.0000000000
91935  51.834  7.325  32.297 0.0000000000
93001  57.284  8.062  31.726 0.0000000000
90884  59.376  6.752  27.873 0.0000000000
46964  30.665  -31.462  63.297 0.0000000000
44579  17.229  -33.334  64.474 0.0000000000
45717  19.042  -33.742  68.587 0.0000000000
44538  17.457  -34.375  68.357 0.0000000000
82894  50.257  -1.488  36.746 0.0000000000
72079  46.696  -9.754  50.030 0.0000000000
74583  49.039  -8.460  50.660 0.0000000000
42092  10.938  -35.537  66.103 0.0000000000
72182  43.237  -10.885  44.314 0.0000000000
58291  30.955  -21.765  54.560 0.0000000000
58290  33.136  -22.442  54.309 0.0000000000
57158  32.844  -23.561  56.752 0.0000000000
48185  26.877  -31.333  57.701 0.0000000000
45823  26.785  -33.356  60.771 0.0000000000
47039  24.626  -32.325  57.706 0.0000000000
50529  26.800  -29.285  55.926 0.0000000000
49364  28.266  -30.108  58.696 0.0000000000
45752  25.611  -32.824  65.799 0.0000000000
86453  56.550  2.865  34.163 0.0000000000
84024  60.654  0.836  38.587 0.0000000000
85228  58.703  0.634  39.262 0.0000000000
81708  54.201  -1.978  42.796 0.0000000000
79526  55.076  -2.860  40.867 0.0000000000
78364  45.501  -4.774  40.043 0.0000000000
78361  48.533  -4.085  40.238 0.0000000000
75887  49.394  -6.701  42.182 0.0000000000
70971  38.501  -10.662  48.534 0.0000000000
73361  40.367  -9.252  50.479 0.0000000000
72038  40.874  -10.353  52.428 0.0000000000
59445  38.315  -21.227  55.323 0.0000000000
61873  38.933  -19.086  53.555 0.0000000000
60653  40.436  -19.848  56.762 0.0000000000
88699  51.327  4.454  33.881 0.0000000000
90833  50.215  6.639  32.512 0.0000000000
89767  52.781  5.192  33.526 0.0000000000
89764  55.656  5.542  33.469 0.0000000000
88753  55.032  4.423  27.485 0.0000000000
90846  54.451  6.167  28.912 0.0000000000
93041  57.757  7.964  29.409 0.0000000000
94078  53.388  8.366  29.992 0.0000000000
52795  31.837  -26.828  57.960 0.0000000000
55094  33.016  -25.350  58.483 0.0000000000
52758  32.312  -26.860  61.563 0.0000000000
46940  21.487  -31.809  65.513 0.0000000000
46892  23.699  -32.513  69.340 0.0000000000
46891  21.347  -32.462  69.740 0.0000000000
85293  51.923  1.351  34.131 0.0000000000
85251  55.666  -0.291  37.481 0.0000000000
84062  53.500  -0.778  36.864 0.0000000000
84010  53.180  -0.595  39.292 0.0000000000
80640  52.918  -2.558  41.236 0.0000000000
72200  46.856  -9.677  44.091 0.0000000000
74659  49.532  -8.342  44.487 0.0000000000
74630  49.293  -8.480  48.013 0.0000000000
66774  39.600  -14.612  48.920 0.0000000000
61772  41.258  -19.764  60.103 0.0000000000
44583  13.729  -34.337  63.750 0.0000000000
43279  15.055  -35.035  67.882 0.0000000000
43306  12.463  -34.883  66.523 0.0000000000
73508  44.429  -8.547  41.297 0.0000000000
72180  45.356  -10.002  44.530 0.0000000000
72110  44.906  -10.197  47.591 0.0000000000
72068  44.064  -9.923  50.354 0.0000000000
59488  34.530  -21.852  52.019 0.0000000000
58287  36.135  -22.454  54.488 0.0000000000
57153  37.459  -23.523  57.471 0.0000000000
56166  34.200  -24.052  59.085 0.0000000000
56150  36.507  -23.760  60.305 0.0000000000
43354  29.787  -33.821  63.256 0.0000000000
42098  29.445  -35.682  65.362 0.0000000000
44594  27.310  -34.350  62.932 0.0000000000
45797  25.647  -33.246  62.842 0.0000000000
46966  23.433  -32.138  62.553 0.0000000000
48187  22.012  -31.349  58.178 0.0000000000
47021  21.998  -31.686  60.685 0.0000000000
46968  21.735  -31.615  63.392 0.0000000000
46988  19.197  -31.454  62.747 0.0000000000
46972  17.645  -32.373  62.885 0.0000000000
45786  15.941  -33.165  62.432 0.0000000000
56217  30.042  -23.447  54.403 0.0000000000
55176  28.895  -24.298  53.305 0.0000000000
53990  29.955  -25.600  55.241 0.0000000000
50501  29.672  -28.549  59.184 0.0000000000
48138  29.317  -30.717  61.139 0.0000000000
79558  58.420  -2.923  36.742 0.0000000000
80636  57.529  -1.421  40.595 0.0000000000
82845  47.410  -1.789  39.039 0.0000000000
78374  50.888  -3.898  39.695 0.0000000000
78333  52.161  -4.500  43.368 0.0000000000
75827  51.253  -7.038  45.329 0.0000000000
77028  52.455  -5.780  45.364 0.0000000000
72115  40.090  -9.779  46.977 0.0000000000
73360  42.234  -9.487  50.350 0.0000000000
74541  43.880  -8.254  54.002 0.0000000000
63079  39.533  -17.057  51.961 0.0000000000
65539  41.609  -15.045  52.688 0.0000000000
62939  42.612  -18.008  57.995 0.0000000000
65505  43.037  -15.598  55.081 0.0000000000
68875  43.281  -12.724  53.415 0.0000000000
70915  43.433  -10.695  55.045 0.0000000000
73246  43.861  -8.836  56.212 0.0000000000
93036  50.527  8.617  30.502 0.0000000000
93004  54.045  7.797  31.760 0.0000000000
90817  58.011  6.644  33.839 0.0000000000
44576  31.441  -32.547  64.443 0.0000000000
44580  16.645  -33.558  64.016 0.0000000000
44556  17.325  -34.095  66.109 0.0000000000
44557  16.216  -34.505  65.968 0.0000000000
72050  46.828  -9.900  51.956 0.0000000000
72049  47.763  -9.477  52.248 0.0000000000
42118  9.072  -35.840  64.534 0.0000000000
57185  31.573  -22.992  55.145 0.0000000000
58259  32.121  -22.866  55.395 0.0000000000
56193  32.097  -23.944  56.173 0.0000000000
48195  26.469  -30.959  56.947 0.0000000000
47038  25.610  -32.290  57.957 0.0000000000
47058  24.892  -31.402  56.349 0.0000000000
51685  26.667  -28.030  54.456 0.0000000000
50530  26.158  -29.566  55.336 0.0000000000
49380  27.130  -30.021  57.133 0.0000000000
45738  24.984  -32.477  66.327 0.0000000000
45725  25.102  -32.797  67.306 0.0000000000
86454  56.008  2.003  34.591 0.0000000000
85265  57.972  1.781  36.719 0.0000000000
85266  56.783  1.382  36.350 0.0000000000
79496  53.435  -3.102  42.909 0.0000000000
79508  53.843  -3.303  42.539 0.0000000000
77104  46.178  -6.111  40.809 0.0000000000
77102  47.892  -5.825  40.801 0.0000000000
75888  48.210  -7.228  41.871 0.0000000000
68912  39.595  -12.503  48.641 0.0000000000
69939  39.991  -11.573  49.703 0.0000000000
70952  40.108  -10.708  50.706 0.0000000000
69932  40.974  -11.596  51.160 0.0000000000
58251  39.588  -21.301  57.187 0.0000000000
59443  39.656  -20.344  55.975 0.0000000000
59425  40.305  -20.415  57.544 0.0000000000
87570  53.026  2.956  34.012 0.0000000000
88698  52.474  4.253  33.990 0.0000000000
87586  54.357  3.453  33.622 0.0000000000
87585  55.296  3.649  33.538 0.0000000000
90867  52.318  5.852  28.656 0.0000000000
90849  52.130  6.460  29.254 0.0000000000
93045  54.275  7.546  29.555 0.0000000000
91960  51.599  7.268  29.408 0.0000000000
51633  30.931  -27.710  59.675 0.0000000000
51632  31.789  -27.160  60.065 0.0000000000
51608  30.950  -28.322  61.706 0.0000000000
46941  20.542  -31.974  65.724 0.0000000000
46916  21.252  -32.237  67.524 0.0000000000
46917  20.402  -32.388  67.711 0.0000000000
44524  18.916  -34.118  70.584 0.0000000000
45699  19.695  -33.707  70.952 0.0000000000
85294  50.938  1.266  34.335 0.0000000000
82924  53.193  -0.891  34.918 0.0000000000
82945  50.796  -0.792  34.512 0.0000000000
82873  50.011  -1.494  37.566 0.0000000000
84033  51.675  -0.572  38.470 0.0000000000
82855  52.069  -0.678  39.311 0.0000000000
81748  53.606  -2.077  41.271 0.0000000000
81750  51.823  -1.694  39.562 0.0000000000
72154  47.232  -9.447  45.298 0.0000000000
73444  48.499  -8.915  46.182 0.0000000000
73426  47.643  -8.984  46.875 0.0000000000
87573  50.723  3.055  34.448 0.0000000000
43325  13.541  -34.698  65.440 0.0000000000
43326  12.596  -34.814  65.476 0.0000000000
73509  43.503  -8.640  41.322 0.0000000000
72222  45.153  -9.559  42.349 0.0000000000
72224  43.510  -10.132  42.309 0.0000000000
72159  42.396  -10.844  45.411 0.0000000000
72158  43.502  -10.605  45.447 0.0000000000
72111  43.879  -10.289  47.502 0.0000000000
72094  44.917  -10.037  48.591 0.0000000000
72096  43.066  -10.148  48.397 0.0000000000
59490  32.376  -21.290  52.130 0.0000000000
58257  33.484  -22.870  55.817 0.0000000000
58289  33.897  -22.522  54.408 0.0000000000
58255  35.448  -22.947  55.901 0.0000000000
58254  36.608  -22.854  56.001 0.0000000000
57172  35.759  -23.346  56.706 0.0000000000
53922  33.186  -26.005  60.427 0.0000000000
56167  33.708  -24.707  59.043 0.0000000000
55081  34.056  -25.237  60.589 0.0000000000
56140  35.387  -23.909  61.283 0.0000000000
56149  37.444  -23.754  60.247 0.0000000000
44610  28.911  -33.393  62.266 0.0000000000
43366  28.519  -34.101  62.592 0.0000000000
44625  28.068  -33.296  61.439 0.0000000000
45825  24.804  -32.898  60.287 0.0000000000
45814  25.887  -33.418  61.730 0.0000000000
45798  24.935  -32.946  62.351 0.0000000000
45781  24.980  -32.798  63.310 0.0000000000
45799  24.104  -32.594  61.946 0.0000000000
48197  22.646  -31.408  57.007 0.0000000000
48174  19.596  -30.656  59.275 0.0000000000
48173  20.875  -30.787  59.032 0.0000000000
48158  21.259  -31.519  60.476 0.0000000000
47005  21.837  -31.631  61.419 0.0000000000
48141  20.527  -31.431  61.506 0.0000000000
46969  20.804  -31.571  63.630 0.0000000000
48129  19.736  -31.337  62.071 0.0000000000
46990  16.788  -32.327  61.962 0.0000000000
58293  29.957  -21.871  53.686 0.0000000000
57200  29.473  -22.368  53.173 0.0000000000
52834  27.904  -26.550  54.449 0.0000000000
52833  28.597  -26.418  54.736 0.0000000000
53991  29.396  -25.554  54.662 0.0000000000
52819  29.045  -26.752  55.425 0.0000000000
51668  29.659  -27.078  56.660 0.0000000000
51654  28.967  -27.895  57.144 0.0000000000
48156  28.041  -31.383  59.673 0.0000000000
49332  28.841  -30.312  60.197 0.0000000000
47002  28.989  -31.665  61.416 0.0000000000
45795  29.319  -32.475  62.118 0.0000000000
43317  28.658  -35.254  65.340 0.0000000000
43271  14.459  -35.187  68.546 0.0000000000
43270  15.614  -34.865  68.850 0.0000000000
85246  61.028  1.877  37.482 0.0000000000
81762  58.984  -0.901  38.933 0.0000000000
81792  58.928  -1.761  37.741 0.0000000000
80673  58.131  -1.856  37.959 0.0000000000
79560  56.555  -3.351  37.474 0.0000000000
84029  55.739  -0.136  38.709 0.0000000000
82836  57.247  -0.185  39.888 0.0000000000
81721  56.624  -0.993  41.269 0.0000000000
79540  55.147  -3.244  39.702 0.0000000000
77112  49.706  -5.158  40.218 0.0000000000
78360  49.575  -4.045  39.792 0.0000000000
77110  51.245  -4.949  41.141 0.0000000000
78350  51.701  -4.263  41.437 0.0000000000
77088  51.581  -5.107  42.827 0.0000000000
74650  49.902  -8.227  45.758 0.0000000000
74649  50.537  -7.601  44.995 0.0000000000
74640  51.263  -7.124  46.411 0.0000000000
73429  38.830  -9.670  46.550 0.0000000000
73344  40.768  -8.975  51.673 0.0000000000
74602  41.057  -9.242  50.032 0.0000000000
74571  41.894  -8.837  51.287 0.0000000000
73328  42.745  -8.964  51.843 0.0000000000
74542  43.176  -8.504  53.350 0.0000000000
60696  35.969  -20.598  51.726 0.0000000000
60710  37.423  -19.723  51.960 0.0000000000
63029  39.903  -18.280  54.463 0.0000000000
63065  39.084  -18.163  52.568 0.0000000000
64289  39.966  -17.009  53.016 0.0000000000
65541  40.121  -15.919  51.900 0.0000000000
64287  41.535  -16.144  53.730 0.0000000000
61771  41.648  -18.969  59.576 0.0000000000
66708  44.489  -14.882  56.482 0.0000000000
66724  43.235  -14.720  54.195 0.0000000000
67834  44.160  -13.412  54.509 0.0000000000
69905  43.932  -11.885  54.385 0.0000000000
68857  44.746  -12.332  55.335 0.0000000000
91936  50.775  7.426  32.297 0.0000000000
93022  52.006  8.462  31.384 0.0000000000
94054  52.877  8.670  31.181 0.0000000000
93005  53.143  7.860  31.833 0.0000000000
88693  57.121  4.834  33.927 0.0000000000
90819  56.007  6.439  33.340 0.0000000000
88680  58.665  5.215  35.030 0.0000000000
89745  60.332  5.526  35.253 0.0000000000
89831  57.478  5.702  27.544 0.0000000000
93031  57.289  8.077  30.235 0.0000000000
93014  59.158  7.422  31.765 0.0000000000
91928  58.683  7.428  32.609 0.0000000000
48119  30.625  -30.686  62.822 0.0000000000
49306  31.146  -29.575  62.763 0.0000000000
48113  30.976  -30.831  63.511 0.0000000000
45755  18.381  -32.866  65.407 0.0000000000
45739  19.203  -32.810  66.758 0.0000000000
45740  18.411  -33.341  66.330 0.0000000000
44545  18.278  -34.098  67.949 0.0000000000
44526  17.744  -34.808  69.691 0.0000000000
81796  48.573  -1.208  36.518 0.0000000000
84036  48.981  -1.857  38.004 0.0000000000
73390  46.817  -9.296  48.473 0.0000000000
73389  47.676  -9.085  48.809 0.0000000000
73357  47.940  -9.415  50.551 0.0000000000
74556  48.909  -8.476  52.719 0.0000000000
43327  11.510  -35.211  65.535 0.0000000000
43345  10.610  -35.077  64.460 0.0000000000
42094  9.718  -36.477  66.463 0.0000000000
72225  42.447  -10.311  42.103 0.0000000000
72160  41.238  -10.948  45.376 0.0000000000
59461  32.640  -22.047  53.880 0.0000000000
59447  31.890  -21.985  54.527 0.0000000000
58258  32.702  -22.944  55.623 0.0000000000
57157  33.365  -23.327  57.084 0.0000000000
47028  27.418  -32.199  59.463 0.0000000000
44633  27.488  -33.260  61.033 0.0000000000
47029  26.771  -32.522  59.163 0.0000000000
45831  25.629  -32.911  59.623 0.0000000000
45833  23.983  -32.570  59.096 0.0000000000
48143  18.594  -31.205  60.845 0.0000000000
48176  17.677  -30.621  59.158 0.0000000000
51694  26.876  -27.224  54.162 0.0000000000
50528  27.732  -28.529  55.939 0.0000000000
51655  28.302  -28.091  56.443 0.0000000000
50516  28.023  -29.105  57.133 0.0000000000
48184  27.512  -31.032  58.238 0.0000000000
44568  26.545  -33.884  65.907 0.0000000000
86441  58.224  3.454  35.637 0.0000000000
86419  60.085  2.416  37.664 0.0000000000
86420  59.410  2.117  37.575 0.0000000000
85215  60.044  1.372  40.087 0.0000000000
81744  58.838  -0.727  39.698 0.0000000000
82818  55.049  -0.637  42.158 0.0000000000
81735  55.862  -1.780  41.689 0.0000000000
80614  54.589  -2.224  42.214 0.0000000000
78348  54.080  -4.467  41.601 0.0000000000
80646  46.409  -2.959  39.942 0.0000000000
78362  47.603  -4.241  40.562 0.0000000000
77101  48.871  -5.677  40.694 0.0000000000
77090  50.212  -5.937  42.053 0.0000000000
75786  51.824  -6.418  48.534 0.0000000000
72099  37.904  -9.891  47.894 0.0000000000
73395  38.832  -9.181  47.913 0.0000000000
72085  39.086  -9.954  49.397 0.0000000000
72054  40.279  -9.998  51.431 0.0000000000
73294  41.110  -9.539  53.264 0.0000000000
59471  37.819  -20.864  53.883 0.0000000000
60682  38.010  -20.207  53.347 0.0000000000
60673  38.886  -20.009  54.519 0.0000000000
61849  40.042  -19.045  55.374 0.0000000000
62983  40.833  -18.518  55.791 0.0000000000
89769  50.379  5.143  33.427 0.0000000000
90834  49.131  6.751  32.525 0.0000000000
89777  50.658  5.896  32.964 0.0000000000
90823  52.251  5.921  33.127 0.0000000000
90822  53.082  5.985  33.184 0.0000000000
90830  53.349  6.652  32.697 0.0000000000
89765  54.710  5.401  33.415 0.0000000000
87583  56.864  4.137  33.751 0.0000000000
89846  52.708  5.991  27.209 0.0000000000
89816  54.903  5.448  28.693 0.0000000000
91967  57.239  7.016  28.386 0.0000000000
91965  59.393  6.992  28.429 0.0000000000
93059  56.542  7.641  29.015 0.0000000000
93043  55.958  7.922  29.594 0.0000000000
94051  54.702  7.970  30.377 0.0000000000
53965  31.716  -25.691  56.540 0.0000000000
53964  32.420  -25.258  57.265 0.0000000000
52794  32.263  -26.557  58.641 0.0000000000
53923  32.787  -26.282  59.754 0.0000000000
52757  32.885  -26.251  61.821 0.0000000000
46939  22.432  -31.840  65.272 0.0000000000
46901  23.697  -32.390  68.377 0.0000000000
46915  22.109  -31.985  67.416 0.0000000000
46894  22.407  -32.117  69.168 0.0000000000
45709  20.163  -32.715  68.963 0.0000000000
45697  21.231  -33.264  70.711 0.0000000000
85292  52.864  1.466  33.833 0.0000000000
84092  55.216  0.577  34.924 0.0000000000
84079  54.778  -0.197  35.294 0.0000000000
84061  54.887  -0.440  36.677 0.0000000000
84030  54.907  -0.298  38.685 0.0000000000
82911  51.503  -1.598  36.484 0.0000000000
84032  52.745  -0.289  38.536 0.0000000000
84009  54.507  -0.723  39.303 0.0000000000
82828  54.349  -1.440  41.177 0.0000000000
81737  53.257  -1.824  42.158 0.0000000000
80616  52.717  -2.437  43.009 0.0000000000
73493  47.398  -8.948  43.080 0.0000000000
74698  47.728  -8.272  42.487 0.0000000000
73478  48.242  -8.949  44.310 0.0000000000
73443  49.272  -8.588  46.426 0.0000000000
74629  49.861  -8.065  47.747 0.0000000000
74617  49.171  -8.554  48.898 0.0000000000
74599  49.646  -8.090  49.455 0.0000000000
75773  50.670  -7.213  49.942 0.0000000000
67886  40.181  -13.505  49.354 0.0000000000
60610  40.834  -20.436  59.954 0.0000000000
89771  48.118  5.876  33.363 0.0000000000
88685  50.150  3.864  34.231 0.0000000000
87572  51.685  3.064  34.505 0.0000000000
95976  51.056  10.986  27.554 0.0000000000
95045  49.958  10.212  27.903 0.0000000000
43341  14.499  -34.513  64.443 0.0000000000
43303  15.225  -34.768  65.965 0.0000000000
43324  14.439  -34.683  65.289 0.0000000000
43291  14.192  -34.972  67.104 0.0000000000
43281  13.369  -35.100  68.080 0.0000000000
43307  11.633  -35.164  66.789 0.0000000000
75910  45.348  -6.620  40.819 0.0000000000
75911  44.325  -7.054  40.628 0.0000000000
74700  45.951  -8.147  41.725 0.0000000000
73495  45.831  -9.040  42.194 0.0000000000
72201  46.191  -9.868  43.791 0.0000000000
72156  45.557  -9.856  45.618 0.0000000000
72181  44.400  -10.579  44.381 0.0000000000
72157  44.544  -10.243  45.509 0.0000000000
72130  45.888  -9.602  46.685 0.0000000000
72093  45.897  -9.905  48.750 0.0000000000
72066  45.819  -10.076  50.731 0.0000000000
72036  44.986  -10.026  52.480 0.0000000000
59487  35.720  -21.370  52.193 0.0000000000
59460  33.688  -22.312  53.744 0.0000000000
58301  35.242  -22.591  53.473 0.0000000000
58300  36.126  -22.330  53.694 0.0000000000
58286  37.266  -22.011  54.636 0.0000000000
58253  37.818  -22.637  56.140 0.0000000000
58237  39.152  -22.477  58.366 0.0000000000
56181  32.907  -24.130  57.365 0.0000000000
56180  33.450  -24.222  58.165 0.0000000000
57142  34.294  -23.656  58.208 0.0000000000
56141  34.631  -24.512  61.366 0.0000000000
56165  35.004  -23.731  59.556 0.0000000000
57140  35.699  -23.715  58.768 0.0000000000
56177  37.104  -23.902  58.805 0.0000000000
56161  38.478  -23.332  59.243 0.0000000000
58229  39.386  -22.114  60.338 0.0000000000
43335  30.529  -33.696  63.717 0.0000000000
43336  29.829  -34.467  63.815 0.0000000000
43337  28.838  -34.890  64.111 0.0000000000
43357  27.405  -34.568  64.072 0.0000000000
44626  27.186  -33.690  61.611 0.0000000000
44613  26.273  -33.702  62.646 0.0000000000
44578  26.637  -33.926  64.977 0.0000000000
45766  25.592  -32.933  64.835 0.0000000000
45767  24.864  -32.654  64.248 0.0000000000
46952  23.605  -32.253  63.781 0.0000000000
47059  23.892  -31.386  56.419 0.0000000000
47040  23.571  -32.147  57.789 0.0000000000
47019  23.201  -32.303  59.618 0.0000000000
48188  21.271  -30.543  57.816 0.0000000000
48172  21.796  -31.513  59.536 0.0000000000
47003  23.243  -32.222  60.565 0.0000000000
46984  22.646  -31.749  62.017 0.0000000000
46967  22.645  -31.813  63.061 0.0000000000
46953  22.563  -31.855  64.162 0.0000000000
46954  21.612  -31.692  64.450 0.0000000000
46955  20.657  -31.717  64.665 0.0000000000
46956  19.683  -31.953  64.822 0.0000000000
48130  18.874  -31.395  61.720 0.0000000000
46989  18.093  -31.814  62.034 0.0000000000
46971  18.694  -32.106  63.667 0.0000000000
45784  17.234  -32.755  63.280 0.0000000000
44597  16.538  -33.325  63.307 0.0000000000
44598  15.921  -33.550  62.971 0.0000000000
45787  14.211  -33.723  62.392 0.0000000000
44600  13.808  -33.978  62.783 0.0000000000
59464  30.465  -21.393  53.636 0.0000000000
57193  30.447  -22.625  54.624 0.0000000000
56210  30.832  -23.596  54.853 0.0000000000
56218  29.506  -23.397  53.714 0.0000000000
55161  30.269  -24.264  54.598 0.0000000000
53978  31.292  -25.329  56.000 0.0000000000
52807  30.573  -26.349  56.581 0.0000000000
51641  30.961  -27.392  58.408 0.0000000000
50488  29.765  -28.805  59.938 0.0000000000
50502  28.870  -29.001  58.740 0.0000000000
49343  29.165  -29.434  59.902 0.0000000000
49318  29.898  -29.981  61.332 0.0000000000
48120  30.133  -31.003  62.292 0.0000000000
44591  30.418  -32.933  63.494 0.0000000000
44540  15.824  -34.627  67.418 0.0000000000
43269  16.394  -34.854  69.291 0.0000000000
84042  60.690  0.518  37.625 0.0000000000
85237  57.044  0.473  38.178 0.0000000000
82835  58.271  -0.554  40.466 0.0000000000
80655  57.534  -1.684  39.731 0.0000000000
80638  55.906  -2.524  40.176 0.0000000000
80676  55.967  -2.775  38.509 0.0000000000
82876  47.408  -1.637  37.708 0.0000000000
82843  49.570  -1.751  39.159 0.0000000000
80644  48.546  -2.681  39.799 0.0000000000
80643  49.371  -2.705  39.519 0.0000000000
80641  50.664  -2.251  39.595 0.0000000000
79542  52.332  -3.325  40.546 0.0000000000
80630  52.316  -2.884  42.398 0.0000000000
79498  52.559  -3.682  43.131 0.0000000000
74676  49.652  -7.621  43.076 0.0000000000
74675  50.295  -7.230  43.270 0.0000000000
77049  51.341  -6.379  43.822 0.0000000000
75809  52.155  -6.277  46.974 0.0000000000
77029  51.970  -6.182  45.036 0.0000000000
77048  51.916  -5.897  44.328 0.0000000000
78318  52.631  -5.143  44.520 0.0000000000
78317  53.523  -4.728  44.532 0.0000000000
72161  40.153  -10.670  45.300 0.0000000000
72114  40.891  -9.905  47.341 0.0000000000
73394  39.713  -9.363  48.345 0.0000000000
73392  41.302  -9.804  48.826 0.0000000000
72097  42.054  -10.117  48.423 0.0000000000
73359  42.948  -9.806  50.345 0.0000000000
72037  44.324  -9.819  52.060 0.0000000000
73308  45.446  -9.379  54.069 0.0000000000
61905  38.488  -18.594  52.121 0.0000000000
64357  39.521  -16.085  50.139 0.0000000000
66751  40.267  -14.955  50.682 0.0000000000
67867  41.383  -13.539  51.340 0.0000000000
61790  41.153  -19.524  58.963 0.0000000000
61806  41.464  -18.896  57.613 0.0000000000
62981  41.906  -17.678  56.268 0.0000000000
64231  43.197  -17.102  57.190 0.0000000000
64254  42.427  -16.590  55.252 0.0000000000
65513  42.389  -15.684  54.143 0.0000000000
67845  42.565  -14.193  52.982 0.0000000000
68886  41.932  -12.660  51.720 0.0000000000
69916  42.318  -11.609  53.024 0.0000000000
70925  41.934  -10.560  53.719 0.0000000000
72002  42.256  -9.613  54.505 0.0000000000
69885  45.000  -11.604  56.408 0.0000000000
71988  43.377  -9.419  55.794 0.0000000000
73276  43.177  -8.433  54.850 0.0000000000
74503  43.564  -8.124  55.095 0.0000000000
94090  48.984  10.051  28.594 0.0000000000
93049  50.192  8.248  29.722 0.0000000000
93034  52.499  8.593  30.415 0.0000000000
94053  53.474  8.467  30.905 0.0000000000
93002  56.177  8.117  31.683 0.0000000000
91932  54.730  7.367  32.489 0.0000000000
91918  56.410  7.225  33.004 0.0000000000
91929  57.819  7.769  32.507 0.0000000000
91907  59.904  6.857  34.029 0.0000000000
43315  30.876  -34.399  64.261 0.0000000000
44567  31.086  -33.564  64.153 0.0000000000
44581  15.630  -34.145  63.861 0.0000000000
44570  16.278  -34.237  64.989 0.0000000000
43322  15.907  -34.491  65.442 0.0000000000
72034  46.979  -9.891  52.885 0.0000000000
72033  47.558  -9.500  53.025 0.0000000000
56201  31.588  -23.822  55.423 0.0000000000
57177  32.053  -23.281  55.700 0.0000000000
48206  25.979  -30.548  56.346 0.0000000000
48196  25.659  -31.102  56.512 0.0000000000
48207  25.362  -30.735  56.019 0.0000000000
49391  25.884  -30.061  55.690 0.0000000000
49390  26.581  -30.061  56.450 0.0000000000
46924  24.142  -32.293  65.744 0.0000000000
46913  24.123  -32.426  67.053 0.0000000000
85304  54.820  2.068  33.616 0.0000000000
86444  56.264  1.816  35.204 0.0000000000
85282  55.926  1.177  35.371 0.0000000000
75909  46.453  -6.898  41.332 0.0000000000
75908  47.532  -6.659  41.268 0.0000000000
75889  47.190  -7.445  41.778 0.0000000000
68903  40.519  -12.489  49.973 0.0000000000
69948  39.804  -11.968  49.031 0.0000000000
69933  40.506  -11.590  50.537 0.0000000000
68895  40.807  -12.192  50.675 0.0000000000
58243  39.556  -21.590  57.782 0.0000000000
59426  39.962  -20.963  57.635 0.0000000000
59419  40.033  -21.073  58.575 0.0000000000
86455  53.706  2.288  33.628 0.0000000000
87587  53.308  3.257  33.914 0.0000000000
86471  54.196  2.471  33.583 0.0000000000
86470  55.342  2.570  33.655 0.0000000000
91971  51.020  7.173  28.557 0.0000000000
91961  50.666  7.703  29.228 0.0000000000
50487  30.497  -28.258  60.367 0.0000000000
51622  30.930  -27.917  60.877 0.0000000000
46928  20.503  -32.229  66.759 0.0000000000
85295  49.961  1.345  34.451 0.0000000000
82944  51.418  -0.654  34.380 0.0000000000
84097  50.424  0.057  34.378 0.0000000000
84013  50.056  -1.298  38.641 0.0000000000
84012  50.982  -0.816  38.836 0.0000000000
83992  50.912  -1.006  38.997 0.0000000000
82841  51.462  -1.027  39.262 0.0000000000
73427  46.678  -9.264  46.672 0.0000000000
73405  47.672  -8.869  47.853 0.0000000000
44585  12.426  -34.496  64.027 0.0000000000
74715  43.008  -7.907  41.063 0.0000000000
73510  42.613  -8.776  41.238 0.0000000000
73497  43.999  -9.343  41.736 0.0000000000
73498  43.064  -9.496  41.645 0.0000000000
72133  42.654  -10.522  46.456 0.0000000000
72132  43.701  -10.369  46.489 0.0000000000
58256  34.387  -22.876  55.882 0.0000000000
53909  33.361  -25.787  61.444 0.0000000000
55082  33.696  -25.418  59.963 0.0000000000
55068  34.036  -25.178  61.455 0.0000000000
44624  28.599  -32.958  61.636 0.0000000000
45815  24.837  -33.093  61.301 0.0000000000
48140  21.213  -31.586  61.319 0.0000000000
48128  20.304  -31.421  62.275 0.0000000000
48142  19.474  -31.281  61.100 0.0000000000
51669  28.907  -27.335  56.087 0.0000000000
47018  27.987  -31.884  60.225 0.0000000000
47017  28.466  -31.740  60.761 0.0000000000
45796  28.913  -32.523  61.736 0.0000000000
43318  27.751  -34.809  65.518 0.0000000000
42060  14.054  -35.582  68.649 0.0000000000
40869  14.945  -35.835  69.352 0.0000000000
87552  60.083  3.774  36.598 0.0000000000
86429  60.639  2.875  36.666 0.0000000000
86430  60.253  3.011  36.971 0.0000000000
81779  58.418  -1.562  38.338 0.0000000000
80681  57.294  -2.687  37.643 0.0000000000
80682  56.758  -2.835  37.746 0.0000000000
83987  55.824  -0.288  40.275 0.0000000000
83975  56.202  -0.469  40.895 0.0000000000
82827  56.320  -0.617  41.168 0.0000000000
77099  50.774  -5.561  41.513 0.0000000000
77111  50.610  -5.181  40.627 0.0000000000
77098  51.380  -4.994  41.950 0.0000000000
74628  50.551  -7.669  47.326 0.0000000000
74641  50.720  -7.495  46.201 0.0000000000
74627  51.210  -7.175  46.964 0.0000000000
73410  38.502  -9.411  47.033 0.0000000000
74560  41.056  -8.754  52.220 0.0000000000
74559  41.723  -8.533  52.142 0.0000000000
74543  42.300  -8.359  52.966 0.0000000000
60695  36.807  -20.529  52.117 0.0000000000
60711  36.683  -19.826  51.414 0.0000000000
63028  40.410  -17.712  54.412 0.0000000000
63048  39.714  -17.811  53.529 0.0000000000
63047  40.449  -17.303  53.953 0.0000000000
64288  40.792  -16.594  53.438 0.0000000000
66716  44.070  -14.376  55.231 0.0000000000
66715  44.711  -13.769  55.477 0.0000000000
67825  44.630  -13.290  55.073 0.0000000000
67824  45.012  -13.181  55.740 0.0000000000
93008  50.191  8.314  31.940 0.0000000000
93007  51.345  8.128  31.955 0.0000000000
93006  52.299  7.975  31.921 0.0000000000
91934  52.784  7.253  32.204 0.0000000000
88674  58.508  4.591  35.290 0.0000000000
88681  57.883  4.906  34.667 0.0000000000
88673  59.351  4.772  35.573 0.0000000000
90885  58.459  6.562  27.597 0.0000000000
89830  58.377  5.625  27.015 0.0000000000
89842  58.823  6.134  27.132 0.0000000000
89829  59.550  5.979  27.590 0.0000000000
93016  57.750  8.338  31.065 0.0000000000
93015  58.554  7.820  31.240 0.0000000000
93000  58.219  8.019  31.908 0.0000000000
92999  58.934  7.540  32.094 0.0000000000
46950  31.088  -31.339  63.935 0.0000000000
45756  17.703  -33.166  64.812 0.0000000000
45741  17.822  -33.430  65.525 0.0000000000
44546  17.406  -34.271  67.379 0.0000000000
44555  18.182  -33.998  67.010 0.0000000000
44531  18.345  -34.405  69.616 0.0000000000
44532  17.572  -34.549  69.129 0.0000000000
82915  47.572  -0.933  36.450 0.0000000000
82896  48.444  -1.426  36.813 0.0000000000
82875  48.298  -1.665  37.603 0.0000000000
72092  46.464  -9.687  49.248 0.0000000000
73374  47.050  -9.408  49.254 0.0000000000
72078  47.336  -9.651  50.511 0.0000000000
43360  10.184  -34.568  63.777 0.0000000000
42107  9.640  -36.338  65.571 0.0000000000
59463  30.990  -21.417  53.976 0.0000000000
59448  31.341  -21.727  54.447 0.0000000000
57176  32.505  -23.198  56.035 0.0000000000
57175  33.067  -23.097  56.359 0.0000000000
47036  27.445  -31.642  58.761 0.0000000000
47037  26.715  -32.104  58.451 0.0000000000
45839  25.648  -32.674  58.782 0.0000000000
45840  24.772  -32.608  58.512 0.0000000000
45832  24.787  -32.758  59.371 0.0000000000
50540  27.150  -28.487  55.148 0.0000000000
50539  27.717  -28.093  55.368 0.0000000000
50517  27.053  -29.542  56.735 0.0000000000
48194  27.168  -30.677  57.536 0.0000000000
48171  27.955  -31.108  59.050 0.0000000000
45765  26.150  -33.330  65.381 0.0000000000
45751  26.135  -33.324  66.275 0.0000000000
86442  57.534  3.082  35.138 0.0000000000
86432  58.603  2.774  36.426 0.0000000000
85235  59.144  1.131  38.613 0.0000000000
85247  59.319  1.537  38.020 0.0000000000
85216  59.554  1.071  39.808 0.0000000000
82833  59.587  0.432  39.628 0.0000000000
83983  58.967  0.456  39.991 0.0000000000
81724  54.213  -1.339  42.524 0.0000000000
79520  53.860  -3.917  42.119 0.0000000000
79534  46.007  -3.882  40.103 0.0000000000
78363  46.546  -4.731  40.490 0.0000000000
75907  48.511  -6.418  41.305 0.0000000000
75906  49.124  -6.139  41.354 0.0000000000
70972  38.070  -10.218  48.240 0.0000000000
72086  38.420  -9.846  48.620 0.0000000000
70942  40.459  -10.333  51.512 0.0000000000
72055  39.887  -9.993  50.816 0.0000000000
72039  40.552  -10.053  52.191 0.0000000000
73313  40.608  -9.657  52.428 0.0000000000
72024  40.795  -10.020  52.991 0.0000000000
59457  38.167  -20.944  54.702 0.0000000000
60674  38.313  -20.377  54.044 0.0000000000
59456  38.785  -20.463  54.993 0.0000000000
60654  40.066  -19.881  56.152 0.0000000000
60663  39.670  -19.917  55.554 0.0000000000
61836  40.117  -19.456  55.812 0.0000000000
61835  40.677  -19.018  56.190 0.0000000000
89778  49.712  5.986  32.921 0.0000000000
88697  53.548  4.334  33.807 0.0000000000
89768  51.608  5.306  33.328 0.0000000000
89766  53.765  5.271  33.533 0.0000000000
87584  56.215  3.773  33.604 0.0000000000
86452  57.120  3.333  34.376 0.0000000000
87568  57.382  3.958  34.390 0.0000000000
89798  53.600  5.630  28.952 0.0000000000
89818  53.164  5.420  28.550 0.0000000000
89796  54.484  5.755  28.789 0.0000000000
90865  55.639  6.211  28.580 0.0000000000
90866  54.987  6.346  28.764 0.0000000000
91968  56.153  6.998  28.707 0.0000000000
91969  55.325  6.957  28.849 0.0000000000
93046  53.360  7.804  29.664 0.0000000000
93044  55.059  7.701  29.730 0.0000000000
94063  54.598  7.926  30.060 0.0000000000
93033  55.338  7.955  30.132 0.0000000000
94064  54.035  8.139  30.236 0.0000000000
52806  31.252  -26.593  57.269 0.0000000000
53951  32.080  -26.109  57.346 0.0000000000
51621  31.627  -27.308  60.725 0.0000000000
52783  32.135  -26.828  59.465 0.0000000000
52773  32.388  -26.682  60.438 0.0000000000
52772  32.834  -26.319  61.136 0.0000000000
46926  22.292  -31.856  66.373 0.0000000000
46904  21.111  -32.361  68.401 0.0000000000
46903  21.901  -32.210  68.340 0.0000000000
46895  21.635  -32.303  69.140 0.0000000000
45702  22.372  -32.676  70.197 0.0000000000
45703  21.608  -32.716  70.259 0.0000000000
45716  19.527  -32.996  68.387 0.0000000000
45727  19.644  -32.724  67.595 0.0000000000
84094  53.488  0.606  33.876 0.0000000000
82942  53.256  -0.188  34.201 0.0000000000
82909  53.051  -1.194  35.981 0.0000000000
82908  53.895  -0.600  35.752 0.0000000000
84044  54.750  -0.246  37.841 0.0000000000
84045  53.718  -0.522  37.792 0.0000000000
82912  50.003  -1.396  35.877 0.0000000000
81817  50.721  -1.530  35.495 0.0000000000
81793  50.840  -1.537  36.428 0.0000000000
84031  53.917  -0.472  38.565 0.0000000000
83989  54.351  -1.164  40.079 0.0000000000
83978  54.591  -1.280  40.774 0.0000000000
82829  54.300  -1.406  40.594 0.0000000000
80628  52.858  -1.977  42.092 0.0000000000
81726  52.838  -1.970  42.792 0.0000000000
80629  52.581  -2.285  42.230 0.0000000000
74678  47.850  -8.763  43.199 0.0000000000
73479  47.605  -9.189  43.872 0.0000000000
73425  48.817  -8.660  47.202 0.0000000000
73424  49.286  -8.505  46.857 0.0000000000
74642  49.790  -8.299  46.879 0.0000000000
74643  49.439  -8.388  47.449 0.0000000000
73372  48.483  -9.015  50.166 0.0000000000
73388  48.470  -8.966  49.259 0.0000000000
74600  49.021  -8.439  49.774 0.0000000000
74582  49.586  -7.993  50.261 0.0000000000
75774  50.073  -7.711  49.928 0.0000000000
74598  50.318  -7.734  49.221 0.0000000000
75760  51.432  -6.393  50.469 0.0000000000
66791  39.450  -14.114  48.461 0.0000000000
67903  39.744  -13.775  48.725 0.0000000000
66761  40.141  -14.463  50.103 0.0000000000
88702  48.647  4.972  33.937 0.0000000000
88701  49.679  4.664  33.881 0.0000000000
86458  51.331  2.207  34.410 0.0000000000
86457  52.283  2.280  34.223 0.0000000000
95044  50.644  10.212  27.665 0.0000000000
43342  13.662  -34.541  64.590 0.0000000000
43305  13.398  -34.830  66.359 0.0000000000
43292  13.308  -34.872  67.276 0.0000000000
42105  10.889  -35.429  65.532 0.0000000000
75921  45.146  -6.008  40.385 0.0000000000
75922  44.576  -6.303  40.228 0.0000000000
74714  43.898  -7.786  40.927 0.0000000000
75912  43.792  -7.253  40.563 0.0000000000
74713  44.839  -7.662  41.064 0.0000000000
73507  45.324  -8.406  41.459 0.0000000000
72202  45.275  -10.024  43.165 0.0000000000
72179  46.288  -9.815  44.750 0.0000000000
72204  42.882  -10.955  43.090 0.0000000000
72131  44.765  -10.156  46.560 0.0000000000
72109  45.773  -9.946  47.752 0.0000000000
72082  44.090  -9.905  49.399 0.0000000000
72081  44.942  -10.102  49.583 0.0000000000
72067  45.010  -10.269  50.678 0.0000000000
70949  45.362  -10.210  51.135 0.0000000000
72052  44.919  -10.214  51.518 0.0000000000
59503  34.416  -21.200  51.441 0.0000000000
59502  35.202  -20.975  51.771 0.0000000000
58288  34.980  -22.618  54.329 0.0000000000
59459  34.432  -22.479  53.820 0.0000000000
59473  36.051  -22.110  52.791 0.0000000000
58299  36.855  -21.968  54.001 0.0000000000
57171  36.982  -23.286  56.758 0.0000000000
57170  38.093  -22.966  56.916 0.0000000000
57169  38.685  -22.659  57.388 0.0000000000
57152  38.287  -23.221  57.571 0.0000000000
55108  32.828  -24.826  57.908 0.0000000000
55122  32.608  -24.542  57.191 0.0000000000
56179  33.858  -23.889  58.312 0.0000000000
56139  36.285  -23.781  61.162 0.0000000000
56151  35.591  -23.756  60.368 0.0000000000
57131  35.289  -23.621  59.039 0.0000000000
56164  35.831  -23.700  59.433 0.0000000000
56178  36.368  -23.825  58.783 0.0000000000
56163  36.811  -23.855  59.504 0.0000000000
56148  38.325  -23.393  60.133 0.0000000000
57129  39.059  -22.583  59.931 0.0000000000
43367  28.316  -34.375  62.811 0.0000000000
43356  27.898  -34.567  63.410 0.0000000000
43338  27.969  -34.761  64.546 0.0000000000
45813  26.593  -33.565  61.506 0.0000000000
44596  26.092  -33.531  63.231 0.0000000000
44595  26.700  -34.072  63.668 0.0000000000
45779  26.184  -33.443  64.524 0.0000000000
45780  25.760  -33.164  63.797 0.0000000000
45782  24.227  -32.542  62.944 0.0000000000
46951  24.242  -32.466  64.113 0.0000000000
46937  24.189  -32.356  64.695 0.0000000000
48186  22.833  -31.762  57.658 0.0000000000
47030  23.304  -32.279  58.711 0.0000000000
47041  22.810  -31.916  58.300 0.0000000000
49365  20.834  -30.171  57.319 0.0000000000
49346  20.635  -30.360  58.020 0.0000000000
48157  21.861  -31.652  60.218 0.0000000000
47020  22.415  -31.914  60.137 0.0000000000
47004  22.600  -31.824  61.074 0.0000000000
46985  21.848  -31.585  62.396 0.0000000000
46987  20.117  -31.448  62.865 0.0000000000
46970  19.841  -31.598  63.768 0.0000000000
48161  18.203  -30.840  60.042 0.0000000000
45783  17.857  -32.621  63.644 0.0000000000
45800  16.076  -32.801  62.103 0.0000000000
45785  16.587  -32.971  62.777 0.0000000000
44614  15.626  -33.323  62.434 0.0000000000
45802  14.346  -33.174  62.077 0.0000000000
45788  13.828  -33.566  62.201 0.0000000000
44616  13.466  -33.663  62.197 0.0000000000
57194  29.883  -22.520  54.071 0.0000000000
56224  29.103  -23.295  53.076 0.0000000000
55150  29.992  -24.969  54.738 0.0000000000
55149  30.663  -24.796  55.025 0.0000000000
53979  30.627  -25.599  55.793 0.0000000000
53966  31.018  -25.744  56.243 0.0000000000
51643  29.360  -28.190  57.977 0.0000000000
51653  30.262  -27.410  57.520 0.0000000000
51642  30.057  -28.147  58.666 0.0000000000
51634  30.100  -28.310  59.363 0.0000000000
50503  28.228  -29.559  58.093 0.0000000000
50515  28.738  -28.484  57.799 0.0000000000
49363  28.613  -29.676  58.999 0.0000000000
48154  28.938  -30.574  60.569 0.0000000000
49331  29.295  -29.856  60.470 0.0000000000
48127  29.865  -30.727  61.763 0.0000000000
44609  29.465  -32.847  62.423 0.0000000000
45778  29.785  -32.320  62.523 0.0000000000
44592  29.786  -33.111  62.883 0.0000000000
43316  29.706  -35.100  64.634 0.0000000000
45708  24.262  -32.760  68.999 0.0000000000
43290  15.128  -35.062  66.864 0.0000000000
44548  15.782  -34.648  66.548 0.0000000000
42052  16.232  -35.570  69.717 0.0000000000
43262  15.912  -35.153  69.460 0.0000000000
42051  17.154  -35.524  69.809 0.0000000000
40867  16.842  -36.123  69.710 0.0000000000
85233  60.756  1.488  38.545 0.0000000000
84041  61.033  1.160  38.030 0.0000000000
82871  60.102  0.079  38.056 0.0000000000
80680  58.572  -2.366  37.240 0.0000000000
85267  55.845  0.250  36.508 0.0000000000
85250  56.585  0.409  37.270 0.0000000000
82825  57.660  -0.501  40.714 0.0000000000
83973  57.688  -0.186  40.429 0.0000000000
80635  58.005  -1.317  40.490 0.0000000000
80654  57.992  -1.408  40.225 0.0000000000
79518  55.007  -2.655  41.451 0.0000000000
80626  55.704  -2.182  41.431 0.0000000000
80657  55.890  -2.632  39.045 0.0000000000
79555  55.724  -3.333  38.380 0.0000000000
82857  47.458  -1.783  38.349 0.0000000000
82877  46.483  -1.640  37.665 0.0000000000
82856  48.357  -1.854  38.175 0.0000000000
82844  48.631  -2.106  38.723 0.0000000000
79532  48.056  -3.323  40.330 0.0000000000
80645  47.492  -2.718  40.021 0.0000000000
78375  50.308  -3.920  39.699 0.0000000000
79530  49.685  -3.157  39.581 0.0000000000
79545  50.423  -3.245  39.535 0.0000000000
80642  50.259  -2.521  39.575 0.0000000000
80661  50.534  -2.719  39.505 0.0000000000
80659  51.962  -2.846  39.568 0.0000000000
79543  51.942  -3.507  40.058 0.0000000000
78341  51.770  -4.199  42.402 0.0000000000
79522  52.148  -3.272  41.870 0.0000000000
79510  52.256  -3.424  42.701 0.0000000000
74677  48.598  -8.558  43.463 0.0000000000
74697  48.860  -7.678  42.532 0.0000000000
74658  50.386  -7.450  43.910 0.0000000000
75842  51.199  -6.865  44.359 0.0000000000
75866  50.829  -6.795  43.384 0.0000000000
77012  52.939  -5.420  46.104 0.0000000000
77013  52.554  -5.837  46.498 0.0000000000
77047  52.346  -5.596  44.727 0.0000000000
78319  52.158  -5.213  43.921 0.0000000000
78299  52.821  -5.298  45.268 0.0000000000
72136  39.548  -9.983  46.205 0.0000000000
72135  40.574  -10.298  46.300 0.0000000000
73379  39.176  -9.407  48.923 0.0000000000
73378  40.366  -9.329  49.633 0.0000000000
74601  41.358  -9.375  49.842 0.0000000000
73377  41.074  -9.427  49.395 0.0000000000
73376  41.766  -9.722  49.550 0.0000000000
72084  42.480  -10.067  49.127 0.0000000000
73310  43.415  -8.859  52.984 0.0000000000
73327  43.437  -9.268  52.201 0.0000000000
73309  44.199  -9.046  53.547 0.0000000000
72023  44.659  -9.585  53.028 0.0000000000
61874  38.244  -19.453  52.905 0.0000000000
61888  38.645  -18.833  52.756 0.0000000000
63064  39.561  -17.392  52.492 0.0000000000
63080  38.816  -17.754  51.523 0.0000000000
64322  39.039  -17.066  51.068 0.0000000000
64321  39.595  -16.569  51.424 0.0000000000
65540  40.890  -15.409  52.319 0.0000000000
65556  40.245  -15.462  51.254 0.0000000000
65555  40.800  -14.946  51.559 0.0000000000
66750  40.759  -14.432  50.957 0.0000000000
66741  41.224  -14.418  51.755 0.0000000000
60622  40.860  -20.196  59.224 0.0000000000
62924  42.110  -18.419  58.938 0.0000000000
61789  41.539  -18.932  58.536 0.0000000000
62961  41.809  -18.336  57.230 0.0000000000
62960  42.197  -17.744  56.823 0.0000000000
65498  43.177  -16.339  56.213 0.0000000000
65491  43.514  -16.482  56.935 0.0000000000
64270  42.408  -16.096  54.693 0.0000000000
67844  43.063  -13.892  53.301 0.0000000000
67855  42.697  -13.792  52.926 0.0000000000
67857  41.846  -13.633  52.005 0.0000000000
68885  42.446  -12.768  52.395 0.0000000000
69924  42.159  -12.099  52.243 0.0000000000
68876  42.782  -12.451  52.984 0.0000000000
69898  43.372  -10.917  54.699 0.0000000000
69906  43.235  -11.454  53.979 0.0000000000
70924  42.619  -10.820  54.033 0.0000000000
70917  42.054  -10.084  54.395 0.0000000000
70916  42.858  -10.240  54.668 0.0000000000
68845  45.345  -12.383  56.962 0.0000000000
69875  45.404  -11.455  57.144 0.0000000000
70894  44.319  -10.375  56.431 0.0000000000
71973  43.953  -9.628  56.383 0.0000000000
73261  43.318  -8.738  55.332 0.0000000000
74486  43.935  -8.254  55.952 0.0000000000
95036  49.547  10.553  28.417 0.0000000000
91938  48.490  7.602  32.286 0.0000000000
91937  49.631  7.552  32.270 0.0000000000
93037  49.535  8.736  30.122 0.0000000000
93048  51.194  8.153  29.919 0.0000000000
93035  51.840  8.650  30.666 0.0000000000
93020  53.389  8.249  31.364 0.0000000000
93019  54.239  8.096  31.138 0.0000000000
93003  55.062  7.912  31.694 0.0000000000
90821  53.980  6.125  33.210 0.0000000000
90829  54.135  6.777  32.770 0.0000000000
90820  54.935  6.466  33.245 0.0000000000
90818  56.999  6.482  33.394 0.0000000000
91930  56.823  7.766  32.392 0.0000000000
91917  57.395  7.306  33.117 0.0000000000
91916  58.361  7.270  33.258 0.0000000000
90816  58.805  6.924  33.942 0.0000000000
89744  60.887  5.233  35.054 0.0000000000
89834  54.429  4.693  27.296 0.0000000000
89844  54.394  5.165  26.568 0.0000000000
91956  58.564  7.562  29.275 0.0000000000
44577  31.017  -32.881  64.109 0.0000000000
44569  17.185  -33.645  64.987 0.0000000000
44547  16.524  -34.395  66.904 0.0000000000
72065  46.702  -9.927  51.014 0.0000000000
72064  47.613  -9.612  51.296 0.0000000000
58276  30.784  -22.129  54.769 0.0000000000
58275  31.442  -22.281  54.947 0.0000000000
58260  31.897  -22.823  55.210 0.0000000000
57159  32.396  -23.570  56.279 0.0000000000
47047  26.273  -31.750  57.562 0.0000000000
47048  25.458  -31.792  57.044 0.0000000000
50541  25.957  -29.105  54.699 0.0000000000
45753  24.930  -32.486  65.271 0.0000000000
45737  25.640  -32.930  66.702 0.0000000000
45713  25.286  -33.170  68.011 0.0000000000
86443  56.707  2.253  35.211 0.0000000000
86433  57.400  2.212  35.943 0.0000000000
86434  56.817  1.931  35.791 0.0000000000
85249  57.527  1.051  37.419 0.0000000000
80602  54.004  -2.455  42.877 0.0000000000
80615  54.178  -2.678  42.530 0.0000000000
78340  53.744  -4.419  42.700 0.0000000000
77114  46.449  -5.530  40.636 0.0000000000
78353  46.814  -5.301  40.724 0.0000000000
77103  46.955  -5.948  40.799 0.0000000000
69949  39.267  -11.568  48.865 0.0000000000
69940  39.586  -11.172  49.581 0.0000000000
70963  39.447  -10.632  49.716 0.0000000000
70962  39.752  -10.999  49.951 0.0000000000
70951  40.616  -11.130  51.020 0.0000000000
70941  40.886  -10.729  51.690 0.0000000000
58267  38.816  -21.348  56.113 0.0000000000
59444  38.950  -20.768  55.660 0.0000000000
59435  39.123  -21.167  56.285 0.0000000000
59434  39.818  -20.744  56.650 0.0000000000
59433  40.327  -20.229  57.089 0.0000000000
88683  51.948  3.782  34.305 0.0000000000
87588  52.724  3.603  34.117 0.0000000000
88696  54.516  4.443  33.569 0.0000000000
90868  51.659  6.526  28.661 0.0000000000
90848  52.928  6.025  29.391 0.0000000000
91957  54.227  6.865  29.246 0.0000000000
91959  52.616  7.102  29.621 0.0000000000
93047  52.415  8.181  29.923 0.0000000000
52784  31.663  -27.120  58.821 0.0000000000
51607  31.523  -27.595  61.714 0.0000000000
46927  21.371  -31.997  66.554 0.0000000000
46905  20.515  -32.480  68.490 0.0000000000
45711  19.024  -33.985  69.500 0.0000000000
45705  19.504  -33.662  70.369 0.0000000000
84095  52.568  0.498  33.998 0.0000000000
84096  51.591  0.351  34.156 0.0000000000
82925  52.149  -1.436  35.065 0.0000000000
84048  50.763  -1.387  37.572 0.0000000000
82893  51.172  -1.485  37.106 0.0000000000
84034  50.717  -1.192  38.261 0.0000000000
82854  52.382  -0.582  39.339 0.0000000000
83990  53.506  -1.181  39.685 0.0000000000
82840  52.605  -1.112  39.593 0.0000000000
81749  52.783  -2.114  40.114 0.0000000000
72178  47.082  -9.575  44.760 0.0000000000
73462  47.723  -9.292  44.859 0.0000000000
73445  47.464  -9.243  45.856 0.0000000000
86459  50.358  2.217  34.472 0.0000000000
44584  12.931  -34.307  63.951 0.0000000000
43343  12.831  -34.580  64.641 0.0000000000
73496  44.912  -9.200  41.796 0.0000000000
72223  44.482  -9.797  42.419 0.0000000000
72203  44.007  -10.506  43.236 0.0000000000
72095  43.993  -10.052  48.477 0.0000000000
59489  33.387  -21.728  52.099 0.0000000000
58273  33.106  -22.721  54.993 0.0000000000
58272  34.136  -22.749  55.114 0.0000000000
58271  35.202  -22.728  55.153 0.0000000000
58270  36.341  -22.609  55.225 0.0000000000
53936  33.261  -25.837  59.599 0.0000000000
55107  33.260  -24.858  58.531 0.0000000000
55093  33.404  -25.317  59.105 0.0000000000
56154  33.769  -25.063  59.496 0.0000000000
56153  34.250  -24.816  60.027 0.0000000000
56127  36.134  -23.892  61.997 0.0000000000
44593  29.360  -33.682  62.858 0.0000000000
44611  27.902  -34.157  62.331 0.0000000000
45824  25.727  -33.213  60.546 0.0000000000
48198  21.863  -30.741  56.887 0.0000000000
49347  19.890  -30.378  58.296 0.0000000000
47006  21.265  -31.577  61.853 0.0000000000
46986  20.924  -31.554  62.569 0.0000000000
52847  28.101  -26.102  54.167 0.0000000000
54004  28.734  -25.444  53.962 0.0000000000
52832  29.374  -26.189  55.173 0.0000000000
52818  29.688  -26.385  55.903 0.0000000000
49345  28.336  -30.488  59.190 0.0000000000
49344  28.717  -29.965  59.548 0.0000000000
48155  28.510  -30.960  60.162 0.0000000000
48139  28.829  -31.120  60.816 0.0000000000
47001  29.452  -31.178  61.577 0.0000000000
46982  29.207  -32.074  61.819 0.0000000000
43263  15.192  -35.244  69.153 0.0000000000
42053  15.366  -35.538  69.495 0.0000000000
82872  59.586  -0.431  38.489 0.0000000000
81778  59.195  -1.231  38.082 0.0000000000
79559  57.819  -3.220  36.793 0.0000000000
85239  55.703  -0.304  38.117 0.0000000000
84028  56.587  0.087  38.818 0.0000000000
83986  56.762  -0.259  40.089 0.0000000000
83974  57.131  -0.388  40.533 0.0000000000
81733  57.085  -1.127  41.110 0.0000000000
79527  54.461  -3.671  40.673 0.0000000000
77113  48.932  -4.804  40.233 0.0000000000
78359  50.421  -4.488  39.953 0.0000000000
78358  51.376  -4.326  40.365 0.0000000000
75811  51.382  -7.025  46.002 0.0000000000
77027  52.870  -5.340  45.589 0.0000000000
73409  39.357  -9.452  47.262 0.0000000000
74573  40.600  -9.072  50.883 0.0000000000
74586  40.714  -9.089  50.555 0.0000000000
74585  41.168  -8.982  50.628 0.0000000000
73342  42.616  -9.257  51.207 0.0000000000
74570  42.442  -8.863  51.658 0.0000000000
74558  42.596  -8.657  52.263 0.0000000000
61872  39.500  -18.554  54.004 0.0000000000
63049  39.123  -18.490  53.084 0.0000000000
64305  40.080  -16.460  52.451 0.0000000000
64304  40.658  -16.060  52.817 0.0000000000
65527  40.983  -15.866  52.997 0.0000000000
62911  42.231  -18.352  60.067 0.0000000000
62923  42.740  -17.790  59.328 0.0000000000
65497  43.780  -15.424  55.858 0.0000000000
66717  43.483  -14.955  54.943 0.0000000000
66723  43.819  -14.051  54.444 0.0000000000
67835  43.657  -13.587  53.922 0.0000000000
68867  43.887  -12.550  54.044 0.0000000000
68866  44.367  -12.426  54.650 0.0000000000
69897  43.973  -11.378  55.058 0.0000000000
93023  50.915  8.698  31.347 0.0000000000
93021  52.692  8.367  31.505 0.0000000000
89763  56.591  5.623  33.594 0.0000000000
89762  57.502  5.719  33.955 0.0000000000
89755  58.346  5.831  34.497 0.0000000000
90809  58.774  6.473  34.414 0.0000000000
89746  59.804  5.487  35.385 0.0000000000
89833  56.200  4.922  27.702 0.0000000000
88752  56.095  4.494  27.406 0.0000000000
88751  57.146  4.601  27.323 0.0000000000
88750  58.029  4.778  27.154 0.0000000000
93030  58.182  8.149  30.216 0.0000000000
91946  58.986  7.350  31.102 0.0000000000
91944  59.656  7.031  31.858 0.0000000000
49317  30.290  -29.696  61.725 0.0000000000
50458  30.531  -29.110  61.719 0.0000000000
49300  31.010  -30.055  62.911 0.0000000000
48118  31.101  -30.337  63.344 0.0000000000
45763  31.296  -32.048  64.254 0.0000000000
46943  18.918  -32.563  65.612 0.0000000000
45754  18.872  -32.743  66.034 0.0000000000
45728  18.933  -33.401  67.510 0.0000000000
44525  18.457  -34.547  70.243 0.0000000000
43253  18.104  -35.142  70.445 0.0000000000
82929  48.896  -0.770  35.778 0.0000000000
82913  49.262  -1.210  36.174 0.0000000000
82895  49.350  -1.571  36.866 0.0000000000
84035  49.706  -1.557  38.126 0.0000000000
73373  47.673  -9.371  49.765 0.0000000000
72063  48.077  -9.345  51.746 0.0000000000
73356  48.459  -9.153  51.144 0.0000000000
74569  49.133  -8.563  51.645 0.0000000000
43344  11.829  -34.802  64.254 0.0000000000
43359  10.814  -34.442  63.693 0.0000000000
43328  10.831  -35.352  65.197 0.0000000000
42117  9.867  -35.400  64.452 0.0000000000
42106  10.298  -35.687  65.250 0.0000000000
42093  10.228  -35.923  66.344 0.0000000000
42081  10.164  -36.221  67.289 0.0000000000
72183  42.044  -11.049  44.231 0.0000000000
72134  41.570  -10.626  46.459 0.0000000000
59462  31.768  -21.594  53.918 0.0000000000
59446  32.484  -22.388  54.543 0.0000000000
58274  32.155  -22.621  54.965 0.0000000000
57174  33.755  -23.000  56.580 0.0000000000
57156  34.029  -23.299  57.349 0.0000000000
44632  27.750  -33.009  61.006 0.0000000000
45822  27.615  -32.773  60.486 0.0000000000
45829  27.125  -32.878  60.071 0.0000000000
45830  26.557  -32.904  59.773 0.0000000000
45838  26.283  -32.695  59.111 0.0000000000
45826  24.013  -32.506  59.988 0.0000000000
48160  19.095  -30.917  60.151 0.0000000000
51684  27.673  -27.374  54.793 0.0000000000
51670  28.140  -27.778  55.675 0.0000000000
49379  27.745  -30.081  57.784 0.0000000000
87560  58.696  3.928  35.774 0.0000000000
86431  59.700  3.020  36.956 0.0000000000
86403  60.383  2.059  38.331 0.0000000000
86393  60.281  1.648  38.948 0.0000000000
85264  58.539  2.057  36.962 0.0000000000
86394  59.948  1.670  39.104 0.0000000000
84002  60.277  0.752  39.402 0.0000000000
82851  59.538  -0.087  39.297 0.0000000000
81780  57.979  -1.552  38.883 0.0000000000
83968  55.270  -0.448  41.608 0.0000000000
82817  55.839  -0.676  41.549 0.0000000000
81723  55.501  -1.492  41.940 0.0000000000
80613  55.270  -1.961  41.894 0.0000000000
79507  54.258  -2.823  42.292 0.0000000000
79519  54.414  -3.134  41.719 0.0000000000
79533  47.011  -3.619  40.267 0.0000000000
78352  47.326  -5.109  40.803 0.0000000000
78351  48.198  -4.910  40.655 0.0000000000
77100  49.812  -5.818  41.199 0.0000000000
74597  51.092  -7.252  48.996 0.0000000000
73396  38.175  -9.505  47.513 0.0000000000
73380  38.398  -9.412  48.241 0.0000000000
73362  39.778  -9.503  50.095 0.0000000000
70953  39.697  -10.310  50.409 0.0000000000
73346  39.895  -9.713  50.585 0.0000000000
73345  40.416  -9.411  51.124 0.0000000000
73312  40.894  -9.287  52.722 0.0000000000
73311  41.323  -8.887  52.978 0.0000000000
59472  37.065  -21.358  53.358 0.0000000000
60681  38.637  -19.843  53.889 0.0000000000
61859  38.983  -19.502  54.098 0.0000000000
60664  39.158  -20.163  55.128 0.0000000000
60672  39.480  -19.659  54.981 0.0000000000
61858  39.488  -19.098  54.468 0.0000000000
63008  39.978  -18.613  54.917 0.0000000000
63007  40.669  -18.201  55.238 0.0000000000
64256  40.895  -17.648  54.823 0.0000000000
90832  51.397  6.419  32.685 0.0000000000
90831  52.443  6.587  32.690 0.0000000000
88695  55.448  4.577  33.460 0.0000000000
88694  56.318  4.737  33.588 0.0000000000
87561  58.000  4.010  35.196 0.0000000000
89845  53.387  5.577  26.980 0.0000000000
89835  53.740  5.087  27.669 0.0000000000
90887  52.022  6.188  27.780 0.0000000000
89817  54.056  5.146  28.465 0.0000000000
88741  54.713  4.679  28.235 0.0000000000
89815  55.980  5.259  28.029 0.0000000000
90863  57.161  6.216  28.002 0.0000000000
91986  57.828  6.978  28.014 0.0000000000
90861  58.842  6.946  28.037 0.0000000000
91966  58.191  7.313  28.488 0.0000000000
93058  57.334  7.709  28.931 0.0000000000
93061  54.933  7.349  29.266 0.0000000000
93042  56.879  7.881  29.579 0.0000000000
93032  56.261  8.050  30.193 0.0000000000
93017  56.723  8.003  30.936 0.0000000000
55123  32.272  -24.663  56.628 0.0000000000
53950  32.566  -25.856  58.050 0.0000000000
53937  32.901  -26.070  58.948 0.0000000000
51591  31.042  -28.670  62.109 0.0000000000
51590  31.525  -28.198  62.710 0.0000000000
52725  32.055  -27.458  63.254 0.0000000000
52742  32.069  -27.172  62.592 0.0000000000
46914  23.055  -32.067  67.292 0.0000000000
46902  22.747  -32.100  68.325 0.0000000000
46893  23.176  -32.242  69.198 0.0000000000
46889  22.814  -32.211  69.855 0.0000000000
46929  19.861  -32.444  67.060 0.0000000000
45715  20.012  -32.555  68.168 0.0000000000
46896  20.884  -32.482  69.160 0.0000000000
45710  19.608  -33.259  69.351 0.0000000000
45704  20.526  -32.824  70.054 0.0000000000
85291  53.935  1.585  33.601 0.0000000000
84093  54.415  0.463  34.259 0.0000000000
84078  55.444  0.177  35.837 0.0000000000
84060  55.467  -0.063  36.351 0.0000000000
82923  53.963  -0.340  34.698 0.0000000000
85252  55.167  -0.339  37.285 0.0000000000
84043  55.290  -0.226  38.178 0.0000000000
84008  55.373  -0.327  39.482 0.0000000000
82927  50.273  -1.122  34.940 0.0000000000
81806  51.607  -1.660  35.731 0.0000000000
82910  52.264  -1.608  36.267 0.0000000000
82892  52.020  -1.409  37.172 0.0000000000
84046  52.568  -0.796  37.765 0.0000000000
84063  52.757  -1.201  36.894 0.0000000000
83988  55.118  -0.699  40.259 0.0000000000
83977  54.927  -0.910  41.190 0.0000000000
82819  54.557  -0.947  41.832 0.0000000000
82838  54.019  -1.776  41.054 0.0000000000
81736  53.967  -1.467  41.768 0.0000000000
81709  53.706  -1.914  43.019 0.0000000000
81710  53.109  -1.966  43.135 0.0000000000
80603  53.315  -2.463  43.141 0.0000000000
79497  52.976  -3.275  43.197 0.0000000000
74699  46.630  -8.133  42.013 0.0000000000
74660  48.766  -8.782  44.308 0.0000000000
73461  48.527  -8.973  45.079 0.0000000000
73460  49.201  -8.703  45.585 0.0000000000
74615  50.480  -7.698  48.297 0.0000000000
73404  48.527  -8.831  48.306 0.0000000000
74616  49.780  -8.092  48.596 0.0000000000
75772  51.429  -6.558  49.859 0.0000000000
67887  39.829  -13.141  48.806 0.0000000000
67877  40.645  -13.465  50.132 0.0000000000
60623  40.459  -20.734  59.376 0.0000000000
60593  40.925  -20.420  60.822 0.0000000000
89770  49.208  5.476  33.417 0.0000000000
88700  50.515  4.392  33.935 0.0000000000
88684  51.056  3.791  34.260 0.0000000000
87571  52.605  3.144  34.232 0.0000000000
86456  53.158  2.455  33.875 0.0000000000
93076  50.233  8.919  27.740 0.0000000000
93077  49.815  9.269  27.935 0.0000000000
43340  15.160  -34.415  64.313 0.0000000000
43323  15.366  -34.539  65.090 0.0000000000
43304  14.319  -34.880  66.180 0.0000000000
43280  14.047  -34.924  67.844 0.0000000000
43272  13.784  -35.343  68.422 0.0000000000
43293  12.449  -34.963  67.500 0.0000000000
42069  13.250  -35.618  68.363 0.0000000000
40874  13.731  -35.904  68.503 0.0000000000
77115  45.739  -5.618  40.427 0.0000000000
74712  45.688  -7.546  41.360 0.0000000000
74711  46.266  -7.635  41.635 0.0000000000
73494  46.786  -8.882  42.680 0.0000000000
73480  46.888  -9.425  43.368 0.0000000000
73481  46.232  -9.514  42.986 0.0000000000
72155  46.606  -9.568  45.685 0.0000000000
72129  46.490  -9.433  46.296 0.0000000000
73407  46.265  -9.392  47.210 0.0000000000
73391  46.363  -9.577  47.904 0.0000000000
72080  45.795  -9.969  49.827 0.0000000000
72051  45.814  -10.173  51.650 0.0000000000
72035  46.016  -10.129  52.695 0.0000000000
60712  35.426  -20.339  51.123 0.0000000000
59486  36.607  -21.204  52.606 0.0000000000
59476  32.494  -21.649  53.052 0.0000000000
59475  33.509  -22.044  52.965 0.0000000000
59474  34.687  -22.436  52.825 0.0000000000
59458  37.458  -21.430  54.087 0.0000000000
58285  37.944  -21.657  55.124 0.0000000000
58269  37.448  -22.358  55.386 0.0000000000
58268  38.337  -21.693  55.755 0.0000000000
58252  38.908  -21.837  56.781 0.0000000000
58244  39.141  -22.257  57.830 0.0000000000
58236  39.509  -21.969  58.778 0.0000000000
56192  32.504  -24.022  56.747 0.0000000000
57144  33.233  -23.760  57.420 0.0000000000
57143  33.659  -23.679  57.754 0.0000000000
57155  34.943  -23.501  57.516 0.0000000000
56142  34.308  -24.964  60.857 0.0000000000
56152  34.834  -24.147  60.289 0.0000000000
57132  34.715  -23.649  58.894 0.0000000000
57141  35.138  -23.627  58.392 0.0000000000
57154  36.203  -23.765  57.823 0.0000000000
56190  37.210  -23.789  58.158 0.0000000000
56162  37.699  -23.770  59.433 0.0000000000
56176  37.864  -23.731  58.660 0.0000000000
56189  37.995  -23.598  57.993 0.0000000000
57139  39.027  -22.734  58.879 0.0000000000
57138  39.313  -22.305  59.437 0.0000000000
58228  39.511  -21.914  59.871 0.0000000000
43355  28.963  -34.289  63.070 0.0000000000
43339  27.227  -34.463  64.740 0.0000000000
44612  26.942  -34.047  62.487 0.0000000000
44627  26.565  -33.696  61.984 0.0000000000
46938  23.364  -32.073  64.970 0.0000000000
48208  24.481  -30.886  55.701 0.0000000000
47049  24.308  -31.849  57.023 0.0000000000
47050  23.397  -31.700  57.056 0.0000000000
45841  24.025  -32.467  58.345 0.0000000000
47031  22.562  -31.869  59.101 0.0000000000
46983  23.351  -32.130  61.525 0.0000000000
48131  18.226  -31.404  61.323 0.0000000000
46957  18.905  -32.410  64.990 0.0000000000
45769  18.182  -32.722  64.418 0.0000000000
45770  17.398  -33.039  64.024 0.0000000000
46973  17.069  -32.581  62.743 0.0000000000
45771  16.880  -33.115  63.494 0.0000000000
44615  15.236  -33.471  62.389 0.0000000000
44599  14.861  -33.938  62.766 0.0000000000
44582  14.621  -34.308  63.631 0.0000000000
44617  12.909  -33.691  62.293 0.0000000000
44601  12.919  -33.940  63.172 0.0000000000
44618  12.108  -33.557  62.561 0.0000000000
58302  30.212  -21.480  53.571 0.0000000000
58292  30.437  -21.811  54.186 0.0000000000
57186  30.986  -22.711  54.975 0.0000000000
56209  31.249  -23.228  55.056 0.0000000000
56202  31.168  -24.251  55.117 0.0000000000
55162  29.606  -24.511  54.161 0.0000000000
55138  31.262  -24.797  55.510 0.0000000000
51652  31.075  -27.077  57.780 0.0000000000
50489  29.108  -29.280  59.546 0.0000000000
50475  29.986  -29.294  60.997 0.0000000000
50459  30.174  -29.506  61.450 0.0000000000
49308  30.212  -30.131  61.862 0.0000000000
48126  30.300  -30.470  62.210 0.0000000000
46965  30.193  -31.555  62.668 0.0000000000
46981  29.639  -31.630  62.000 0.0000000000
45777  30.276  -32.262  63.094 0.0000000000
45714  24.611  -32.763  68.127 0.0000000000
43302  15.701  -34.590  65.710 0.0000000000
44539  16.610  -34.414  67.878 0.0000000000
44533  16.623  -34.565  68.783 0.0000000000
44527  17.033  -34.786  69.341 0.0000000000
43254  17.619  -35.249  70.041 0.0000000000
86418  60.536  2.289  37.638 0.0000000000
85236  58.128  0.584  38.455 0.0000000000
84027  57.376  0.163  38.885 0.0000000000
84004  58.200  0.211  39.236 0.0000000000
82834  58.896  -0.213  39.989 0.0000000000
81763  58.240  -1.308  39.479 0.0000000000
81764  57.799  -1.576  39.175 0.0000000000
81722  56.312  -1.094  41.475 0.0000000000
80625  56.768  -1.627  40.986 0.0000000000
80637  56.766  -2.012  40.445 0.0000000000
80656  56.659  -2.120  39.367 0.0000000000
80675  56.487  -2.656  38.257 0.0000000000
79554  56.190  -3.019  37.965 0.0000000000
82897  47.451  -1.375  37.083 0.0000000000
84014  49.274  -1.846  38.434 0.0000000000
83994  49.563  -1.651  38.824 0.0000000000
81755  46.835  -2.219  39.511 0.0000000000
81754  48.074  -2.152  39.477 0.0000000000
79531  48.959  -3.307  39.890 0.0000000000
81753  49.052  -2.439  39.146 0.0000000000
81752  49.811  -2.026  39.583 0.0000000000
82842  50.441  -1.407  39.318 0.0000000000
81767  51.365  -2.031  39.602 0.0000000000
81765  52.326  -2.493  39.855 0.0000000000
79528  52.549  -3.133  41.096 0.0000000000
79529  52.095  -3.703  40.876 0.0000000000
79521  52.524  -2.778  41.636 0.0000000000
80617  52.460  -2.771  42.672 0.0000000000
79509  52.574  -3.060  42.932 0.0000000000
74696  49.321  -7.341  42.569 0.0000000000
75867  50.164  -6.945  42.860 0.0000000000
75886  50.459  -6.312  42.701 0.0000000000
77074  51.285  -5.920  43.285 0.0000000000
75798  51.683  -6.648  47.448 0.0000000000
75810  51.692  -6.748  46.509 0.0000000000
77000  52.514  -5.826  47.379 0.0000000000
75825  52.220  -6.311  46.179 0.0000000000
75841  51.606  -6.468  44.929 0.0000000000
77073  51.834  -5.323  43.542 0.0000000000
78332  52.896  -4.332  43.590 0.0000000000
72113  41.862  -10.298  47.401 0.0000000000
73408  40.100  -9.624  47.725 0.0000000000
73393  40.659  -9.567  48.495 0.0000000000
72098  41.325  -9.907  48.101 0.0000000000
72083  43.206  -9.975  49.371 0.0000000000
73358  43.462  -9.842  50.442 0.0000000000
73341  43.410  -9.711  51.006 0.0000000000
72053  44.159  -9.893  51.319 0.0000000000
72022  45.217  -9.740  53.312 0.0000000000
60694  37.641  -19.969  52.559 0.0000000000
61889  38.007  -19.218  52.322 0.0000000000
65582  39.570  -15.478  49.641 0.0000000000
64338  39.670  -16.045  50.759 0.0000000000
65569  39.885  -15.412  50.438 0.0000000000
66760  40.718  -13.994  50.423 0.0000000000
67876  40.979  -13.465  50.729 0.0000000000
60636  40.478  -20.527  58.724 0.0000000000
60635  40.653  -20.043  58.306 0.0000000000
60645  40.624  -19.864  57.470 0.0000000000
61807  41.057  -19.409  58.006 0.0000000000
61822  40.972  -19.322  57.116 0.0000000000
61834  41.102  -18.626  56.364 0.0000000000
62982  41.356  -18.160  56.135 0.0000000000
64255  41.529  -17.498  55.278 0.0000000000
64221  43.309  -17.187  58.580 0.0000000000
64220  43.748  -16.516  57.964 0.0000000000
64241  42.328  -17.236  56.131 0.0000000000
64271  41.769  -16.500  54.319 0.0000000000
65514  41.871  -15.979  53.856 0.0000000000
65526  41.759  -15.565  53.270 0.0000000000
65525  42.521  -15.206  53.707 0.0000000000
66731  42.587  -14.744  53.335 0.0000000000
66740  41.666  -14.506  52.359 0.0000000000
68894  41.266  -12.523  51.123 0.0000000000
69925  41.670  -11.565  51.996 0.0000000000
69917  41.788  -11.203  52.727 0.0000000000
69915  42.955  -12.017  53.305 0.0000000000
70934  41.807  -11.028  53.095 0.0000000000
70935  41.376  -10.688  52.755 0.0000000000
70926  41.324  -10.271  53.290 0.0000000000
72012  41.766  -9.742  54.092 0.0000000000
73278  42.054  -9.313  54.188 0.0000000000
68856  45.094  -12.369  56.128 0.0000000000
69896  44.703  -11.673  55.751 0.0000000000
69886  44.399  -11.010  55.978 0.0000000000
69876  44.843  -10.947  56.549 0.0000000000
70906  43.606  -10.325  55.660 0.0000000000
70907  43.222  -9.813  55.353 0.0000000000
72001  42.689  -9.422  54.796 0.0000000000
73292  42.296  -8.612  53.773 0.0000000000
74504  43.111  -8.316  54.516 0.0000000000
74521  43.434  -8.227  54.275 0.0000000000
74520  44.165  -8.132  54.745 0.0000000000
73291  44.261  -8.415  54.269 0.0000000000
94089  49.478  9.700  28.142 0.0000000000
93064  49.595  8.872  28.285 0.0000000000
93050  49.473  8.583  29.179 0.0000000000
91962  50.012  8.015  29.052 0.0000000000
94066  52.783  8.714  30.710 0.0000000000
94079  52.913  8.576  30.276 0.0000000000
94065  53.446  8.428  30.462 0.0000000000
94052  54.173  8.115  30.629 0.0000000000
93018  55.346  8.126  30.815 0.0000000000
91933  53.702  7.276  32.252 0.0000000000
91919  55.551  7.119  32.977 0.0000000000
91931  55.778  7.718  32.430 0.0000000000
91915  59.266  7.015  33.471 0.0000000000
90808  59.465  6.668  34.472 0.0000000000
90807  60.262  6.303  34.629 0.0000000000
42047  17.775  -35.502  70.164 0.0000000000
42059  14.694  -35.535  69.105 0.0000000000
43259  18.421  -34.809  70.493 0.0000000000
43260  17.915  -35.000  70.132 0.0000000000
43261  16.975  -35.136  69.688 0.0000000000
43353  30.126  -33.407  63.348 0.0000000000
44520  18.745  -34.451  70.683 0.0000000000
44534  15.920  -34.615  68.218 0.0000000000
44537  18.305  -34.247  68.872 0.0000000000
44558  15.745  -34.640  66.055 0.0000000000
45701  23.075  -32.832  70.061 0.0000000000
45706  18.946  -33.969  69.927 0.0000000000
45726  19.986  -32.477  67.759 0.0000000000
45768  24.374  -32.544  63.685 0.0000000000
45811  28.463  -32.499  61.209 0.0000000000
45812  27.970  -32.777  60.984 0.0000000000
46887  23.647  -32.550  69.617 0.0000000000
46890  22.024  -32.209  69.852 0.0000000000
46918  19.956  -32.460  67.512 0.0000000000
48170  28.325  -30.780  59.514 0.0000000000
49307  30.620  -29.842  62.303 0.0000000000
50443  31.096  -29.089  62.379 0.0000000000
55069  33.696  -25.548  60.763 0.0000000000
56175  38.486  -23.325  58.448 0.0000000000
56188  38.431  -23.308  57.978 0.0000000000
56191  36.702  -23.838  58.380 0.0000000000
57128  39.306  -22.263  59.748 0.0000000000
57130  35.579  -23.667  59.084 0.0000000000
57151  38.801  -22.891  58.036 0.0000000000
58303  29.797  -21.474  53.152 0.0000000000
59418  40.288  -20.591  58.158 0.0000000000
61821  41.271  -18.741  56.757 0.0000000000
61848  40.574  -18.701  55.634 0.0000000000
62940  41.930  -18.535  58.064 0.0000000000
63006  41.175  -17.935  55.558 0.0000000000
64230  43.616  -16.510  57.298 0.0000000000
64242  41.778  -17.633  55.957 0.0000000000
64339  39.180  -16.720  50.522 0.0000000000
65504  43.595  -15.097  55.276 0.0000000000
66707  44.882  -14.005  56.065 0.0000000000
66732  42.095  -14.659  52.855 0.0000000000
67856  42.341  -13.844  52.584 0.0000000000
68884  42.787  -13.242  52.913 0.0000000000
68911  40.101  -12.492  49.174 0.0000000000
69907  42.525  -11.085  53.688 0.0000000000
70950  45.062  -10.265  51.129 0.0000000000
70960  45.395  -10.180  50.835 0.0000000000
70961  45.190  -10.234  50.937 0.0000000000
71989  43.067  -9.416  55.173 0.0000000000
72013  41.338  -9.864  53.567 0.0000000000
72025  40.663  -9.750  52.625 0.0000000000
72048  48.089  -9.310  52.014 0.0000000000
72069  43.527  -9.907  49.996 0.0000000000
72070  39.580  -9.988  50.215 0.0000000000
73262  42.941  -9.081  54.944 0.0000000000
73277  42.644  -8.861  54.426 0.0000000000
73293  41.679  -9.062  53.555 0.0000000000
73326  44.294  -9.559  52.688 0.0000000000
73329  40.694  -9.162  51.977 0.0000000000
73330  40.549  -9.584  52.010 0.0000000000
73340  48.111  -9.142  52.449 0.0000000000
73343  42.080  -9.143  50.798 0.0000000000
73375  42.481  -9.902  49.788 0.0000000000
73428  46.253  -9.365  46.852 0.0000000000
73446  46.806  -9.376  46.137 0.0000000000
74502  44.315  -8.233  55.598 0.0000000000
74522  42.720  -8.409  53.811 0.0000000000
74544  41.584  -8.557  52.868 0.0000000000
74545  41.229  -8.848  52.695 0.0000000000
74557  43.117  -8.746  52.717 0.0000000000
74572  40.951  -8.714  51.301 0.0000000000
74584  41.633  -9.214  50.360 0.0000000000
74603  40.816  -9.174  50.240 0.0000000000
75826  51.822  -6.530  45.605 0.0000000000
78373  51.415  -3.801  39.834 0.0000000000
79544  51.300  -3.312  39.572 0.0000000000
80601  54.293  -2.201  42.711 0.0000000000
80624  57.171  -1.421  40.915 0.0000000000
80627  54.932  -2.549  41.719 0.0000000000
80639  53.018  -2.121  41.852 0.0000000000
80658  52.500  -2.871  40.298 0.0000000000
80660  51.010  -2.517  39.504 0.0000000000
81725  53.301  -1.759  42.741 0.0000000000
81732  58.012  -1.080  41.001 0.0000000000
81734  56.235  -1.573  41.468 0.0000000000
81738  52.926  -1.890  42.514 0.0000000000
81745  58.317  -1.071  40.436 0.0000000000
81746  57.772  -1.143  40.801 0.0000000000
81747  53.982  -1.646  41.356 0.0000000000
81751  50.822  -1.871  39.560 0.0000000000
81766  51.890  -2.239  39.649 0.0000000000
81794  50.420  -1.500  36.252 0.0000000000
81795  48.850  -1.295  36.510 0.0000000000
81797  46.986  -1.462  37.326 0.0000000000
81807  51.056  -1.602  35.922 0.0000000000
81808  50.545  -1.528  35.834 0.0000000000
81809  48.820  -1.131  36.291 0.0000000000
81810  48.650  -1.111  36.373 0.0000000000
81815  51.506  -1.572  35.204 0.0000000000
81816  51.052  -1.547  35.332 0.0000000000
82816  56.462  -0.820  41.236 0.0000000000
82826  56.810  -0.648  40.937 0.0000000000
82837  56.984  -0.211  39.904 0.0000000000
82839  53.750  -1.606  40.377 0.0000000000
82850  59.842  0.482  39.324 0.0000000000
82852  57.268  -0.080  39.662 0.0000000000
82853  57.074  -0.114  39.743 0.0000000000
82874  49.153  -1.742  37.516 0.0000000000
82926  51.203  -1.250  34.837 0.0000000000
82928  49.379  -0.841  35.446 0.0000000000
82941  53.816  0.085  34.189 0.0000000000
82943  52.364  -0.461  34.324 0.0000000000
83967  55.623  -0.568  41.332 0.0000000000
83969  54.950  -0.486  41.719 0.0000000000
83981  60.562  1.061  40.063 0.0000000000
83982  59.899  0.820  39.982 0.0000000000
83984  58.301  -0.014  39.940 0.0000000000
83985  57.446  -0.099  39.896 0.0000000000
83991  51.269  -0.658  39.063 0.0000000000
84001  60.793  0.990  39.641 0.0000000000
84003  60.068  0.520  38.986 0.0000000000
84005  57.622  -0.058  39.535 0.0000000000
84006  56.981  -0.063  39.525 0.0000000000
84007  56.190  -0.052  39.523 0.0000000000
84011  51.879  -0.398  39.105 0.0000000000
84023  60.948  1.171  38.496 0.0000000000
84025  59.957  0.373  38.814 0.0000000000
84026  57.890  0.089  38.955 0.0000000000
84047  51.525  -1.156  37.858 0.0000000000
84080  50.042  -0.436  34.620 0.0000000000
85214  60.474  1.473  39.977 0.0000000000
85217  58.992  0.668  39.704 0.0000000000
85225  60.625  1.379  39.485 0.0000000000
85226  60.698  1.069  39.090 0.0000000000
85227  59.307  1.051  39.389 0.0000000000
85234  60.788  1.116  38.778 0.0000000000
85238  56.295  -0.108  38.065 0.0000000000
85248  58.651  1.527  37.584 0.0000000000
85268  55.459  -0.295  36.959 0.0000000000
85281  56.479  1.743  35.597 0.0000000000
85305  54.526  1.872  33.612 0.0000000000
86379  60.235  1.651  39.646 0.0000000000
86380  59.827  1.502  39.656 0.0000000000
86381  59.590  1.317  39.573 0.0000000000
86395  59.634  1.396  39.174 0.0000000000
86404  59.978  1.986  38.409 0.0000000000
86405  59.647  1.636  38.498 0.0000000000
86421  58.826  2.138  37.148 0.0000000000
86469  55.909  3.154  33.596 0.0000000000
86472  53.591  2.621  33.731 0.0000000000
87569  56.906  3.546  33.942 0.0000000000
88666  59.904  4.395  36.214 0.0000000000
88682  52.451  3.708  34.202 0.0000000000
88739  55.792  4.770  27.829 0.0000000000
88740  55.430  4.668  28.066 0.0000000000
88754  54.353  4.714  27.865 0.0000000000
89753  59.851  6.104  35.080 0.0000000000
89754  59.203  5.859  34.979 0.0000000000
89797  54.186  5.713  28.815 0.0000000000
89813  57.160  5.880  27.835 0.0000000000
89814  56.829  5.713  27.942 0.0000000000
89832  56.613  5.083  27.681 0.0000000000
89836  52.772  5.521  27.818 0.0000000000
89841  59.205  6.023  27.233 0.0000000000
90800  60.668  5.758  34.829 0.0000000000
90847  53.804  6.191  29.198 0.0000000000
90862  58.811  6.856  28.143 0.0000000000
90864  56.506  6.251  28.302 0.0000000000
90886  57.628  6.641  27.876 0.0000000000
90897  58.959  6.394  27.406 0.0000000000
90898  58.739  6.369  27.339 0.0000000000
91927  59.367  7.131  32.704 0.0000000000
91958  53.523  6.937  29.523 0.0000000000
91970  54.722  6.884  28.982 0.0000000000
91972  50.350  7.801  28.369 0.0000000000
91973  49.849  8.296  28.590 0.0000000000
91985  59.847  7.549  27.821 0.0000000000
91987  57.586  6.916  28.084 0.0000000000
92998  59.422  7.251  32.254 0.0000000000
93013  59.490  7.238  31.995 0.0000000000
93060  55.665  7.512  29.178 0.0000000000
93062  54.555  7.225  29.261 0.0000000000
93074  59.852  7.980  27.973 0.0000000000
94055  52.493  8.600  31.281 0.0000000000
94067  52.401  8.751  31.078 0.0000000000
94076  54.481  7.849  29.837 0.0000000000
94077  54.028  8.048  29.857 0.0000000000
94100  50.119  9.634  27.742 0.0000000000
95035  50.334  10.789  28.057 0.0000000000
