#!ascii label  , from subject 3603 vox2ras=TkReg
810
45903  -18.915  -31.262  65.540 0.0000000000
57094  -45.512  -21.267  56.902 0.0000000000
67602  -47.218  -12.371  53.934 0.0000000000
72966  -50.426  -6.985  48.528 0.0000000000
53721  -41.949  -24.653  57.010 0.0000000000
70847  -47.670  -8.956  51.568 0.0000000000
79789  -52.119  -1.879  43.344 0.0000000000
82978  -57.477  1.311  43.426 0.0000000000
57131  -47.798  -21.867  54.075 0.0000000000
62130  -49.801  -17.960  53.543 0.0000000000
62090  -46.528  -17.301  56.267 0.0000000000
53584  -18.859  -25.145  69.876 0.0000000000
53611  -23.023  -24.618  67.248 0.0000000000
51377  -28.027  -27.027  65.049 0.0000000000
49070  -32.036  -28.812  62.857 0.0000000000
47949  -37.230  -29.277  61.026 0.0000000000
49138  -41.395  -28.506  58.399 0.0000000000
51531  -45.270  -26.152  55.945 0.0000000000
67627  -49.993  -12.665  52.868 0.0000000000
82989  -58.852  1.513  42.302 0.0000000000
57079  -47.169  -21.466  57.209 0.0000000000
59562  -47.559  -19.488  56.802 0.0000000000
59586  -46.050  -19.382  56.257 0.0000000000
53626  -18.429  -24.019  66.346 0.0000000000
54689  -20.744  -24.309  68.598 0.0000000000
50262  -37.822  -27.885  59.826 0.0000000000
49123  -39.520  -28.854  59.840 0.0000000000
51461  -40.118  -26.553  59.117 0.0000000000
54844  -43.898  -23.542  56.573 0.0000000000
52639  -44.297  -25.282  57.989 0.0000000000
54804  -45.633  -24.142  57.659 0.0000000000
53771  -47.132  -24.335  54.783 0.0000000000
65409  -48.967  -14.351  55.260 0.0000000000
64430  -49.870  -15.580  53.069 0.0000000000
67605  -49.047  -12.491  54.569 0.0000000000
72939  -49.454  -7.740  50.184 0.0000000000
71880  -51.067  -8.821  52.220 0.0000000000
71912  -51.685  -8.041  49.913 0.0000000000
72968  -52.419  -7.097  47.589 0.0000000000
81886  -54.805  -0.339  46.738 0.0000000000
79754  -52.398  -1.615  46.458 0.0000000000
52651  -40.482  -25.568  57.464 0.0000000000
72977  -49.052  -7.599  47.164 0.0000000000
80851  -54.508  -0.311  43.817 0.0000000000
80839  -57.451  -0.337  45.017 0.0000000000
78692  -59.508  -2.447  41.425 0.0000000000
56057  -48.691  -22.253  51.253 0.0000000000
58352  -49.313  -19.811  53.771 0.0000000000
62107  -47.842  -17.149  55.393 0.0000000000
50115  -18.854  -27.669  69.174 0.0000000000
50137  -24.290  -26.800  66.757 0.0000000000
52560  -25.853  -25.748  66.612 0.0000000000
49031  -26.533  -28.005  65.478 0.0000000000
47904  -29.156  -29.099  64.044 0.0000000000
46850  -31.303  -29.750  62.684 0.0000000000
46884  -33.170  -30.409  61.154 0.0000000000
49087  -34.929  -28.782  61.650 0.0000000000
46932  -37.306  -30.421  58.672 0.0000000000
51463  -41.992  -26.699  58.603 0.0000000000
49168  -43.876  -28.146  56.875 0.0000000000
50369  -44.613  -27.747  53.744 0.0000000000
51569  -46.267  -26.166  53.086 0.0000000000
53813  -47.289  -24.231  51.634 0.0000000000
69795  -49.334  -10.527  53.252 0.0000000000
77468  -50.533  -3.459  46.018 0.0000000000
75128  -51.790  -5.150  47.432 0.0000000000
46803  -19.642  -30.896  67.926 0.0000000000
57078  -46.500  -21.474  57.656 0.0000000000
57062  -46.211  -20.458  57.617 0.0000000000
58314  -45.817  -20.207  56.921 0.0000000000
51478  -37.395  -27.057  57.897 0.0000000000
50263  -38.684  -27.500  59.745 0.0000000000
51480  -38.908  -26.406  58.397 0.0000000000
55956  -45.112  -22.275  56.701 0.0000000000
54823  -45.085  -23.397  57.396 0.0000000000
55931  -45.401  -22.466  57.147 0.0000000000
55933  -46.571  -22.442  57.239 0.0000000000
66464  -49.073  -13.381  54.977 0.0000000000
68670  -48.073  -12.115  54.391 0.0000000000
72953  -50.262  -7.201  49.087 0.0000000000
72940  -50.184  -7.256  50.032 0.0000000000
74002  -50.708  -7.030  49.465 0.0000000000
71925  -52.202  -7.840  48.628 0.0000000000
74011  -52.078  -6.437  48.471 0.0000000000
79756  -55.815  -0.750  46.662 0.0000000000
79739  -54.485  -1.353  47.185 0.0000000000
79781  -54.853  -1.596  44.859 0.0000000000
80873  -54.759  -0.815  41.868 0.0000000000
81916  -56.027  0.430  43.747 0.0000000000
81895  -56.506  0.322  45.718 0.0000000000
81906  -57.064  0.785  44.480 0.0000000000
80840  -58.134  -0.385  44.483 0.0000000000
82970  -58.266  0.809  43.944 0.0000000000
81927  -59.184  0.501  41.896 0.0000000000
56044  -48.404  -22.353  52.336 0.0000000000
57171  -49.126  -20.719  52.583 0.0000000000
57132  -48.235  -21.163  53.910 0.0000000000
62075  -47.031  -17.818  56.594 0.0000000000
62092  -47.906  -18.115  56.016 0.0000000000
63296  -47.143  -17.210  56.257 0.0000000000
63308  -47.261  -16.321  55.295 0.0000000000
64388  -46.707  -16.522  55.136 0.0000000000
51329  -19.310  -26.648  68.744 0.0000000000
52530  -19.959  -25.320  69.157 0.0000000000
53610  -22.438  -24.374  67.773 0.0000000000
52577  -27.023  -25.980  64.740 0.0000000000
52569  -26.630  -26.164  65.833 0.0000000000
50140  -26.521  -27.533  66.098 0.0000000000
50152  -27.872  -28.029  65.736 0.0000000000
49042  -27.619  -28.534  64.639 0.0000000000
50153  -28.498  -28.098  65.305 0.0000000000
47932  -31.895  -29.439  62.791 0.0000000000
46865  -31.783  -30.174  61.900 0.0000000000
46852  -33.061  -29.849  62.600 0.0000000000
49104  -36.373  -28.421  60.837 0.0000000000
50235  -34.903  -28.205  61.129 0.0000000000
49088  -35.957  -28.899  61.402 0.0000000000
46869  -35.661  -30.132  61.427 0.0000000000
46887  -36.171  -30.505  60.879 0.0000000000
46907  -36.264  -30.704  59.858 0.0000000000
46889  -37.604  -30.133  60.188 0.0000000000
49137  -40.673  -28.540  58.701 0.0000000000
47992  -40.030  -29.377  58.597 0.0000000000
48008  -40.764  -29.597  57.551 0.0000000000
48010  -42.233  -29.142  56.749 0.0000000000
52636  -41.440  -25.811  58.200 0.0000000000
53706  -42.192  -25.062  57.760 0.0000000000
51482  -44.666  -25.576  57.362 0.0000000000
51481  -44.253  -26.171  57.473 0.0000000000
51501  -44.539  -26.744  56.742 0.0000000000
49192  -44.061  -28.135  55.302 0.0000000000
50362  -44.971  -26.789  55.271 0.0000000000
51552  -45.600  -26.058  54.869 0.0000000000
54875  -47.431  -23.588  54.377 0.0000000000
53786  -47.187  -24.188  53.755 0.0000000000
54887  -47.593  -23.494  53.386 0.0000000000
54912  -48.223  -23.073  51.458 0.0000000000
52535  -17.514  -25.274  68.840 0.0000000000
52519  -18.060  -25.885  70.146 0.0000000000
51307  -18.323  -27.318  70.691 0.0000000000
60910  -49.938  -18.748  52.556 0.0000000000
62159  -50.130  -17.930  52.004 0.0000000000
65444  -50.059  -14.277  52.927 0.0000000000
69819  -47.456  -9.619  51.884 0.0000000000
69794  -48.519  -10.555  53.362 0.0000000000
70835  -48.923  -9.613  52.270 0.0000000000
70859  -51.190  -9.541  50.898 0.0000000000
69820  -50.342  -10.313  51.684 0.0000000000
78614  -52.772  -2.662  47.343 0.0000000000
77469  -51.395  -2.891  46.245 0.0000000000
77457  -51.672  -3.475  46.683 0.0000000000
76284  -51.162  -4.052  46.634 0.0000000000
76285  -52.024  -4.486  47.238 0.0000000000
76273  -52.421  -5.068  47.514 0.0000000000
82995  -57.309  1.261  41.821 0.0000000000
82988  -58.059  1.414  42.443 0.0000000000
82996  -57.877  1.574  41.480 0.0000000000
84063  -58.979  2.540  40.858 0.0000000000
57115  -47.464  -22.068  55.241 0.0000000000
58334  -47.793  -21.048  55.088 0.0000000000
58303  -47.196  -20.395  57.394 0.0000000000
59561  -47.021  -19.518  57.170 0.0000000000
62073  -46.374  -18.077  56.361 0.0000000000
53599  -18.723  -24.439  69.021 0.0000000000
53601  -19.841  -24.535  69.078 0.0000000000
54705  -22.011  -23.979  66.665 0.0000000000
49106  -37.737  -28.305  60.598 0.0000000000
47950  -38.242  -29.175  60.972 0.0000000000
50239  -38.710  -28.143  60.441 0.0000000000
50265  -39.796  -27.872  59.781 0.0000000000
50266  -40.673  -27.675  59.255 0.0000000000
54821  -43.207  -24.094  57.353 0.0000000000
53707  -43.031  -24.693  57.931 0.0000000000
54802  -43.712  -24.333  57.654 0.0000000000
53709  -44.810  -24.454  57.836 0.0000000000
53739  -45.972  -24.667  56.560 0.0000000000
52686  -46.227  -25.021  55.650 0.0000000000
53740  -46.574  -24.366  56.356 0.0000000000
54826  -47.126  -23.194  56.465 0.0000000000
52557  -17.463  -25.212  66.558 0.0000000000
64409  -49.625  -15.752  54.958 0.0000000000
63337  -49.985  -16.518  53.579 0.0000000000
65421  -50.022  -14.563  54.693 0.0000000000
66474  -49.910  -13.486  54.109 0.0000000000
67619  -49.950  -12.558  53.673 0.0000000000
71900  -48.926  -8.376  50.908 0.0000000000
71889  -49.141  -8.882  51.576 0.0000000000
72918  -50.076  -8.074  51.356 0.0000000000
71903  -51.010  -8.304  50.881 0.0000000000
80825  -53.603  -0.714  46.095 0.0000000000
79766  -52.249  -1.430  45.615 0.0000000000
80816  -53.533  -1.222  46.795 0.0000000000
79722  -54.019  -1.928  47.686 0.0000000000
57113  -45.097  -21.461  55.869 0.0000000000
55980  -44.222  -22.939  55.673 0.0000000000
68700  -47.024  -11.785  53.035 0.0000000000
70871  -47.421  -9.150  49.914 0.0000000000
71924  -48.355  -8.360  49.517 0.0000000000
72964  -48.706  -8.137  48.463 0.0000000000
72965  -49.939  -7.301  48.128 0.0000000000
80850  -53.607  -0.523  43.987 0.0000000000
81893  -54.829  0.219  46.119 0.0000000000
80828  -56.536  -0.102  46.709 0.0000000000
79769  -56.612  -1.071  45.150 0.0000000000
81926  -58.767  0.287  42.705 0.0000000000
79794  -59.198  -1.471  42.788 0.0000000000
57195  -49.212  -21.456  51.016 0.0000000000
58387  -49.590  -19.956  52.297 0.0000000000
60888  -49.566  -18.467  53.776 0.0000000000
58335  -48.201  -20.037  55.349 0.0000000000
60879  -48.490  -18.468  55.097 0.0000000000
62118  -48.876  -17.574  54.683 0.0000000000
63310  -48.527  -16.449  55.047 0.0000000000
65407  -47.363  -14.548  54.751 0.0000000000
59598  -45.957  -19.356  55.414 0.0000000000
60886  -46.127  -18.311  54.764 0.0000000000
64408  -45.989  -15.973  54.356 0.0000000000
47876  -18.728  -29.533  68.015 0.0000000000
49011  -18.808  -28.250  67.673 0.0000000000
50162  -24.602  -27.515  64.754 0.0000000000
54713  -22.152  -23.898  65.537 0.0000000000
54706  -22.779  -24.212  66.426 0.0000000000
52559  -24.280  -25.328  66.886 0.0000000000
50139  -25.686  -27.612  66.149 0.0000000000
47944  -28.267  -29.604  61.716 0.0000000000
46863  -30.038  -30.376  61.639 0.0000000000
50213  -32.792  -28.045  61.732 0.0000000000
50214  -33.722  -28.105  61.786 0.0000000000
49072  -33.703  -28.719  62.523 0.0000000000
46867  -33.822  -30.087  62.077 0.0000000000
46885  -34.204  -30.338  61.069 0.0000000000
47978  -38.867  -29.763  59.742 0.0000000000
52650  -39.486  -26.118  58.009 0.0000000000
51462  -40.976  -26.489  59.002 0.0000000000
50289  -42.060  -27.534  58.698 0.0000000000
51464  -43.007  -26.319  58.171 0.0000000000
50290  -42.926  -27.322  58.260 0.0000000000
49140  -43.060  -28.210  57.969 0.0000000000
49182  -43.230  -28.632  55.716 0.0000000000
49191  -43.526  -28.566  54.713 0.0000000000
51594  -46.066  -26.077  51.027 0.0000000000
52723  -46.452  -25.316  53.746 0.0000000000
53812  -46.774  -24.806  52.074 0.0000000000
53824  -46.702  -24.823  50.984 0.0000000000
53825  -47.236  -24.227  50.566 0.0000000000
47858  -18.518  -29.004  70.134 0.0000000000
69781  -47.995  -11.270  53.911 0.0000000000
68685  -49.372  -11.523  53.932 0.0000000000
68703  -49.965  -11.466  53.262 0.0000000000
70836  -49.970  -9.225  52.356 0.0000000000
69812  -50.087  -10.455  52.514 0.0000000000
68715  -49.667  -12.015  52.053 0.0000000000
72990  -49.292  -7.001  46.249 0.0000000000
74033  -50.140  -6.287  46.998 0.0000000000
78647  -51.142  -2.255  45.392 0.0000000000
78628  -49.877  -2.824  45.227 0.0000000000
75138  -50.047  -5.224  45.691 0.0000000000
75126  -50.387  -5.607  46.504 0.0000000000
74021  -51.585  -6.042  48.170 0.0000000000
75097  -52.286  -5.847  48.150 0.0000000000
45904  -19.489  -31.745  65.200 0.0000000000
57077  -45.919  -20.887  57.599 0.0000000000
51479  -38.277  -26.585  57.999 0.0000000000
55957  -45.459  -22.033  57.042 0.0000000000
55932  -45.863  -22.176  57.190 0.0000000000
66472  -47.464  -12.990  54.469 0.0000000000
67589  -47.999  -12.484  54.608 0.0000000000
67603  -47.659  -12.376  54.322 0.0000000000
74001  -50.448  -7.059  49.414 0.0000000000
74009  -50.664  -6.940  48.883 0.0000000000
74010  -51.320  -6.711  48.767 0.0000000000
79768  -55.790  -1.028  45.565 0.0000000000
79767  -54.985  -1.271  46.157 0.0000000000
81917  -56.587  0.847  43.337 0.0000000000
82969  -57.809  1.121  44.080 0.0000000000
57149  -48.137  -21.983  53.334 0.0000000000
57150  -48.516  -21.332  53.179 0.0000000000
62074  -46.583  -17.759  56.471 0.0000000000
63279  -46.695  -17.247  56.424 0.0000000000
63295  -46.793  -16.889  55.834 0.0000000000
63294  -46.594  -16.885  55.335 0.0000000000
52521  -19.098  -25.589  69.732 0.0000000000
53585  -19.289  -25.008  69.651 0.0000000000
53604  -22.595  -24.674  67.832 0.0000000000
52578  -27.439  -26.489  64.925 0.0000000000
52570  -27.316  -26.818  65.480 0.0000000000
51367  -26.993  -26.882  65.825 0.0000000000
51368  -27.545  -27.431  65.668 0.0000000000
51369  -28.215  -27.854  65.609 0.0000000000
51378  -28.645  -27.726  65.143 0.0000000000
49057  -31.648  -28.935  63.147 0.0000000000
49058  -32.202  -28.988  63.030 0.0000000000
47933  -32.397  -29.285  62.890 0.0000000000
49071  -32.800  -28.790  62.854 0.0000000000
49089  -36.841  -28.808  61.212 0.0000000000
47948  -36.315  -29.601  61.302 0.0000000000
47963  -36.795  -29.891  60.886 0.0000000000
46888  -36.874  -30.256  60.405 0.0000000000
47964  -37.524  -29.750  60.674 0.0000000000
47993  -40.700  -29.100  58.343 0.0000000000
47994  -41.322  -29.035  57.942 0.0000000000
48009  -41.672  -29.207  57.267 0.0000000000
49151  -41.869  -28.685  57.867 0.0000000000
52652  -41.437  -25.212  57.482 0.0000000000
51502  -44.823  -25.897  56.804 0.0000000000
51530  -44.801  -26.575  56.265 0.0000000000
50352  -44.875  -26.710  55.858 0.0000000000
56005  -47.707  -22.907  53.983 0.0000000000
56024  -48.066  -22.654  53.138 0.0000000000
53598  -18.024  -24.882  69.377 0.0000000000
52527  -17.822  -25.541  69.797 0.0000000000
52520  -18.456  -25.666  69.989 0.0000000000
51315  -18.545  -26.514  70.143 0.0000000000
60896  -49.877  -18.422  53.062 0.0000000000
60911  -50.097  -18.344  52.354 0.0000000000
60897  -50.130  -17.992  52.827 0.0000000000
66493  -50.005  -13.520  52.881 0.0000000000
66492  -49.630  -13.681  52.384 0.0000000000
67636  -49.176  -13.093  51.851 0.0000000000
70834  -47.978  -9.273  52.364 0.0000000000
71877  -48.594  -9.102  51.967 0.0000000000
79788  -51.585  -1.898  44.083 0.0000000000
77458  -52.723  -3.255  47.341 0.0000000000
78613  -52.185  -2.548  46.975 0.0000000000
57095  -47.393  -21.743  56.148 0.0000000000
58301  -45.981  -20.148  57.211 0.0000000000
59548  -46.439  -19.946  57.394 0.0000000000
59573  -46.133  -19.421  56.786 0.0000000000
60855  -46.436  -18.668  56.593 0.0000000000
60866  -46.252  -18.544  56.296 0.0000000000
53609  -18.610  -24.308  68.056 0.0000000000
54712  -21.319  -23.718  65.814 0.0000000000
50287  -37.405  -27.534  58.979 0.0000000000
50261  -36.989  -28.128  59.982 0.0000000000
49121  -37.510  -28.196  60.302 0.0000000000
50217  -38.215  -28.330  60.743 0.0000000000
50238  -38.077  -28.030  60.340 0.0000000000
51441  -39.074  -26.910  59.386 0.0000000000
50264  -39.217  -27.766  60.012 0.0000000000
51442  -39.565  -27.087  59.650 0.0000000000
51443  -40.438  -27.116  59.436 0.0000000000
54822  -44.017  -23.973  57.332 0.0000000000
54803  -45.410  -24.057  57.706 0.0000000000
53710  -45.307  -24.499  57.743 0.0000000000
53725  -45.783  -24.409  57.152 0.0000000000
53726  -46.302  -23.964  56.967 0.0000000000
55934  -47.105  -22.563  56.723 0.0000000000
55958  -47.315  -22.856  55.918 0.0000000000
53616  -18.036  -24.520  67.175 0.0000000000
53608  -18.042  -24.719  68.392 0.0000000000
64400  -49.247  -15.402  55.129 0.0000000000
64410  -49.960  -15.700  54.703 0.0000000000
65410  -49.605  -14.705  55.127 0.0000000000
67591  -48.642  -12.822  54.789 0.0000000000
66473  -49.578  -13.393  54.683 0.0000000000
67606  -49.716  -12.502  54.250 0.0000000000
72938  -48.990  -8.005  50.359 0.0000000000
72926  -49.737  -8.011  50.887 0.0000000000
72941  -51.106  -7.330  50.149 0.0000000000
72928  -50.790  -7.949  50.777 0.0000000000
70860  -51.436  -9.009  50.849 0.0000000000
70872  -51.778  -8.808  49.484 0.0000000000
81892  -54.362  -0.411  46.389 0.0000000000
81885  -54.062  -0.533  46.796 0.0000000000
78606  -53.726  -2.358  47.514 0.0000000000
55981  -44.653  -22.216  55.804 0.0000000000
71923  -47.814  -8.764  49.293 0.0000000000
72976  -48.042  -8.264  47.250 0.0000000000
80861  -54.616  -0.463  42.814 0.0000000000
80860  -53.775  -0.724  42.985 0.0000000000
80837  -54.527  -0.296  44.968 0.0000000000
81904  -55.256  0.259  45.318 0.0000000000
80829  -56.849  -0.138  45.725 0.0000000000
79757  -56.395  -0.543  45.911 0.0000000000
79758  -56.927  -0.601  45.359 0.0000000000
79783  -56.916  -1.463  44.308 0.0000000000
79770  -57.329  -1.068  44.930 0.0000000000
80854  -58.527  -0.524  43.842 0.0000000000
82980  -58.459  0.773  43.263 0.0000000000
80876  -59.545  -0.467  41.395 0.0000000000
80865  -59.287  -0.536  42.335 0.0000000000
56069  -48.695  -22.073  50.265 0.0000000000
57151  -48.976  -20.713  53.099 0.0000000000
58370  -49.382  -20.160  53.232 0.0000000000
59600  -49.554  -19.234  53.457 0.0000000000
59599  -49.298  -19.317  54.131 0.0000000000
58315  -47.703  -20.420  56.345 0.0000000000
58316  -48.017  -19.769  55.922 0.0000000000
60868  -48.071  -18.570  55.833 0.0000000000
62108  -48.174  -17.624  55.354 0.0000000000
63322  -48.635  -16.993  54.780 0.0000000000
64397  -47.114  -15.963  54.963 0.0000000000
64398  -47.649  -15.562  55.106 0.0000000000
49004  -18.751  -28.564  68.389 0.0000000000
49003  -18.721  -28.900  67.670 0.0000000000
51324  -19.841  -26.007  68.986 0.0000000000
54683  -20.281  -24.519  68.964 0.0000000000
53602  -21.205  -24.513  68.684 0.0000000000
51355  -23.628  -26.633  66.367 0.0000000000
50149  -24.151  -27.132  66.145 0.0000000000
50161  -24.011  -27.127  65.228 0.0000000000
50150  -24.729  -27.557  65.773 0.0000000000
54714  -23.051  -24.027  65.248 0.0000000000
53620  -25.229  -25.468  66.931 0.0000000000
52551  -25.173  -25.871  67.453 0.0000000000
52552  -25.538  -26.240  67.183 0.0000000000
50130  -26.043  -27.179  66.563 0.0000000000
49030  -25.945  -27.826  65.651 0.0000000000
50151  -25.387  -27.770  65.341 0.0000000000
49040  -26.065  -27.910  64.993 0.0000000000
49052  -26.184  -28.061  64.053 0.0000000000
49055  -28.680  -29.035  63.948 0.0000000000
49054  -27.927  -28.995  63.587 0.0000000000
47914  -28.052  -29.324  62.913 0.0000000000
47929  -28.395  -29.485  62.558 0.0000000000
47915  -28.754  -29.282  63.332 0.0000000000
46841  -30.961  -29.378  63.184 0.0000000000
47917  -30.411  -29.144  63.730 0.0000000000
46840  -30.635  -29.599  63.104 0.0000000000
46849  -30.284  -30.110  62.525 0.0000000000
46864  -30.831  -30.333  61.830 0.0000000000
46866  -32.756  -30.247  62.005 0.0000000000
46883  -32.144  -30.440  61.082 0.0000000000
46903  -32.414  -30.509  60.110 0.0000000000
50215  -34.440  -28.230  61.557 0.0000000000
49086  -34.257  -28.530  62.024 0.0000000000
49073  -34.335  -28.991  62.275 0.0000000000
47935  -33.922  -29.442  62.482 0.0000000000
47946  -34.571  -29.516  62.027 0.0000000000
46886  -35.187  -30.461  60.937 0.0000000000
46905  -34.475  -30.506  60.083 0.0000000000
46908  -37.059  -30.401  59.626 0.0000000000
46931  -36.376  -30.608  58.838 0.0000000000
46952  -36.566  -30.546  57.771 0.0000000000
47951  -38.900  -29.245  60.736 0.0000000000
47965  -38.394  -29.711  60.369 0.0000000000
47966  -39.152  -29.331  60.153 0.0000000000
52664  -39.417  -25.818  56.678 0.0000000000
51445  -41.706  -27.248  58.877 0.0000000000
52638  -43.452  -25.430  58.080 0.0000000000
50332  -44.101  -27.510  57.072 0.0000000000
50312  -43.686  -26.969  57.852 0.0000000000
50311  -43.540  -27.807  57.696 0.0000000000
49153  -43.335  -28.336  57.459 0.0000000000
49167  -43.419  -28.493  56.800 0.0000000000
49205  -44.108  -28.204  54.298 0.0000000000
51568  -45.686  -26.572  53.635 0.0000000000
51579  -46.190  -26.197  51.974 0.0000000000
53756  -46.723  -24.723  55.366 0.0000000000
52704  -46.204  -25.300  54.797 0.0000000000
53770  -46.656  -24.863  54.571 0.0000000000
53800  -47.274  -24.174  52.714 0.0000000000
53799  -46.824  -24.784  53.147 0.0000000000
54925  -47.762  -23.516  50.461 0.0000000000
54926  -48.292  -22.827  50.450 0.0000000000
50108  -18.695  -27.494  70.039 0.0000000000
50100  -18.480  -27.874  70.925 0.0000000000
48996  -18.602  -28.620  69.622 0.0000000000
47877  -18.805  -29.527  68.737 0.0000000000
63350  -49.913  -16.846  52.828 0.0000000000
63349  -49.685  -16.349  52.289 0.0000000000
68714  -47.374  -11.367  52.845 0.0000000000
68683  -47.946  -11.567  53.999 0.0000000000
69810  -48.952  -10.158  52.863 0.0000000000
69783  -48.722  -11.070  53.807 0.0000000000
68702  -49.658  -10.962  53.398 0.0000000000
71890  -49.960  -8.393  51.813 0.0000000000
71879  -50.582  -8.733  52.261 0.0000000000
68725  -49.921  -11.160  51.480 0.0000000000
68716  -49.927  -11.551  52.252 0.0000000000
72991  -49.732  -6.567  46.579 0.0000000000
74049  -49.622  -6.104  46.000 0.0000000000
79778  -51.672  -1.882  45.019 0.0000000000
79765  -51.837  -1.910  45.955 0.0000000000
78629  -50.692  -2.611  45.722 0.0000000000
77467  -49.615  -3.488  45.096 0.0000000000
76297  -49.493  -4.378  45.173 0.0000000000
76298  -50.481  -4.499  46.141 0.0000000000
75127  -51.130  -5.046  46.878 0.0000000000
74034  -50.788  -5.844  47.169 0.0000000000
75111  -51.460  -5.707  47.562 0.0000000000
75096  -51.946  -5.980  48.401 0.0000000000
75112  -52.072  -5.371  47.920 0.0000000000
57064  -46.937  -21.043  57.792 0.0000000000
50288  -38.098  -27.297  59.245 0.0000000000
51458  -37.976  -27.035  58.618 0.0000000000
51459  -38.606  -26.784  58.966 0.0000000000
51460  -39.374  -26.493  58.976 0.0000000000
54845  -44.546  -23.210  56.933 0.0000000000
54824  -45.929  -23.528  57.338 0.0000000000
65408  -48.115  -14.375  55.120 0.0000000000
66463  -48.496  -13.397  55.016 0.0000000000
67590  -48.244  -12.595  54.687 0.0000000000
67604  -48.467  -12.356  54.553 0.0000000000
72952  -49.633  -7.610  49.313 0.0000000000
72954  -51.703  -7.272  48.932 0.0000000000
80827  -55.979  -0.379  47.182 0.0000000000
79740  -55.301  -0.713  46.910 0.0000000000
79755  -54.880  -1.251  46.937 0.0000000000
80852  -55.394  0.041  43.635 0.0000000000
80838  -55.141  0.078  44.512 0.0000000000
81905  -55.972  0.516  44.650 0.0000000000
81896  -57.116  0.227  45.119 0.0000000000
81907  -57.806  0.419  44.565 0.0000000000
81908  -58.415  0.205  44.122 0.0000000000
84043  -59.285  1.886  41.926 0.0000000000
82990  -59.292  1.457  41.605 0.0000000000
79814  -59.699  -1.490  40.878 0.0000000000
57170  -48.819  -21.437  51.983 0.0000000000
58351  -48.661  -20.399  54.126 0.0000000000
60857  -47.314  -18.623  56.691 0.0000000000
60867  -47.769  -18.626  56.380 0.0000000000
62091  -47.589  -17.707  56.118 0.0000000000
63309  -47.569  -16.657  55.428 0.0000000000
64396  -46.590  -15.956  54.718 0.0000000000
51316  -18.884  -26.464  69.949 0.0000000000
51323  -19.171  -26.403  69.434 0.0000000000
50127  -24.406  -26.566  67.067 0.0000000000
52561  -25.991  -26.232  66.834 0.0000000000
51356  -26.622  -26.926  66.319 0.0000000000
51357  -27.048  -27.395  65.984 0.0000000000
49032  -27.265  -28.200  65.469 0.0000000000
49041  -26.743  -28.322  64.801 0.0000000000
49033  -28.048  -28.287  65.240 0.0000000000
49043  -28.787  -28.599  64.581 0.0000000000
46851  -32.259  -29.754  62.505 0.0000000000
49119  -35.925  -28.218  60.582 0.0000000000
50259  -35.183  -28.139  60.185 0.0000000000
49103  -35.583  -28.348  61.073 0.0000000000
47947  -35.443  -29.544  61.705 0.0000000000
49124  -40.119  -28.427  59.315 0.0000000000
47979  -39.566  -29.346  59.293 0.0000000000
47980  -40.229  -28.940  58.849 0.0000000000
48007  -40.166  -29.645  58.078 0.0000000000
48023  -41.709  -29.506  56.408 0.0000000000
48024  -42.322  -29.295  56.089 0.0000000000
52665  -40.187  -25.390  56.228 0.0000000000
52637  -42.547  -25.675  58.100 0.0000000000
52653  -44.625  -25.339  57.683 0.0000000000
49183  -43.999  -28.164  56.315 0.0000000000
50351  -44.641  -27.376  55.981 0.0000000000
50361  -44.559  -27.533  54.793 0.0000000000
50370  -45.117  -27.021  54.230 0.0000000000
51553  -46.032  -25.887  54.021 0.0000000000
54860  -47.324  -23.632  55.362 0.0000000000
54899  -47.823  -23.399  52.282 0.0000000000
54911  -47.651  -23.686  51.268 0.0000000000
54900  -48.211  -22.955  52.152 0.0000000000
52526  -17.227  -25.969  69.211 0.0000000000
51322  -17.787  -26.183  70.158 0.0000000000
51314  -17.966  -26.819  70.503 0.0000000000
51308  -18.620  -27.094  70.456 0.0000000000
64429  -49.581  -15.629  52.394 0.0000000000
65443  -49.536  -14.896  52.469 0.0000000000
69809  -47.509  -10.641  52.481 0.0000000000
69793  -48.013  -10.962  53.501 0.0000000000
70820  -48.202  -10.120  52.905 0.0000000000
70821  -48.593  -10.118  52.861 0.0000000000
69811  -49.464  -9.934  52.597 0.0000000000
70851  -51.238  -9.040  51.948 0.0000000000
70838  -51.206  -8.995  52.315 0.0000000000
79736  -52.320  -2.167  47.094 0.0000000000
78630  -51.577  -2.374  46.186 0.0000000000
77456  -51.115  -3.653  46.475 0.0000000000
76272  -52.336  -5.033  47.455 0.0000000000
82987  -57.298  1.385  42.478 0.0000000000
82997  -58.558  2.103  41.671 0.0000000000
83008  -58.469  2.200  40.747 0.0000000000
84052  -59.154  2.325  41.578 0.0000000000
84053  -59.403  2.084  41.473 0.0000000000
58292  -46.902  -20.737  57.782 0.0000000000
60856  -46.795  -18.654  56.758 0.0000000000
62089  -46.255  -17.487  55.898 0.0000000000
53592  -19.125  -24.747  69.590 0.0000000000
53600  -19.469  -24.483  69.108 0.0000000000
54688  -19.970  -24.316  68.737 0.0000000000
54696  -21.052  -23.987  67.853 0.0000000000
54697  -21.909  -24.046  67.726 0.0000000000
54698  -22.492  -24.199  67.287 0.0000000000
50193  -31.556  -28.433  62.500 0.0000000000
50236  -36.496  -28.224  60.425 0.0000000000
50237  -36.744  -28.306  60.524 0.0000000000
49090  -37.759  -28.580  60.973 0.0000000000
49091  -38.486  -28.578  60.857 0.0000000000
49108  -39.205  -28.747  60.381 0.0000000000
50240  -39.187  -28.262  60.215 0.0000000000
49109  -39.560  -28.439  59.877 0.0000000000
49125  -40.982  -28.059  58.825 0.0000000000
54820  -42.641  -24.254  56.987 0.0000000000
53722  -42.593  -24.480  57.529 0.0000000000
54801  -43.465  -24.292  57.731 0.0000000000
53708  -43.903  -24.621  57.831 0.0000000000
53724  -44.410  -24.183  57.687 0.0000000000
52640  -44.956  -24.993  57.911 0.0000000000
52654  -45.118  -25.109  57.411 0.0000000000
52666  -45.550  -25.232  56.577 0.0000000000
52685  -45.775  -25.466  55.771 0.0000000000
52667  -46.003  -24.895  56.179 0.0000000000
53757  -47.149  -24.239  55.780 0.0000000000
54825  -46.759  -23.488  56.771 0.0000000000
54846  -46.964  -23.968  56.421 0.0000000000
54847  -47.176  -23.699  56.202 0.0000000000
55982  -47.474  -22.838  54.843 0.0000000000
52546  -17.503  -25.222  67.720 0.0000000000
62120  -49.976  -17.014  53.808 0.0000000000
63324  -49.979  -16.491  54.205 0.0000000000
64420  -50.165  -15.573  54.052 0.0000000000
65420  -49.523  -14.054  55.047 0.0000000000
65432  -50.128  -14.489  53.738 0.0000000000
66483  -50.053  -13.485  53.384 0.0000000000
71899  -48.095  -8.582  50.950 0.0000000000
71888  -48.320  -8.783  51.600 0.0000000000
71901  -49.491  -8.392  51.293 0.0000000000
72919  -50.261  -8.189  51.486 0.0000000000
72927  -50.400  -7.944  50.934 0.0000000000
71892  -51.158  -8.757  51.731 0.0000000000
80849  -52.812  -0.989  44.202 0.0000000000
79779  -52.222  -1.513  44.594 0.0000000000
80835  -52.798  -0.936  45.308 0.0000000000
80824  -52.839  -1.131  46.202 0.0000000000
80815  -52.875  -1.471  46.690 0.0000000000
80817  -54.350  -0.861  47.099 0.0000000000
79738  -53.831  -1.607  47.341 0.0000000000
79737  -52.832  -2.032  47.175 0.0000000000
79720  -53.022  -2.213  47.347 0.0000000000
77449  -53.197  -2.821  47.671 0.0000000000
57093  -45.274  -21.502  56.491 0.0000000000
57114  -45.320  -21.037  56.286 0.0000000000
58348  -45.165  -20.822  55.012 0.0000000000
54842  -42.357  -24.270  56.139 0.0000000000
54843  -43.060  -23.861  56.418 0.0000000000
55955  -44.561  -22.892  56.358 0.0000000000
67618  -46.680  -12.448  53.391 0.0000000000
68682  -47.432  -11.918  53.760 0.0000000000
68713  -46.711  -11.415  52.439 0.0000000000
69808  -46.189  -10.874  51.971 0.0000000000
70846  -47.176  -9.525  51.216 0.0000000000
70858  -47.536  -8.997  50.777 0.0000000000
71910  -47.943  -8.618  50.180 0.0000000000
71911  -48.503  -8.251  50.310 0.0000000000
72951  -48.904  -7.921  49.740 0.0000000000
80859  -52.894  -1.067  43.061 0.0000000000
80836  -53.576  -0.634  45.056 0.0000000000
80826  -54.241  -0.459  45.782 0.0000000000
81894  -55.753  0.359  45.992 0.0000000000
81888  -56.188  0.295  46.677 0.0000000000
80819  -56.087  0.076  47.223 0.0000000000
79782  -55.914  -1.457  44.349 0.0000000000
79771  -57.790  -0.898  44.604 0.0000000000
82979  -58.152  1.225  43.288 0.0000000000
80864  -58.900  -0.573  43.149 0.0000000000
57196  -49.348  -20.681  51.698 0.0000000000
58410  -49.632  -19.806  51.413 0.0000000000
59615  -49.731  -19.247  52.772 0.0000000000
58350  -48.086  -21.101  54.295 0.0000000000
59587  -48.708  -19.331  54.808 0.0000000000
59575  -48.231  -19.260  55.574 0.0000000000
60887  -49.160  -18.448  54.455 0.0000000000
62119  -49.626  -17.489  54.054 0.0000000000
63323  -49.360  -16.519  54.674 0.0000000000
63311  -49.253  -16.002  54.974 0.0000000000
64399  -48.364  -15.444  55.133 0.0000000000
66471  -47.030  -13.042  54.040 0.0000000000
58333  -45.650  -20.310  56.153 0.0000000000
60878  -46.129  -18.414  55.716 0.0000000000
62106  -46.193  -17.692  55.280 0.0000000000
62105  -46.351  -17.134  54.935 0.0000000000
62088  -46.479  -17.035  55.146 0.0000000000
64395  -46.345  -16.069  54.536 0.0000000000
66482  -46.546  -13.069  53.619 0.0000000000
46813  -18.783  -30.345  66.865 0.0000000000
47889  -18.745  -29.573  66.470 0.0000000000
49010  -18.764  -28.688  67.004 0.0000000000
53593  -19.786  -24.729  69.275 0.0000000000
52549  -23.801  -25.193  66.994 0.0000000000
50128  -24.819  -26.762  66.952 0.0000000000
51346  -25.794  -26.609  66.865 0.0000000000
50138  -24.843  -27.170  66.499 0.0000000000
49053  -26.916  -28.645  63.793 0.0000000000
50164  -29.171  -28.201  64.942 0.0000000000
47905  -29.691  -29.034  64.330 0.0000000000
47916  -29.613  -29.396  63.628 0.0000000000
47930  -29.296  -29.725  62.567 0.0000000000
46902  -31.420  -30.583  60.053 0.0000000000
50212  -31.859  -28.129  61.768 0.0000000000
50194  -32.430  -28.405  62.390 0.0000000000
50234  -34.200  -27.972  60.775 0.0000000000
50195  -33.139  -28.325  62.363 0.0000000000
47934  -33.284  -29.340  62.777 0.0000000000
46853  -33.531  -29.717  62.519 0.0000000000
46868  -34.864  -30.076  61.634 0.0000000000
46904  -33.448  -30.472  60.129 0.0000000000
46909  -38.095  -30.180  59.512 0.0000000000
46910  -38.900  -29.968  59.122 0.0000000000
46933  -38.317  -30.211  58.486 0.0000000000
52649  -38.815  -26.325  57.893 0.0000000000
52634  -39.853  -26.237  58.734 0.0000000000
52635  -40.395  -26.050  58.525 0.0000000000
51444  -41.223  -27.133  59.077 0.0000000000
50267  -41.412  -27.596  58.902 0.0000000000
49126  -41.674  -27.991  58.650 0.0000000000
51465  -43.673  -26.113  57.998 0.0000000000
50291  -43.336  -26.670  58.070 0.0000000000
49139  -42.300  -28.204  58.285 0.0000000000
49152  -42.633  -28.728  57.410 0.0000000000
49166  -42.776  -28.923  56.459 0.0000000000
49181  -42.717  -29.031  55.901 0.0000000000
52703  -45.886  -25.391  55.278 0.0000000000
53785  -46.809  -24.679  54.021 0.0000000000
52733  -46.520  -25.496  52.568 0.0000000000
53843  -47.264  -23.935  49.526 0.0000000000
47868  -18.771  -29.475  69.572 0.0000000000
46792  -19.016  -30.232  68.272 0.0000000000
68684  -48.437  -11.777  54.246 0.0000000000
69782  -48.189  -11.200  53.851 0.0000000000
68686  -49.869  -11.935  53.891 0.0000000000
70848  -49.171  -9.208  51.842 0.0000000000
70822  -49.936  -9.997  52.599 0.0000000000
70823  -50.150  -10.007  52.472 0.0000000000
69796  -49.916  -10.509  52.980 0.0000000000
67626  -49.608  -12.487  52.222 0.0000000000
72978  -49.769  -6.926  47.095 0.0000000000
74019  -50.160  -6.742  47.536 0.0000000000
74020  -50.777  -6.558  47.940 0.0000000000
78658  -51.004  -2.173  44.429 0.0000000000
78645  -49.951  -2.843  44.493 0.0000000000
78646  -50.390  -2.432  44.937 0.0000000000
75137  -48.898  -5.342  45.038 0.0000000000
75139  -50.486  -5.068  46.338 0.0000000000
74022  -52.476  -6.300  47.972 0.0000000000
75113  -52.388  -5.528  47.687 0.0000000000
74036  -52.453  -6.264  47.186 0.0000000000
72980  -52.363  -6.829  47.110 0.0000000000
45894  -18.956  -31.153  65.974 0.0000000000
45895  -19.361  -31.428  66.275 0.0000000000
46802  -18.920  -30.319  67.619 0.0000000000
46862  -29.625  -30.193  61.495 0.0000000000
47867  -18.547  -28.896  69.863 0.0000000000
47883  -18.688  -29.561  67.273 0.0000000000
47919  -31.963  -29.031  63.051 0.0000000000
48987  -18.538  -28.410  70.032 0.0000000000
48988  -18.508  -28.482  70.502 0.0000000000
48997  -18.687  -28.674  69.159 0.0000000000
49019  -25.938  -27.766  65.946 0.0000000000
49020  -26.260  -27.774  65.864 0.0000000000
49021  -26.771  -27.888  65.796 0.0000000000
49092  -38.931  -28.934  60.962 0.0000000000
49105  -37.148  -28.396  60.685 0.0000000000
49107  -38.917  -28.532  60.645 0.0000000000
49120  -36.240  -28.208  60.517 0.0000000000
49122  -37.797  -28.140  60.298 0.0000000000
50107  -18.651  -28.060  69.688 0.0000000000
50114  -18.693  -28.229  69.409 0.0000000000
50141  -27.188  -27.780  65.850 0.0000000000
50216  -37.966  -28.318  60.733 0.0000000000
50241  -39.395  -28.347  60.042 0.0000000000
50260  -36.152  -28.115  60.005 0.0000000000
50331  -43.718  -28.125  57.213 0.0000000000
51344  -24.633  -26.279  67.464 0.0000000000
52522  -19.503  -25.089  69.509 0.0000000000
52528  -18.197  -25.478  70.004 0.0000000000
52550  -24.497  -25.513  67.196 0.0000000000
53583  -18.622  -25.252  69.912 0.0000000000
53590  -18.071  -25.089  69.756 0.0000000000
53591  -18.436  -25.062  69.822 0.0000000000
53612  -24.961  -25.247  66.971 0.0000000000
53613  -24.990  -25.518  67.213 0.0000000000
53723  -43.972  -24.265  57.668 0.0000000000
53741  -47.036  -24.110  56.236 0.0000000000
54682  -20.088  -24.574  69.077 0.0000000000
56025  -48.269  -22.086  52.990 0.0000000000
56043  -48.177  -22.867  52.490 0.0000000000
57063  -46.489  -20.817  57.846 0.0000000000
58290  -46.254  -20.112  57.402 0.0000000000
58291  -46.630  -20.286  57.619 0.0000000000
58302  -47.031  -20.004  57.534 0.0000000000
58369  -48.861  -20.634  53.396 0.0000000000
59549  -46.684  -19.854  57.380 0.0000000000
59560  -46.441  -19.572  57.088 0.0000000000
59574  -47.927  -19.355  56.215 0.0000000000
59630  -50.019  -19.104  52.104 0.0000000000
59631  -50.105  -18.617  51.890 0.0000000000
60929  -50.123  -18.320  51.883 0.0000000000
62131  -49.988  -17.498  53.290 0.0000000000
62143  -50.061  -17.667  52.569 0.0000000000
63280  -46.823  -17.321  56.482 0.0000000000
63293  -46.652  -16.641  54.865 0.0000000000
63307  -46.385  -16.629  54.577 0.0000000000
64386  -46.682  -16.334  54.680 0.0000000000
64387  -46.764  -16.393  54.960 0.0000000000
64401  -49.811  -15.229  55.041 0.0000000000
68671  -48.233  -12.199  54.446 0.0000000000
68701  -47.666  -11.375  53.372 0.0000000000
69831  -51.280  -9.556  50.609 0.0000000000
70849  -49.507  -9.035  52.009 0.0000000000
71878  -48.901  -9.245  51.853 0.0000000000
71881  -51.376  -8.911  52.157 0.0000000000
71891  -50.674  -8.397  51.641 0.0000000000
71902  -50.697  -8.173  51.087 0.0000000000
71938  -48.143  -8.517  48.875 0.0000000000
72925  -49.277  -8.029  50.562 0.0000000000
77448  -53.139  -3.064  47.716 0.0000000000
78605  -53.251  -2.733  47.444 0.0000000000
79721  -53.538  -2.233  47.406 0.0000000000
79753  -52.112  -2.049  46.789 0.0000000000
80818  -55.330  -0.471  46.956 0.0000000000
81887  -55.550  0.150  46.787 0.0000000000
81918  -58.575  0.121  43.494 0.0000000000
82971  -58.433  0.504  43.741 0.0000000000
84042  -59.209  2.093  41.884 0.0000000000
