#!ascii label  , from subject 3603 vox2ras=TkReg
310
27507  43.413  -40.454  2.375 0.0000000000
24313  48.629  -43.938  1.852 0.0000000000
21016  46.994  -46.481  5.306 0.0000000000
27500  50.271  -40.661  2.439 0.0000000000
18950  50.361  -48.059  1.242 0.0000000000
21013  49.861  -46.797  4.797 0.0000000000
20029  46.804  -47.741  -0.294 0.0000000000
25332  53.406  -42.247  2.024 0.0000000000
28744  50.981  -39.113  -0.278 0.0000000000
24277  44.968  -43.529  3.481 0.0000000000
24273  48.940  -43.365  4.069 0.0000000000
24244  52.901  -44.206  4.272 0.0000000000
22145  50.299  -45.814  2.193 0.0000000000
20070  50.866  -47.355  -3.870 0.0000000000
27512  38.936  -40.107  2.706 0.0000000000
24280  41.938  -43.465  3.600 0.0000000000
21019  43.899  -46.404  5.262 0.0000000000
29897  47.229  -38.889  -0.642 0.0000000000
20003  47.147  -47.766  1.745 0.0000000000
25335  51.105  -43.105  1.965 0.0000000000
26414  52.767  -41.542  0.793 0.0000000000
23191  46.169  -45.031  4.287 0.0000000000
23190  47.334  -44.689  4.398 0.0000000000
19958  50.295  -47.449  3.141 0.0000000000
22097  50.863  -46.055  4.743 0.0000000000
22122  51.375  -46.280  3.722 0.0000000000
23242  51.791  -44.701  3.352 0.0000000000
21068  50.493  -47.051  1.583 0.0000000000
21104  50.806  -46.778  -2.887 0.0000000000
22106  41.202  -45.609  4.873 0.0000000000
23193  42.779  -44.992  4.137 0.0000000000
21021  41.535  -46.533  4.801 0.0000000000
27502  48.122  -40.763  2.311 0.0000000000
28702  49.099  -39.822  1.238 0.0000000000
29892  52.364  -38.784  -1.032 0.0000000000
29921  49.690  -38.211  -1.607 0.0000000000
19930  47.532  -47.936  5.369 0.0000000000
21014  48.863  -46.863  5.289 0.0000000000
18879  48.240  -47.958  4.108 0.0000000000
20001  48.734  -48.026  2.100 0.0000000000
18952  49.078  -48.304  0.676 0.0000000000
27498  52.430  -40.889  2.330 0.0000000000
28700  51.229  -39.611  1.241 0.0000000000
27530  52.789  -40.480  1.517 0.0000000000
28719  53.086  -39.754  0.044 0.0000000000
22168  47.172  -45.427  0.083 0.0000000000
26352  44.366  -41.866  3.081 0.0000000000
26348  48.104  -42.047  3.137 0.0000000000
26347  49.171  -42.043  3.275 0.0000000000
23188  49.741  -45.036  4.822 0.0000000000
25266  50.259  -43.348  4.411 0.0000000000
26345  51.459  -41.954  3.573 0.0000000000
25288  53.612  -42.650  3.203 0.0000000000
24296  51.545  -44.099  2.640 0.0000000000
23245  49.312  -45.118  2.061 0.0000000000
20043  50.403  -47.537  -1.021 0.0000000000
21090  50.558  -47.036  -0.358 0.0000000000
22183  49.619  -46.284  -0.795 0.0000000000
22167  48.017  -45.609  0.326 0.0000000000
29851  39.964  -38.569  2.139 0.0000000000
27509  41.518  -40.464  2.419 0.0000000000
26355  39.899  -41.837  3.121 0.0000000000
25318  42.104  -42.254  2.855 0.0000000000
24279  42.921  -43.404  3.434 0.0000000000
22125  44.391  -45.174  4.046 0.0000000000
21018  44.945  -46.485  5.113 0.0000000000
19933  44.825  -47.947  5.542 0.0000000000
19931  46.652  -48.012  5.573 0.0000000000
28746  48.947  -39.192  -0.189 0.0000000000
28684  42.094  -39.794  2.229 0.0000000000
29864  42.963  -38.993  1.316 0.0000000000
28683  42.799  -39.916  2.149 0.0000000000
24312  49.775  -43.530  1.936 0.0000000000
25354  51.174  -42.330  0.924 0.0000000000
22101  46.646  -45.746  4.709 0.0000000000
22100  47.743  -45.748  4.857 0.0000000000
19982  50.305  -47.479  2.500 0.0000000000
21036  50.919  -46.935  3.433 0.0000000000
20000  50.360  -47.584  1.746 0.0000000000
21055  50.653  -46.857  2.521 0.0000000000
20013  50.564  -47.613  0.967 0.0000000000
21130  50.166  -46.878  -5.575 0.0000000000
27501  49.178  -40.743  2.328 0.0000000000
27534  48.613  -40.204  1.858 0.0000000000
27533  49.673  -40.073  1.945 0.0000000000
29937  50.456  -38.148  -2.469 0.0000000000
19947  48.014  -48.038  5.055 0.0000000000
19962  47.434  -48.119  3.502 0.0000000000
20016  46.975  -47.786  0.732 0.0000000000
20002  48.045  -47.792  1.934 0.0000000000
20015  48.051  -47.936  0.884 0.0000000000
20014  48.679  -48.068  1.446 0.0000000000
20028  47.789  -48.020  -0.092 0.0000000000
27497  53.159  -41.329  2.163 0.0000000000
27529  53.125  -41.150  1.509 0.0000000000
26423  53.152  -41.017  0.322 0.0000000000
27562  53.201  -40.315  -0.376 0.0000000000
28741  53.196  -39.388  -0.933 0.0000000000
25297  44.586  -42.620  3.260 0.0000000000
26351  45.180  -41.952  3.042 0.0000000000
25296  45.569  -42.693  3.373 0.0000000000
25292  49.661  -42.743  3.924 0.0000000000
22099  48.833  -45.896  4.970 0.0000000000
22098  49.916  -46.000  5.195 0.0000000000
24245  51.710  -44.257  4.493 0.0000000000
24246  50.602  -44.173  4.749 0.0000000000
25265  51.372  -43.389  4.488 0.0000000000
25291  50.860  -42.670  4.020 0.0000000000
25290  52.052  -42.608  4.194 0.0000000000
26344  52.585  -42.014  3.560 0.0000000000
24272  53.128  -43.560  4.107 0.0000000000
23243  50.866  -44.921  2.676 0.0000000000
24295  52.496  -43.887  2.887 0.0000000000
24297  50.599  -44.020  2.210 0.0000000000
22146  49.758  -45.553  1.911 0.0000000000
17974  48.388  -49.103  -6.258 0.0000000000
20085  50.085  -47.322  -4.581 0.0000000000
20071  50.011  -47.465  -3.548 0.0000000000
20058  50.633  -47.362  -2.536 0.0000000000
21100  50.719  -46.969  -1.536 0.0000000000
21105  49.761  -46.414  -2.815 0.0000000000
21101  50.140  -46.557  -1.748 0.0000000000
22194  49.319  -46.176  -1.718 0.0000000000
22166  49.179  -46.094  0.316 0.0000000000
22184  48.727  -45.937  -0.721 0.0000000000
29852  38.998  -38.484  2.451 0.0000000000
28687  39.434  -39.324  2.459 0.0000000000
28686  40.346  -39.413  2.298 0.0000000000
27511  39.771  -40.160  2.529 0.0000000000
24281  40.814  -43.673  3.963 0.0000000000
25301  40.411  -42.750  3.480 0.0000000000
25300  41.477  -42.612  3.109 0.0000000000
26353  41.416  -42.094  2.882 0.0000000000
25299  42.442  -42.722  3.062 0.0000000000
22104  43.449  -45.666  4.599 0.0000000000
22126  43.626  -44.937  3.923 0.0000000000
22103  44.551  -45.805  4.648 0.0000000000
16784  45.278  -50.242  5.130 0.0000000000
18870  45.249  -48.737  5.466 0.0000000000
19932  45.750  -47.980  5.619 0.0000000000
28722  50.606  -39.321  0.541 0.0000000000
28745  49.979  -39.009  -0.178 0.0000000000
29922  48.732  -38.240  -1.506 0.0000000000
25333  53.020  -42.365  1.905 0.0000000000
26400  53.148  -41.906  1.588 0.0000000000
23221  45.389  -44.579  3.838 0.0000000000
24276  46.023  -43.538  3.608 0.0000000000
23220  46.534  -44.245  3.942 0.0000000000
24248  48.306  -44.013  4.319 0.0000000000
19959  49.730  -47.558  3.321 0.0000000000
21012  50.746  -46.829  4.247 0.0000000000
22096  51.418  -46.099  4.231 0.0000000000
23185  52.500  -44.604  4.007 0.0000000000
23184  53.142  -44.272  3.882 0.0000000000
22143  51.482  -45.760  3.421 0.0000000000
22144  51.091  -45.910  2.736 0.0000000000
21069  50.211  -46.500  1.425 0.0000000000
21103  50.999  -46.746  -3.473 0.0000000000
21122  51.110  -46.749  -4.136 0.0000000000
21110  50.293  -46.588  -3.732 0.0000000000
23225  41.591  -44.126  4.191 0.0000000000
23224  42.406  -44.163  3.961 0.0000000000
23194  41.854  -44.856  4.475 0.0000000000
22105  42.258  -45.662  4.875 0.0000000000
21020  42.701  -46.739  5.190 0.0000000000
28703  48.057  -39.806  1.292 0.0000000000
28724  48.504  -39.496  0.598 0.0000000000
29893  51.383  -38.829  -1.085 0.0000000000
29894  50.341  -38.703  -0.996 0.0000000000
29920  50.674  -38.394  -1.863 0.0000000000
31052  49.924  -37.941  -2.275 0.0000000000
20997  47.264  -47.253  5.509 0.0000000000
21015  47.967  -46.603  5.256 0.0000000000
20996  47.994  -47.261  5.371 0.0000000000
19946  48.688  -47.550  4.643 0.0000000000
19960  48.755  -47.710  3.606 0.0000000000
19985  48.322  -47.817  2.748 0.0000000000
19945  49.728  -47.279  4.096 0.0000000000
19984  49.229  -47.889  2.639 0.0000000000
18939  49.451  -48.217  1.746 0.0000000000
27499  51.386  -40.687  2.450 0.0000000000
27532  50.773  -40.068  1.915 0.0000000000
27531  51.836  -40.212  1.769 0.0000000000
28699  52.199  -39.748  1.061 0.0000000000
26413  53.107  -41.358  1.174 0.0000000000
27552  52.826  -39.948  0.763 0.0000000000
28720  52.442  -39.485  0.272 0.0000000000
28742  52.740  -39.193  -0.484 0.0000000000
29891  53.086  -38.841  -1.011 0.0000000000
23254  47.822  -44.860  1.301 0.0000000000
26378  43.788  -41.298  2.902 0.0000000000
26377  44.774  -41.274  2.779 0.0000000000
26373  48.655  -41.424  2.701 0.0000000000
26372  49.742  -41.364  2.842 0.0000000000
24247  49.443  -44.006  4.512 0.0000000000
23187  50.845  -45.136  4.872 0.0000000000
25267  49.576  -43.333  4.271 0.0000000000
26346  50.280  -41.941  3.520 0.0000000000
26371  50.862  -41.282  3.007 0.0000000000
26370  51.999  -41.333  3.024 0.0000000000
26369  52.972  -41.579  2.894 0.0000000000
25312  53.522  -42.743  2.592 0.0000000000
23240  53.273  -43.956  3.394 0.0000000000
24294  53.221  -43.637  3.058 0.0000000000
25313  52.789  -43.028  2.588 0.0000000000
25315  51.311  -43.655  2.309 0.0000000000
24299  48.972  -44.617  2.080 0.0000000000
18964  49.127  -48.435  -0.350 0.0000000000
19018  48.879  -48.108  -5.733 0.0000000000
18978  49.762  -48.065  -0.858 0.0000000000
18977  50.149  -47.916  -0.247 0.0000000000
20027  50.461  -47.557  0.076 0.0000000000
21077  50.603  -47.015  0.677 0.0000000000
21078  50.064  -46.500  0.394 0.0000000000
21091  50.228  -46.640  -0.707 0.0000000000
21079  49.558  -46.213  0.851 0.0000000000
22156  49.240  -45.861  1.452 0.0000000000
22157  48.496  -45.605  1.104 0.0000000000
31010  40.217  -37.624  1.264 0.0000000000
29867  39.903  -37.946  1.717 0.0000000000
29866  40.612  -38.279  1.622 0.0000000000
29850  40.890  -38.871  1.975 0.0000000000
28685  41.321  -39.430  2.163 0.0000000000
27508  42.424  -40.557  2.465 0.0000000000
25302  39.406  -42.820  4.010 0.0000000000
26382  40.070  -40.880  2.709 0.0000000000
26381  40.800  -41.205  2.607 0.0000000000
26380  41.810  -41.624  2.666 0.0000000000
26379  42.887  -41.236  2.758 0.0000000000
25316  43.217  -41.705  2.909 0.0000000000
25298  43.497  -42.368  3.101 0.0000000000
24278  43.931  -43.429  3.354 0.0000000000
23223  43.315  -44.227  3.695 0.0000000000
23222  44.272  -44.349  3.614 0.0000000000
23192  45.560  -45.202  4.184 0.0000000000
22102  45.573  -45.814  4.504 0.0000000000
21017  45.981  -46.524  5.114 0.0000000000
20999  45.356  -47.167  5.579 0.0000000000
20998  46.339  -47.197  5.651 0.0000000000
28701  50.171  -39.700  1.258 0.0000000000
28723  49.566  -39.450  0.536 0.0000000000
29895  49.350  -38.675  -0.898 0.0000000000
29896  48.316  -38.758  -0.793 0.0000000000
16783  45.582  -50.320  4.998 0.0000000000
17856  45.385  -49.652  5.297 0.0000000000
17868  45.079  -50.149  5.191 0.0000000000
18867  47.467  -48.424  5.037 0.0000000000
18880  47.730  -48.252  4.508 0.0000000000
18896  48.181  -47.957  3.750 0.0000000000
18897  47.748  -48.181  3.855 0.0000000000
18917  50.244  -47.904  1.914 0.0000000000
18918  50.018  -48.047  2.151 0.0000000000
18919  49.671  -48.019  2.298 0.0000000000
18937  50.316  -47.995  1.630 0.0000000000
18938  50.113  -48.193  1.620 0.0000000000
18953  48.512  -48.269  0.059 0.0000000000
18962  50.287  -48.050  0.506 0.0000000000
18988  49.570  -47.908  -1.531 0.0000000000
19007  48.779  -47.800  -5.225 0.0000000000
19929  48.246  -47.555  5.228 0.0000000000
19944  50.345  -47.258  3.687 0.0000000000
19961  47.946  -47.927  3.389 0.0000000000
19983  49.895  -47.760  2.671 0.0000000000
20057  51.123  -47.027  -3.470 0.0000000000
20083  51.030  -46.883  -4.395 0.0000000000
21011  51.185  -46.561  3.926 0.0000000000
21035  51.181  -46.595  3.740 0.0000000000
21056  50.427  -46.495  2.197 0.0000000000
21070  49.804  -46.221  1.164 0.0000000000
21109  51.046  -46.793  -3.800 0.0000000000
21123  50.535  -46.758  -4.505 0.0000000000
22123  51.231  -46.421  3.160 0.0000000000
22124  45.095  -45.354  4.182 0.0000000000
22155  49.858  -46.018  1.656 0.0000000000
22165  49.824  -46.373  -0.195 0.0000000000
23186  51.763  -45.106  4.360 0.0000000000
23216  53.187  -44.143  3.579 0.0000000000
23217  52.691  -44.542  3.690 0.0000000000
23218  51.793  -45.250  3.892 0.0000000000
23241  52.991  -44.321  3.176 0.0000000000
23244  50.041  -44.985  2.286 0.0000000000
23253  48.628  -45.076  1.812 0.0000000000
23270  47.256  -45.115  0.726 0.0000000000
24243  53.333  -44.056  4.027 0.0000000000
24271  53.402  -43.664  3.610 0.0000000000
24298  49.531  -44.351  2.160 0.0000000000
24311  50.438  -43.378  1.916 0.0000000000
25264  52.472  -43.475  4.308 0.0000000000
25289  53.085  -42.868  3.828 0.0000000000
25314  51.917  -43.365  2.456 0.0000000000
25317  42.672  -41.989  2.836 0.0000000000
25334  52.118  -42.654  1.866 0.0000000000
25352  52.896  -41.970  1.399 0.0000000000
26342  53.658  -42.314  3.084 0.0000000000
26343  53.386  -42.220  3.263 0.0000000000
26354  40.961  -42.032  2.942 0.0000000000
26368  53.546  -42.104  2.735 0.0000000000
26399  53.461  -41.863  1.946 0.0000000000
27510  40.636  -40.253  2.417 0.0000000000
27551  53.094  -40.570  0.717 0.0000000000
28709  42.509  -39.353  1.841 0.0000000000
28721  51.601  -39.333  0.458 0.0000000000
28743  51.955  -39.117  -0.351 0.0000000000
28747  47.894  -39.157  -0.011 0.0000000000
29849  41.320  -38.972  1.931 0.0000000000
29890  53.262  -39.008  -1.108 0.0000000000
29917  53.303  -38.904  -1.438 0.0000000000
29918  52.779  -38.617  -1.655 0.0000000000
30998  39.392  -37.906  2.082 0.0000000000
31024  39.884  -37.249  0.949 0.0000000000
