#!ascii label  , from subject 4024 vox2ras=TkReg
615
25952  -28.217  -57.791  33.004 0.0000000000
36542  -42.813  -49.506  27.506 0.0000000000
41213  -48.653  -45.661  27.981 0.0000000000
46753  -54.423  -40.893  28.770 0.0000000000
34047  -40.100  -52.146  25.149 0.0000000000
43393  -51.587  -43.159  29.222 0.0000000000
56343  -52.936  -32.316  28.309 0.0000000000
62186  -53.917  -27.875  27.331 0.0000000000
33949  -44.655  -51.571  31.934 0.0000000000
36459  -47.639  -49.461  32.852 0.0000000000
38872  -45.285  -47.557  28.497 0.0000000000
25890  -30.251  -57.475  37.629 0.0000000000
28736  -34.822  -55.797  37.007 0.0000000000
27386  -35.027  -56.611  32.309 0.0000000000
24650  -34.024  -58.783  26.882 0.0000000000
24729  -35.318  -58.252  22.719 0.0000000000
28914  -38.830  -55.528  25.497 0.0000000000
31530  -41.605  -54.104  28.808 0.0000000000
38836  -50.408  -47.500  31.047 0.0000000000
60995  -53.495  -28.423  26.154 0.0000000000
35223  -43.872  -50.476  29.881 0.0000000000
37670  -44.859  -49.432  30.755 0.0000000000
38870  -43.729  -48.303  28.362 0.0000000000
28733  -30.999  -55.393  37.985 0.0000000000
27305  -32.275  -56.062  38.083 0.0000000000
27556  -35.721  -56.274  22.649 0.0000000000
27545  -37.566  -56.200  23.782 0.0000000000
30305  -37.341  -54.662  24.034 0.0000000000
35283  -42.132  -50.293  26.370 0.0000000000
32788  -40.955  -53.100  27.190 0.0000000000
32790  -42.294  -52.385  27.913 0.0000000000
31513  -42.752  -53.392  30.276 0.0000000000
40033  -48.346  -46.877  31.092 0.0000000000
37654  -48.564  -48.525  31.912 0.0000000000
40034  -49.665  -46.309  31.136 0.0000000000
45594  -53.222  -41.415  29.199 0.0000000000
42310  -53.507  -44.451  30.766 0.0000000000
43395  -54.664  -42.882  29.133 0.0000000000
44475  -56.107  -42.072  28.754 0.0000000000
53994  -55.778  -33.975  29.350 0.0000000000
52770  -55.512  -35.203  27.991 0.0000000000
32844  -38.465  -52.200  23.836 0.0000000000
46797  -52.315  -40.148  26.208 0.0000000000
58662  -53.097  -30.058  27.780 0.0000000000
57507  -56.640  -30.962  29.400 0.0000000000
57548  -53.722  -31.383  26.540 0.0000000000
32715  -45.921  -52.779  31.747 0.0000000000
36457  -45.907  -50.106  32.989 0.0000000000
37672  -46.529  -48.384  30.894 0.0000000000
25910  -29.592  -58.388  35.998 0.0000000000
25925  -34.893  -57.493  34.796 0.0000000000
28759  -35.393  -56.081  35.215 0.0000000000
24560  -35.237  -58.553  32.819 0.0000000000
23206  -35.463  -59.209  30.573 0.0000000000
21825  -35.065  -60.649  28.613 0.0000000000
21856  -34.224  -60.883  25.804 0.0000000000
23283  -33.766  -59.216  24.620 0.0000000000
24712  -37.360  -58.718  23.501 0.0000000000
31594  -39.112  -53.504  25.518 0.0000000000
30260  -39.673  -54.720  26.812 0.0000000000
27462  -41.255  -56.311  28.496 0.0000000000
28836  -42.526  -55.692  30.718 0.0000000000
31472  -43.889  -54.084  31.451 0.0000000000
41179  -51.671  -45.622  31.809 0.0000000000
51587  -54.463  -36.130  26.451 0.0000000000
47954  -55.795  -39.778  27.393 0.0000000000
25921  -28.497  -58.601  34.497 0.0000000000
35245  -43.427  -50.401  28.718 0.0000000000
36523  -43.646  -49.603  29.112 0.0000000000
37720  -43.188  -48.538  27.980 0.0000000000
30318  -35.846  -54.471  22.842 0.0000000000
28948  -36.958  -55.501  23.507 0.0000000000
31624  -37.026  -53.667  23.746 0.0000000000
35284  -42.558  -50.210  26.886 0.0000000000
34019  -42.086  -51.843  27.285 0.0000000000
35244  -43.080  -50.964  28.197 0.0000000000
34006  -43.440  -51.632  29.028 0.0000000000
40021  -49.129  -46.936  31.793 0.0000000000
40079  -49.291  -45.967  29.318 0.0000000000
45595  -53.958  -41.293  29.337 0.0000000000
44459  -53.859  -42.292  30.305 0.0000000000
45583  -55.277  -41.621  29.372 0.0000000000
44473  -55.049  -42.636  29.000 0.0000000000
46738  -55.821  -41.287  29.196 0.0000000000
54008  -57.525  -33.907  28.991 0.0000000000
52747  -57.185  -34.751  28.720 0.0000000000
52749  -58.514  -35.076  28.433 0.0000000000
59800  -52.372  -28.590  26.798 0.0000000000
59787  -53.632  -28.835  27.729 0.0000000000
57519  -54.947  -31.099  29.368 0.0000000000
58652  -54.880  -29.791  28.619 0.0000000000
58641  -56.708  -30.639  29.044 0.0000000000
59789  -54.995  -29.221  27.800 0.0000000000
58677  -53.719  -30.307  26.724 0.0000000000
31455  -45.258  -52.852  32.356 0.0000000000
33935  -45.704  -51.491  33.106 0.0000000000
33934  -45.175  -51.460  32.757 0.0000000000
38853  -45.024  -48.013  29.295 0.0000000000
37671  -45.489  -48.895  30.807 0.0000000000
37688  -46.189  -47.915  30.309 0.0000000000
38855  -47.091  -47.310  29.988 0.0000000000
38873  -46.057  -47.234  28.694 0.0000000000
27338  -30.539  -57.304  35.632 0.0000000000
25901  -30.964  -57.541  37.292 0.0000000000
28735  -33.697  -55.465  37.712 0.0000000000
30156  -34.757  -55.308  33.317 0.0000000000
28785  -35.190  -55.983  33.559 0.0000000000
27357  -35.674  -57.300  34.314 0.0000000000
25956  -35.595  -58.002  32.777 0.0000000000
24578  -35.344  -58.747  31.994 0.0000000000
24595  -35.466  -58.553  31.119 0.0000000000
23239  -34.676  -59.671  28.152 0.0000000000
21833  -34.565  -60.705  27.737 0.0000000000
23251  -34.229  -59.604  26.937 0.0000000000
26127  -34.549  -57.714  22.788 0.0000000000
24708  -33.687  -58.413  23.896 0.0000000000
23301  -34.076  -59.038  23.850 0.0000000000
21887  -34.562  -60.180  23.987 0.0000000000
23303  -35.768  -59.248  23.194 0.0000000000
21889  -36.204  -60.428  23.468 0.0000000000
24711  -36.602  -58.222  23.126 0.0000000000
27528  -38.092  -56.731  24.257 0.0000000000
26094  -38.144  -57.411  24.128 0.0000000000
27529  -38.696  -56.287  24.877 0.0000000000
28915  -39.315  -55.910  25.946 0.0000000000
31611  -39.056  -53.136  25.002 0.0000000000
32819  -39.607  -52.700  25.178 0.0000000000
31553  -41.428  -53.348  27.889 0.0000000000
31578  -40.140  -53.798  26.883 0.0000000000
31552  -40.757  -53.977  27.950 0.0000000000
28883  -40.696  -55.621  27.999 0.0000000000
30226  -41.194  -54.963  28.819 0.0000000000
31511  -41.819  -54.677  29.861 0.0000000000
32735  -43.834  -52.392  30.842 0.0000000000
31493  -43.294  -53.431  31.007 0.0000000000
31494  -44.087  -53.202  31.290 0.0000000000
31473  -44.672  -53.476  31.822 0.0000000000
27311  -29.695  -56.578  37.790 0.0000000000
25889  -29.478  -57.367  37.531 0.0000000000
24504  -29.448  -58.286  36.705 0.0000000000
35171  -47.897  -50.150  32.581 0.0000000000
36460  -48.197  -49.441  32.347 0.0000000000
38817  -49.754  -47.654  31.875 0.0000000000
43392  -50.931  -43.208  28.534 0.0000000000
42318  -51.242  -44.778  30.526 0.0000000000
42319  -51.783  -44.027  30.250 0.0000000000
41201  -53.378  -45.297  30.128 0.0000000000
41191  -53.136  -45.410  31.113 0.0000000000
51589  -56.715  -36.567  26.732 0.0000000000
52802  -54.992  -35.553  27.114 0.0000000000
50452  -56.209  -37.567  26.368 0.0000000000
49223  -55.796  -38.577  26.235 0.0000000000
47971  -57.038  -39.181  26.968 0.0000000000
46769  -57.097  -40.321  27.940 0.0000000000
62200  -53.030  -27.365  26.299 0.0000000000
60980  -54.118  -28.239  26.833 0.0000000000
62229  -52.760  -27.162  24.721 0.0000000000
61004  -52.950  -27.928  25.032 0.0000000000
35205  -44.045  -51.238  30.541 0.0000000000
35206  -44.492  -50.705  30.998 0.0000000000
35224  -44.309  -50.180  30.424 0.0000000000
37686  -44.448  -48.769  29.756 0.0000000000
38871  -44.321  -47.983  28.507 0.0000000000
27303  -30.552  -56.341  38.244 0.0000000000
25883  -31.194  -56.942  38.130 0.0000000000
30081  -33.923  -54.673  38.234 0.0000000000
26128  -35.427  -57.284  22.721 0.0000000000
26117  -36.874  -57.359  23.218 0.0000000000
27544  -36.932  -56.611  23.354 0.0000000000
28949  -37.500  -55.443  23.910 0.0000000000
28933  -38.067  -55.483  24.413 0.0000000000
34049  -41.390  -51.289  25.886 0.0000000000
32820  -40.290  -52.512  25.592 0.0000000000
32807  -41.248  -52.227  26.597 0.0000000000
32789  -41.799  -52.388  27.431 0.0000000000
32773  -42.048  -53.027  28.216 0.0000000000
31512  -42.167  -53.852  29.860 0.0000000000
32755  -42.677  -52.982  29.488 0.0000000000
32756  -43.307  -52.586  29.973 0.0000000000
28746  -29.687  -55.283  36.859 0.0000000000
38815  -47.692  -47.978  31.999 0.0000000000
37635  -48.116  -48.629  32.566 0.0000000000
38816  -48.568  -47.729  32.130 0.0000000000
40022  -49.942  -46.907  32.211 0.0000000000
38804  -50.663  -47.230  32.275 0.0000000000
44457  -52.160  -42.331  29.385 0.0000000000
43370  -52.843  -43.425  30.888 0.0000000000
44447  -53.416  -42.796  30.753 0.0000000000
43382  -54.116  -43.566  30.174 0.0000000000
55200  -54.267  -33.493  29.256 0.0000000000
54005  -54.137  -34.276  28.928 0.0000000000
54006  -55.256  -34.611  28.952 0.0000000000
52771  -56.924  -35.458  28.061 0.0000000000
37735  -42.217  -48.339  26.832 0.0000000000
36576  -41.944  -49.341  25.974 0.0000000000
41214  -49.585  -45.417  28.613 0.0000000000
45608  -51.263  -41.842  27.929 0.0000000000
45609  -52.223  -41.567  27.978 0.0000000000
46765  -53.020  -41.244  28.222 0.0000000000
46766  -53.764  -40.718  27.989 0.0000000000
57531  -52.617  -31.167  27.965 0.0000000000
56331  -54.505  -32.366  29.268 0.0000000000
55188  -56.895  -32.659  29.644 0.0000000000
55189  -57.952  -32.724  29.299 0.0000000000
59803  -54.308  -29.603  27.265 0.0000000000
57532  -54.327  -31.081  27.112 0.0000000000
33950  -46.473  -51.812  31.745 0.0000000000
33937  -47.189  -51.100  32.457 0.0000000000
36458  -46.698  -49.553  33.069 0.0000000000
36476  -45.582  -49.872  32.220 0.0000000000
37652  -46.212  -49.170  31.987 0.0000000000
37653  -47.096  -48.626  31.898 0.0000000000
38833  -47.224  -47.552  30.876 0.0000000000
40032  -47.541  -46.987  30.232 0.0000000000
38890  -43.451  -47.747  27.668 0.0000000000
38891  -44.407  -47.585  27.699 0.0000000000
40101  -45.735  -46.782  27.529 0.0000000000
25937  -29.068  -57.606  34.181 0.0000000000
27351  -29.669  -57.483  34.546 0.0000000000
25939  -34.820  -58.119  33.670 0.0000000000
32653  -34.380  -52.523  38.318 0.0000000000
30082  -34.676  -54.535  37.699 0.0000000000
28748  -35.266  -56.185  36.045 0.0000000000
24541  -35.214  -58.387  33.394 0.0000000000
20451  -35.122  -60.833  29.941 0.0000000000
26053  -33.382  -57.576  26.373 0.0000000000
26070  -33.047  -57.766  25.340 0.0000000000
24649  -33.597  -58.710  26.208 0.0000000000
21855  -33.870  -60.177  25.479 0.0000000000
21872  -34.224  -60.348  24.828 0.0000000000
26118  -37.581  -57.534  23.630 0.0000000000
31609  -37.623  -53.684  24.368 0.0000000000
31610  -38.446  -53.633  24.933 0.0000000000
30274  -38.699  -54.776  25.892 0.0000000000
32805  -39.820  -53.266  25.951 0.0000000000
31577  -39.154  -53.995  26.326 0.0000000000
28898  -38.969  -55.271  26.089 0.0000000000
28900  -40.227  -55.738  27.136 0.0000000000
27482  -40.871  -56.581  27.820 0.0000000000
27405  -42.983  -56.139  31.063 0.0000000000
31492  -42.590  -54.224  30.804 0.0000000000
30173  -42.872  -55.168  31.177 0.0000000000
28820  -43.754  -55.351  31.199 0.0000000000
30197  -45.275  -54.420  30.893 0.0000000000
24514  -29.077  -58.804  35.930 0.0000000000
41188  -50.274  -45.870  30.493 0.0000000000
41178  -51.235  -45.787  31.533 0.0000000000
38806  -51.485  -46.980  32.215 0.0000000000
42298  -52.480  -45.050  31.621 0.0000000000
40025  -52.489  -46.383  31.734 0.0000000000
38837  -51.422  -47.182  31.010 0.0000000000
47986  -52.896  -39.278  25.791 0.0000000000
46783  -54.643  -40.034  27.180 0.0000000000
54024  -53.372  -34.584  28.504 0.0000000000
52801  -53.892  -35.346  27.043 0.0000000000
50476  -54.504  -37.366  25.765 0.0000000000
47969  -55.399  -39.410  26.563 0.0000000000
46767  -54.969  -40.385  27.846 0.0000000000
46755  -56.716  -40.774  28.751 0.0000000000
35268  -43.239  -50.287  28.078 0.0000000000
36543  -43.226  -49.521  28.122 0.0000000000
30304  -36.510  -54.473  23.392 0.0000000000
31623  -36.365  -53.452  23.273 0.0000000000
35267  -42.871  -50.289  27.489 0.0000000000
40078  -48.715  -46.124  28.936 0.0000000000
40055  -48.988  -46.321  30.001 0.0000000000
45582  -54.348  -41.775  29.724 0.0000000000
45596  -54.725  -41.296  29.254 0.0000000000
46754  -55.586  -40.877  28.959 0.0000000000
54009  -58.653  -34.191  28.657 0.0000000000
60966  -53.647  -27.979  27.407 0.0000000000
59788  -54.069  -28.632  28.022 0.0000000000
59775  -53.999  -28.917  28.183 0.0000000000
59776  -54.457  -28.872  28.178 0.0000000000
59777  -54.986  -29.058  28.203 0.0000000000
60968  -54.776  -28.691  27.874 0.0000000000
32714  -44.813  -52.386  32.438 0.0000000000
32697  -45.294  -52.120  32.791 0.0000000000
37687  -45.632  -48.224  30.118 0.0000000000
38854  -46.259  -47.554  29.650 0.0000000000
25891  -30.947  -57.260  37.885 0.0000000000
27316  -34.182  -56.341  37.070 0.0000000000
28800  -34.774  -56.100  32.555 0.0000000000
28801  -35.136  -56.575  32.753 0.0000000000
28786  -35.280  -56.629  33.162 0.0000000000
27387  -35.274  -57.032  32.533 0.0000000000
25975  -35.477  -57.903  31.947 0.0000000000
27403  -35.281  -57.256  31.820 0.0000000000
26040  -34.138  -57.965  28.134 0.0000000000
24623  -34.489  -58.659  28.761 0.0000000000
24636  -34.263  -58.613  27.552 0.0000000000
24709  -34.220  -58.477  23.326 0.0000000000
24728  -34.732  -58.589  22.896 0.0000000000
23302  -34.686  -59.349  23.401 0.0000000000
23318  -35.198  -58.895  22.909 0.0000000000
24710  -35.852  -58.476  22.926 0.0000000000
28934  -38.596  -55.490  24.931 0.0000000000
27512  -39.116  -56.313  25.488 0.0000000000
31529  -41.078  -54.457  28.436 0.0000000000
30245  -40.777  -54.842  28.254 0.0000000000
30227  -41.522  -55.121  29.466 0.0000000000
32736  -44.329  -52.461  31.662 0.0000000000
25881  -30.058  -56.967  38.223 0.0000000000
24495  -29.651  -57.801  37.229 0.0000000000
38835  -49.556  -47.834  30.845 0.0000000000
38858  -50.767  -47.401  30.248 0.0000000000
42331  -51.712  -43.661  29.658 0.0000000000
55198  -52.476  -33.454  28.677 0.0000000000
50453  -57.148  -37.617  26.740 0.0000000000
49224  -56.713  -38.503  26.603 0.0000000000
37702  -43.667  -48.848  28.838 0.0000000000
37685  -43.817  -49.111  29.404 0.0000000000
37703  -44.067  -48.394  28.940 0.0000000000
38852  -44.450  -48.291  29.113 0.0000000000
28719  -30.716  -55.700  38.147 0.0000000000
30071  -33.377  -54.322  38.512 0.0000000000
28964  -35.229  -55.414  22.598 0.0000000000
26129  -36.323  -57.088  22.858 0.0000000000
27557  -36.400  -56.004  23.026 0.0000000000
30290  -37.925  -54.437  24.645 0.0000000000
34020  -42.477  -51.585  27.649 0.0000000000
31531  -42.289  -53.321  28.948 0.0000000000
32774  -42.673  -52.390  28.572 0.0000000000
33986  -43.672  -51.648  30.169 0.0000000000
28732  -30.464  -55.401  37.622 0.0000000000
27312  -30.230  -55.967  37.972 0.0000000000
38834  -47.940  -47.468  31.655 0.0000000000
38802  -48.025  -47.970  32.432 0.0000000000
40035  -50.343  -46.382  31.552 0.0000000000
45580  -52.770  -41.837  29.468 0.0000000000
44458  -52.988  -42.438  30.264 0.0000000000
44460  -54.596  -42.409  29.845 0.0000000000
43372  -54.343  -43.012  30.451 0.0000000000
43383  -54.599  -42.975  29.714 0.0000000000
42320  -53.887  -44.329  29.549 0.0000000000
44483  -54.003  -42.513  28.100 0.0000000000
53993  -54.948  -33.799  29.394 0.0000000000
51560  -57.243  -36.210  27.242 0.0000000000
37734  -42.201  -48.957  26.415 0.0000000000
46781  -52.684  -40.781  26.906 0.0000000000
47966  -52.690  -39.854  26.224 0.0000000000
59801  -52.769  -29.189  27.388 0.0000000000
58676  -52.638  -29.933  27.365 0.0000000000
58661  -52.503  -30.484  27.478 0.0000000000
57517  -53.427  -31.015  28.439 0.0000000000
56344  -53.976  -32.117  28.782 0.0000000000
56345  -54.582  -31.692  29.185 0.0000000000
57506  -55.702  -30.840  29.441 0.0000000000
56333  -56.280  -31.795  29.768 0.0000000000
56334  -57.309  -31.776  29.511 0.0000000000
55190  -58.657  -32.375  29.222 0.0000000000
58654  -56.173  -30.458  28.657 0.0000000000
59802  -53.737  -29.222  26.596 0.0000000000
58689  -53.241  -30.230  25.882 0.0000000000
31475  -46.047  -53.213  31.197 0.0000000000
32716  -46.439  -52.556  31.149 0.0000000000
32699  -46.120  -52.086  31.908 0.0000000000
33936  -46.500  -51.450  32.649 0.0000000000
35169  -46.223  -50.628  33.223 0.0000000000
35170  -47.195  -50.469  33.019 0.0000000000
36490  -44.586  -49.955  30.719 0.0000000000
36475  -44.979  -49.917  31.350 0.0000000000
37650  -45.053  -49.580  31.136 0.0000000000
37633  -46.926  -49.009  32.508 0.0000000000
37673  -47.183  -48.147  31.414 0.0000000000
40053  -47.056  -46.898  29.309 0.0000000000
25922  -29.205  -58.321  35.018 0.0000000000
25923  -30.034  -57.637  35.134 0.0000000000
25912  -30.838  -57.474  36.417 0.0000000000
27304  -31.561  -56.368  38.235 0.0000000000
27314  -32.236  -56.556  37.601 0.0000000000
27355  -34.219  -57.122  34.594 0.0000000000
27356  -34.656  -57.589  34.118 0.0000000000
25938  -34.424  -57.841  33.407 0.0000000000
31391  -34.748  -53.306  38.046 0.0000000000
28749  -35.566  -56.730  35.389 0.0000000000
28760  -35.694  -56.747  34.768 0.0000000000
25940  -35.368  -57.924  33.597 0.0000000000
24559  -34.926  -58.654  32.860 0.0000000000
23176  -35.006  -59.059  32.289 0.0000000000
23207  -35.442  -59.482  31.089 0.0000000000
21799  -35.160  -59.960  31.160 0.0000000000
21808  -35.231  -60.115  30.551 0.0000000000
21816  -35.007  -60.627  30.240 0.0000000000
23218  -35.382  -59.808  30.169 0.0000000000
23228  -35.243  -59.723  29.290 0.0000000000
21826  -35.279  -60.624  29.364 0.0000000000
21843  -34.365  -60.857  26.757 0.0000000000
20492  -34.700  -61.832  26.372 0.0000000000
20503  -34.713  -61.695  25.266 0.0000000000
24686  -33.289  -58.278  24.522 0.0000000000
24667  -33.385  -58.603  25.201 0.0000000000
23266  -33.671  -59.470  25.570 0.0000000000
21871  -33.796  -59.839  25.098 0.0000000000
20523  -34.854  -61.050  24.283 0.0000000000
23304  -36.817  -59.480  23.363 0.0000000000
23305  -37.740  -59.702  23.563 0.0000000000
32830  -37.402  -53.020  23.988 0.0000000000
32831  -38.040  -52.860  24.309 0.0000000000
30291  -38.467  -54.765  25.142 0.0000000000
31593  -38.626  -54.122  25.762 0.0000000000
32806  -40.545  -52.854  26.349 0.0000000000
30259  -39.045  -54.734  26.336 0.0000000000
28899  -39.520  -55.414  26.429 0.0000000000
28835  -42.076  -55.643  30.247 0.0000000000
27404  -42.779  -56.054  30.962 0.0000000000
31471  -43.205  -54.398  31.306 0.0000000000
30174  -43.563  -54.968  31.400 0.0000000000
30175  -44.380  -54.671  31.330 0.0000000000
31456  -45.619  -52.894  32.094 0.0000000000
31474  -45.511  -53.516  31.413 0.0000000000
42329  -50.312  -44.840  28.590 0.0000000000
41215  -50.289  -45.141  29.207 0.0000000000
42307  -51.363  -45.070  31.136 0.0000000000
41189  -50.785  -45.690  31.086 0.0000000000
40023  -50.954  -46.421  31.807 0.0000000000
40024  -51.627  -46.553  32.065 0.0000000000
42309  -52.890  -44.297  31.158 0.0000000000
40026  -53.016  -45.979  31.415 0.0000000000
40037  -52.321  -46.714  30.823 0.0000000000
38820  -52.149  -46.822  31.559 0.0000000000
40036  -51.783  -46.890  30.321 0.0000000000
47967  -53.480  -39.641  26.343 0.0000000000
49221  -54.092  -39.231  25.982 0.0000000000
52745  -54.673  -34.804  28.696 0.0000000000
52769  -54.323  -35.068  28.165 0.0000000000
51588  -55.539  -36.485  26.377 0.0000000000
52800  -52.811  -35.359  26.981 0.0000000000
51586  -53.493  -36.052  26.413 0.0000000000
51615  -54.055  -36.792  25.980 0.0000000000
51616  -54.762  -36.872  26.059 0.0000000000
47970  -56.317  -39.344  26.713 0.0000000000
47953  -55.071  -39.845  27.130 0.0000000000
46768  -56.189  -40.226  28.199 0.0000000000
28965  -36.017  -55.361  22.779 0.0000000000
28966  -36.436  -55.224  23.127 0.0000000000
30319  -36.237  -54.858  22.996 0.0000000000
34033  -41.984  -51.520  26.840 0.0000000000
34034  -42.522  -50.817  26.956 0.0000000000
34005  -42.867  -51.615  28.376 0.0000000000
45581  -53.530  -41.840  29.738 0.0000000000
44461  -55.641  -42.090  29.230 0.0000000000
44462  -56.133  -41.813  28.992 0.0000000000
53995  -56.612  -33.575  29.397 0.0000000000
54007  -56.436  -34.488  28.884 0.0000000000
52772  -58.172  -35.663  28.091 0.0000000000
58651  -53.948  -29.692  28.362 0.0000000000
57518  -54.435  -30.830  28.825 0.0000000000
57505  -55.086  -30.391  29.234 0.0000000000
58639  -55.488  -29.973  29.209 0.0000000000
58640  -56.173  -30.098  29.242 0.0000000000
58653  -55.306  -29.939  28.566 0.0000000000
61005  -53.165  -28.552  25.322 0.0000000000
59815  -53.142  -29.301  25.575 0.0000000000
57547  -52.901  -31.709  26.163 0.0000000000
32698  -45.701  -52.205  32.428 0.0000000000
35168  -45.495  -50.804  33.053 0.0000000000
37651  -45.343  -49.452  31.374 0.0000000000
38832  -46.529  -47.801  30.448 0.0000000000
40052  -46.485  -47.139  28.969 0.0000000000
25899  -29.804  -58.096  36.360 0.0000000000
25911  -30.034  -57.884  35.908 0.0000000000
25900  -30.124  -57.751  36.802 0.0000000000
25915  -35.351  -57.272  35.371 0.0000000000
28773  -35.625  -56.706  33.968 0.0000000000
27372  -35.533  -57.318  33.463 0.0000000000
23177  -35.229  -58.981  32.216 0.0000000000
21842  -33.885  -60.135  26.158 0.0000000000
26116  -33.844  -57.662  23.356 0.0000000000
23284  -34.244  -59.630  24.135 0.0000000000
21888  -35.232  -60.305  23.600 0.0000000000
26095  -38.640  -57.473  24.575 0.0000000000
27513  -39.540  -56.794  25.884 0.0000000000
27498  -39.957  -56.304  26.392 0.0000000000
32832  -38.937  -52.533  24.537 0.0000000000
30261  -40.292  -54.754  27.549 0.0000000000
28865  -41.089  -55.511  28.541 0.0000000000
30194  -42.094  -55.160  30.359 0.0000000000
27310  -29.070  -57.056  37.251 0.0000000000
25888  -28.570  -57.621  37.391 0.0000000000
24505  -29.815  -57.889  36.980 0.0000000000
37655  -49.112  -48.261  31.408 0.0000000000
42330  -51.044  -44.283  29.106 0.0000000000
42308  -51.973  -44.563  31.303 0.0000000000
52803  -56.105  -35.778  27.175 0.0000000000
50451  -55.192  -37.641  25.928 0.0000000000
47955  -56.721  -39.746  27.459 0.0000000000
62201  -53.392  -27.698  26.805 0.0000000000
62202  -53.981  -27.742  27.062 0.0000000000
62217  -53.583  -27.841  26.491 0.0000000000
60994  -53.389  -27.877  25.790 0.0000000000
33968  -44.138  -51.654  31.149 0.0000000000
36506  -43.942  -49.480  29.700 0.0000000000
36507  -44.287  -49.674  30.215 0.0000000000
25882  -30.747  -56.941  38.230 0.0000000000
28721  -32.585  -55.384  38.355 0.0000000000
28722  -33.393  -54.949  38.316 0.0000000000
26039  -33.653  -57.589  27.419 0.0000000000
24730  -35.918  -57.867  22.836 0.0000000000
34048  -40.554  -51.659  25.301 0.0000000000
32821  -40.869  -52.165  25.890 0.0000000000
32775  -42.987  -52.371  29.270 0.0000000000
33967  -43.888  -51.713  30.683 0.0000000000
28731  -29.817  -55.818  37.596 0.0000000000
27302  -30.093  -56.630  38.166 0.0000000000
37634  -47.609  -48.694  32.566 0.0000000000
38803  -48.026  -48.177  32.531 0.0000000000
38818  -50.995  -47.675  32.063 0.0000000000
43380  -52.394  -43.249  30.072 0.0000000000
43381  -52.843  -42.920  30.611 0.0000000000
44446  -53.047  -42.826  30.755 0.0000000000
43371  -53.629  -43.412  30.819 0.0000000000
55199  -53.527  -33.297  28.939 0.0000000000
54025  -55.392  -34.954  28.513 0.0000000000
54026  -55.884  -34.841  28.404 0.0000000000
52804  -56.785  -35.947  27.242 0.0000000000
51590  -57.444  -36.899  27.064 0.0000000000
37719  -42.676  -48.873  27.501 0.0000000000
34067  -40.452  -51.105  24.854 0.0000000000
35292  -40.896  -50.737  25.154 0.0000000000
35293  -41.580  -50.123  25.503 0.0000000000
36561  -42.228  -49.498  26.387 0.0000000000
36562  -42.511  -49.467  26.895 0.0000000000
42342  -50.061  -44.355  27.700 0.0000000000
44471  -51.273  -42.397  28.595 0.0000000000
45592  -51.925  -41.843  28.704 0.0000000000
45593  -52.597  -41.496  28.854 0.0000000000
46751  -53.083  -41.291  28.806 0.0000000000
46752  -53.558  -41.079  28.784 0.0000000000
55185  -54.155  -32.889  29.234 0.0000000000
55186  -54.747  -32.963  29.487 0.0000000000
55187  -55.763  -32.961  29.456 0.0000000000
56332  -55.187  -31.960  29.517 0.0000000000
53996  -57.263  -33.225  29.443 0.0000000000
55201  -58.303  -33.401  28.971 0.0000000000
57508  -57.390  -31.175  29.070 0.0000000000
60981  -54.422  -28.795  27.388 0.0000000000
58664  -54.670  -30.283  27.638 0.0000000000
58678  -54.176  -30.189  27.199 0.0000000000
35187  -45.254  -50.749  32.183 0.0000000000
35188  -45.555  -50.363  32.669 0.0000000000
36477  -46.074  -49.646  32.678 0.0000000000
40075  -45.702  -47.050  28.153 0.0000000000
25936  -28.474  -58.124  33.967 0.0000000000
27313  -31.457  -57.038  37.750 0.0000000000
27326  -31.654  -57.131  36.950 0.0000000000
30072  -34.233  -54.062  38.404 0.0000000000
25926  -35.361  -57.516  34.505 0.0000000000
23194  -35.215  -59.564  31.828 0.0000000000
23229  -35.401  -60.181  29.682 0.0000000000
20481  -34.849  -61.747  27.406 0.0000000000
24635  -33.751  -58.269  26.903 0.0000000000
26069  -32.898  -57.869  24.983 0.0000000000
23250  -33.781  -59.500  26.236 0.0000000000
26119  -38.263  -57.960  24.078 0.0000000000
24713  -38.112  -58.726  23.749 0.0000000000
31576  -38.808  -54.379  26.121 0.0000000000
31491  -42.168  -54.571  30.366 0.0000000000
30195  -42.405  -54.972  30.748 0.0000000000
30176  -44.998  -54.103  31.471 0.0000000000
41199  -49.869  -45.866  29.791 0.0000000000
41200  -50.558  -45.239  30.050 0.0000000000
40014  -51.033  -46.906  32.335 0.0000000000
43369  -52.317  -43.835  30.651 0.0000000000
42297  -51.986  -45.136  31.786 0.0000000000
41181  -52.792  -45.591  31.686 0.0000000000
41180  -52.226  -45.693  32.019 0.0000000000
38819  -51.719  -47.058  31.921 0.0000000000
46782  -54.027  -40.262  27.116 0.0000000000
54004  -52.904  -34.186  29.067 0.0000000000
54023  -52.465  -34.654  28.508 0.0000000000
52768  -53.151  -34.938  27.826 0.0000000000
51614  -53.213  -36.706  25.716 0.0000000000
50475  -53.888  -37.607  25.513 0.0000000000
50450  -54.534  -37.924  25.621 0.0000000000
49222  -54.714  -38.721  25.866 0.0000000000
47968  -54.488  -39.585  26.603 0.0000000000
46739  -56.241  -41.176  29.131 0.0000000000
45597  -56.619  -41.583  28.634 0.0000000000
45598  -57.124  -41.096  28.569 0.0000000000
20463  -35.160  -60.984  29.654 0.0000000000
21817  -35.296  -60.480  29.936 0.0000000000
23319  -35.549  -58.733  22.912 0.0000000000
24496  -30.043  -57.715  37.107 0.0000000000
24540  -35.084  -58.522  33.227 0.0000000000
24666  -33.014  -58.126  24.916 0.0000000000
24685  -33.032  -58.062  24.648 0.0000000000
26092  -32.923  -57.893  24.794 0.0000000000
26093  -33.031  -57.743  24.622 0.0000000000
27371  -34.643  -57.763  33.831 0.0000000000
28747  -30.307  -55.072  37.153 0.0000000000
30211  -41.803  -55.304  30.007 0.0000000000
35167  -45.255  -50.994  32.785 0.0000000000
38805  -51.201  -47.171  32.259 0.0000000000
38838  -51.961  -47.002  31.412 0.0000000000
40013  -50.655  -46.889  32.327 0.0000000000
40015  -51.279  -46.924  32.288 0.0000000000
40038  -53.049  -46.090  30.901 0.0000000000
41190  -51.416  -45.330  31.426 0.0000000000
43402  -54.530  -42.781  27.938 0.0000000000
44448  -54.044  -42.735  30.634 0.0000000000
44472  -54.606  -42.754  28.574 0.0000000000
45579  -52.314  -41.796  29.147 0.0000000000
45584  -55.998  -41.574  29.142 0.0000000000
45610  -53.733  -42.334  27.513 0.0000000000
46756  -57.285  -40.818  28.258 0.0000000000
49241  -54.208  -38.262  25.530 0.0000000000
52746  -55.011  -35.040  28.563 0.0000000000
52748  -57.855  -35.034  28.824 0.0000000000
57533  -54.854  -31.378  27.533 0.0000000000
58663  -54.110  -30.642  27.047 0.0000000000
60956  -54.591  -28.566  27.969 0.0000000000
60957  -54.748  -28.724  28.097 0.0000000000
60967  -54.204  -28.358  27.583 0.0000000000
62185  -53.737  -27.780  27.174 0.0000000000
