#!ascii label  , from subject 4024 vox2ras=TkReg
992
44625  -37.133  -42.433  20.130 0.0000000000
45575  -27.815  -41.662  28.734 0.0000000000
43435  -29.743  -43.768  24.134 0.0000000000
71381  -52.418  -18.794  20.378 0.0000000000
73638  -59.841  -17.515  18.876 0.0000000000
40028  -24.210  -46.471  30.887 0.0000000000
69006  -48.133  -20.861  21.277 0.0000000000
44666  -39.851  -42.038  17.663 0.0000000000
44564  -33.303  -41.982  22.216 0.0000000000
43387  -25.048  -43.605  28.995 0.0000000000
35238  -28.117  -50.688  28.308 0.0000000000
49308  -32.090  -38.441  19.408 0.0000000000
51773  -34.907  -36.513  17.321 0.0000000000
46750  -30.158  -40.719  28.519 0.0000000000
49265  -30.916  -37.896  23.766 0.0000000000
62287  -42.454  -27.550  20.209 0.0000000000
64476  -45.652  -25.555  19.581 0.0000000000
65559  -48.646  -24.263  19.207 0.0000000000
32706  -20.522  -52.631  31.515 0.0000000000
30116  -17.889  -54.846  35.204 0.0000000000
55358  -37.238  -33.750  17.961 0.0000000000
57640  -39.002  -30.954  20.114 0.0000000000
61024  -39.781  -28.684  21.949 0.0000000000
33997  -23.692  -51.430  28.727 0.0000000000
42315  -28.198  -44.347  29.637 0.0000000000
43362  -29.398  -44.268  30.989 0.0000000000
43513  -35.131  -43.436  20.669 0.0000000000
46733  -26.413  -40.374  29.319 0.0000000000
44467  -26.349  -42.473  28.448 0.0000000000
40066  -27.683  -45.790  28.511 0.0000000000
51653  -34.362  -35.824  22.675 0.0000000000
49299  -31.136  -38.406  20.994 0.0000000000
65525  -42.946  -24.523  21.532 0.0000000000
62301  -43.718  -27.496  19.561 0.0000000000
66653  -44.448  -23.619  20.560 0.0000000000
69021  -48.658  -21.088  19.659 0.0000000000
70252  -49.987  -20.665  19.223 0.0000000000
66675  -50.762  -23.278  18.525 0.0000000000
71401  -52.175  -19.787  18.673 0.0000000000
71403  -53.787  -19.740  18.291 0.0000000000
54157  -36.305  -33.790  20.942 0.0000000000
52999  -36.557  -35.484  17.195 0.0000000000
55318  -36.529  -33.012  20.879 0.0000000000
59833  -36.980  -29.474  22.968 0.0000000000
62225  -37.791  -27.977  23.480 0.0000000000
58722  -39.574  -30.059  21.791 0.0000000000
63345  -38.963  -27.009  22.821 0.0000000000
63359  -40.696  -26.001  22.504 0.0000000000
44491  -29.455  -42.544  26.805 0.0000000000
35180  -22.913  -50.015  30.929 0.0000000000
36485  -23.915  -49.123  30.298 0.0000000000
27360  -15.866  -56.951  34.082 0.0000000000
25907  -14.855  -58.212  36.251 0.0000000000
69004  -46.850  -21.754  22.264 0.0000000000
45783  -41.504  -41.139  17.673 0.0000000000
44531  -31.665  -42.708  23.122 0.0000000000
41195  -24.402  -45.409  30.170 0.0000000000
38862  -24.863  -48.370  28.727 0.0000000000
40088  -25.997  -47.013  27.651 0.0000000000
72525  -61.932  -18.476  18.260 0.0000000000
45761  -34.662  -41.358  19.331 0.0000000000
45793  -35.795  -40.990  17.938 0.0000000000
50569  -33.413  -37.720  18.157 0.0000000000
47929  -28.082  -39.604  28.901 0.0000000000
45578  -29.902  -41.835  29.705 0.0000000000
49171  -29.236  -38.731  28.663 0.0000000000
49200  -30.051  -39.640  27.655 0.0000000000
47981  -29.588  -39.602  25.553 0.0000000000
50445  -31.689  -36.665  26.316 0.0000000000
46807  -29.761  -40.209  23.823 0.0000000000
46857  -30.582  -40.505  21.677 0.0000000000
45743  -32.807  -41.329  20.370 0.0000000000
58726  -43.239  -30.564  22.600 0.0000000000
67828  -46.395  -22.310  20.384 0.0000000000
65545  -47.040  -24.661  19.528 0.0000000000
70259  -55.906  -19.844  17.983 0.0000000000
31434  -19.266  -53.937  33.051 0.0000000000
28777  -17.541  -55.455  33.065 0.0000000000
48130  -37.651  -39.347  16.399 0.0000000000
49360  -39.140  -38.448  16.519 0.0000000000
51778  -40.348  -36.762  17.459 0.0000000000
57604  -36.381  -31.507  22.174 0.0000000000
56487  -38.417  -32.425  18.640 0.0000000000
52977  -41.969  -35.978  18.153 0.0000000000
54172  -42.351  -34.245  19.297 0.0000000000
56453  -41.728  -31.594  21.360 0.0000000000
56440  -43.152  -31.931  22.900 0.0000000000
61059  -40.880  -27.944  21.105 0.0000000000
63360  -41.702  -25.549  22.032 0.0000000000
42317  -30.373  -44.229  29.589 0.0000000000
35159  -21.877  -50.891  33.005 0.0000000000
32727  -22.034  -52.037  29.905 0.0000000000
33999  -25.199  -51.608  28.252 0.0000000000
23115  -14.025  -59.808  38.379 0.0000000000
43377  -28.072  -43.379  29.394 0.0000000000
43378  -28.552  -43.550  30.169 0.0000000000
44443  -28.944  -43.066  30.384 0.0000000000
44608  -36.586  -42.580  20.740 0.0000000000
46747  -27.345  -40.627  28.667 0.0000000000
45588  -26.116  -41.524  28.544 0.0000000000
44468  -27.082  -42.650  28.503 0.0000000000
42327  -27.694  -44.265  28.926 0.0000000000
65517  -44.274  -23.857  22.511 0.0000000000
65534  -43.510  -24.441  20.818 0.0000000000
66638  -44.564  -22.925  22.079 0.0000000000
71368  -52.260  -19.437  20.993 0.0000000000
71391  -50.351  -19.395  19.806 0.0000000000
71392  -51.257  -19.385  19.340 0.0000000000
70245  -51.039  -20.060  18.947 0.0000000000
72500  -51.889  -19.187  19.297 0.0000000000
72502  -53.395  -18.569  19.176 0.0000000000
55309  -36.538  -33.286  21.599 0.0000000000
61002  -37.930  -27.955  24.802 0.0000000000
62240  -38.339  -27.469  23.271 0.0000000000
63319  -38.987  -26.598  24.600 0.0000000000
63335  -40.360  -25.971  24.711 0.0000000000
43418  -29.418  -43.581  25.239 0.0000000000
41257  -29.923  -44.575  25.756 0.0000000000
42362  -30.624  -44.591  25.144 0.0000000000
37641  -24.216  -48.257  31.474 0.0000000000
37662  -24.318  -48.423  30.482 0.0000000000
72535  -58.561  -18.962  17.704 0.0000000000
25917  -15.166  -57.928  35.140 0.0000000000
43532  -40.329  -43.326  19.687 0.0000000000
44667  -40.673  -41.865  17.573 0.0000000000
44563  -32.068  -42.202  22.400 0.0000000000
44534  -34.671  -42.897  23.758 0.0000000000
44452  -25.090  -42.297  29.340 0.0000000000
43365  -24.556  -43.362  30.249 0.0000000000
43360  -24.385  -43.432  31.212 0.0000000000
42314  -24.720  -44.241  29.591 0.0000000000
40065  -25.387  -46.795  28.311 0.0000000000
41205  -25.489  -45.609  28.344 0.0000000000
40045  -28.303  -46.655  29.472 0.0000000000
38865  -28.205  -47.127  28.487 0.0000000000
46914  -33.100  -40.056  18.744 0.0000000000
48100  -33.577  -39.474  18.108 0.0000000000
50568  -32.843  -37.918  18.544 0.0000000000
49169  -27.675  -38.603  29.488 0.0000000000
49170  -28.554  -38.608  29.134 0.0000000000
50393  -28.089  -37.569  29.733 0.0000000000
50409  -29.483  -37.614  28.283 0.0000000000
50427  -29.839  -37.229  27.665 0.0000000000
50442  -29.713  -38.394  26.917 0.0000000000
50443  -30.172  -37.666  26.557 0.0000000000
51602  -32.389  -36.676  25.297 0.0000000000
50487  -31.702  -37.209  25.076 0.0000000000
49236  -30.867  -38.247  24.720 0.0000000000
48015  -30.130  -39.466  23.327 0.0000000000
46841  -30.081  -40.557  22.534 0.0000000000
49276  -30.509  -38.399  22.590 0.0000000000
49307  -31.623  -38.418  20.076 0.0000000000
48061  -31.440  -39.339  20.328 0.0000000000
46903  -32.370  -40.031  19.451 0.0000000000
46904  -33.369  -40.786  19.493 0.0000000000
59882  -42.391  -29.131  20.987 0.0000000000
58747  -43.351  -30.208  22.030 0.0000000000
59883  -43.226  -29.390  20.818 0.0000000000
62302  -44.720  -27.370  19.441 0.0000000000
59895  -45.171  -29.072  19.741 0.0000000000
69005  -47.561  -21.190  21.943 0.0000000000
69012  -46.821  -21.646  21.391 0.0000000000
69013  -47.477  -21.436  20.785 0.0000000000
67840  -48.298  -22.712  19.024 0.0000000000
66663  -47.603  -23.566  19.355 0.0000000000
65546  -48.071  -24.719  19.420 0.0000000000
63418  -47.860  -26.437  20.026 0.0000000000
71404  -54.819  -19.510  18.099 0.0000000000
71405  -55.854  -19.193  18.295 0.0000000000
71406  -56.766  -19.018  18.289 0.0000000000
33917  -20.663  -51.866  33.243 0.0000000000
32680  -20.315  -52.528  33.904 0.0000000000
31448  -19.885  -53.355  32.338 0.0000000000
28789  -18.491  -55.945  31.726 0.0000000000
24549  -17.333  -57.692  33.056 0.0000000000
49356  -35.307  -38.471  16.680 0.0000000000
46938  -36.554  -39.894  16.772 0.0000000000
49357  -36.294  -38.349  16.488 0.0000000000
54207  -37.191  -34.539  17.515 0.0000000000
51799  -37.330  -36.452  16.790 0.0000000000
53031  -38.535  -36.176  16.851 0.0000000000
50580  -39.978  -37.534  17.160 0.0000000000
53001  -38.847  -35.594  17.215 0.0000000000
58684  -36.439  -30.576  24.666 0.0000000000
59863  -37.771  -29.945  21.537 0.0000000000
58742  -37.304  -30.444  21.367 0.0000000000
57650  -39.357  -31.656  19.417 0.0000000000
54186  -40.193  -34.032  18.153 0.0000000000
56489  -40.495  -32.843  18.575 0.0000000000
54188  -41.808  -34.860  18.705 0.0000000000
57652  -40.780  -32.062  19.589 0.0000000000
58723  -40.220  -30.210  22.023 0.0000000000
57624  -41.172  -31.204  21.562 0.0000000000
57605  -41.439  -31.007  22.160 0.0000000000
56439  -42.517  -31.585  22.373 0.0000000000
58724  -41.184  -30.562  22.215 0.0000000000
59849  -41.553  -29.753  22.046 0.0000000000
61025  -40.827  -29.197  21.638 0.0000000000
64418  -41.478  -25.366  23.957 0.0000000000
64419  -42.436  -25.037  23.611 0.0000000000
46737  -30.174  -40.984  29.181 0.0000000000
44456  -30.365  -42.442  29.920 0.0000000000
44469  -30.608  -42.639  29.350 0.0000000000
35198  -23.210  -50.435  30.054 0.0000000000
35197  -22.546  -50.803  30.382 0.0000000000
33977  -22.393  -51.447  29.758 0.0000000000
36535  -26.444  -49.334  27.611 0.0000000000
36517  -25.138  -49.824  28.197 0.0000000000
35237  -27.137  -50.896  27.988 0.0000000000
40029  -28.348  -46.360  30.610 0.0000000000
41176  -28.616  -45.494  31.975 0.0000000000
43361  -29.080  -44.510  31.434 0.0000000000
42296  -29.975  -44.878  31.467 0.0000000000
44588  -34.394  -42.497  21.219 0.0000000000
44535  -35.600  -43.202  23.244 0.0000000000
46732  -25.666  -40.732  29.534 0.0000000000
45587  -25.511  -41.489  29.099 0.0000000000
43388  -25.643  -43.346  28.556 0.0000000000
41206  -26.472  -45.241  28.195 0.0000000000
42326  -26.930  -44.310  28.450 0.0000000000
41196  -27.832  -44.978  29.150 0.0000000000
51716  -32.075  -36.674  21.173 0.0000000000
51717  -32.573  -36.471  20.417 0.0000000000
51629  -31.965  -36.806  24.309 0.0000000000
50520  -31.208  -37.504  22.711 0.0000000000
51697  -32.072  -36.444  21.872 0.0000000000
63397  -42.822  -26.281  20.333 0.0000000000
62288  -43.132  -27.848  19.846 0.0000000000
63398  -43.586  -25.895  20.063 0.0000000000
64459  -44.269  -25.206  20.214 0.0000000000
65536  -44.793  -24.238  20.134 0.0000000000
69014  -48.314  -20.879  20.479 0.0000000000
70242  -49.078  -20.235  20.287 0.0000000000
69022  -49.443  -20.988  19.347 0.0000000000
67841  -48.932  -22.283  18.824 0.0000000000
66674  -49.660  -23.289  18.665 0.0000000000
67842  -50.180  -22.310  18.551 0.0000000000
70254  -51.446  -20.520  18.515 0.0000000000
70255  -52.438  -20.632  18.183 0.0000000000
71402  -52.943  -19.890  18.510 0.0000000000
72518  -54.115  -18.938  18.656 0.0000000000
31482  -20.702  -53.485  30.520 0.0000000000
31463  -20.031  -53.765  31.239 0.0000000000
30183  -20.359  -54.507  30.474 0.0000000000
52976  -35.175  -34.954  18.765 0.0000000000
51797  -35.570  -36.440  16.942 0.0000000000
54171  -35.734  -34.233  19.470 0.0000000000
55338  -36.188  -33.590  18.988 0.0000000000
55328  -36.526  -33.053  19.164 0.0000000000
59811  -37.043  -29.522  24.891 0.0000000000
60990  -37.651  -28.550  25.128 0.0000000000
61013  -37.464  -28.725  23.082 0.0000000000
59864  -38.316  -29.756  21.642 0.0000000000
58744  -39.032  -30.179  21.335 0.0000000000
59846  -38.572  -29.342  22.139 0.0000000000
61023  -38.928  -28.764  22.416 0.0000000000
63357  -39.317  -27.401  22.419 0.0000000000
63358  -39.801  -26.930  22.123 0.0000000000
63346  -39.587  -26.368  23.189 0.0000000000
44478  -29.958  -42.537  27.758 0.0000000000
43399  -30.298  -43.468  28.119 0.0000000000
43398  -29.745  -43.489  27.207 0.0000000000
36484  -23.507  -49.788  30.219 0.0000000000
35216  -23.455  -50.628  29.153 0.0000000000
27347  -17.024  -55.777  34.902 0.0000000000
28743  -17.902  -55.331  36.614 0.0000000000
27321  -16.476  -56.198  36.217 0.0000000000
27320  -15.969  -56.584  36.705 0.0000000000
25885  -15.389  -57.860  38.011 0.0000000000
46918  -42.513  -40.225  18.359 0.0000000000
43463  -31.366  -43.276  23.670 0.0000000000
42380  -31.925  -43.845  24.554 0.0000000000
42293  -24.203  -44.455  31.758 0.0000000000
41185  -24.110  -45.442  31.284 0.0000000000
38843  -24.611  -47.735  29.516 0.0000000000
40044  -24.994  -46.961  29.013 0.0000000000
38863  -25.390  -47.888  27.939 0.0000000000
36536  -27.349  -49.263  27.702 0.0000000000
40089  -26.893  -46.618  27.655 0.0000000000
37714  -27.541  -48.359  28.068 0.0000000000
36538  -29.131  -49.876  28.035 0.0000000000
73639  -60.876  -17.709  18.854 0.0000000000
45762  -35.650  -41.677  19.494 0.0000000000
45780  -36.249  -41.521  18.708 0.0000000000
46916  -35.032  -40.650  18.315 0.0000000000
48116  -34.719  -39.509  17.467 0.0000000000
50577  -33.977  -37.676  17.617 0.0000000000
51718  -33.067  -36.377  19.720 0.0000000000
52958  -33.577  -36.022  19.097 0.0000000000
52975  -34.324  -35.788  18.353 0.0000000000
54156  -35.687  -34.542  20.552 0.0000000000
46748  -28.036  -40.563  28.758 0.0000000000
45577  -29.269  -41.630  29.561 0.0000000000
46735  -28.781  -40.569  29.103 0.0000000000
46736  -29.627  -40.642  29.210 0.0000000000
47943  -29.664  -39.711  28.664 0.0000000000
50394  -28.987  -37.642  29.129 0.0000000000
49184  -29.767  -38.970  28.106 0.0000000000
47952  -30.355  -40.015  27.904 0.0000000000
47951  -29.907  -39.977  27.361 0.0000000000
46778  -29.512  -40.574  25.941 0.0000000000
45638  -29.283  -41.449  25.160 0.0000000000
51573  -30.710  -36.785  26.662 0.0000000000
50463  -30.287  -38.030  25.761 0.0000000000
47998  -29.556  -40.034  24.953 0.0000000000
45655  -29.412  -41.725  24.004 0.0000000000
45696  -29.943  -41.515  22.691 0.0000000000
45697  -30.574  -41.475  22.124 0.0000000000
45699  -32.282  -41.881  21.525 0.0000000000
48044  -30.801  -39.635  21.291 0.0000000000
45724  -31.628  -41.355  20.882 0.0000000000
45700  -32.955  -41.811  21.367 0.0000000000
45727  -33.769  -41.880  20.806 0.0000000000
45746  -35.194  -42.107  20.151 0.0000000000
47928  -27.051  -39.615  29.506 0.0000000000
59894  -44.180  -29.357  19.935 0.0000000000
67823  -45.424  -22.438  21.286 0.0000000000
67827  -45.123  -22.890  20.666 0.0000000000
66661  -45.830  -24.187  19.662 0.0000000000
67829  -47.360  -21.831  20.133 0.0000000000
66662  -46.435  -23.815  19.580 0.0000000000
64477  -46.578  -25.570  19.622 0.0000000000
63417  -47.071  -26.452  19.708 0.0000000000
71416  -57.289  -19.583  17.865 0.0000000000
72521  -57.782  -18.536  18.332 0.0000000000
73637  -58.693  -17.649  19.080 0.0000000000
31421  -20.053  -53.211  34.636 0.0000000000
30118  -18.889  -54.228  34.737 0.0000000000
30149  -18.836  -54.285  32.311 0.0000000000
30133  -18.409  -54.490  33.139 0.0000000000
28765  -17.908  -54.836  33.660 0.0000000000
27361  -16.564  -56.544  33.736 0.0000000000
45794  -36.895  -41.203  17.670 0.0000000000
45795  -38.188  -41.644  17.858 0.0000000000
45796  -39.221  -41.361  17.214 0.0000000000
50594  -36.784  -37.418  16.487 0.0000000000
48131  -38.618  -39.370  16.448 0.0000000000
46930  -39.768  -40.703  16.855 0.0000000000
48133  -40.207  -39.387  16.708 0.0000000000
48120  -41.497  -39.388  17.691 0.0000000000
49324  -41.695  -38.525  18.086 0.0000000000
56452  -36.392  -32.302  21.499 0.0000000000
56463  -36.653  -32.191  20.651 0.0000000000
58720  -36.703  -30.601  21.926 0.0000000000
57638  -37.348  -31.328  20.681 0.0000000000
56486  -37.538  -32.568  18.776 0.0000000000
55361  -39.364  -34.130  17.629 0.0000000000
53003  -40.840  -36.088  17.757 0.0000000000
57642  -40.967  -31.680  20.202 0.0000000000
56466  -42.480  -32.850  20.520 0.0000000000
58725  -42.285  -30.599  22.393 0.0000000000
59867  -42.246  -29.406  21.508 0.0000000000
62286  -41.449  -27.485  20.733 0.0000000000
63377  -40.290  -27.175  21.604 0.0000000000
62273  -41.064  -27.012  21.154 0.0000000000
63396  -41.997  -26.897  20.503 0.0000000000
64444  -42.434  -24.907  21.648 0.0000000000
65516  -43.485  -24.290  22.169 0.0000000000
45568  -29.637  -42.113  30.037 0.0000000000
42306  -30.057  -44.173  30.524 0.0000000000
41209  -30.355  -45.258  29.193 0.0000000000
33928  -21.194  -51.401  32.615 0.0000000000
35161  -22.786  -50.163  31.777 0.0000000000
33944  -21.730  -51.205  31.388 0.0000000000
32707  -21.045  -52.261  30.923 0.0000000000
31505  -21.912  -53.139  29.857 0.0000000000
37696  -24.760  -49.267  28.811 0.0000000000
36516  -24.443  -49.887  28.568 0.0000000000
33998  -24.308  -51.420  28.425 0.0000000000
23121  -14.107  -60.103  36.440 0.0000000000
24500  -14.666  -58.882  37.557 0.0000000000
24489  -15.041  -58.571  38.802 0.0000000000
45764  -37.201  -42.304  19.607 0.0000000000
44453  -27.853  -42.382  28.908 0.0000000000
44454  -28.767  -42.518  29.778 0.0000000000
45589  -27.137  -41.631  28.472 0.0000000000
66627  -44.867  -23.418  22.810 0.0000000000
66637  -43.966  -23.724  21.718 0.0000000000
66639  -45.405  -22.894  22.711 0.0000000000
71380  -51.410  -19.194  20.242 0.0000000000
72486  -51.999  -18.923  19.677 0.0000000000
72487  -52.770  -18.472  19.759 0.0000000000
44510  -29.303  -42.708  24.538 0.0000000000
42361  -29.910  -44.330  25.171 0.0000000000
42378  -30.233  -44.221  24.544 0.0000000000
38809  -24.137  -47.392  31.681 0.0000000000
38823  -24.391  -47.495  30.633 0.0000000000
72522  -59.079  -18.152  18.150 0.0000000000
72536  -59.550  -18.838  17.646 0.0000000000
72523  -60.167  -18.201  18.207 0.0000000000
44649  -40.422  -42.624  18.196 0.0000000000
43549  -40.954  -43.010  18.734 0.0000000000
44533  -33.683  -42.548  23.286 0.0000000000
44451  -24.609  -42.445  29.940 0.0000000000
43375  -24.787  -43.138  29.456 0.0000000000
42324  -25.177  -44.414  28.731 0.0000000000
46913  -32.656  -39.654  18.975 0.0000000000
48099  -32.806  -39.283  18.575 0.0000000000
49322  -32.532  -38.493  18.787 0.0000000000
51528  -30.796  -35.728  28.911 0.0000000000
51527  -29.826  -36.375  28.312 0.0000000000
51548  -30.441  -36.620  27.282 0.0000000000
50486  -31.289  -37.625  24.383 0.0000000000
49251  -30.876  -38.227  24.155 0.0000000000
49264  -30.551  -38.390  23.558 0.0000000000
50503  -30.686  -37.778  23.153 0.0000000000
48080  -31.826  -39.208  19.623 0.0000000000
61061  -42.118  -28.577  20.700 0.0000000000
61062  -42.982  -28.487  20.195 0.0000000000
63415  -45.139  -26.425  19.516 0.0000000000
61075  -45.387  -28.218  19.485 0.0000000000
63416  -46.137  -26.439  19.616 0.0000000000
70224  -48.588  -20.717  22.160 0.0000000000
66673  -48.565  -23.399  18.991 0.0000000000
66672  -47.973  -22.954  18.990 0.0000000000
66664  -48.255  -23.950  19.379 0.0000000000
72520  -56.471  -18.287  18.942 0.0000000000
33927  -20.667  -51.976  32.230 0.0000000000
32691  -20.283  -52.595  32.802 0.0000000000
50592  -35.087  -37.668  16.736 0.0000000000
50579  -35.190  -37.087  16.957 0.0000000000
53000  -37.599  -35.500  17.092 0.0000000000
54208  -38.226  -34.622  17.356 0.0000000000
58765  -38.586  -30.540  20.700 0.0000000000
58764  -37.851  -30.659  20.786 0.0000000000
56476  -39.919  -31.923  19.118 0.0000000000
56477  -40.406  -32.253  19.142 0.0000000000
57651  -40.316  -31.663  19.588 0.0000000000
59848  -40.494  -29.683  22.013 0.0000000000
61041  -39.860  -28.088  21.563 0.0000000000
45591  -30.259  -41.812  29.132 0.0000000000
44479  -30.477  -42.546  28.629 0.0000000000
33978  -23.092  -51.508  29.216 0.0000000000
35215  -22.907  -50.939  29.683 0.0000000000
32747  -22.719  -52.342  29.464 0.0000000000
32748  -23.777  -52.321  29.006 0.0000000000
35260  -26.816  -50.043  27.573 0.0000000000
35259  -26.209  -49.906  27.562 0.0000000000
30103  -19.005  -54.297  35.242 0.0000000000
30102  -18.350  -54.699  35.837 0.0000000000
44628  -39.442  -42.779  19.391 0.0000000000
41186  -28.239  -45.396  31.118 0.0000000000
43366  -29.070  -43.849  30.695 0.0000000000
42295  -29.500  -44.777  31.674 0.0000000000
42305  -29.703  -44.376  30.982 0.0000000000
44589  -35.148  -42.908  21.660 0.0000000000
46727  -26.077  -40.201  29.913 0.0000000000
44466  -25.651  -42.342  28.813 0.0000000000
43389  -26.562  -43.410  28.376 0.0000000000
41197  -28.190  -45.486  29.747 0.0000000000
51698  -32.786  -36.009  21.443 0.0000000000
51650  -31.707  -37.011  23.438 0.0000000000
51652  -33.654  -36.034  23.266 0.0000000000
51674  -32.727  -36.187  22.469 0.0000000000
64457  -42.785  -24.934  20.863 0.0000000000
66652  -43.984  -24.101  20.731 0.0000000000
65535  -44.200  -24.554  20.468 0.0000000000
65542  -44.659  -24.848  20.088 0.0000000000
71377  -49.426  -20.182  20.760 0.0000000000
71389  -49.505  -19.944  20.500 0.0000000000
70243  -49.579  -20.163  19.648 0.0000000000
69028  -49.081  -21.508  19.151 0.0000000000
69029  -49.813  -21.374  18.800 0.0000000000
70253  -50.581  -20.674  18.846 0.0000000000
71400  -51.523  -19.785  18.845 0.0000000000
72516  -52.683  -19.445  18.721 0.0000000000
72488  -53.681  -18.285  19.967 0.0000000000
52960  -35.191  -34.820  19.415 0.0000000000
55317  -36.152  -33.498  20.289 0.0000000000
55327  -36.196  -33.259  19.626 0.0000000000
56472  -36.387  -32.872  20.158 0.0000000000
61001  -37.533  -28.496  24.191 0.0000000000
61022  -38.117  -28.735  22.479 0.0000000000
62252  -38.490  -28.336  22.592 0.0000000000
62253  -38.925  -27.914  22.577 0.0000000000
64404  -40.799  -25.799  24.583 0.0000000000
45604  -29.682  -41.594  27.338 0.0000000000
41259  -30.866  -45.495  25.640 0.0000000000
41239  -30.136  -45.737  26.342 0.0000000000
36468  -24.042  -49.031  31.266 0.0000000000
36499  -23.548  -50.143  29.705 0.0000000000
36500  -24.015  -49.725  29.372 0.0000000000
27346  -16.340  -56.305  34.711 0.0000000000
27335  -16.779  -56.012  35.588 0.0000000000
27333  -15.421  -57.219  35.951 0.0000000000
27319  -15.374  -57.473  37.115 0.0000000000
27307  -15.637  -57.468  37.657 0.0000000000
25895  -14.933  -58.410  37.242 0.0000000000
44650  -41.414  -42.196  18.032 0.0000000000
44651  -42.332  -42.375  18.575 0.0000000000
45784  -42.271  -41.276  18.152 0.0000000000
44530  -30.753  -42.803  23.203 0.0000000000
43464  -32.042  -42.933  23.744 0.0000000000
42303  -24.431  -44.393  30.708 0.0000000000
40043  -24.540  -46.535  29.677 0.0000000000
40064  -24.844  -46.250  28.738 0.0000000000
41219  -25.778  -46.386  28.032 0.0000000000
38882  -26.131  -47.933  27.673 0.0000000000
37713  -26.672  -48.525  27.690 0.0000000000
41221  -26.906  -45.890  28.041 0.0000000000
40090  -27.561  -46.214  28.127 0.0000000000
36501  -29.078  -48.705  29.530 0.0000000000
38864  -27.883  -47.770  28.257 0.0000000000
36518  -28.826  -48.884  29.040 0.0000000000
36537  -28.355  -49.322  28.070 0.0000000000
45779  -35.201  -41.102  18.630 0.0000000000
45778  -34.761  -40.951  18.869 0.0000000000
49337  -33.710  -38.547  17.731 0.0000000000
48101  -34.255  -39.782  17.893 0.0000000000
49338  -34.482  -38.512  17.195 0.0000000000
52920  -33.262  -35.629  21.077 0.0000000000
52941  -33.568  -35.765  20.333 0.0000000000
52942  -34.702  -35.162  20.658 0.0000000000
52974  -33.810  -36.203  18.518 0.0000000000
52959  -34.525  -35.184  19.568 0.0000000000
54155  -35.011  -34.887  20.159 0.0000000000
47930  -29.023  -39.647  28.950 0.0000000000
49185  -30.125  -39.516  27.882 0.0000000000
49216  -29.604  -38.758  26.333 0.0000000000
47965  -29.622  -39.768  26.559 0.0000000000
46792  -29.433  -40.438  25.209 0.0000000000
50465  -31.723  -36.961  25.802 0.0000000000
52787  -32.594  -35.895  26.911 0.0000000000
51574  -31.409  -36.229  26.852 0.0000000000
50444  -31.071  -36.942  26.217 0.0000000000
49250  -30.491  -38.778  24.274 0.0000000000
47999  -29.881  -39.544  24.601 0.0000000000
46806  -29.445  -40.595  24.455 0.0000000000
46821  -29.493  -40.944  23.551 0.0000000000
45671  -29.593  -41.714  23.172 0.0000000000
46840  -29.630  -41.030  22.938 0.0000000000
45698  -31.397  -41.823  21.731 0.0000000000
45723  -30.933  -41.231  21.340 0.0000000000
49287  -31.016  -38.069  22.024 0.0000000000
49286  -30.707  -38.812  21.668 0.0000000000
49298  -30.772  -38.997  21.118 0.0000000000
46878  -31.688  -40.433  20.225 0.0000000000
48045  -31.264  -39.835  20.769 0.0000000000
45742  -32.170  -41.201  20.366 0.0000000000
45725  -32.461  -41.679  20.812 0.0000000000
45726  -33.152  -41.716  20.815 0.0000000000
46905  -34.106  -40.951  19.301 0.0000000000
45760  -33.932  -41.387  19.646 0.0000000000
45747  -35.948  -42.282  20.187 0.0000000000
49158  -27.117  -38.563  30.162 0.0000000000
47942  -27.572  -40.104  28.944 0.0000000000
57607  -43.056  -31.216  23.280 0.0000000000
58748  -43.948  -30.479  21.984 0.0000000000
58727  -44.265  -30.865  22.757 0.0000000000
61073  -43.604  -28.470  19.722 0.0000000000
68994  -46.903  -21.926  22.697 0.0000000000
67818  -45.385  -22.384  22.089 0.0000000000
67824  -46.174  -22.080  21.692 0.0000000000
66654  -45.532  -23.570  20.005 0.0000000000
66655  -46.253  -23.125  19.806 0.0000000000
69020  -47.830  -21.395  20.013 0.0000000000
67832  -46.838  -22.963  19.593 0.0000000000
65544  -46.120  -24.734  19.548 0.0000000000
62289  -48.121  -27.709  20.416 0.0000000000
70257  -53.861  -20.327  17.981 0.0000000000
70258  -55.470  -19.681  17.983 0.0000000000
70272  -55.294  -20.348  17.778 0.0000000000
71415  -56.444  -19.600  18.031 0.0000000000
73636  -57.593  -17.853  19.403 0.0000000000
31435  -19.826  -53.240  33.539 0.0000000000
31420  -19.166  -53.817  34.404 0.0000000000
31419  -18.776  -54.099  33.669 0.0000000000
30165  -19.830  -54.304  30.977 0.0000000000
31447  -19.417  -53.961  31.835 0.0000000000
30164  -19.320  -54.780  31.096 0.0000000000
28788  -17.983  -55.780  32.254 0.0000000000
30148  -18.374  -55.067  32.079 0.0000000000
30132  -17.965  -54.956  32.764 0.0000000000
28776  -17.091  -55.877  33.697 0.0000000000
27362  -17.171  -56.458  33.135 0.0000000000
25930  -16.961  -57.289  33.245 0.0000000000
45781  -37.365  -42.039  18.847 0.0000000000
46939  -37.101  -40.205  16.787 0.0000000000
45805  -37.139  -40.714  17.201 0.0000000000
45806  -37.625  -40.903  17.097 0.0000000000
45807  -38.428  -41.025  16.913 0.0000000000
46940  -38.083  -40.231  16.645 0.0000000000
53028  -36.000  -35.884  16.906 0.0000000000
51798  -36.361  -36.501  16.754 0.0000000000
50596  -38.614  -37.596  16.579 0.0000000000
50595  -37.740  -37.504  16.532 0.0000000000
48132  -39.475  -39.387  16.556 0.0000000000
46931  -40.470  -40.321  16.955 0.0000000000
49341  -40.365  -38.470  17.054 0.0000000000
49342  -41.089  -38.511  17.561 0.0000000000
50582  -41.377  -37.674  17.885 0.0000000000
57588  -36.238  -31.606  23.082 0.0000000000
57621  -36.658  -31.435  21.412 0.0000000000
59821  -36.562  -29.978  23.322 0.0000000000
59810  -36.402  -29.896  24.104 0.0000000000
59832  -36.813  -30.048  22.547 0.0000000000
57649  -38.322  -31.617  19.612 0.0000000000
57648  -37.699  -31.622  20.019 0.0000000000
56474  -37.520  -32.179  19.498 0.0000000000
55360  -38.828  -33.916  17.600 0.0000000000
55341  -38.677  -33.220  18.188 0.0000000000
54187  -40.731  -34.328  18.295 0.0000000000
54211  -40.830  -35.170  17.854 0.0000000000
54212  -41.384  -35.659  18.036 0.0000000000
51755  -41.705  -36.855  18.108 0.0000000000
55329  -42.016  -33.677  19.217 0.0000000000
59865  -39.000  -29.802  21.879 0.0000000000
58767  -39.939  -30.580  20.817 0.0000000000
58745  -40.098  -30.535  21.324 0.0000000000
56465  -41.675  -31.954  20.808 0.0000000000
61026  -41.358  -29.340  21.653 0.0000000000
59866  -41.644  -29.377  21.634 0.0000000000
61043  -41.474  -28.967  21.256 0.0000000000
61044  -42.049  -29.028  21.102 0.0000000000
61060  -41.224  -28.204  20.949 0.0000000000
62271  -40.064  -27.577  21.551 0.0000000000
63379  -41.558  -26.435  21.244 0.0000000000
63380  -42.132  -25.489  21.240 0.0000000000
63361  -42.139  -25.263  21.852 0.0000000000
65515  -42.816  -24.645  22.150 0.0000000000
44455  -29.364  -42.229  29.955 0.0000000000
43379  -30.474  -43.263  29.864 0.0000000000
43368  -30.260  -43.057  30.440 0.0000000000
41198  -30.486  -45.065  30.215 0.0000000000
41223  -30.413  -45.716  27.787 0.0000000000
42328  -30.274  -44.414  28.572 0.0000000000
42364  -32.935  -44.434  25.577 0.0000000000
35178  -21.717  -50.973  32.044 0.0000000000
36447  -23.320  -49.569  31.898 0.0000000000
36446  -22.837  -49.970  32.197 0.0000000000
33961  -21.774  -51.459  30.616 0.0000000000
35179  -22.296  -50.732  31.375 0.0000000000
33960  -21.340  -51.941  30.823 0.0000000000
32726  -21.547  -52.431  30.312 0.0000000000
35236  -25.892  -50.629  27.826 0.0000000000
35235  -24.660  -50.638  28.260 0.0000000000
72524  -61.105  -18.407  18.317 0.0000000000
23118  -13.909  -60.105  37.620 0.0000000000
24491  -14.490  -59.360  37.894 0.0000000000
24492  -14.815  -58.699  38.040 0.0000000000
24488  -14.530  -59.211  38.606 0.0000000000
42316  -28.468  -44.518  30.525 0.0000000000
44607  -35.587  -43.053  20.696 0.0000000000
46746  -26.580  -40.738  28.574 0.0000000000
46745  -25.897  -40.804  28.801 0.0000000000
43390  -27.408  -43.391  28.697 0.0000000000
52876  -35.060  -35.803  23.497 0.0000000000
65526  -43.418  -24.172  21.375 0.0000000000
65533  -43.088  -24.457  21.095 0.0000000000
66647  -43.801  -23.791  20.999 0.0000000000
66648  -44.238  -23.229  21.230 0.0000000000
71379  -50.518  -19.507  20.594 0.0000000000
70244  -50.475  -20.053  19.351 0.0000000000
71393  -51.837  -19.391  19.016 0.0000000000
72501  -52.452  -19.019  19.074 0.0000000000
55300  -36.533  -33.497  22.503 0.0000000000
62226  -38.054  -27.575  24.133 0.0000000000
63333  -38.687  -26.755  23.893 0.0000000000
63334  -39.502  -26.246  24.221 0.0000000000
44499  -29.232  -42.574  25.716 0.0000000000
43408  -29.470  -43.477  26.244 0.0000000000
42349  -29.677  -44.209  25.874 0.0000000000
41258  -30.241  -44.912  25.734 0.0000000000
41260  -31.878  -45.479  25.743 0.0000000000
72534  -57.922  -19.186  17.760 0.0000000000
25928  -15.486  -57.859  34.146 0.0000000000
27345  -15.563  -57.019  34.901 0.0000000000
24509  -14.964  -58.817  35.361 0.0000000000
24508  -14.591  -59.105  36.125 0.0000000000
44668  -41.158  -41.614  17.567 0.0000000000
44532  -32.681  -42.660  23.236 0.0000000000
44512  -33.715  -42.711  24.110 0.0000000000
43465  -34.870  -43.186  24.259 0.0000000000
45574  -25.031  -41.485  30.006 0.0000000000
45573  -24.542  -41.956  30.334 0.0000000000
44442  -24.407  -42.502  30.670 0.0000000000
41204  -24.643  -45.385  29.045 0.0000000000
40067  -27.988  -46.197  28.661 0.0000000000
38885  -27.916  -46.588  28.188 0.0000000000
38845  -28.499  -47.473  29.237 0.0000000000
37682  -28.887  -48.160  29.657 0.0000000000
46915  -34.339  -40.519  18.555 0.0000000000
49323  -33.107  -38.575  18.262 0.0000000000
52735  -29.307  -36.208  28.791 0.0000000000
50410  -29.690  -37.060  28.097 0.0000000000
50426  -29.660  -38.136  27.464 0.0000000000
49199  -29.724  -39.118  27.294 0.0000000000
51576  -33.447  -36.214  26.526 0.0000000000
50464  -30.915  -37.651  25.453 0.0000000000
46822  -29.732  -40.428  23.188 0.0000000000
48029  -30.346  -39.538  22.120 0.0000000000
46902  -31.725  -39.792  19.823 0.0000000000
46879  -32.520  -40.894  19.897 0.0000000000
46880  -33.026  -41.150  19.976 0.0000000000
59851  -43.042  -30.130  22.175 0.0000000000
59868  -43.049  -29.750  21.807 0.0000000000
58768  -43.543  -30.057  21.521 0.0000000000
59884  -44.029  -29.832  20.463 0.0000000000
61074  -44.447  -28.361  19.520 0.0000000000
70223  -48.059  -21.138  22.611 0.0000000000
67834  -48.595  -21.773  19.227 0.0000000000
67833  -47.802  -22.250  19.445 0.0000000000
64478  -47.523  -25.614  19.700 0.0000000000
71413  -54.283  -20.032  17.948 0.0000000000
25943  -17.445  -57.229  32.756 0.0000000000
48117  -35.491  -39.517  17.032 0.0000000000
46928  -36.258  -40.314  17.235 0.0000000000
48118  -36.190  -39.642  16.796 0.0000000000
48129  -36.706  -39.299  16.518 0.0000000000
54206  -36.291  -34.704  17.621 0.0000000000
51775  -37.045  -35.917  17.128 0.0000000000
51800  -38.301  -36.730  16.730 0.0000000000
51801  -38.937  -36.955  16.731 0.0000000000
49340  -39.756  -38.132  16.789 0.0000000000
51776  -38.834  -36.401  16.879 0.0000000000
51777  -39.454  -36.661  17.163 0.0000000000
58695  -36.375  -30.726  23.694 0.0000000000
59844  -37.047  -30.116  22.154 0.0000000000
58721  -37.129  -30.185  21.896 0.0000000000
57639  -38.075  -31.002  20.205 0.0000000000
57659  -38.611  -31.930  19.087 0.0000000000
55342  -39.687  -33.584  18.101 0.0000000000
56488  -39.497  -32.445  18.690 0.0000000000
55343  -40.567  -33.593  18.413 0.0000000000
55344  -41.298  -33.672  18.722 0.0000000000
56478  -41.404  -32.660  19.420 0.0000000000
59847  -39.521  -29.514  22.108 0.0000000000
58746  -40.596  -30.713  21.938 0.0000000000
57625  -41.891  -31.305  21.868 0.0000000000
56454  -42.286  -31.756  21.685 0.0000000000
57606  -42.098  -31.196  22.340 0.0000000000
61042  -40.559  -28.290  21.329 0.0000000000
64429  -40.866  -25.442  23.474 0.0000000000
64430  -41.481  -25.173  22.983 0.0000000000
64431  -42.281  -25.001  22.464 0.0000000000
32746  -22.137  -52.633  29.809 0.0000000000
37697  -25.355  -48.952  28.215 0.0000000000
36534  -25.761  -49.564  27.714 0.0000000000
44648  -39.577  -42.566  18.378 0.0000000000
38810  -28.704  -47.152  31.242 0.0000000000
40019  -28.459  -46.207  31.694 0.0000000000
42304  -28.658  -44.731  31.419 0.0000000000
44565  -34.438  -42.579  22.503 0.0000000000
46726  -25.526  -40.484  30.505 0.0000000000
43376  -25.210  -42.939  28.991 0.0000000000
42325  -25.987  -44.368  28.305 0.0000000000
41207  -27.378  -45.260  28.488 0.0000000000
41208  -27.839  -45.515  28.880 0.0000000000
50558  -31.945  -37.777  19.769 0.0000000000
50545  -32.172  -37.154  19.849 0.0000000000
52940  -32.948  -35.834  20.796 0.0000000000
51628  -31.525  -37.204  23.935 0.0000000000
50504  -31.238  -37.515  23.572 0.0000000000
51673  -31.869  -36.718  22.607 0.0000000000
50531  -31.508  -37.277  21.688 0.0000000000
50544  -31.741  -37.400  20.523 0.0000000000
63413  -43.346  -26.822  19.734 0.0000000000
64458  -43.605  -25.290  20.414 0.0000000000
63414  -43.967  -26.402  19.663 0.0000000000
64475  -44.700  -25.526  19.773 0.0000000000
65543  -45.303  -24.659  19.759 0.0000000000
70234  -49.006  -20.575  21.120 0.0000000000
71390  -49.709  -19.670  20.237 0.0000000000
65560  -49.316  -24.259  18.834 0.0000000000
69030  -50.810  -21.428  18.463 0.0000000000
67843  -51.242  -22.354  18.317 0.0000000000
70256  -53.281  -20.407  18.125 0.0000000000
72517  -53.214  -19.206  18.695 0.0000000000
52997  -34.659  -36.083  17.719 0.0000000000
52998  -35.415  -35.485  17.575 0.0000000000
54184  -36.001  -34.308  18.368 0.0000000000
54185  -36.665  -34.093  17.957 0.0000000000
55339  -36.821  -33.359  18.535 0.0000000000
59822  -36.904  -29.281  23.771 0.0000000000
59845  -37.485  -29.587  22.118 0.0000000000
58766  -39.487  -30.541  20.759 0.0000000000
62239  -38.080  -28.086  22.833 0.0000000000
62254  -39.521  -27.728  21.959 0.0000000000
63347  -40.251  -25.850  23.719 0.0000000000
45605  -30.041  -41.633  28.249 0.0000000000
42337  -29.931  -44.482  27.553 0.0000000000
42336  -29.651  -44.331  26.662 0.0000000000
41222  -29.782  -45.182  26.881 0.0000000000
36467  -23.543  -49.461  30.941 0.0000000000
34002  -28.624  -51.220  28.930 0.0000000000
30101  -17.887  -54.910  35.668 0.0000000000
28752  -17.501  -55.381  35.600 0.0000000000
28741  -16.537  -56.231  36.671 0.0000000000
27334  -15.978  -56.403  35.670 0.0000000000
28727  -16.642  -56.388  37.249 0.0000000000
27308  -16.132  -57.202  37.816 0.0000000000
68995  -47.544  -21.797  23.004 0.0000000000
43461  -29.888  -43.511  23.607 0.0000000000
43436  -30.260  -44.060  24.084 0.0000000000
42402  -31.234  -43.778  23.980 0.0000000000
42381  -32.708  -43.719  24.859 0.0000000000
38844  -24.997  -47.538  28.642 0.0000000000
37712  -25.896  -48.696  27.683 0.0000000000
35261  -27.819  -50.110  27.604 0.0000000000
41220  -26.236  -46.127  27.942 0.0000000000
38884  -27.670  -47.158  27.846 0.0000000000
38883  -26.837  -47.593  27.612 0.0000000000
36556  -27.702  -49.121  28.056 0.0000000000
35262  -28.698  -50.164  27.836 0.0000000000
45763  -36.586  -42.116  19.684 0.0000000000
46927  -35.189  -40.314  17.810 0.0000000000
46926  -34.626  -40.044  17.923 0.0000000000
49339  -34.935  -39.056  16.967 0.0000000000
49355  -34.781  -38.020  16.794 0.0000000000
50578  -34.630  -37.441  17.176 0.0000000000
50559  -32.505  -37.587  19.202 0.0000000000
50560  -33.082  -37.365  18.699 0.0000000000
51753  -33.592  -36.795  18.460 0.0000000000
51772  -34.177  -36.705  17.818 0.0000000000
54170  -35.224  -34.731  19.834 0.0000000000
54140  -36.644  -34.591  21.552 0.0000000000
45576  -28.388  -41.490  29.044 0.0000000000
46749  -30.036  -40.354  28.808 0.0000000000
51505  -28.386  -37.007  30.107 0.0000000000
51526  -29.179  -36.757  28.804 0.0000000000
47944  -30.135  -39.871  28.290 0.0000000000
46764  -29.925  -40.718  27.762 0.0000000000
46763  -29.729  -40.687  26.869 0.0000000000
45621  -29.362  -41.552  26.330 0.0000000000
49234  -29.698  -38.805  25.612 0.0000000000
49235  -30.245  -38.562  25.188 0.0000000000
47982  -29.786  -39.090  25.219 0.0000000000
44529  -29.743  -42.819  23.364 0.0000000000
44560  -29.827  -42.090  22.941 0.0000000000
44561  -30.300  -42.155  22.801 0.0000000000
44562  -31.107  -42.249  22.516 0.0000000000
50519  -30.725  -37.820  22.712 0.0000000000
48060  -30.999  -39.239  20.832 0.0000000000
46858  -31.153  -40.521  21.015 0.0000000000
44587  -33.538  -41.889  21.328 0.0000000000
43512  -34.900  -43.585  20.428 0.0000000000
45744  -33.457  -41.492  20.183 0.0000000000
45745  -34.321  -41.892  20.325 0.0000000000
44606  -35.100  -43.215  20.602 0.0000000000
47913  -26.355  -39.554  30.500 0.0000000000
47914  -26.794  -39.127  30.199 0.0000000000
47927  -26.464  -39.916  29.790 0.0000000000
46734  -26.958  -40.346  29.051 0.0000000000
45590  -27.771  -41.175  28.666 0.0000000000
57608  -43.759  -31.164  23.286 0.0000000000
59893  -43.473  -28.965  20.112 0.0000000000
67817  -44.943  -22.520  21.709 0.0000000000
67826  -44.551  -23.039  20.875 0.0000000000
62304  -46.697  -27.312  19.597 0.0000000000
62305  -47.602  -27.346  19.907 0.0000000000
73624  -59.583  -17.352  19.921 0.0000000000
31407  -19.636  -53.660  35.648 0.0000000000
30117  -18.438  -54.486  34.489 0.0000000000
31433  -18.853  -54.174  33.207 0.0000000000
28764  -17.501  -55.270  34.361 0.0000000000
28763  -16.867  -55.898  34.264 0.0000000000
25929  -16.282  -57.577  33.610 0.0000000000
46929  -36.859  -40.607  17.216 0.0000000000
44665  -39.093  -42.080  17.884 0.0000000000
50593  -35.780  -37.403  16.631 0.0000000000
49358  -37.224  -38.399  16.361 0.0000000000
49359  -38.177  -38.440  16.357 0.0000000000
46941  -39.070  -40.313  16.743 0.0000000000
45797  -40.164  -41.262  17.200 0.0000000000
45798  -40.924  -41.122  17.258 0.0000000000
46932  -41.226  -40.273  17.386 0.0000000000
48119  -40.861  -39.384  17.160 0.0000000000
46917  -41.879  -40.281  17.876 0.0000000000
48102  -42.073  -39.384  18.237 0.0000000000
56438  -36.359  -32.471  22.377 0.0000000000
57570  -36.205  -31.595  24.048 0.0000000000
56473  -36.784  -32.639  19.779 0.0000000000
56485  -36.982  -32.700  19.100 0.0000000000
58705  -36.439  -30.721  22.788 0.0000000000
58741  -36.873  -30.881  21.460 0.0000000000
56464  -37.244  -32.048  20.172 0.0000000000
55340  -37.732  -33.129  18.245 0.0000000000
54209  -39.026  -34.553  17.442 0.0000000000
53002  -39.989  -35.827  17.633 0.0000000000
51779  -41.100  -36.871  17.679 0.0000000000
50570  -42.024  -37.660  18.320 0.0000000000
49325  -42.353  -38.514  18.461 0.0000000000
52978  -42.469  -35.739  18.609 0.0000000000
57641  -40.168  -30.917  20.456 0.0000000000
56479  -42.172  -33.214  19.736 0.0000000000
57623  -40.521  -30.813  21.118 0.0000000000
59850  -42.559  -30.007  22.161 0.0000000000
62272  -40.746  -27.500  21.253 0.0000000000
63378  -40.644  -26.795  21.581 0.0000000000
62285  -41.071  -27.786  21.004 0.0000000000
44444  -29.467  -42.656  30.386 0.0000000000
44445  -30.030  -42.477  30.441 0.0000000000
43367  -29.745  -43.486  30.619 0.0000000000
43391  -30.646  -43.396  29.031 0.0000000000
40068  -30.859  -46.104  28.948 0.0000000000
40046  -30.764  -45.772  29.788 0.0000000000
40030  -30.759  -46.074  30.655 0.0000000000
42379  -30.870  -44.136  24.422 0.0000000000
42363  -31.505  -44.779  25.079 0.0000000000
33918  -21.301  -51.320  33.615 0.0000000000
33942  -20.750  -52.089  31.747 0.0000000000
35160  -22.426  -50.419  32.369 0.0000000000
33943  -21.165  -51.740  31.535 0.0000000000
32725  -20.967  -52.776  30.617 0.0000000000
31483  -21.381  -53.264  30.140 0.0000000000
37681  -24.458  -48.786  29.560 0.0000000000
35217  -24.021  -50.302  28.684 0.0000000000
35234  -23.923  -50.862  28.506 0.0000000000
32768  -24.055  -51.822  28.654 0.0000000000
34001  -27.649  -51.539  28.781 0.0000000000
34000  -26.464  -51.992  28.585 0.0000000000
32770  -25.441  -52.411  28.765 0.0000000000
32769  -24.561  -52.097  28.627 0.0000000000
25906  -14.673  -58.743  36.522 0.0000000000
24499  -14.494  -59.141  37.017 0.0000000000
21725  -13.596  -60.073  38.501 0.0000000000
23114  -13.615  -59.827  38.675 0.0000000000
23112  -13.982  -59.440  38.823 0.0000000000
25894  -14.751  -58.607  36.755 0.0000000000
28742  -17.034  -55.887  36.514 0.0000000000
28753  -17.888  -55.008  35.961 0.0000000000
28778  -17.889  -54.851  33.154 0.0000000000
30134  -18.875  -54.218  32.945 0.0000000000
30147  -17.941  -55.289  32.529 0.0000000000
31462  -19.672  -54.216  31.292 0.0000000000
35239  -28.917  -50.599  28.356 0.0000000000
35240  -29.317  -50.250  28.527 0.0000000000
35263  -29.108  -50.227  28.069 0.0000000000
36557  -28.003  -49.160  28.135 0.0000000000
37698  -27.876  -48.098  28.304 0.0000000000
37699  -28.252  -48.209  28.558 0.0000000000
37715  -27.934  -48.854  28.227 0.0000000000
37728  -27.684  -48.902  28.195 0.0000000000
37729  -27.863  -49.075  28.188 0.0000000000
40091  -27.839  -46.318  28.278 0.0000000000
41238  -29.875  -44.853  26.211 0.0000000000
42403  -31.578  -43.534  24.097 0.0000000000
42446  -34.963  -43.692  20.017 0.0000000000
42447  -34.882  -43.997  19.988 0.0000000000
42457  -34.790  -43.824  19.749 0.0000000000
43437  -31.891  -43.263  24.140 0.0000000000
43462  -30.423  -43.629  23.688 0.0000000000
43466  -35.278  -43.565  24.135 0.0000000000
43495  -34.911  -43.298  21.073 0.0000000000
43496  -35.180  -43.268  21.073 0.0000000000
43529  -35.083  -43.671  19.857 0.0000000000
43530  -35.169  -43.601  20.273 0.0000000000
43546  -34.936  -43.232  19.534 0.0000000000
43547  -34.906  -43.387  19.536 0.0000000000
43548  -40.468  -42.888  18.897 0.0000000000
44605  -34.921  -43.615  19.732 0.0000000000
44622  -35.066  -43.406  19.770 0.0000000000
44623  -35.266  -43.405  20.006 0.0000000000
44624  -35.266  -43.391  20.398 0.0000000000
44644  -35.113  -43.217  19.503 0.0000000000
44645  -35.113  -43.334  19.702 0.0000000000
45569  -29.818  -42.213  30.260 0.0000000000
45792  -35.309  -40.766  18.171 0.0000000000
46942  -39.815  -40.027  16.735 0.0000000000
47941  -27.262  -40.186  29.065 0.0000000000
48081  -32.357  -39.189  19.129 0.0000000000
48115  -34.104  -39.206  17.601 0.0000000000
48128  -35.986  -39.075  16.646 0.0000000000
49217  -29.946  -38.343  25.891 0.0000000000
49277  -30.815  -37.897  22.456 0.0000000000
49361  -39.848  -38.750  16.601 0.0000000000
50392  -27.450  -37.993  29.882 0.0000000000
50581  -40.688  -37.641  17.512 0.0000000000
50597  -39.341  -37.531  16.760 0.0000000000
51699  -33.387  -35.656  21.508 0.0000000000
51736  -32.602  -36.823  19.614 0.0000000000
51737  -33.064  -36.824  19.133 0.0000000000
51754  -33.962  -36.362  18.276 0.0000000000
51771  -33.756  -37.208  17.985 0.0000000000
51774  -36.736  -36.076  17.007 0.0000000000
53004  -41.407  -36.278  17.921 0.0000000000
53029  -36.398  -35.976  16.949 0.0000000000
53030  -38.127  -36.043  16.793 0.0000000000
54210  -39.860  -34.614  17.692 0.0000000000
55359  -37.954  -33.811  17.735 0.0000000000
56462  -36.445  -32.887  20.464 0.0000000000
56475  -38.050  -32.075  19.060 0.0000000000
56490  -41.051  -33.089  18.582 0.0000000000
57622  -37.034  -31.140  21.212 0.0000000000
57637  -36.875  -31.505  20.977 0.0000000000
57660  -38.965  -32.045  18.884 0.0000000000
58743  -38.132  -30.262  21.237 0.0000000000
62300  -43.030  -27.188  19.813 0.0000000000
63320  -39.448  -26.466  25.069 0.0000000000
64474  -44.024  -25.665  20.013 0.0000000000
67822  -44.736  -22.762  21.290 0.0000000000
139166  -34.602  -43.976  19.791 0.0000000000
