#!ascii label  , from subject 3078 vox2ras=TkReg
1104
49489  -24.505  -49.027  64.720 0.0000000000
70397  -49.089  -31.330  56.084 0.0000000000
80697  -51.225  -23.920  51.385 0.0000000000
75727  -57.047  -27.345  41.812 0.0000000000
71593  -45.030  -31.714  58.735 0.0000000000
78245  -54.640  -25.478  46.776 0.0000000000
88566  -56.231  -17.649  39.754 0.0000000000
94701  -59.688  -12.950  38.252 0.0000000000
67828  -50.625  -33.066  54.652 0.0000000000
72934  -52.818  -29.142  52.757 0.0000000000
78117  -49.938  -26.027  55.013 0.0000000000
53699  -24.391  -44.649  65.800 0.0000000000
58476  -25.667  -40.142  65.853 0.0000000000
66255  -27.998  -35.521  67.552 0.0000000000
68890  -33.553  -33.661  66.635 0.0000000000
67720  -37.273  -33.166  62.504 0.0000000000
63616  -42.745  -35.237  60.950 0.0000000000
66462  -46.717  -33.784  57.633 0.0000000000
76968  -54.322  -26.673  49.387 0.0000000000
98328  -60.713  -9.981  37.048 0.0000000000
70398  -50.214  -31.858  55.835 0.0000000000
72871  -51.374  -29.759  55.515 0.0000000000
72868  -50.485  -29.034  55.217 0.0000000000
56058  -23.783  -42.889  63.652 0.0000000000
56061  -26.361  -42.607  64.661 0.0000000000
70251  -39.340  -32.427  62.176 0.0000000000
66364  -39.780  -34.334  61.598 0.0000000000
70254  -41.712  -33.140  61.551 0.0000000000
72850  -46.825  -30.780  57.736 0.0000000000
70308  -46.484  -32.364  59.619 0.0000000000
69016  -48.382  -32.668  57.526 0.0000000000
66501  -48.573  -33.627  56.077 0.0000000000
80656  -53.173  -25.791  52.666 0.0000000000
75598  -53.740  -27.034  51.529 0.0000000000
79469  -54.744  -24.676  50.480 0.0000000000
77032  -55.699  -27.037  44.601 0.0000000000
75691  -56.528  -27.135  46.374 0.0000000000
74350  -57.273  -28.790  43.976 0.0000000000
73117  -58.788  -28.257  41.740 0.0000000000
89714  -59.746  -17.404  40.972 0.0000000000
85964  -58.582  -19.470  42.800 0.0000000000
69012  -42.943  -33.180  59.474 0.0000000000
77064  -54.086  -26.071  41.827 0.0000000000
92114  -58.283  -15.348  39.311 0.0000000000
89751  -61.269  -15.974  39.249 0.0000000000
95987  -61.299  -11.222  36.041 0.0000000000
66568  -50.399  -35.082  52.339 0.0000000000
69149  -52.109  -31.775  53.499 0.0000000000
76838  -52.387  -27.591  54.274 0.0000000000
50587  -25.262  -47.026  66.118 0.0000000000
59721  -26.619  -39.418  65.041 0.0000000000
62307  -25.680  -38.047  68.003 0.0000000000
63575  -27.853  -36.801  66.590 0.0000000000
63561  -30.168  -36.207  66.743 0.0000000000
63564  -33.152  -36.169  66.646 0.0000000000
63579  -35.279  -35.998  65.942 0.0000000000
68920  -35.911  -33.442  65.078 0.0000000000
64965  -36.624  -35.285  60.901 0.0000000000
68956  -44.639  -33.142  61.084 0.0000000000
66420  -45.155  -34.379  60.065 0.0000000000
63692  -44.775  -36.801  57.338 0.0000000000
65090  -46.787  -35.921  55.201 0.0000000000
65113  -49.495  -35.906  54.184 0.0000000000
78215  -56.170  -25.612  48.189 0.0000000000
81983  -56.955  -22.013  43.887 0.0000000000
78316  -58.983  -24.879  42.065 0.0000000000
49461  -24.049  -48.648  66.425 0.0000000000
71618  -49.226  -31.883  56.124 0.0000000000
71639  -50.237  -31.156  55.590 0.0000000000
71661  -49.799  -30.553  55.258 0.0000000000
70301  -39.698  -32.217  61.290 0.0000000000
70230  -40.586  -32.920  62.329 0.0000000000
70302  -40.730  -32.614  61.245 0.0000000000
71636  -47.635  -31.046  56.781 0.0000000000
71597  -48.097  -31.584  58.044 0.0000000000
71598  -48.892  -31.841  57.155 0.0000000000
69046  -49.129  -32.602  56.686 0.0000000000
79455  -53.566  -24.838  52.004 0.0000000000
80715  -53.014  -24.355  50.562 0.0000000000
75709  -56.247  -27.559  43.406 0.0000000000
75705  -56.504  -27.691  44.472 0.0000000000
74362  -57.472  -28.247  42.885 0.0000000000
74364  -58.259  -28.607  42.420 0.0000000000
75719  -58.160  -27.757  42.153 0.0000000000
87352  -60.466  -18.407  40.176 0.0000000000
87320  -59.940  -19.004  41.413 0.0000000000
86033  -59.482  -19.060  39.613 0.0000000000
92142  -57.031  -14.069  38.144 0.0000000000
93358  -58.587  -13.996  38.756 0.0000000000
90913  -59.753  -15.479  39.768 0.0000000000
92132  -60.481  -14.582  39.189 0.0000000000
92144  -61.202  -14.308  38.380 0.0000000000
94702  -60.512  -12.959  38.202 0.0000000000
97166  -61.931  -11.121  36.853 0.0000000000
66535  -50.660  -33.469  54.039 0.0000000000
67868  -51.830  -33.204  52.925 0.0000000000
67846  -50.927  -32.597  54.030 0.0000000000
75494  -51.051  -27.963  55.532 0.0000000000
74152  -51.978  -29.090  54.948 0.0000000000
78120  -51.681  -26.647  54.963 0.0000000000
80639  -51.475  -25.411  54.137 0.0000000000
80637  -50.172  -24.941  54.218 0.0000000000
51717  -26.603  -46.049  65.619 0.0000000000
53685  -25.747  -45.123  66.060 0.0000000000
57290  -26.163  -41.793  64.808 0.0000000000
66293  -26.637  -35.214  66.006 0.0000000000
64863  -26.849  -36.190  67.687 0.0000000000
61012  -26.643  -37.462  67.231 0.0000000000
63558  -27.865  -36.454  67.138 0.0000000000
62321  -28.798  -36.571  66.824 0.0000000000
63532  -29.069  -35.754  67.377 0.0000000000
66260  -33.806  -34.758  66.741 0.0000000000
63551  -34.399  -35.685  66.545 0.0000000000
66272  -35.833  -34.599  67.069 0.0000000000
70226  -36.846  -32.550  62.748 0.0000000000
71510  -35.941  -32.175  63.256 0.0000000000
68942  -36.199  -33.295  63.884 0.0000000000
66298  -35.800  -34.838  64.617 0.0000000000
67733  -36.320  -34.028  62.767 0.0000000000
64949  -35.997  -35.374  61.966 0.0000000000
66362  -37.189  -33.791  61.811 0.0000000000
64933  -41.150  -34.848  61.409 0.0000000000
64969  -40.251  -35.326  60.662 0.0000000000
63643  -41.697  -35.953  60.203 0.0000000000
62414  -43.185  -36.177  60.165 0.0000000000
70333  -44.002  -32.613  60.155 0.0000000000
70334  -44.827  -32.092  60.090 0.0000000000
67762  -46.489  -33.381  58.947 0.0000000000
67752  -45.611  -33.797  59.644 0.0000000000
67760  -45.735  -34.150  58.923 0.0000000000
64986  -44.969  -35.472  58.796 0.0000000000
66479  -45.815  -34.688  57.107 0.0000000000
65030  -47.302  -34.279  56.480 0.0000000000
67811  -49.496  -33.511  55.460 0.0000000000
65063  -49.213  -34.528  55.069 0.0000000000
65094  -49.761  -34.979  54.474 0.0000000000
65129  -50.031  -35.956  53.344 0.0000000000
53698  -23.315  -44.519  66.053 0.0000000000
53683  -23.657  -45.150  66.697 0.0000000000
52704  -24.074  -46.090  67.396 0.0000000000
69188  -52.866  -32.018  52.496 0.0000000000
71757  -53.148  -30.469  51.601 0.0000000000
76929  -54.119  -26.968  50.529 0.0000000000
79519  -53.515  -24.754  47.960 0.0000000000
79500  -54.851  -24.371  48.673 0.0000000000
78226  -55.743  -25.259  47.559 0.0000000000
74341  -56.351  -28.658  45.230 0.0000000000
74307  -55.951  -28.157  46.941 0.0000000000
84475  -59.211  -20.701  43.166 0.0000000000
84473  -57.596  -20.827  43.348 0.0000000000
82014  -58.908  -22.367  43.089 0.0000000000
80860  -58.373  -23.481  42.635 0.0000000000
80882  -59.421  -23.675  41.949 0.0000000000
78362  -59.557  -25.534  40.965 0.0000000000
95986  -58.373  -11.491  37.136 0.0000000000
97141  -59.996  -11.306  37.696 0.0000000000
98333  -59.212  -9.985  36.494 0.0000000000
99500  -59.329  -9.003  35.623 0.0000000000
69100  -50.426  -32.465  55.376 0.0000000000
69124  -50.831  -32.361  54.721 0.0000000000
70399  -50.772  -31.450  55.539 0.0000000000
74141  -51.050  -29.024  55.705 0.0000000000
75507  -50.464  -27.490  55.123 0.0000000000
54824  -24.017  -44.262  65.150 0.0000000000
54825  -25.119  -44.131  65.091 0.0000000000
58488  -25.085  -40.387  65.061 0.0000000000
68931  -38.612  -32.869  62.496 0.0000000000
66363  -38.530  -33.753  61.822 0.0000000000
67708  -39.823  -33.229  62.484 0.0000000000
66316  -41.001  -34.034  62.063 0.0000000000
64922  -42.293  -34.379  61.742 0.0000000000
71614  -46.210  -30.973  57.868 0.0000000000
71566  -45.914  -31.668  59.903 0.0000000000
71583  -47.222  -31.668  59.116 0.0000000000
70336  -47.366  -32.109  58.899 0.0000000000
66444  -47.565  -33.069  57.920 0.0000000000
66482  -48.177  -33.755  56.555 0.0000000000
69045  -48.854  -33.153  56.735 0.0000000000
69098  -49.168  -33.178  55.733 0.0000000000
54843  -22.312  -44.194  64.131 0.0000000000
76860  -53.196  -26.957  53.018 0.0000000000
74205  -53.457  -27.988  52.119 0.0000000000
76885  -53.740  -26.649  52.030 0.0000000000
76909  -54.528  -26.039  51.452 0.0000000000
76951  -54.800  -25.932  50.198 0.0000000000
77021  -55.422  -26.509  45.632 0.0000000000
77008  -56.083  -26.117  46.635 0.0000000000
77033  -56.336  -27.273  45.104 0.0000000000
75701  -56.744  -28.057  45.064 0.0000000000
88567  -58.306  -17.415  40.657 0.0000000000
87333  -58.089  -18.489  41.748 0.0000000000
88532  -59.208  -18.295  41.998 0.0000000000
85965  -59.640  -19.883  42.066 0.0000000000
71678  -48.028  -31.105  55.055 0.0000000000
72884  -47.267  -30.985  56.021 0.0000000000
80730  -51.694  -23.969  49.600 0.0000000000
77019  -53.609  -26.143  45.971 0.0000000000
77031  -54.489  -26.593  44.666 0.0000000000
77042  -54.640  -26.785  43.569 0.0000000000
77065  -55.157  -26.302  41.768 0.0000000000
90889  -57.575  -16.250  39.588 0.0000000000
89730  -59.065  -16.627  40.467 0.0000000000
89732  -60.603  -16.442  40.179 0.0000000000
87381  -60.504  -17.442  38.774 0.0000000000
95951  -61.375  -11.976  37.721 0.0000000000
94735  -61.506  -12.185  36.839 0.0000000000
67893  -51.747  -33.701  52.163 0.0000000000
67869  -52.494  -32.530  52.689 0.0000000000
71703  -52.490  -30.146  53.467 0.0000000000
70434  -51.792  -30.744  54.702 0.0000000000
72918  -52.407  -29.513  54.241 0.0000000000
75535  -52.666  -28.097  53.717 0.0000000000
78148  -52.470  -26.776  53.744 0.0000000000
80653  -51.557  -24.869  53.662 0.0000000000
74160  -50.198  -28.447  54.599 0.0000000000
75533  -49.517  -27.067  54.316 0.0000000000
79410  -48.826  -24.746  53.966 0.0000000000
49476  -24.900  -47.998  65.443 0.0000000000
50612  -25.782  -46.924  64.740 0.0000000000
59733  -26.603  -39.383  64.184 0.0000000000
59707  -24.250  -39.326  64.921 0.0000000000
59696  -24.682  -39.032  65.767 0.0000000000
59687  -25.544  -38.706  66.397 0.0000000000
61040  -26.504  -38.420  65.531 0.0000000000
62334  -30.465  -36.793  65.927 0.0000000000
62325  -32.165  -36.363  66.142 0.0000000000
68910  -33.657  -33.163  65.683 0.0000000000
70203  -34.808  -32.127  64.466 0.0000000000
70188  -35.132  -33.494  65.976 0.0000000000
66283  -35.438  -34.803  65.953 0.0000000000
64903  -35.905  -35.572  65.118 0.0000000000
66391  -38.666  -34.375  61.152 0.0000000000
70332  -42.662  -32.918  60.526 0.0000000000
68954  -42.772  -33.377  61.339 0.0000000000
66367  -43.815  -34.312  61.228 0.0000000000
70280  -45.475  -32.860  60.469 0.0000000000
67743  -44.762  -33.897  60.690 0.0000000000
64954  -44.314  -34.815  60.461 0.0000000000
63630  -44.196  -35.685  60.174 0.0000000000
62460  -44.575  -36.837  58.673 0.0000000000
62516  -47.069  -37.603  54.802 0.0000000000
65061  -48.056  -34.941  55.542 0.0000000000
65092  -48.467  -35.702  54.892 0.0000000000
62541  -48.161  -37.563  53.837 0.0000000000
62556  -48.820  -37.159  53.572 0.0000000000
50572  -24.014  -47.088  67.019 0.0000000000
80732  -53.771  -24.115  49.813 0.0000000000
79483  -55.597  -24.808  49.677 0.0000000000
76970  -55.554  -26.002  49.266 0.0000000000
76996  -56.355  -26.328  47.408 0.0000000000
75666  -55.918  -27.146  48.016 0.0000000000
75665  -55.216  -27.180  47.897 0.0000000000
78339  -54.526  -25.400  41.433 0.0000000000
78341  -56.670  -25.706  41.327 0.0000000000
85962  -57.329  -19.992  42.306 0.0000000000
84471  -55.954  -21.056  43.176 0.0000000000
80829  -56.080  -22.980  43.330 0.0000000000
79607  -57.443  -24.087  42.109 0.0000000000
77068  -58.236  -26.420  41.620 0.0000000000
77070  -59.332  -26.659  41.424 0.0000000000
48273  -24.299  -49.776  65.213 0.0000000000
71638  -49.297  -31.235  55.682 0.0000000000
70416  -49.167  -30.998  55.668 0.0000000000
70328  -38.639  -32.151  60.676 0.0000000000
70330  -40.518  -32.608  60.956 0.0000000000
71637  -48.491  -31.440  56.136 0.0000000000
71617  -48.650  -31.530  56.825 0.0000000000
71599  -49.188  -32.018  56.786 0.0000000000
80698  -52.259  -24.102  51.487 0.0000000000
75717  -56.616  -27.562  42.482 0.0000000000
75718  -57.473  -27.840  42.472 0.0000000000
75728  -57.814  -27.330  41.711 0.0000000000
87366  -59.967  -18.562  39.177 0.0000000000
86034  -60.196  -18.694  39.729 0.0000000000
94700  -58.815  -12.630  37.940 0.0000000000
93372  -58.979  -13.466  38.407 0.0000000000
93359  -59.240  -14.082  38.833 0.0000000000
93360  -59.960  -13.845  38.719 0.0000000000
93361  -60.694  -13.800  38.637 0.0000000000
66536  -51.086  -32.973  53.755 0.0000000000
76796  -50.931  -26.394  55.487 0.0000000000
76798  -51.366  -27.279  55.353 0.0000000000
79390  -50.772  -25.978  55.597 0.0000000000
79413  -50.485  -25.500  54.696 0.0000000000
79412  -49.817  -25.493  54.556 0.0000000000
53684  -24.847  -45.218  66.191 0.0000000000
53700  -25.434  -44.626  65.672 0.0000000000
57277  -25.870  -41.002  65.526 0.0000000000
57278  -26.627  -41.449  65.172 0.0000000000
66267  -27.107  -35.434  67.407 0.0000000000
64878  -26.631  -35.726  67.353 0.0000000000
64879  -27.208  -35.690  67.610 0.0000000000
63542  -27.009  -36.612  67.680 0.0000000000
64851  -28.140  -36.029  67.933 0.0000000000
63531  -28.526  -35.940  67.770 0.0000000000
64852  -28.437  -35.976  67.995 0.0000000000
68889  -33.074  -33.403  67.025 0.0000000000
66259  -33.155  -34.670  67.117 0.0000000000
67657  -33.601  -34.202  66.793 0.0000000000
66261  -34.544  -34.815  66.485 0.0000000000
67659  -34.932  -34.404  66.373 0.0000000000
68943  -36.808  -33.046  62.844 0.0000000000
70250  -36.507  -33.074  63.202 0.0000000000
67719  -36.282  -33.727  63.183 0.0000000000
67734  -36.735  -33.588  62.396 0.0000000000
66361  -36.324  -34.397  62.303 0.0000000000
63615  -42.016  -35.177  61.189 0.0000000000
63626  -41.363  -35.410  60.961 0.0000000000
63627  -42.241  -35.682  60.648 0.0000000000
63644  -42.276  -36.196  60.153 0.0000000000
63628  -42.956  -35.657  60.536 0.0000000000
71580  -45.009  -31.820  59.561 0.0000000000
67775  -46.668  -33.556  58.281 0.0000000000
67774  -46.379  -33.831  58.202 0.0000000000
66461  -45.989  -34.168  58.011 0.0000000000
66480  -46.645  -34.227  56.865 0.0000000000
67827  -50.203  -33.394  55.124 0.0000000000
66519  -49.880  -33.968  54.795 0.0000000000
66520  -50.393  -33.498  54.682 0.0000000000
66534  -50.388  -34.538  53.964 0.0000000000
71721  -52.660  -30.635  52.843 0.0000000000
70496  -52.927  -31.270  52.375 0.0000000000
71741  -52.916  -29.563  52.520 0.0000000000
76950  -54.460  -26.551  50.113 0.0000000000
75645  -53.857  -27.034  49.699 0.0000000000
76967  -53.797  -26.825  49.122 0.0000000000
76983  -54.161  -26.763  48.659 0.0000000000
79540  -54.087  -25.149  47.321 0.0000000000
78225  -55.050  -25.065  47.411 0.0000000000
88543  -56.006  -18.225  40.236 0.0000000000
83250  -59.303  -21.779  42.156 0.0000000000
83201  -58.787  -21.503  43.439 0.0000000000
80861  -58.994  -23.417  42.509 0.0000000000
69075  -50.450  -32.016  55.566 0.0000000000
72869  -50.441  -29.949  55.411 0.0000000000
72870  -50.878  -30.097  55.683 0.0000000000
74140  -50.687  -28.606  55.459 0.0000000000
74139  -50.502  -28.116  55.321 0.0000000000
54844  -23.754  -43.722  64.411 0.0000000000
58500  -24.617  -40.943  64.501 0.0000000000
71550  -38.597  -31.686  62.021 0.0000000000
71524  -38.585  -32.313  62.397 0.0000000000
70227  -38.155  -32.520  62.557 0.0000000000
70228  -39.187  -32.584  62.341 0.0000000000
67707  -39.008  -33.112  62.475 0.0000000000
68932  -39.593  -32.976  62.519 0.0000000000
68945  -41.349  -32.994  62.015 0.0000000000
68934  -41.011  -33.166  62.270 0.0000000000
67711  -41.544  -33.632  62.160 0.0000000000
66338  -41.469  -34.162  62.075 0.0000000000
67725  -41.863  -33.842  62.209 0.0000000000
71595  -46.457  -30.906  58.723 0.0000000000
72834  -46.960  -30.904  58.174 0.0000000000
70362  -48.035  -32.052  58.312 0.0000000000
71584  -47.601  -31.856  58.596 0.0000000000
69015  -47.582  -32.535  58.406 0.0000000000
67764  -47.751  -32.922  57.854 0.0000000000
67777  -48.292  -33.265  57.160 0.0000000000
69047  -49.368  -32.388  56.158 0.0000000000
69073  -49.071  -32.744  55.935 0.0000000000
69074  -49.860  -32.468  55.961 0.0000000000
69099  -49.925  -33.065  55.661 0.0000000000
79427  -52.997  -26.099  52.800 0.0000000000
76861  -53.502  -26.771  52.540 0.0000000000
79436  -53.478  -25.852  52.544 0.0000000000
79456  -53.929  -25.007  51.342 0.0000000000
78170  -53.996  -25.344  51.716 0.0000000000
78184  -54.422  -25.322  50.937 0.0000000000
78185  -54.743  -25.417  50.705 0.0000000000
79458  -55.015  -24.929  50.597 0.0000000000
75706  -56.942  -28.371  44.274 0.0000000000
74342  -56.834  -28.640  44.684 0.0000000000
73088  -57.433  -29.139  43.478 0.0000000000
89713  -59.312  -17.295  41.010 0.0000000000
88546  -58.786  -17.890  41.675 0.0000000000
88547  -59.680  -17.914  41.429 0.0000000000
84517  -59.482  -20.853  41.749 0.0000000000
72885  -47.698  -31.083  55.675 0.0000000000
77030  -53.200  -26.138  44.879 0.0000000000
77052  -53.779  -26.526  42.544 0.0000000000
77053  -54.803  -26.690  42.544 0.0000000000
90930  -57.436  -14.612  38.572 0.0000000000
90912  -57.515  -15.320  38.912 0.0000000000
90911  -56.636  -15.825  39.026 0.0000000000
89729  -58.358  -16.774  40.224 0.0000000000
90890  -58.664  -16.111  39.742 0.0000000000
90914  -60.271  -15.338  39.621 0.0000000000
90892  -60.133  -15.901  40.147 0.0000000000
89733  -61.020  -16.132  39.797 0.0000000000
88588  -60.806  -17.114  39.310 0.0000000000
88604  -61.159  -16.503  39.071 0.0000000000
88603  -60.799  -16.672  38.538 0.0000000000
89766  -61.202  -15.960  38.623 0.0000000000
92154  -61.216  -14.176  37.770 0.0000000000
97155  -60.608  -10.712  37.449 0.0000000000
95950  -60.897  -11.678  37.825 0.0000000000
95970  -61.013  -10.835  37.660 0.0000000000
95988  -61.572  -11.203  36.406 0.0000000000
95989  -61.842  -11.571  36.894 0.0000000000
66588  -50.554  -34.660  51.600 0.0000000000
66569  -51.181  -34.490  52.384 0.0000000000
67847  -51.573  -32.613  53.551 0.0000000000
69150  -52.480  -31.633  53.146 0.0000000000
70455  -52.221  -30.915  53.724 0.0000000000
70417  -51.397  -31.129  55.203 0.0000000000
69125  -51.432  -31.571  54.510 0.0000000000
71662  -51.876  -30.031  55.155 0.0000000000
75508  -52.068  -28.367  54.906 0.0000000000
74161  -52.295  -28.965  54.547 0.0000000000
75523  -52.433  -28.379  54.312 0.0000000000
74171  -52.571  -28.884  54.032 0.0000000000
76859  -52.784  -27.323  53.463 0.0000000000
80638  -50.904  -25.158  54.219 0.0000000000
50597  -24.817  -47.870  65.730 0.0000000000
50598  -25.325  -47.324  65.416 0.0000000000
51718  -26.918  -45.933  65.250 0.0000000000
54846  -25.828  -43.420  64.621 0.0000000000
54847  -26.489  -43.274  64.815 0.0000000000
58501  -26.994  -40.610  64.696 0.0000000000
58509  -27.101  -40.628  63.821 0.0000000000
61037  -24.349  -38.790  65.082 0.0000000000
59695  -24.464  -39.272  65.407 0.0000000000
61010  -25.853  -37.951  66.858 0.0000000000
59688  -25.880  -38.750  66.459 0.0000000000
61011  -26.149  -37.858  67.177 0.0000000000
62331  -27.137  -37.280  66.498 0.0000000000
62330  -26.592  -37.861  66.299 0.0000000000
62346  -26.683  -37.810  66.003 0.0000000000
61055  -26.693  -38.346  64.758 0.0000000000
62347  -27.224  -37.424  65.611 0.0000000000
62361  -27.519  -37.437  64.684 0.0000000000
62322  -29.368  -36.519  66.682 0.0000000000
62333  -29.426  -37.108  66.085 0.0000000000
62323  -30.320  -36.501  66.473 0.0000000000
63549  -32.737  -35.698  67.008 0.0000000000
63548  -31.974  -35.736  67.163 0.0000000000
63563  -32.195  -36.081  66.682 0.0000000000
63576  -32.808  -36.463  66.328 0.0000000000
63566  -34.806  -35.970  66.339 0.0000000000
63578  -34.445  -36.585  66.159 0.0000000000
62339  -35.396  -36.997  65.420 0.0000000000
63587  -35.718  -36.294  65.442 0.0000000000
70224  -36.195  -33.005  64.485 0.0000000000
70204  -35.579  -32.690  64.453 0.0000000000
68911  -35.405  -33.451  65.512 0.0000000000
70187  -34.994  -33.067  65.556 0.0000000000
67681  -36.181  -34.277  66.655 0.0000000000
67693  -35.587  -34.175  65.325 0.0000000000
66314  -35.873  -34.732  63.878 0.0000000000
64910  -36.013  -35.597  64.443 0.0000000000
63588  -36.160  -36.379  64.934 0.0000000000
63624  -36.083  -36.337  61.649 0.0000000000
66392  -39.498  -34.698  60.958 0.0000000000
70359  -42.329  -32.946  60.184 0.0000000000
70305  -44.058  -32.659  60.614 0.0000000000
70277  -42.906  -33.016  61.088 0.0000000000
68955  -43.471  -33.433  61.359 0.0000000000
67736  -43.644  -33.927  61.410 0.0000000000
67737  -44.433  -33.719  61.085 0.0000000000
71567  -46.447  -31.852  59.609 0.0000000000
70307  -45.780  -32.452  60.071 0.0000000000
68972  -46.193  -32.809  59.903 0.0000000000
67744  -45.314  -33.521  60.404 0.0000000000
66394  -45.174  -34.130  60.245 0.0000000000
66368  -44.401  -34.248  60.840 0.0000000000
64972  -44.914  -34.576  60.160 0.0000000000
64971  -44.784  -35.048  59.710 0.0000000000
65007  -45.091  -35.876  57.766 0.0000000000
63664  -44.548  -35.931  59.050 0.0000000000
63679  -44.755  -36.396  58.262 0.0000000000
65059  -46.190  -35.464  55.803 0.0000000000
63720  -47.320  -36.677  54.941 0.0000000000
65031  -47.823  -34.375  56.281 0.0000000000
65032  -48.371  -34.352  55.860 0.0000000000
65093  -49.133  -35.322  54.721 0.0000000000
65112  -49.006  -36.057  54.519 0.0000000000
63735  -48.573  -36.579  54.499 0.0000000000
63736  -49.077  -36.638  54.243 0.0000000000
63749  -49.369  -36.608  53.693 0.0000000000
66549  -50.464  -35.099  53.127 0.0000000000
65145  -49.792  -35.883  52.663 0.0000000000
51715  -25.037  -46.563  66.487 0.0000000000
51704  -24.371  -46.620  67.012 0.0000000000
50586  -24.493  -47.553  66.415 0.0000000000
74206  -53.464  -27.452  52.103 0.0000000000
74204  -53.326  -28.706  51.898 0.0000000000
74228  -53.367  -28.621  51.412 0.0000000000
80746  -52.536  -23.831  49.081 0.0000000000
80731  -52.743  -24.000  49.750 0.0000000000
79501  -55.482  -24.661  48.960 0.0000000000
80749  -55.061  -24.320  49.351 0.0000000000
79502  -55.805  -25.104  48.760 0.0000000000
78206  -55.762  -25.486  48.976 0.0000000000
75679  -56.281  -27.331  47.307 0.0000000000
75678  -55.657  -27.776  47.418 0.0000000000
75677  -54.710  -27.966  47.036 0.0000000000
79630  -55.102  -24.595  41.392 0.0000000000
79631  -56.183  -24.759  41.333 0.0000000000
87317  -58.377  -19.013  42.360 0.0000000000
87316  -57.642  -19.220  42.024 0.0000000000
85963  -57.914  -19.804  42.838 0.0000000000
83174  -57.135  -21.623  43.726 0.0000000000
84472  -56.807  -20.927  43.287 0.0000000000
84456  -56.434  -21.415  43.577 0.0000000000
81982  -56.331  -22.129  43.708 0.0000000000
82010  -55.716  -22.399  43.597 0.0000000000
82011  -56.598  -22.436  43.697 0.0000000000
79608  -58.230  -24.151  42.339 0.0000000000
80859  -57.599  -23.489  42.720 0.0000000000
79633  -58.076  -24.712  41.852 0.0000000000
78342  -57.730  -25.560  41.566 0.0000000000
78343  -58.737  -25.283  41.859 0.0000000000
77069  -58.953  -26.574  41.753 0.0000000000
78344  -59.250  -25.419  41.615 0.0000000000
71619  -50.203  -32.025  56.017 0.0000000000
72887  -50.273  -29.807  55.234 0.0000000000
71551  -39.200  -32.152  61.727 0.0000000000
70252  -39.844  -32.586  62.036 0.0000000000
70274  -39.931  -32.492  61.597 0.0000000000
70275  -40.850  -32.646  61.619 0.0000000000
70276  -41.708  -32.950  61.221 0.0000000000
72867  -47.481  -30.839  57.202 0.0000000000
71615  -47.360  -31.048  57.909 0.0000000000
71616  -47.760  -31.230  57.397 0.0000000000
70363  -48.545  -32.136  57.571 0.0000000000
69017  -48.843  -32.453  57.275 0.0000000000
70364  -49.101  -32.228  57.091 0.0000000000
70381  -49.255  -32.243  56.452 0.0000000000
80672  -52.849  -25.155  52.797 0.0000000000
80687  -53.273  -25.113  52.525 0.0000000000
80686  -53.188  -24.734  52.420 0.0000000000
80699  -53.315  -24.554  51.495 0.0000000000
80716  -54.143  -24.471  50.449 0.0000000000
77043  -55.501  -27.166  43.451 0.0000000000
75704  -56.008  -27.395  44.022 0.0000000000
75710  -56.975  -28.169  43.358 0.0000000000
75711  -57.233  -28.538  43.729 0.0000000000
74363  -57.560  -28.629  43.009 0.0000000000
74378  -57.829  -28.145  42.645 0.0000000000
74379  -58.254  -28.178  42.377 0.0000000000
74380  -58.767  -28.220  42.082 0.0000000000
88548  -60.302  -17.927  41.118 0.0000000000
87335  -59.991  -18.313  41.365 0.0000000000
87336  -60.198  -18.536  40.997 0.0000000000
86015  -60.011  -19.025  40.350 0.0000000000
92143  -57.625  -14.120  38.473 0.0000000000
92130  -58.788  -14.651  39.167 0.0000000000
92115  -59.017  -15.358  39.568 0.0000000000
92131  -59.612  -14.812  39.383 0.0000000000
90915  -60.970  -15.344  39.425 0.0000000000
90931  -61.266  -15.228  38.809 0.0000000000
92133  -61.119  -14.509  38.956 0.0000000000
93362  -61.132  -14.008  38.658 0.0000000000
93382  -61.207  -13.372  37.846 0.0000000000
98334  -60.348  -9.506  36.724 0.0000000000
97156  -61.368  -10.526  37.177 0.0000000000
98335  -61.021  -9.588  36.536 0.0000000000
97165  -61.517  -10.505  36.531 0.0000000000
96001  -61.094  -11.020  35.543 0.0000000000
66550  -51.153  -34.059  53.290 0.0000000000
69148  -51.414  -31.966  53.877 0.0000000000
74142  -51.608  -28.992  55.300 0.0000000000
72889  -51.823  -29.573  55.160 0.0000000000
75495  -51.519  -28.179  55.408 0.0000000000
76818  -51.899  -27.445  55.020 0.0000000000
78135  -52.030  -26.741  54.466 0.0000000000
79414  -51.101  -25.523  54.809 0.0000000000
51716  -25.785  -46.437  65.824 0.0000000000
52709  -25.389  -45.789  66.296 0.0000000000
52710  -26.150  -45.600  66.009 0.0000000000
52715  -26.351  -45.218  65.708 0.0000000000
58478  -26.378  -40.096  65.793 0.0000000000
60999  -26.133  -37.952  68.028 0.0000000000
62310  -27.202  -37.104  67.670 0.0000000000
62320  -27.151  -36.975  67.203 0.0000000000
63574  -27.655  -36.760  66.836 0.0000000000
62332  -28.346  -36.916  66.384 0.0000000000
63559  -28.193  -36.547  66.841 0.0000000000
62312  -29.056  -36.368  66.888 0.0000000000
64880  -29.560  -36.090  66.879 0.0000000000
64870  -33.316  -35.230  66.896 0.0000000000
63550  -33.607  -35.731  66.745 0.0000000000
64871  -34.096  -35.256  66.665 0.0000000000
63552  -34.976  -35.512  66.327 0.0000000000
63568  -36.548  -35.364  67.072 0.0000000000
71522  -36.780  -31.998  62.744 0.0000000000
70205  -36.165  -32.470  63.311 0.0000000000
70249  -36.232  -33.053  64.058 0.0000000000
68929  -35.988  -33.603  64.620 0.0000000000
67694  -35.750  -34.189  64.815 0.0000000000
66334  -36.062  -34.628  63.123 0.0000000000
66389  -36.722  -34.521  61.503 0.0000000000
66415  -37.124  -34.620  61.066 0.0000000000
64932  -40.543  -34.711  61.398 0.0000000000
64931  -40.115  -34.790  61.188 0.0000000000
64952  -40.881  -35.107  61.166 0.0000000000
63625  -40.850  -35.337  60.906 0.0000000000
62435  -42.698  -36.653  59.825 0.0000000000
62436  -43.354  -36.867  59.623 0.0000000000
70360  -43.432  -32.860  59.847 0.0000000000
70279  -45.094  -32.760  60.652 0.0000000000
67754  -46.838  -32.910  59.219 0.0000000000
67753  -46.326  -33.140  59.611 0.0000000000
66419  -45.345  -34.379  59.606 0.0000000000
66441  -45.471  -34.549  58.902 0.0000000000
66460  -45.379  -34.953  57.956 0.0000000000
66478  -45.402  -35.427  57.158 0.0000000000
66499  -45.711  -35.307  56.494 0.0000000000
66500  -46.294  -34.831  56.401 0.0000000000
65060  -47.112  -34.868  55.883 0.0000000000
66502  -48.889  -33.863  55.596 0.0000000000
65033  -48.741  -34.283  55.518 0.0000000000
65128  -49.721  -36.046  53.679 0.0000000000
65114  -50.015  -35.447  53.807 0.0000000000
53697  -22.707  -44.495  66.179 0.0000000000
52708  -24.517  -45.833  66.834 0.0000000000
75597  -53.858  -27.245  50.832 0.0000000000
74250  -53.550  -27.981  51.038 0.0000000000
75619  -53.622  -27.450  50.384 0.0000000000
79499  -53.956  -24.302  48.599 0.0000000000
79520  -54.520  -24.699  47.998 0.0000000000
79521  -55.372  -24.754  48.083 0.0000000000
79522  -55.905  -25.123  48.166 0.0000000000
75692  -56.649  -27.811  45.733 0.0000000000
74323  -56.359  -28.139  46.204 0.0000000000
85948  -58.988  -19.776  43.051 0.0000000000
85947  -58.361  -20.069  43.189 0.0000000000
84474  -58.539  -20.699  43.371 0.0000000000
83200  -57.970  -21.460  43.536 0.0000000000
82013  -58.134  -22.155  43.540 0.0000000000
82012  -57.321  -22.376  43.685 0.0000000000
80832  -58.483  -22.812  43.006 0.0000000000
79610  -59.280  -24.442  42.006 0.0000000000
95948  -59.444  -12.106  37.818 0.0000000000
95949  -60.028  -11.806  37.845 0.0000000000
95969  -59.544  -11.576  37.654 0.0000000000
97154  -59.642  -10.921  37.381 0.0000000000
98326  -59.617  -10.008  36.864 0.0000000000
99488  -59.581  -9.466  36.455 0.0000000000
99489  -59.862  -9.190  36.528 0.0000000000
99490  -60.317  -9.089  36.287 0.0000000000
69123  -50.483  -32.929  55.171 0.0000000000
69101  -50.955  -31.840  55.138 0.0000000000
71640  -51.127  -30.654  55.590 0.0000000000
75493  -50.722  -27.595  55.397 0.0000000000
76816  -50.150  -26.579  54.906 0.0000000000
54845  -24.862  -43.482  64.536 0.0000000000
56060  -25.619  -42.551  64.392 0.0000000000
57289  -25.302  -41.412  64.611 0.0000000000
57276  -25.483  -40.875  65.239 0.0000000000
58489  -25.564  -40.607  65.484 0.0000000000
71523  -37.944  -32.112  62.654 0.0000000000
68930  -37.461  -32.867  62.616 0.0000000000
68944  -37.967  -33.035  62.560 0.0000000000
67735  -37.648  -33.427  62.199 0.0000000000
67721  -38.430  -33.297  62.359 0.0000000000
66335  -38.946  -33.568  62.154 0.0000000000
66336  -39.576  -33.802  62.007 0.0000000000
68933  -40.293  -33.062  62.482 0.0000000000
67709  -40.534  -33.501  62.318 0.0000000000
66365  -40.444  -34.374  61.701 0.0000000000
64920  -41.268  -34.426  61.768 0.0000000000
64934  -41.720  -34.763  61.498 0.0000000000
64935  -42.487  -34.682  61.399 0.0000000000
71594  -45.662  -31.246  58.840 0.0000000000
71581  -45.702  -31.478  59.667 0.0000000000
71582  -46.567  -31.193  59.476 0.0000000000
71568  -46.825  -31.971  59.484 0.0000000000
71596  -47.233  -31.103  58.448 0.0000000000
70335  -47.002  -32.255  59.352 0.0000000000
67763  -47.165  -32.986  58.670 0.0000000000
66443  -47.380  -33.159  58.043 0.0000000000
66463  -47.313  -33.456  57.614 0.0000000000
66481  -47.328  -33.821  56.830 0.0000000000
66464  -47.743  -33.242  57.525 0.0000000000
67794  -48.585  -33.447  56.425 0.0000000000
69072  -48.786  -33.152  56.054 0.0000000000
67810  -48.809  -33.433  55.801 0.0000000000
54823  -22.691  -44.375  65.559 0.0000000000
74184  -52.957  -28.177  52.959 0.0000000000
72954  -53.134  -28.875  52.344 0.0000000000
75553  -53.053  -27.964  52.960 0.0000000000
75575  -53.550  -27.180  52.085 0.0000000000
76907  -53.739  -26.762  51.820 0.0000000000
78160  -53.953  -26.041  52.228 0.0000000000
78161  -54.244  -26.154  52.063 0.0000000000
76908  -54.148  -26.428  51.613 0.0000000000
76930  -54.268  -26.559  50.915 0.0000000000
76969  -54.966  -26.358  49.383 0.0000000000
77007  -55.111  -25.965  46.346 0.0000000000
77022  -56.274  -26.860  45.648 0.0000000000
75700  -56.558  -27.496  45.461 0.0000000000
74324  -56.598  -28.229  45.391 0.0000000000
88545  -57.666  -17.905  40.731 0.0000000000
87334  -58.616  -18.463  42.153 0.0000000000
87318  -58.997  -18.700  42.464 0.0000000000
87319  -59.755  -18.844  41.925 0.0000000000
87308  -59.329  -19.330  42.532 0.0000000000
85949  -59.417  -19.965  42.692 0.0000000000
84494  -59.444  -20.790  42.523 0.0000000000
70415  -48.962  -31.323  55.889 0.0000000000
71660  -48.963  -30.859  55.438 0.0000000000
71679  -49.188  -30.454  54.650 0.0000000000
71613  -45.423  -31.431  57.850 0.0000000000
72866  -47.331  -30.642  56.974 0.0000000000
71658  -47.492  -30.938  56.495 0.0000000000
71659  -47.901  -31.118  55.952 0.0000000000
80713  -50.972  -24.090  50.520 0.0000000000
80714  -52.003  -23.932  50.565 0.0000000000
79497  -51.853  -24.235  48.600 0.0000000000
79539  -53.028  -25.152  47.188 0.0000000000
78244  -53.593  -25.644  46.513 0.0000000000
77005  -53.794  -25.935  46.283 0.0000000000
77020  -54.346  -26.332  45.677 0.0000000000
77054  -55.702  -27.145  42.458 0.0000000000
77066  -56.231  -26.721  41.592 0.0000000000
90888  -56.427  -16.675  39.593 0.0000000000
89711  -56.839  -17.315  39.936 0.0000000000
89712  -57.623  -17.050  40.183 0.0000000000
88568  -58.807  -17.200  40.813 0.0000000000
90891  -59.406  -15.938  40.010 0.0000000000
89731  -59.884  -16.825  40.511 0.0000000000
88570  -60.647  -17.420  40.308 0.0000000000
87367  -60.494  -18.019  39.411 0.0000000000
87380  -59.879  -18.025  38.437 0.0000000000
89776  -60.953  -15.867  38.278 0.0000000000
94703  -61.171  -12.606  37.939 0.0000000000
94717  -61.464  -12.282  37.405 0.0000000000
95972  -61.921  -11.444  37.097 0.0000000000
94736  -61.965  -12.085  36.923 0.0000000000
67867  -51.523  -33.883  52.714 0.0000000000
67894  -52.318  -33.043  52.102 0.0000000000
69169  -52.662  -32.026  52.833 0.0000000000
70477  -52.619  -31.202  52.864 0.0000000000
71722  -52.621  -29.970  52.991 0.0000000000
69147  -51.091  -32.093  54.232 0.0000000000
69126  -51.792  -31.409  53.907 0.0000000000
72903  -52.153  -29.618  54.765 0.0000000000
71701  -52.261  -29.990  54.438 0.0000000000
72919  -52.556  -29.442  53.681 0.0000000000
74172  -52.754  -28.604  53.257 0.0000000000
75536  -53.008  -27.735  53.079 0.0000000000
78149  -52.909  -26.646  53.115 0.0000000000
79426  -52.575  -26.137  53.282 0.0000000000
79425  -52.065  -26.123  53.904 0.0000000000
80654  -52.187  -25.426  53.470 0.0000000000
80671  -52.331  -24.708  53.023 0.0000000000
72886  -50.093  -29.734  54.864 0.0000000000
74151  -50.352  -28.279  55.094 0.0000000000
75521  -50.168  -27.338  54.758 0.0000000000
76836  -50.224  -26.893  54.765 0.0000000000
78116  -49.726  -25.973  54.890 0.0000000000
78134  -49.747  -25.844  54.752 0.0000000000
80636  -49.398  -24.743  54.071 0.0000000000
80696  -50.197  -23.951  51.230 0.0000000000
49504  -24.857  -48.438  64.295 0.0000000000
50611  -25.363  -47.716  64.488 0.0000000000
53701  -26.289  -44.655  65.518 0.0000000000
58487  -24.563  -39.659  65.164 0.0000000000
58474  -24.664  -39.341  65.548 0.0000000000
58475  -25.079  -39.475  65.768 0.0000000000
58464  -25.561  -39.332  66.188 0.0000000000
59710  -26.338  -39.350  65.803 0.0000000000
61023  -26.331  -38.051  66.495 0.0000000000
59720  -26.522  -38.992  64.642 0.0000000000
62348  -28.468  -37.155  65.511 0.0000000000
63533  -29.478  -35.719  67.169 0.0000000000
64882  -30.471  -35.906  66.941 0.0000000000
63562  -31.123  -35.945  66.802 0.0000000000
62324  -31.305  -36.367  66.350 0.0000000000
63565  -34.023  -36.201  66.557 0.0000000000
68899  -33.762  -33.221  66.148 0.0000000000
71519  -34.860  -31.595  63.599 0.0000000000
70185  -34.220  -32.797  65.334 0.0000000000
70170  -34.426  -33.048  65.858 0.0000000000
68901  -34.630  -33.620  66.274 0.0000000000
68903  -35.703  -34.367  66.449 0.0000000000
66285  -36.911  -34.441  66.948 0.0000000000
64892  -36.155  -35.444  66.067 0.0000000000
66297  -35.643  -34.838  65.270 0.0000000000
64902  -35.510  -35.479  65.731 0.0000000000
66390  -37.646  -34.217  61.319 0.0000000000
66416  -37.695  -34.751  60.752 0.0000000000
66418  -39.403  -35.106  60.585 0.0000000000
66417  -38.646  -34.934  60.539 0.0000000000
64966  -37.647  -35.658  60.032 0.0000000000
70358  -41.280  -33.090  60.486 0.0000000000
70303  -41.693  -32.829  61.025 0.0000000000
70304  -42.846  -32.913  60.780 0.0000000000
70255  -42.263  -33.332  61.448 0.0000000000
68948  -42.827  -33.745  61.514 0.0000000000
66366  -43.131  -34.438  61.294 0.0000000000
64936  -43.436  -34.795  60.916 0.0000000000
70306  -45.103  -32.216  60.318 0.0000000000
67745  -45.898  -33.101  60.074 0.0000000000
68957  -45.227  -33.099  60.689 0.0000000000
67738  -44.903  -33.324  60.814 0.0000000000
64937  -44.010  -34.543  60.876 0.0000000000
63617  -43.289  -35.266  60.698 0.0000000000
63629  -43.643  -35.578  60.443 0.0000000000
62415  -43.733  -36.226  60.092 0.0000000000
62437  -43.807  -36.707  59.661 0.0000000000
63645  -44.584  -35.550  59.524 0.0000000000
63647  -44.312  -36.438  59.439 0.0000000000
65091  -47.650  -35.744  55.136 0.0000000000
65062  -48.683  -34.818  55.250 0.0000000000
63764  -48.321  -36.946  52.703 0.0000000000
63750  -49.701  -36.259  53.478 0.0000000000
63765  -49.124  -36.735  52.991 0.0000000000
50585  -23.836  -48.116  66.790 0.0000000000
49475  -24.579  -48.609  65.664 0.0000000000
72953  -53.203  -29.550  52.115 0.0000000000
80717  -55.055  -24.499  50.219 0.0000000000
80748  -54.329  -24.157  49.234 0.0000000000
80733  -54.710  -24.216  49.845 0.0000000000
80718  -55.430  -24.610  50.178 0.0000000000
78195  -55.432  -25.363  49.918 0.0000000000
78246  -55.526  -25.514  46.966 0.0000000000
78227  -56.148  -25.624  47.529 0.0000000000
76986  -56.100  -26.350  48.280 0.0000000000
76985  -55.477  -26.564  48.549 0.0000000000
76984  -54.779  -26.707  48.611 0.0000000000
78338  -53.444  -25.315  41.489 0.0000000000
78340  -55.696  -25.691  41.275 0.0000000000
77077  -56.533  -26.319  41.428 0.0000000000
87332  -57.078  -18.549  41.245 0.0000000000
85984  -56.654  -19.555  41.510 0.0000000000
84516  -55.943  -20.362  41.563 0.0000000000
84493  -57.289  -20.458  42.894 0.0000000000
84492  -56.566  -20.569  42.432 0.0000000000
84491  -55.523  -20.932  42.286 0.0000000000
80828  -55.046  -22.989  43.393 0.0000000000
80857  -55.454  -23.377  42.634 0.0000000000
80830  -56.965  -23.024  43.322 0.0000000000
80858  -56.591  -23.511  42.541 0.0000000000
80881  -56.660  -24.154  41.799 0.0000000000
79632  -57.184  -24.771  41.507 0.0000000000
77067  -57.134  -26.479  41.497 0.0000000000
75729  -58.514  -27.195  41.724 0.0000000000
75730  -58.739  -27.199  41.760 0.0000000000
75721  -59.022  -27.545  41.675 0.0000000000
77080  -59.437  -26.697  40.731 0.0000000000
75745  -59.109  -27.522  40.810 0.0000000000
48257  -24.145  -49.345  65.930 0.0000000000
49490  -24.946  -48.202  65.002 0.0000000000
52711  -26.550  -45.600  65.611 0.0000000000
53686  -25.979  -44.983  65.996 0.0000000000
57269  -25.952  -40.462  65.812 0.0000000000
59708  -24.360  -39.038  65.425 0.0000000000
59732  -26.522  -38.959  64.392 0.0000000000
60997  -25.771  -38.043  67.599 0.0000000000
60998  -25.913  -38.223  67.967 0.0000000000
61024  -26.688  -37.561  66.983 0.0000000000
61054  -26.576  -38.743  64.539 0.0000000000
61110  -44.493  -37.055  59.101 0.0000000000
61128  -44.576  -36.988  58.877 0.0000000000
62308  -25.915  -37.744  68.055 0.0000000000
62309  -26.330  -37.350  67.685 0.0000000000
62311  -28.831  -36.372  66.933 0.0000000000
62319  -26.625  -37.313  67.425 0.0000000000
62413  -42.664  -36.046  60.252 0.0000000000
62416  -44.051  -36.216  60.043 0.0000000000
62439  -44.394  -36.768  59.269 0.0000000000
62461  -44.563  -36.815  58.931 0.0000000000
62530  -48.663  -36.988  54.280 0.0000000000
62542  -48.798  -37.182  54.044 0.0000000000
63530  -28.300  -36.038  68.030 0.0000000000
63535  -31.881  -35.410  67.375 0.0000000000
63536  -32.298  -35.456  67.270 0.0000000000
63543  -27.810  -36.212  67.633 0.0000000000
63544  -28.561  -36.192  67.230 0.0000000000
63545  -29.273  -36.081  66.966 0.0000000000
63546  -29.499  -36.005  66.952 0.0000000000
63560  -29.673  -36.263  66.757 0.0000000000
63567  -35.837  -35.270  66.347 0.0000000000
63580  -36.300  -35.306  66.699 0.0000000000
63581  -36.894  -35.371  66.999 0.0000000000
63614  -41.549  -35.052  61.275 0.0000000000
63646  -44.348  -35.972  59.635 0.0000000000
63663  -44.613  -35.630  59.318 0.0000000000
63665  -44.454  -36.435  59.192 0.0000000000
63766  -49.669  -36.355  53.236 0.0000000000
64854  -29.674  -35.255  67.447 0.0000000000
64864  -27.772  -35.926  67.769 0.0000000000
64865  -28.356  -35.730  67.743 0.0000000000
64866  -29.750  -36.003  66.945 0.0000000000
64867  -30.096  -35.713  67.130 0.0000000000
64872  -34.837  -35.220  66.386 0.0000000000
64881  -30.033  -35.994  66.950 0.0000000000
64883  -35.374  -34.924  66.878 0.0000000000
64884  -36.229  -35.023  67.197 0.0000000000
64893  -36.869  -35.114  66.743 0.0000000000
64894  -36.845  -34.985  67.109 0.0000000000
64919  -40.799  -34.460  61.671 0.0000000000
64921  -41.902  -34.446  61.828 0.0000000000
64950  -39.982  -35.074  60.832 0.0000000000
64951  -40.501  -35.136  60.957 0.0000000000
64953  -43.669  -35.094  60.612 0.0000000000
64955  -44.900  -34.385  60.320 0.0000000000
64970  -44.740  -35.424  59.314 0.0000000000
64985  -44.712  -35.580  59.111 0.0000000000
65089  -46.075  -36.276  55.419 0.0000000000
66245  -28.800  -35.595  67.773 0.0000000000
66262  -34.986  -35.113  66.304 0.0000000000
66268  -27.783  -35.340  67.345 0.0000000000
66273  -36.491  -34.476  67.176 0.0000000000
66279  -26.932  -35.183  67.025 0.0000000000
66284  -36.176  -34.827  66.553 0.0000000000
66315  -40.822  -33.843  62.176 0.0000000000
66337  -40.582  -34.051  62.015 0.0000000000
66339  -42.151  -34.208  62.020 0.0000000000
66340  -42.676  -34.239  61.589 0.0000000000
66341  -43.255  -34.167  61.382 0.0000000000
66393  -44.847  -34.175  60.484 0.0000000000
66442  -45.801  -34.150  58.679 0.0000000000
66483  -48.553  -34.045  55.888 0.0000000000
66551  -51.308  -33.282  53.536 0.0000000000
67656  -32.945  -34.023  67.378 0.0000000000
67658  -34.252  -34.324  66.523 0.0000000000
67669  -35.491  -34.420  66.318 0.0000000000
67670  -36.064  -34.113  67.059 0.0000000000
67680  -35.430  -34.167  65.914 0.0000000000
67682  -36.555  -34.009  67.049 0.0000000000
67710  -41.181  -33.705  62.226 0.0000000000
67722  -39.339  -33.389  62.342 0.0000000000
67723  -39.995  -33.574  62.296 0.0000000000
67724  -41.380  -34.007  62.237 0.0000000000
67726  -42.504  -33.983  61.860 0.0000000000
67727  -43.030  -33.903  61.454 0.0000000000
67751  -45.636  -34.131  59.215 0.0000000000
67761  -46.023  -33.846  58.766 0.0000000000
67776  -47.039  -33.265  58.358 0.0000000000
67848  -52.150  -32.462  53.191 0.0000000000
67870  -52.806  -32.273  52.486 0.0000000000
68891  -34.105  -33.838  66.454 0.0000000000
68892  -34.633  -33.999  66.394 0.0000000000
68900  -34.185  -33.369  66.283 0.0000000000
68902  -35.229  -33.984  66.212 0.0000000000
68912  -35.531  -33.753  66.039 0.0000000000
68913  -35.932  -34.147  66.584 0.0000000000
68921  -35.793  -33.788  64.957 0.0000000000
68928  -36.197  -33.225  64.597 0.0000000000
68935  -41.359  -33.467  62.173 0.0000000000
68941  -36.270  -33.076  64.371 0.0000000000
68946  -41.734  -33.350  61.883 0.0000000000
68947  -42.469  -33.617  61.652 0.0000000000
68971  -45.707  -32.998  60.333 0.0000000000
68988  -46.677  -32.701  59.471 0.0000000000
68989  -47.114  -32.606  59.068 0.0000000000
69168  -52.441  -32.111  53.130 0.0000000000
69187  -53.072  -31.975  52.085 0.0000000000
70169  -34.264  -32.929  65.664 0.0000000000
70171  -34.719  -33.285  66.059 0.0000000000
70172  -34.937  -33.542  66.162 0.0000000000
70186  -34.702  -32.751  65.243 0.0000000000
70206  -36.507  -32.251  62.953 0.0000000000
70225  -36.193  -32.850  63.684 0.0000000000
70229  -40.110  -32.816  62.338 0.0000000000
70248  -36.369  -33.139  64.579 0.0000000000
70253  -40.942  -32.759  62.057 0.0000000000
70278  -44.269  -32.771  61.017 0.0000000000
70331  -41.571  -32.838  60.847 0.0000000000
70382  -49.684  -32.135  56.101 0.0000000000
70396  -48.865  -31.381  56.141 0.0000000000
70435  -51.932  -30.885  54.169 0.0000000000
70456  -52.441  -30.955  53.290 0.0000000000
70475  -52.884  -30.991  52.651 0.0000000000
70476  -52.716  -31.088  52.664 0.0000000000
70495  -52.847  -30.875  52.516 0.0000000000
70497  -52.665  -31.749  52.628 0.0000000000
70513  -53.167  -31.411  51.816 0.0000000000
71511  -36.301  -32.147  63.036 0.0000000000
71521  -36.114  -31.629  63.025 0.0000000000
71536  -38.926  -32.166  62.186 0.0000000000
71537  -39.490  -32.343  61.891 0.0000000000
71564  -38.381  -31.648  61.678 0.0000000000
71565  -38.901  -31.966  61.678 0.0000000000
71635  -47.499  -30.830  56.754 0.0000000000
71663  -51.740  -30.239  55.171 0.0000000000
71680  -52.005  -30.043  55.030 0.0000000000
71681  -52.069  -30.156  54.778 0.0000000000
71682  -52.104  -30.411  54.404 0.0000000000
71702  -52.343  -30.203  54.013 0.0000000000
71720  -52.700  -30.865  52.748 0.0000000000
71739  -52.786  -30.664  52.631 0.0000000000
71740  -52.903  -30.375  52.459 0.0000000000
72835  -47.172  -30.989  58.060 0.0000000000
72851  -47.323  -30.878  57.631 0.0000000000
72852  -47.584  -31.026  57.298 0.0000000000
72888  -52.002  -29.788  55.051 0.0000000000
72900  -47.543  -30.980  55.480 0.0000000000
72902  -52.118  -29.900  54.869 0.0000000000
72920  -52.649  -29.347  53.165 0.0000000000
73131  -58.688  -28.474  41.701 0.0000000000
74173  -52.781  -28.846  52.949 0.0000000000
74185  -53.055  -28.382  52.715 0.0000000000
74229  -53.555  -27.861  51.604 0.0000000000
74230  -53.573  -27.462  51.880 0.0000000000
74381  -58.833  -28.016  41.704 0.0000000000
74401  -58.651  -28.041  41.346 0.0000000000
74425  -58.688  -27.806  40.891 0.0000000000
75492  -50.570  -27.836  55.287 0.0000000000
75506  -50.405  -27.822  55.153 0.0000000000
75520  -49.847  -26.859  54.507 0.0000000000
75522  -50.341  -27.362  54.908 0.0000000000
75537  -53.180  -27.208  53.014 0.0000000000
75554  -53.360  -27.488  52.531 0.0000000000
75576  -53.629  -26.995  51.886 0.0000000000
75720  -58.698  -27.573  41.860 0.0000000000
75731  -59.206  -27.476  41.277 0.0000000000
76797  -51.115  -26.942  55.423 0.0000000000
76815  -49.865  -26.230  54.857 0.0000000000
76817  -50.473  -27.007  55.100 0.0000000000
76835  -49.732  -26.412  54.626 0.0000000000
76837  -50.280  -27.136  54.874 0.0000000000
76858  -49.654  -26.911  54.196 0.0000000000
76886  -54.240  -26.247  51.842 0.0000000000
76931  -54.500  -25.983  50.966 0.0000000000
76949  -54.106  -27.020  49.994 0.0000000000
77006  -54.196  -25.969  46.310 0.0000000000
77055  -58.872  -27.106  41.772 0.0000000000
77056  -59.091  -27.118  41.732 0.0000000000
77078  -56.713  -26.147  41.410 0.0000000000
78101  -50.969  -26.167  55.603 0.0000000000
78102  -50.991  -26.113  55.763 0.0000000000
78103  -51.218  -26.483  55.383 0.0000000000
78118  -50.498  -26.144  55.364 0.0000000000
78119  -50.712  -26.173  55.678 0.0000000000
78133  -49.525  -25.834  54.571 0.0000000000
78150  -53.381  -26.409  52.672 0.0000000000
78171  -54.407  -25.879  51.603 0.0000000000
78172  -54.700  -26.063  51.309 0.0000000000
78183  -54.091  -24.817  50.994 0.0000000000
78247  -55.969  -25.599  47.183 0.0000000000
78265  -52.953  -25.830  45.730 0.0000000000
78317  -59.092  -24.966  42.225 0.0000000000
78359  -56.264  -26.135  41.295 0.0000000000
78360  -56.499  -26.066  41.336 0.0000000000
79391  -51.048  -26.131  55.498 0.0000000000
79398  -49.981  -25.829  54.883 0.0000000000
79399  -50.210  -25.796  55.022 0.0000000000
79400  -50.743  -25.813  55.297 0.0000000000
79401  -51.380  -25.943  55.089 0.0000000000
79411  -49.197  -25.202  54.108 0.0000000000
79415  -51.595  -25.983  54.532 0.0000000000
79444  -53.480  -24.915  52.245 0.0000000000
79445  -53.642  -25.238  52.222 0.0000000000
79457  -54.638  -24.913  50.747 0.0000000000
79468  -54.313  -24.773  50.792 0.0000000000
79470  -55.379  -24.802  50.349 0.0000000000
79482  -55.473  -24.655  49.543 0.0000000000
79609  -58.880  -24.428  42.229 0.0000000000
79634  -58.586  -24.637  42.079 0.0000000000
80635  -48.791  -24.671  53.730 0.0000000000
80640  -51.776  -25.704  54.011 0.0000000000
80655  -52.824  -25.688  52.864 0.0000000000
80673  -53.253  -25.469  52.599 0.0000000000
80700  -53.919  -24.733  50.998 0.0000000000
80701  -55.240  -24.753  50.432 0.0000000000
80702  -55.387  -24.664  50.421 0.0000000000
80734  -55.325  -24.433  49.809 0.0000000000
80735  -55.451  -24.598  49.924 0.0000000000
80750  -55.322  -24.511  49.452 0.0000000000
80831  -57.818  -22.840  43.178 0.0000000000
81984  -57.474  -21.961  43.754 0.0000000000
81985  -57.980  -21.919  43.598 0.0000000000
83172  -56.263  -21.861  43.707 0.0000000000
83173  -56.738  -21.720  43.748 0.0000000000
83175  -57.530  -21.692  43.642 0.0000000000
83199  -57.404  -21.383  43.587 0.0000000000
83225  -59.258  -21.634  42.919 0.0000000000
84457  -56.969  -21.299  43.640 0.0000000000
84458  -57.051  -21.048  43.361 0.0000000000
87309  -59.543  -19.483  42.333 0.0000000000
88531  -58.995  -18.234  42.166 0.0000000000
88544  -56.515  -18.087  40.274 0.0000000000
88569  -60.118  -17.525  40.906 0.0000000000
88571  -60.873  -16.650  40.015 0.0000000000
88589  -60.976  -16.620  39.627 0.0000000000
88602  -60.267  -17.188  38.233 0.0000000000
89765  -60.933  -16.158  38.344 0.0000000000
90874  -56.772  -16.914  39.791 0.0000000000
90875  -57.035  -16.808  39.845 0.0000000000
90893  -60.645  -15.821  39.878 0.0000000000
92116  -59.417  -15.407  39.660 0.0000000000
92129  -58.019  -14.440  38.875 0.0000000000
93373  -59.492  -13.595  38.554 0.0000000000
93374  -60.746  -13.433  38.388 0.0000000000
93375  -61.029  -13.491  38.343 0.0000000000
94688  -60.106  -13.290  38.457 0.0000000000
94689  -60.312  -13.475  38.508 0.0000000000
94699  -58.266  -12.669  37.848 0.0000000000
94718  -61.742  -11.725  37.235 0.0000000000
95968  -58.906  -11.611  37.474 0.0000000000
95971  -61.580  -11.435  37.413 0.0000000000
97142  -60.243  -11.270  37.680 0.0000000000
97153  -59.076  -11.113  37.269 0.0000000000
97157  -61.901  -10.951  37.076 0.0000000000
97164  -59.298  -10.414  36.895 0.0000000000
98327  -60.039  -9.908  36.976 0.0000000000
98344  -59.233  -9.563  36.082 0.0000000000
99483  -59.573  -9.665  36.685 0.0000000000
99484  -59.749  -9.572  36.729 0.0000000000
99501  -60.016  -8.610  35.842 0.0000000000
